/*--------------------------------*- C++ -*----------------------------------*\
| =========                 |                                                 |
| \\      /  F ield         | OpenFOAM: The Open Source CFD Toolbox           |
|  \\    /   O peration     | Version:  2.3.0                                 |
|   \\  /    A nd           | Web:      www.OpenFOAM.org                      |
|    \\/     M anipulation  |                                                 |
\*---------------------------------------------------------------------------*/
FoamFile
{
    version     2.0;
    format      ascii;
    class       volScalarField;
    location    "0.02";
    object      alphaSgs;
}
// * * * * * * * * * * * * * * * * * * * * * * * * * * * * * * * * * * * * * //

dimensions      [1 -1 -1 0 0 0 0];

internalField   nonuniform List<scalar> 
5000
(
4.38496e-08
7.16525e-08
7.19963e-08
1.02869e-07
9.7273e-08
3.77246e-08
2.82026e-08
3.77518e-08
1.24616e-08
3.00714e-09
1.12117e-08
2.33545e-08
3.37489e-08
3.7784e-08
9.97739e-09
2.36846e-08
2.27272e-08
3.19167e-08
2.45638e-08
2.71119e-08
4.53288e-08
6.78672e-08
6.89724e-08
2.42356e-08
1.3491e-08
7.14845e-09
1.13732e-08
2.85016e-08
2.57495e-08
4.23984e-08
4.80911e-08
3.55692e-08
1.68063e-08
3.10518e-08
3.15432e-08
3.59791e-08
4.69503e-08
5.79221e-08
7.65755e-08
1.11185e-07
2.26568e-08
4.5918e-08
4.38097e-08
5.50909e-08
6.23214e-08
6.60222e-08
8.76586e-08
1.0072e-07
3.85735e-08
1.14591e-07
3.37826e-08
2.04532e-08
4.97956e-08
6.42542e-08
6.2629e-08
8.40946e-08
4.86207e-08
4.84632e-08
2.77691e-08
2.06935e-08
9.86057e-09
1.12748e-08
2.38975e-08
2.15956e-08
3.17091e-08
5.34633e-08
1.07482e-07
5.74315e-08
9.60943e-08
1.51103e-07
1.66437e-07
2.12772e-07
1.53053e-07
2.00765e-08
2.78759e-08
2.85873e-08
3.9042e-08
2.55091e-08
3.50954e-08
2.46582e-08
2.35816e-08
9.36807e-09
3.13412e-08
2.02381e-08
2.50769e-08
5.10968e-08
4.9253e-08
4.70288e-08
5.13991e-08
4.7869e-08
1.34062e-08
3.94098e-08
4.22737e-08
5.82249e-08
7.87793e-08
6.81385e-08
4.41796e-08
3.94075e-08
6.43855e-08
9.89001e-10
4.69907e-08
1.74423e-07
1.2905e-07
1.39422e-07
9.76601e-08
1.61897e-08
3.50921e-08
7.03069e-08
6.12173e-08
9.07793e-08
8.26873e-08
7.62323e-08
9.75343e-08
1.4073e-07
8.47545e-08
6.70524e-08
4.05843e-08
4.99512e-08
2.53665e-08
3.88594e-08
2.74138e-08
5.20757e-08
4.93154e-08
7.07274e-08
5.9629e-08
5.33909e-08
3.18476e-08
3.35989e-08
5.43498e-08
9.97268e-08
8.82396e-08
1.043e-07
4.79749e-08
9.24611e-08
9.976e-08
1.04652e-07
9.74884e-08
1.11257e-07
1.3935e-07
2.54502e-07
2.47604e-07
1.50206e-07
4.97334e-08
6.15652e-08
8.99034e-08
1.22691e-07
1.5106e-07
1.65222e-07
2.43029e-07
8.66735e-08
1.27372e-07
2.16215e-07
1.58582e-07
2.41416e-07
1.97856e-07
2.67652e-07
2.16182e-07
1.31268e-07
5.55464e-08
3.17737e-08
1.82731e-08
1.37674e-08
1.52677e-08
2.14779e-08
3.64105e-08
6.334e-08
9.9315e-08
9.39044e-08
9.94874e-08
2.02711e-07
3.70235e-07
5.69411e-07
6.8211e-07
1.16216e-07
1.31537e-08
8.08864e-09
3.55715e-08
3.51245e-08
3.54116e-08
2.77405e-08
1.83392e-08
3.67789e-08
4.14195e-08
5.79133e-08
9.15285e-08
1.8385e-07
2.65367e-07
3.18005e-07
3.21109e-07
1.87538e-07
1.84275e-07
1.63022e-07
1.77616e-07
1.78406e-07
1.88485e-07
9.07529e-08
8.46018e-08
1.09862e-07
1.86404e-07
4.05877e-08
1.33205e-06
3.80826e-07
1.5381e-07
1.61574e-07
1.81701e-07
1.9064e-07
1.69857e-07
1.68655e-07
9.42679e-08
8.03328e-08
1.3826e-07
1.98724e-08
6.37534e-08
1.25894e-07
1.45282e-07
5.6286e-08
1.23377e-08
2.69083e-08
3.8801e-08
5.958e-08
8.99298e-08
1.50911e-07
1.26622e-07
9.19984e-08
8.64333e-08
6.50015e-08
4.42809e-08
6.21477e-08
9.69236e-08
1.60644e-07
1.82945e-07
1.74859e-07
6.9696e-08
2.78533e-08
1.5332e-08
2.76638e-08
5.93304e-08
1.3066e-07
1.87577e-07
2.70352e-07
3.01081e-07
1.93241e-07
8.4347e-08
5.58572e-08
5.94761e-08
8.07438e-08
1.08274e-07
1.3522e-07
8.59883e-08
1.12238e-07
1.33925e-07
1.38847e-07
3.41219e-07
5.54424e-07
5.15632e-07
5.19874e-07
2.96706e-07
1.16318e-07
5.22775e-08
3.92558e-08
4.65594e-08
5.97335e-08
5.97295e-08
5.70378e-08
8.45782e-08
8.07229e-08
9.57502e-08
1.15186e-07
1.05149e-07
1.47002e-07
2.91706e-07
5.82015e-07
1.10963e-06
8.8197e-07
1.1511e-07
3.64963e-09
1.40346e-08
1.34891e-08
2.30616e-08
3.01527e-08
4.6506e-08
5.47485e-08
7.113e-08
8.99383e-08
7.71598e-08
9.23951e-08
2.69361e-07
5.042e-07
7.58342e-07
8.22026e-07
2.53048e-07
2.71927e-07
2.49029e-07
3.0234e-07
2.44496e-07
1.87773e-07
1.13226e-07
1.37729e-07
1.57598e-07
1.16585e-07
1.0711e-07
4.1597e-07
2.87016e-07
2.7856e-07
1.36957e-07
2.01407e-07
1.63471e-07
1.8644e-07
3.22954e-07
2.30235e-07
2.44744e-07
1.12844e-07
1.19687e-07
1.06687e-07
1.30428e-07
4.42765e-08
2.99912e-08
3.93925e-08
8.69311e-08
2.79658e-08
3.74992e-08
1.15337e-07
1.16872e-07
8.07292e-08
4.02393e-08
5.62855e-08
6.37436e-08
8.54188e-08
1.27933e-07
2.11613e-07
2.46519e-07
2.24073e-07
1.8675e-08
2.06256e-08
5.2166e-08
1.62018e-07
1.26064e-07
1.88509e-07
2.63964e-07
4.18339e-07
4.46912e-07
1.52946e-07
8.39392e-08
4.59378e-08
5.40777e-08
7.9747e-08
1.02665e-07
1.18149e-07
1.01276e-07
7.89341e-08
6.72952e-08
5.86543e-08
1.54144e-07
4.9849e-07
8.67077e-07
8.94073e-07
4.33217e-07
1.44774e-07
8.82396e-08
7.96677e-08
9.26635e-08
9.32354e-08
9.24316e-08
8.90747e-08
9.53955e-08
9.69968e-08
1.27919e-07
1.33386e-07
9.72411e-08
1.1845e-07
2.52815e-07
4.52537e-07
9.53212e-07
1.41845e-06
5.7945e-07
2.27425e-07
4.39353e-08
1.41484e-08
2.45375e-08
3.72511e-08
5.23145e-08
4.7757e-08
8.37057e-08
1.28887e-07
1.4463e-07
6.75383e-08
1.15524e-07
3.23516e-07
7.71494e-07
1.27017e-06
1.01922e-06
2.32468e-07
1.86648e-07
2.20512e-07
2.76907e-07
2.4957e-07
2.12379e-07
1.6711e-07
1.41007e-07
1.51382e-07
1.76534e-06
5.45639e-07
4.63353e-07
2.13465e-07
3.18399e-07
3.17136e-07
3.58409e-07
3.99853e-07
1.9576e-07
1.33828e-07
2.37045e-07
2.01151e-07
2.51873e-07
2.00353e-07
2.07918e-07
7.34161e-08
6.66624e-08
6.9818e-08
1.99453e-08
7.68739e-08
1.37698e-07
2.22149e-07
2.98967e-07
3.19275e-07
2.53751e-07
2.53969e-07
2.22792e-07
2.30043e-07
2.58409e-07
3.52526e-07
3.96745e-07
3.57657e-07
9.00694e-08
1.2362e-07
1.41745e-07
1.52706e-07
1.77925e-07
2.54435e-07
3.59232e-07
5.47893e-07
4.81413e-07
7.37578e-08
6.03649e-08
3.34046e-08
4.92533e-08
5.71886e-08
7.4408e-08
9.63343e-08
6.41025e-08
5.73048e-08
7.85875e-08
7.29035e-08
4.95945e-08
3.90919e-07
1.17184e-06
9.28334e-07
7.62294e-07
6.69398e-08
6.65183e-08
3.74679e-08
2.13487e-08
1.73917e-08
2.34619e-08
4.03335e-08
6.55084e-08
8.08855e-08
1.40126e-07
1.53591e-07
1.33776e-07
1.47655e-07
1.91596e-07
3.76586e-07
6.8e-07
1.78326e-06
5.77999e-07
9.29853e-07
1.40625e-07
2.68115e-08
3.42827e-08
5.13572e-08
5.95014e-08
6.69268e-08
6.92591e-08
7.01918e-08
4.93405e-08
4.15558e-08
8.06297e-08
1.62216e-07
4.79288e-07
1.04845e-06
1.6813e-06
5.1857e-07
2.72522e-07
1.50192e-07
1.82501e-07
2.04898e-07
2.16915e-07
1.96117e-07
1.85755e-07
2.65996e-08
1.54456e-07
1.92702e-07
2.22445e-07
4.11912e-07
5.95829e-07
2.58394e-08
1.6713e-07
1.61196e-07
2.42407e-07
1.52521e-07
2.42012e-07
2.83026e-07
2.67754e-07
2.22269e-07
3.23925e-07
3.03306e-07
2.31368e-07
1.47631e-07
8.87263e-08
2.70274e-08
1.33323e-07
2.70737e-07
2.44932e-07
6.64266e-08
1.14322e-07
1.77297e-07
1.41015e-07
1.52603e-07
2.42646e-07
4.04339e-07
7.1683e-07
7.68117e-07
2.78753e-07
6.23293e-08
1.06808e-07
1.56517e-07
2.31875e-07
3.56554e-07
5.09177e-07
6.74811e-07
5.91986e-07
6.86855e-08
7.06387e-08
3.51144e-08
5.0093e-08
6.29845e-08
8.29616e-08
9.0551e-08
1.38546e-07
1.18813e-07
1.49913e-07
9.68958e-08
6.99851e-08
3.53899e-07
1.24739e-06
1.00426e-06
1.21679e-06
1.08618e-07
4.59535e-08
1.57883e-08
1.04147e-08
8.35171e-09
1.91895e-08
3.18351e-08
6.52849e-08
8.74352e-08
1.37814e-07
1.26798e-07
1.12008e-07
1.53203e-07
1.84066e-07
8.36742e-08
4.29031e-07
1.00068e-06
1.89315e-06
6.34828e-07
8.14803e-07
2.70733e-08
2.7139e-08
5.23356e-08
6.85562e-08
7.26197e-08
6.5522e-08
7.83198e-08
8.75062e-08
7.39963e-08
7.01811e-08
7.98249e-08
2.41919e-07
5.94968e-07
1.54421e-06
1.55608e-06
6.73665e-07
5.45788e-08
1.02145e-07
1.58749e-07
1.21166e-07
1.80727e-07
1.94832e-07
6.64163e-08
8.68022e-07
3.29896e-07
1.61326e-07
2.36978e-07
2.62368e-07
7.39855e-08
2.79524e-08
7.26731e-08
1.3642e-07
2.97186e-07
3.4625e-07
3.57871e-07
4.33222e-07
4.61462e-07
9.453e-07
8.20993e-08
2.27241e-07
6.5496e-08
6.89954e-08
1.14565e-07
1.93905e-07
3.39008e-07
2.61326e-07
1.60016e-07
1.13115e-08
5.37655e-09
1.84408e-08
4.99166e-08
1.13093e-07
1.59369e-07
5.76954e-07
1.74061e-06
1.55437e-06
9.79118e-07
2.71109e-07
2.22539e-07
2.15113e-07
4.48543e-07
6.25871e-07
7.53572e-07
6.65457e-07
9.92202e-08
4.44424e-08
2.41222e-08
3.77614e-08
5.21058e-08
7.94492e-08
1.34452e-07
1.29699e-07
1.05316e-07
2.02099e-07
1.52692e-07
9.42682e-08
2.8299e-07
1.23063e-06
1.24074e-06
1.15849e-06
1.5449e-07
5.28749e-08
9.68402e-09
7.19189e-09
8.86455e-09
1.63997e-08
3.53483e-08
7.04195e-08
8.32339e-08
1.31757e-07
1.45039e-07
1.68445e-07
1.19064e-07
2.41556e-07
1.5481e-07
8.03791e-08
4.97877e-07
1.83169e-06
7.12941e-07
4.27311e-07
5.63703e-09
2.15824e-08
3.59597e-08
5.87376e-08
7.02966e-08
6.55055e-08
7.14009e-08
6.91437e-08
7.69635e-08
7.52429e-08
9.89397e-08
8.60436e-08
3.35928e-07
1.02108e-06
1.84159e-06
4.46479e-07
1.65467e-07
1.29558e-07
1.97114e-07
1.79483e-07
1.61153e-07
1.76413e-07
4.30245e-08
7.40852e-07
9.8947e-07
7.63134e-07
2.87947e-07
3.1464e-07
5.07156e-07
2.69815e-07
3.39994e-07
4.09853e-07
6.71669e-07
1.26405e-06
7.83514e-07
3.86257e-07
4.08024e-07
6.46325e-07
3.70837e-07
2.67437e-07
1.33176e-07
2.23728e-07
5.39503e-08
1.98139e-07
2.64113e-07
2.80508e-07
2.0529e-07
8.58091e-08
5.87455e-08
4.26584e-08
7.90618e-08
1.10672e-07
1.03005e-07
8.24666e-08
1.0104e-06
2.20666e-06
2.43568e-06
1.61045e-06
2.30046e-06
7.48516e-07
6.68478e-07
8.30469e-07
8.83613e-07
8.72883e-07
2.55113e-07
7.20004e-08
2.50778e-08
3.13087e-08
4.5172e-08
8.27337e-08
1.12744e-07
1.7039e-07
1.78505e-07
3.07764e-07
2.07529e-07
1.04448e-07
2.48497e-07
1.05875e-06
1.43692e-06
1.25608e-06
2.20646e-07
6.70303e-08
1.49495e-08
9.54978e-09
7.81956e-09
1.6915e-08
3.51085e-08
7.15482e-08
1.20895e-07
1.60747e-07
2.69925e-07
4.35606e-07
4.47693e-07
4.44806e-07
4.33046e-07
2.20494e-07
3.39033e-07
8.13047e-07
1.94829e-06
1.96063e-07
3.31994e-07
3.36909e-08
4.90636e-08
4.7915e-08
6.0429e-08
1.06645e-07
6.56253e-08
1.27998e-07
1.30142e-07
1.78166e-07
2.24045e-07
1.16232e-07
2.1609e-07
7.0275e-07
1.40933e-06
8.44554e-07
4.24803e-07
1.69248e-07
2.4099e-07
1.97247e-07
1.65099e-07
2.19628e-07
3.71532e-08
1.12281e-06
2.45492e-07
2.53456e-07
3.60731e-07
3.42652e-07
4.82482e-08
7.70532e-08
6.15886e-08
1.00377e-07
8.8488e-08
1.94233e-07
1.97742e-06
1.63734e-06
5.55399e-07
6.11045e-07
7.84966e-07
6.59082e-07
2.42347e-07
2.7979e-07
4.69736e-07
2.58345e-07
2.30809e-07
2.83749e-07
2.85027e-07
1.19753e-07
1.47161e-07
5.14468e-08
7.49484e-08
4.48317e-08
5.39055e-08
6.74403e-08
1.89684e-07
5.38682e-07
1.44209e-06
2.43282e-06
2.31635e-06
3.5354e-06
1.60566e-06
9.45002e-07
9.1253e-07
9.08584e-07
4.88603e-07
1.48631e-07
4.03459e-08
4.24962e-08
5.03819e-08
7.58264e-08
1.43876e-07
1.57063e-07
1.83987e-07
3.56826e-07
2.37553e-07
1.91754e-07
2.24899e-07
8.40376e-07
1.78587e-06
1.33219e-06
4.25609e-07
8.85799e-08
2.23589e-08
8.55578e-09
9.84202e-09
1.45541e-08
3.07794e-08
1.27481e-07
1.4908e-07
3.79753e-07
5.99099e-07
8.37885e-07
9.51556e-07
6.1262e-07
4.93556e-07
3.89548e-07
2.08082e-07
3.82555e-07
1.51399e-06
7.42878e-07
3.93303e-07
3.33319e-08
4.04244e-08
4.8327e-08
6.55024e-08
9.68735e-08
1.94836e-07
3.18823e-07
3.99944e-07
4.58323e-07
5.23374e-07
5.11348e-07
5.03227e-07
6.39993e-07
1.19749e-06
7.08944e-07
5.13218e-07
1.2259e-07
1.83869e-07
1.54808e-07
1.63413e-07
2.32173e-07
1.56826e-08
1.94472e-07
1.89341e-07
7.72947e-07
1.39234e-06
8.2533e-08
2.14972e-07
1.71294e-07
1.77509e-07
1.93915e-07
1.18987e-07
4.94742e-07
1.46285e-06
1.77225e-06
2.6245e-06
1.93063e-06
1.38615e-06
4.47836e-07
1.27639e-07
8.36169e-08
1.02022e-06
1.01406e-06
4.31595e-07
4.80463e-07
2.8315e-07
1.34842e-07
9.49952e-08
8.82162e-08
8.06265e-08
5.67754e-08
7.99962e-08
1.32718e-07
3.0046e-07
4.907e-07
7.07271e-07
5.05831e-07
2.16416e-06
2.65844e-06
3.14194e-06
2.05868e-06
1.32898e-06
1.31091e-06
6.27762e-07
2.0979e-07
5.57489e-08
4.77185e-08
5.57676e-08
7.96472e-08
1.24331e-07
1.8947e-07
2.72501e-07
2.8052e-07
1.9589e-07
2.11393e-07
2.23189e-07
5.77308e-07
1.23851e-06
1.37029e-06
8.36274e-07
1.02571e-07
3.83542e-08
1.69786e-08
7.31972e-09
1.61675e-08
5.32747e-08
1.86571e-07
3.00225e-07
7.28187e-07
1.09531e-06
1.17143e-06
9.88103e-07
6.61525e-07
4.77236e-07
3.68394e-07
3.39932e-07
8.2083e-07
1.75425e-06
4.09111e-07
3.57986e-07
9.84146e-09
4.66537e-08
7.53297e-08
1.88857e-07
3.90073e-07
4.78149e-07
6.3263e-07
6.77621e-07
6.93471e-07
7.16287e-07
7.77554e-07
8.40659e-07
1.07628e-06
1.28136e-06
6.09099e-07
2.13582e-07
6.20136e-08
1.38093e-07
1.10516e-07
1.69146e-07
2.94935e-07
1.60129e-08
4.61021e-07
1.10716e-06
1.1681e-06
1.74223e-06
1.84205e-06
1.49324e-06
1.33917e-06
8.00829e-07
5.46673e-07
5.07932e-07
7.51379e-07
6.25128e-07
1.41728e-06
1.39939e-06
1.26324e-06
2.37338e-06
4.62676e-07
1.82857e-07
1.26345e-07
1.13088e-07
3.76961e-07
8.46319e-07
7.53275e-07
3.5509e-07
2.45638e-07
1.64293e-07
1.44672e-07
1.36302e-07
1.17824e-07
1.80745e-07
4.29641e-07
4.91909e-07
5.53144e-07
6.447e-07
6.95913e-07
4.69355e-07
2.44728e-06
1.74494e-06
2.70604e-06
1.93892e-06
1.73933e-06
7.16552e-07
2.86273e-07
7.43868e-08
5.80931e-08
5.65307e-08
8.31248e-08
1.4155e-07
1.90841e-07
1.87915e-07
1.95156e-07
4.25095e-07
4.44427e-08
1.8058e-07
4.67001e-07
1.25535e-06
1.72653e-06
5.2157e-07
7.46073e-08
2.40224e-08
9.93337e-09
1.02113e-08
1.94704e-08
9.11948e-08
1.94072e-07
7.71413e-07
9.72404e-07
1.2528e-06
1.2577e-06
9.18177e-07
7.25907e-07
4.95222e-07
3.09217e-07
3.56309e-07
9.28312e-07
1.82384e-06
3.61758e-07
2.46483e-07
4.30299e-08
9.68188e-08
2.32502e-07
5.07688e-07
6.82252e-07
7.77189e-07
8.24846e-07
8.36086e-07
8.75834e-07
9.32287e-07
1.03716e-06
1.17981e-06
1.42375e-06
1.3082e-06
7.21214e-07
1.48431e-07
9.80923e-08
1.25036e-07
1.08302e-07
1.89294e-07
3.40254e-07
3.89073e-08
1.88102e-07
4.45706e-07
6.64697e-07
6.65149e-07
9.14246e-07
9.95751e-07
6.39091e-07
5.17781e-07
3.39469e-07
5.45777e-07
6.00384e-07
6.3165e-07
7.80581e-07
1.417e-06
1.46441e-06
1.79601e-06
5.13939e-07
2.63716e-07
2.39732e-07
2.27299e-07
8.22902e-07
9.32646e-07
8.60546e-07
5.3844e-07
3.47216e-07
2.711e-07
3.46989e-07
2.66473e-07
2.15768e-07
2.13666e-07
3.5894e-07
4.80631e-07
4.32809e-07
4.60485e-07
8.31008e-07
4.3616e-07
6.18383e-07
1.86614e-06
1.48623e-06
1.78714e-06
1.76394e-06
9.14393e-07
3.87278e-07
1.12752e-07
7.13792e-08
6.45605e-08
7.8213e-08
1.45129e-07
2.45229e-07
1.35959e-07
2.5881e-07
3.39794e-07
2.45406e-07
2.87717e-07
5.32392e-07
1.40906e-06
1.54791e-06
5.16343e-07
5.9855e-08
2.4007e-08
1.73317e-08
1.61492e-08
2.75535e-08
1.04391e-07
3.06094e-07
8.72497e-07
1.22034e-06
1.17526e-06
1.3648e-06
8.97904e-07
7.40274e-07
4.66977e-07
2.63281e-07
4.3848e-07
1.53566e-06
2.03406e-06
5.85197e-07
2.24103e-07
1.28497e-07
2.95794e-07
5.66798e-07
7.70823e-07
8.47085e-07
8.88818e-07
9.0962e-07
9.52236e-07
1.0195e-06
1.13095e-06
1.25168e-06
1.41634e-06
1.46616e-06
1.11035e-06
4.89608e-07
2.31468e-07
2.22543e-07
2.19917e-07
2.78765e-07
1.91262e-07
3.96226e-07
1.39598e-07
6.6315e-08
9.80776e-08
1.81297e-07
2.06015e-07
1.85353e-07
3.31484e-07
1.95456e-07
2.88764e-07
3.60317e-07
4.6199e-07
5.3615e-07
5.96326e-07
8.5106e-07
1.26178e-06
1.61562e-06
1.01207e-06
3.99591e-07
4.10219e-07
4.55946e-07
6.5502e-07
9.35149e-07
1.0209e-06
1.05639e-06
5.81474e-07
4.36838e-07
3.63757e-07
3.54183e-07
2.63837e-07
2.44579e-07
3.72071e-07
4.2201e-07
4.31749e-07
4.47763e-07
6.37773e-07
1.09751e-06
1.10168e-06
6.45747e-07
1.16523e-06
8.04328e-07
1.19625e-06
1.04238e-06
1.29737e-06
4.69866e-07
1.34959e-07
8.35023e-08
5.80551e-08
1.00484e-07
1.92954e-07
3.49273e-07
6.42774e-07
8.09724e-07
6.15021e-07
5.01933e-07
2.38839e-07
5.22094e-07
1.69587e-06
1.62418e-06
6.74075e-07
4.86608e-08
1.22966e-08
7.17226e-09
7.76377e-09
1.66489e-08
9.12062e-08
2.90093e-07
9.09846e-07
1.06802e-06
1.16798e-06
1.18142e-06
8.60146e-07
7.47308e-07
4.56047e-07
3.17479e-07
8.28125e-07
2.06434e-06
1.79586e-06
1.00161e-06
3.40878e-07
3.71587e-07
5.72422e-07
7.94414e-07
8.45951e-07
8.67764e-07
8.89114e-07
9.27781e-07
9.85419e-07
1.07516e-06
1.12613e-06
1.1703e-06
1.14114e-06
1.02632e-06
6.86801e-07
5.14238e-07
4.14425e-07
6.28542e-07
6.55868e-07
6.30183e-07
6.08841e-07
6.10083e-07
4.01877e-07
2.37479e-07
9.03668e-08
2.07887e-07
4.53028e-07
1.65291e-07
3.30056e-07
4.35182e-07
2.90341e-07
3.94106e-07
2.96296e-07
4.58134e-07
5.84157e-07
9.18115e-07
8.01639e-07
9.01476e-07
6.33943e-07
4.00885e-07
5.68062e-07
7.58529e-07
9.96544e-07
9.09381e-07
1.03258e-06
8.59511e-07
7.76185e-07
3.9509e-07
4.688e-07
3.0329e-07
2.17074e-07
3.19546e-07
3.87703e-07
5.13029e-07
3.96537e-07
4.24533e-07
7.8566e-07
8.04582e-07
9.73097e-07
1.32739e-06
5.29867e-07
1.1971e-06
1.30852e-06
8.91281e-07
1.41525e-06
5.30872e-07
1.9027e-07
9.91034e-08
8.01572e-08
1.09437e-07
5.20513e-07
1.20255e-06
1.57743e-06
1.72844e-06
1.00193e-06
7.03571e-07
2.64521e-07
5.67432e-07
1.86774e-06
1.12519e-06
5.58446e-07
3.4663e-08
1.0132e-08
2.26362e-08
3.06705e-08
4.49896e-08
1.36238e-07
3.88558e-07
1.00221e-06
8.74916e-07
1.4143e-06
1.02135e-06
9.59466e-07
9.2178e-07
7.40533e-07
8.19579e-07
1.5603e-06
2.46118e-06
1.61565e-06
6.21428e-07
4.42859e-07
5.82763e-07
7.14167e-07
7.81325e-07
7.85375e-07
8.07434e-07
8.40317e-07
9.24154e-07
9.92576e-07
1.03077e-06
9.91134e-07
9.79546e-07
8.61824e-07
7.01511e-07
5.21839e-07
7.31406e-07
9.17569e-07
1.17783e-06
1.08193e-06
8.5591e-07
7.42171e-07
5.65657e-07
5.19765e-07
4.54149e-08
5.80338e-08
1.20704e-07
1.49742e-07
1.54739e-07
4.51076e-08
1.75986e-08
8.29417e-08
1.84251e-07
2.81693e-07
3.06959e-07
3.85999e-07
4.99434e-07
5.26745e-07
3.6712e-07
3.16552e-07
3.70656e-07
5.27226e-07
7.09986e-07
7.99019e-07
8.87829e-07
9.0289e-07
5.69437e-07
4.10815e-07
3.1344e-07
3.24194e-07
3.03376e-07
2.90177e-07
3.49054e-07
4.55519e-07
3.77735e-07
4.00283e-07
4.17067e-07
7.9821e-07
1.0483e-06
1.03971e-06
1.12257e-06
9.67945e-07
1.34368e-06
1.09307e-06
1.41748e-06
1.31069e-06
5.39951e-07
2.24235e-07
1.06917e-07
1.0748e-07
2.19341e-07
1.20036e-06
1.91425e-06
2.25533e-06
1.89493e-06
1.2815e-06
7.51705e-07
5.43714e-07
7.41913e-07
2.07511e-06
7.8144e-07
3.08589e-07
2.95096e-08
8.93024e-09
1.08834e-08
2.94374e-08
5.92607e-08
2.69877e-07
4.83065e-07
9.96508e-07
5.53988e-07
1.69971e-06
9.65605e-07
1.06684e-06
1.20572e-06
1.28221e-06
1.63454e-06
2.27404e-06
2.17401e-06
8.0888e-07
5.85926e-07
4.77167e-07
6.15173e-07
6.73259e-07
6.48811e-07
6.73454e-07
7.11179e-07
7.81181e-07
8.8235e-07
9.55779e-07
1.02453e-06
1.01575e-06
9.85095e-07
9.94512e-07
9.08573e-07
1.04786e-06
1.28824e-06
1.3241e-06
1.307e-06
1.08606e-06
8.48545e-07
6.5703e-07
6.58121e-07
5.6359e-07
1.62833e-07
9.02394e-08
1.18201e-07
2.79874e-07
1.96958e-07
2.63759e-07
2.66743e-07
1.5357e-07
1.59925e-07
2.08621e-07
2.72745e-07
3.15431e-07
3.87489e-07
1.28918e-07
3.03285e-07
1.20544e-07
3.537e-07
4.75147e-07
4.34438e-07
4.21309e-07
3.74966e-07
2.73355e-07
2.3428e-07
1.6345e-07
3.71659e-07
3.35452e-07
3.35287e-07
3.63842e-07
4.24274e-07
4.5643e-07
4.69323e-07
3.70054e-07
3.98934e-07
6.58468e-07
8.40509e-07
1.1664e-06
1.09722e-06
1.01678e-06
1.01036e-06
1.68001e-06
1.46332e-06
1.28308e-06
4.78938e-07
1.99949e-07
1.21245e-07
1.81552e-07
7.81521e-07
1.56553e-06
2.01438e-06
2.70732e-06
1.94805e-06
1.46629e-06
8.99416e-07
7.18678e-07
1.51643e-06
2.31861e-06
1.12028e-06
2.14074e-07
2.95568e-08
1.78776e-08
3.66102e-08
4.61054e-08
2.16316e-07
3.58798e-07
3.77154e-07
7.75399e-07
1.49728e-06
2.05438e-06
1.31027e-06
1.12223e-06
1.33672e-06
1.64135e-06
2.10562e-06
2.18629e-06
1.21465e-06
4.30596e-07
6.02349e-07
4.88984e-07
5.38324e-07
5.43831e-07
5.52704e-07
5.91696e-07
6.60646e-07
7.61614e-07
8.52199e-07
9.30997e-07
1.04799e-06
1.11304e-06
1.24935e-06
1.31202e-06
1.43174e-06
1.45389e-06
1.34813e-06
1.0535e-06
8.40758e-07
7.25636e-07
1.11738e-06
8.15216e-07
9.15147e-07
9.09081e-07
2.24762e-08
9.71127e-08
1.41339e-07
8.05717e-08
8.45781e-08
4.61341e-08
1.13929e-08
3.21673e-08
1.19424e-07
1.62304e-07
2.02272e-07
2.62781e-07
2.93363e-07
1.67715e-07
1.68983e-07
1.71659e-07
3.11423e-07
2.74886e-07
2.66837e-07
2.48763e-07
2.07953e-07
1.06409e-07
2.13113e-07
3.75133e-07
4.32002e-07
4.17774e-07
4.31592e-07
4.27155e-07
4.45351e-07
4.57172e-07
3.69069e-07
3.5059e-07
3.2758e-07
4.91528e-07
6.92926e-07
1.19288e-06
1.19724e-06
1.3635e-06
1.08108e-06
1.41086e-06
1.51714e-06
9.79148e-07
3.71816e-07
1.83897e-07
1.75218e-07
2.80356e-07
1.39444e-06
2.20161e-06
1.89275e-06
2.39245e-06
1.69761e-06
1.38528e-06
7.36833e-07
8.50178e-07
2.00073e-06
2.08302e-06
7.93605e-07
1.99632e-07
4.06974e-08
2.15083e-08
3.88451e-08
1.56445e-07
2.98597e-07
4.03981e-07
4.93423e-07
7.12579e-07
1.50665e-06
2.03244e-06
1.87513e-06
1.21054e-06
1.39963e-06
1.58598e-06
1.67516e-06
1.49673e-06
7.33542e-07
5.1774e-07
5.10817e-07
4.53751e-07
5.1169e-07
5.10632e-07
5.31147e-07
5.60343e-07
5.73739e-07
5.9985e-07
6.43376e-07
6.85723e-07
7.44969e-07
9.68722e-07
1.1717e-06
1.31221e-06
1.2353e-06
1.0827e-06
7.65668e-07
4.49259e-07
5.0584e-07
7.27916e-07
9.08678e-07
1.25546e-06
1.21003e-06
1.07241e-06
5.58279e-08
7.29422e-08
9.55228e-08
1.30523e-07
1.00404e-07
9.85119e-08
9.55456e-08
1.15015e-07
1.49027e-07
1.82577e-07
2.09324e-07
2.18807e-07
2.36528e-07
1.8698e-07
1.65098e-07
1.42916e-07
2.16166e-07
2.2488e-07
1.75103e-07
1.54766e-07
1.03035e-07
1.26836e-07
2.24725e-07
3.63645e-07
3.91867e-07
4.95379e-07
4.79621e-07
4.88131e-07
4.71245e-07
4.61041e-07
4.1163e-07
3.51707e-07
3.50815e-07
4.31983e-07
4.32175e-07
7.39824e-07
1.31821e-06
1.84174e-06
1.13613e-06
1.13545e-06
1.05488e-06
5.08055e-07
3.25323e-07
1.83451e-07
1.98363e-07
5.00652e-07
1.65777e-06
1.66301e-06
2.46886e-06
1.62015e-06
1.6035e-06
1.45033e-06
1.03471e-06
1.30768e-06
2.30654e-06
1.50293e-06
5.00731e-07
1.39844e-07
3.56888e-08
4.17301e-08
1.1406e-07
1.94522e-07
3.71676e-07
4.8004e-07
5.10866e-07
6.64823e-07
1.16971e-06
2.17644e-06
2.04622e-06
1.40015e-06
1.11524e-06
9.5294e-07
8.03011e-07
6.11155e-07
3.4064e-07
2.55008e-07
4.64142e-07
4.85219e-07
5.18851e-07
5.43137e-07
5.03658e-07
3.5551e-07
2.31907e-07
2.29575e-07
2.60343e-07
2.99814e-07
3.09758e-07
6.50244e-07
6.49513e-07
7.71843e-07
6.35928e-07
4.80148e-07
1.99931e-07
8.97172e-08
4.11282e-07
6.14915e-07
1.17699e-06
1.38193e-06
1.36053e-06
1.08668e-06
5.46812e-08
5.98006e-08
1.49966e-07
9.51152e-08
8.45263e-08
6.38403e-08
1.07834e-07
1.31513e-07
1.90308e-07
2.15118e-07
2.16891e-07
2.08812e-07
1.77128e-07
1.22624e-07
7.78272e-08
1.00325e-07
1.74608e-07
1.85597e-07
1.70064e-07
1.37732e-07
9.42895e-08
1.48173e-07
2.99382e-07
4.2985e-07
5.18799e-07
6.14085e-07
5.53011e-07
4.77329e-07
4.54006e-07
4.49688e-07
3.99115e-07
3.44625e-07
3.55705e-07
3.77797e-07
4.18725e-07
4.88684e-07
8.75963e-07
1.11573e-06
5.27194e-07
5.99614e-07
5.43478e-07
4.19945e-07
2.53746e-07
1.78052e-07
2.2567e-07
7.76853e-07
1.36589e-06
1.21144e-06
2.21993e-06
1.21783e-06
1.17537e-06
1.50967e-06
1.56704e-06
1.79478e-06
1.9887e-06
6.86265e-07
3.30889e-07
1.07672e-07
4.5739e-08
1.01983e-07
2.22605e-07
2.43087e-07
3.80194e-07
4.82703e-07
5.21994e-07
6.4531e-07
9.58903e-07
1.69725e-06
1.90941e-06
1.30015e-06
6.74536e-07
4.55789e-07
2.69718e-07
2.43595e-07
2.43983e-07
4.61451e-07
5.17154e-07
5.57172e-07
5.55887e-07
3.79655e-07
2.20899e-07
7.56509e-08
7.87172e-08
1.05372e-07
1.88365e-07
2.56596e-07
3.83308e-07
4.82265e-07
3.89909e-07
3.10135e-07
6.5603e-08
5.22338e-08
2.94977e-08
7.25911e-08
4.5657e-07
9.01717e-07
9.89563e-07
1.22899e-06
1.39012e-06
1.12866e-06
2.84658e-07
3.76728e-07
4.09852e-07
4.36213e-07
2.64259e-07
2.22572e-07
2.39412e-07
2.66891e-07
2.91096e-07
3.01974e-07
2.77859e-07
2.29093e-07
1.63088e-07
7.63553e-08
7.8838e-09
7.59379e-08
1.78323e-07
2.11569e-07
1.78197e-07
1.39268e-07
8.67158e-08
1.64669e-07
3.07959e-07
4.59142e-07
5.0412e-07
5.53817e-07
5.03393e-07
4.10689e-07
4.24178e-07
4.25815e-07
4.28423e-07
3.94475e-07
4.5236e-07
4.04676e-07
4.27378e-07
4.23783e-07
3.09652e-07
5.31961e-07
6.55312e-07
3.65454e-07
3.90588e-07
2.87068e-07
2.28163e-07
1.82414e-07
3.55727e-07
8.88223e-07
1.17762e-06
1.46458e-06
2.01528e-06
1.31151e-06
1.08477e-06
9.11012e-07
1.23504e-06
1.67878e-06
1.0476e-06
3.75855e-07
2.82214e-07
1.37979e-07
9.50431e-08
2.08113e-07
3.43014e-07
3.44047e-07
3.60912e-07
3.95639e-07
5.26035e-07
6.56142e-07
8.20343e-07
1.15637e-06
1.57397e-06
1.21711e-06
5.57513e-07
1.79623e-07
1.4144e-07
1.86725e-07
2.6291e-07
4.03675e-07
6.21069e-07
5.22333e-07
3.06405e-07
1.19509e-07
8.26733e-08
1.1514e-07
1.42709e-07
1.78502e-07
1.94675e-07
1.82154e-07
2.18067e-07
2.52434e-07
3.59855e-07
2.90443e-07
1.04918e-07
5.99785e-08
1.08742e-07
4.55697e-08
4.40661e-07
6.38466e-07
1.03478e-06
1.3838e-06
9.62372e-07
1.00055e-06
4.58461e-07
4.3967e-07
5.8679e-07
4.25827e-07
3.37619e-07
2.97708e-07
3.7575e-07
3.81071e-07
3.72567e-07
3.69417e-07
3.22544e-07
2.59411e-07
1.78946e-07
8.58248e-08
3.71644e-08
9.67186e-08
1.99012e-07
2.4684e-07
2.14349e-07
1.85575e-07
1.52975e-07
2.45423e-07
4.094e-07
5.39049e-07
5.43614e-07
5.5503e-07
4.24517e-07
3.85861e-07
4.01305e-07
4.12905e-07
4.43605e-07
4.17884e-07
4.76785e-07
5.44749e-07
4.69967e-07
4.49244e-07
4.55336e-07
1.35782e-07
4.46579e-07
6.33244e-07
4.23166e-07
3.20667e-07
1.08048e-07
2.95895e-07
5.08402e-07
8.38965e-07
1.12042e-06
1.34482e-06
1.94317e-06
1.41523e-06
9.86469e-07
8.97788e-07
3.25447e-07
5.47073e-07
5.46905e-07
2.79783e-07
2.16452e-07
1.39643e-07
2.04567e-07
3.84377e-07
4.15604e-07
3.96011e-07
4.19228e-07
3.93308e-07
4.93554e-07
6.52722e-07
7.82553e-07
9.8336e-07
1.1489e-06
1.0095e-06
6.11572e-07
2.4856e-07
2.09278e-07
2.86329e-07
4.28908e-07
6.74263e-07
4.70263e-07
2.69315e-07
1.414e-07
2.03563e-07
2.25607e-07
4.35176e-07
4.46494e-07
3.92458e-07
3.22995e-07
2.60775e-07
2.2335e-07
1.34529e-07
1.24494e-07
7.7038e-08
7.90062e-08
4.63326e-08
1.64581e-07
2.01946e-07
3.06634e-07
6.56148e-07
1.06734e-06
1.09573e-06
6.79594e-07
7.27511e-07
1.3009e-07
1.64145e-07
2.32952e-07
3.66098e-07
3.02198e-07
3.43362e-07
3.90918e-07
4.26524e-07
4.21379e-07
3.88488e-07
3.22334e-07
2.53939e-07
1.70728e-07
9.29644e-08
6.53326e-08
1.24032e-07
2.10383e-07
2.55646e-07
2.3187e-07
2.03784e-07
1.83949e-07
2.53675e-07
3.81587e-07
4.89454e-07
4.43417e-07
4.18058e-07
3.46606e-07
3.42054e-07
3.77379e-07
3.91754e-07
4.42086e-07
4.53264e-07
4.595e-07
5.26911e-07
4.84004e-07
4.75122e-07
5.12049e-07
4.0914e-07
1.8251e-07
4.14375e-07
3.70731e-07
4.05151e-07
3.27344e-07
5.78849e-07
5.57303e-07
6.79388e-07
7.0213e-07
1.31478e-06
1.61293e-06
1.22845e-06
1.02496e-06
6.26145e-07
3.52945e-08
1.73941e-07
1.93937e-07
1.60198e-07
2.16438e-07
2.75575e-07
5.00348e-07
6.13516e-07
5.3369e-07
4.45385e-07
4.40214e-07
4.46589e-07
5.3611e-07
6.48531e-07
7.33054e-07
8.41965e-07
9.31027e-07
8.18462e-07
6.10381e-07
3.72829e-07
3.7028e-07
4.35595e-07
4.68543e-07
4.5047e-07
2.98295e-07
3.64808e-07
4.25256e-07
7.09435e-07
8.55343e-07
8.88863e-07
7.08389e-07
5.63989e-07
4.89894e-07
4.2141e-07
3.81584e-07
2.9971e-07
2.48062e-07
1.29455e-07
1.5021e-07
3.38676e-07
3.88387e-07
2.61264e-07
3.06191e-07
6.96196e-07
6.06615e-07
6.78666e-07
4.80134e-07
5.00652e-07
1.09535e-07
2.89685e-08
6.89979e-08
1.75149e-08
2.20805e-08
1.81384e-08
2.98238e-08
9.62501e-08
1.55514e-07
1.51064e-07
1.45376e-07
1.1274e-07
7.52524e-08
3.60768e-08
2.31601e-08
7.58672e-08
1.37526e-07
1.78276e-07
1.73191e-07
1.61095e-07
1.79593e-07
2.34366e-07
3.35276e-07
4.0309e-07
3.97365e-07
3.77323e-07
3.39606e-07
3.30597e-07
3.71684e-07
3.83831e-07
4.13562e-07
4.14572e-07
4.35709e-07
4.33579e-07
4.3819e-07
4.59785e-07
4.83415e-07
4.34829e-07
4.04916e-07
3.49443e-07
4.07887e-07
6.04883e-07
6.62191e-07
6.91463e-07
6.13507e-07
6.0124e-07
6.41158e-07
1.20706e-06
1.30275e-06
1.08315e-06
9.80735e-07
7.02111e-07
1.00675e-07
3.60293e-08
1.27506e-07
1.92641e-07
6.10851e-07
8.00656e-07
9.84252e-07
8.82664e-07
6.04594e-07
4.58905e-07
4.38591e-07
4.7992e-07
5.07642e-07
5.90148e-07
6.69329e-07
7.44432e-07
7.24009e-07
6.94962e-07
6.35672e-07
4.94105e-07
4.33764e-07
4.0662e-07
3.66887e-07
5.42766e-07
6.49498e-07
1.02713e-06
1.32111e-06
1.50677e-06
1.42934e-06
1.06051e-06
8.17944e-07
7.26112e-07
6.37755e-07
6.01959e-07
5.70049e-07
4.87237e-07
4.00889e-07
4.03883e-07
4.56785e-07
5.37278e-07
5.34623e-07
4.47801e-07
3.41441e-07
2.85307e-07
6.1942e-07
6.73653e-07
2.74004e-07
3.89357e-07
6.77067e-08
3.21002e-08
1.07771e-07
3.75375e-08
3.26273e-08
2.44212e-08
1.58013e-08
2.11317e-08
4.19717e-08
6.13672e-08
5.72621e-08
4.83916e-08
2.66542e-08
9.44559e-09
4.26917e-09
1.28965e-08
2.42693e-08
4.25782e-08
6.66638e-08
9.92438e-08
1.019e-07
2.02372e-07
2.58389e-07
3.13612e-07
3.02479e-07
3.20962e-07
3.22562e-07
3.33533e-07
3.85129e-07
3.89983e-07
3.90788e-07
3.44121e-07
3.48804e-07
3.66882e-07
3.94083e-07
4.67995e-07
5.23321e-07
4.55089e-07
3.26819e-07
4.29278e-07
5.9704e-07
7.83044e-07
9.91244e-07
7.91688e-07
6.47152e-07
5.3093e-07
5.06944e-07
7.49377e-07
8.51945e-07
8.86337e-07
9.5702e-07
6.15074e-07
3.05917e-07
2.59671e-07
2.57305e-07
4.8305e-07
1.33602e-06
1.51886e-06
1.4253e-06
1.04334e-06
6.95436e-07
4.99339e-07
4.89604e-07
4.75183e-07
5.73395e-07
5.58203e-07
6.05812e-07
6.07343e-07
6.07456e-07
5.58033e-07
4.22295e-07
3.0908e-07
2.70509e-07
3.97877e-07
6.63623e-07
1.22092e-06
1.6773e-06
2.09442e-06
2.28271e-06
1.65769e-06
1.15698e-06
8.85717e-07
7.62467e-07
7.3739e-07
7.24333e-07
6.88317e-07
6.37012e-07
5.78102e-07
4.95761e-07
5.06993e-07
5.07413e-07
5.73457e-07
4.76616e-07
4.39581e-07
4.45079e-07
3.01773e-07
4.64264e-07
8.13232e-07
1.30536e-07
4.23959e-07
5.61217e-08
3.75434e-08
9.99169e-08
3.44842e-08
3.76556e-08
9.99939e-09
8.20088e-09
2.06314e-09
8.03302e-10
7.14703e-09
1.89027e-08
2.12512e-08
1.44844e-08
1.74478e-08
2.81093e-09
2.15447e-09
1.05376e-08
3.99406e-08
8.22073e-08
1.24683e-07
1.75077e-07
2.21857e-07
2.5164e-07
2.72908e-07
2.62894e-07
2.8603e-07
3.00383e-07
3.21802e-07
3.74463e-07
4.15899e-07
4.65725e-07
4.68333e-07
5.12215e-07
5.29188e-07
5.45989e-07
6.18923e-07
6.24145e-07
4.82358e-07
2.79442e-07
1.80575e-07
5.76491e-07
8.26158e-07
9.35311e-07
9.32741e-07
7.64667e-07
6.2543e-07
4.36141e-07
5.38878e-07
7.20081e-07
7.31996e-07
6.10072e-07
4.82866e-07
2.70382e-07
3.06355e-07
1.83651e-07
1.63489e-06
2.03344e-06
2.09014e-06
1.49878e-06
1.10409e-06
7.11269e-07
5.46485e-07
5.31931e-07
5.84661e-07
6.23628e-07
6.20494e-07
6.15038e-07
5.31542e-07
4.26256e-07
2.94592e-07
1.40921e-07
8.50888e-08
3.10316e-07
8.42323e-07
1.5085e-06
2.06565e-06
2.73039e-06
1.97348e-06
1.18626e-06
8.41912e-07
6.69196e-07
5.72956e-07
5.64818e-07
5.72505e-07
5.35997e-07
4.92603e-07
4.50626e-07
4.04261e-07
3.7518e-07
3.76816e-07
3.7724e-07
4.15971e-07
3.56065e-07
4.46569e-07
4.23602e-07
2.97234e-07
2.47461e-07
6.34936e-07
1.32739e-07
3.84471e-07
2.12571e-08
1.80427e-08
3.13629e-08
1.74236e-08
3.60589e-08
3.21465e-08
2.02385e-08
1.24681e-08
8.88586e-09
1.79954e-08
3.18047e-08
3.76448e-08
3.01695e-08
2.45539e-08
1.36509e-08
1.05296e-08
2.37535e-08
5.44431e-08
8.92033e-08
1.66071e-07
2.20926e-07
2.25672e-07
2.05713e-07
2.02925e-07
2.19455e-07
2.47859e-07
2.70801e-07
2.86041e-07
2.91514e-07
3.04516e-07
3.5233e-07
4.5066e-07
5.76089e-07
6.7555e-07
7.48289e-07
7.68748e-07
7.34326e-07
6.0364e-07
3.51902e-07
1.00709e-07
2.95447e-07
5.13399e-07
7.1156e-07
7.80393e-07
7.65438e-07
5.9224e-07
4.98479e-07
6.11062e-07
6.58298e-07
6.52884e-07
5.7792e-07
3.92674e-07
5.57288e-08
7.08902e-07
1.88394e-06
2.84086e-06
2.66335e-06
1.99144e-06
1.39263e-06
1.02603e-06
7.07342e-07
6.33533e-07
7.28659e-07
8.04037e-07
9.16768e-07
9.09652e-07
8.27932e-07
6.12353e-07
4.4001e-07
2.70462e-07
1.2158e-07
1.99507e-08
3.81222e-07
1.07767e-06
1.82968e-06
1.91757e-06
1.22538e-06
7.75585e-07
5.92705e-07
4.70716e-07
4.45338e-07
4.26784e-07
4.26868e-07
4.1361e-07
3.90511e-07
3.4677e-07
3.29611e-07
2.26236e-07
3.1489e-07
2.83754e-07
2.77848e-07
3.68699e-07
3.29048e-07
3.73774e-07
4.09418e-07
3.29302e-07
2.71121e-07
4.77799e-07
2.96391e-07
4.684e-07
1.83329e-08
7.85889e-09
5.24192e-08
2.49644e-08
2.09576e-08
5.22795e-08
1.80861e-08
5.73595e-09
9.1989e-09
2.41337e-08
5.05001e-08
5.00477e-08
4.34019e-08
3.51365e-08
2.81645e-08
3.36453e-08
5.21259e-08
9.97704e-08
1.84997e-07
2.22861e-07
2.34983e-07
1.63414e-07
6.83907e-08
1.78484e-07
2.07451e-07
2.20763e-07
2.38688e-07
2.63142e-07
2.843e-07
3.19067e-07
4.43174e-07
4.04916e-07
5.60723e-07
6.64522e-07
7.19477e-07
7.55927e-07
7.27977e-07
6.0849e-07
4.01251e-07
8.96395e-08
2.21068e-07
3.77016e-07
4.61494e-07
5.28836e-07
5.64525e-07
6.00762e-07
7.84478e-07
7.46569e-07
7.91242e-07
7.00077e-07
4.86095e-07
1.4706e-07
1.04669e-06
1.60107e-06
2.59621e-06
2.81943e-06
2.21021e-06
1.45234e-06
1.13626e-06
9.15621e-07
7.66207e-07
7.81141e-07
1.07701e-06
1.26026e-06
1.36001e-06
1.33021e-06
1.28657e-06
9.46811e-07
5.81362e-07
2.26782e-07
1.68866e-07
3.84489e-08
6.75791e-07
9.55913e-07
7.02225e-07
7.57354e-07
4.68526e-07
4.34949e-07
4.14787e-07
4.22133e-07
3.93821e-07
3.63034e-07
3.00358e-07
2.41054e-07
2.22573e-07
2.6228e-07
3.69386e-07
4.75387e-07
8.01228e-07
9.16948e-07
6.69083e-07
3.4995e-07
2.05618e-07
2.24547e-07
3.01869e-07
3.40608e-07
3.15176e-07
3.07141e-07
5.62277e-07
3.20086e-07
2.26327e-08
1.0019e-08
1.86468e-09
3.05004e-09
1.37217e-08
1.47045e-08
1.6916e-08
9.32451e-09
4.13609e-10
5.08033e-08
7.20048e-08
8.00054e-08
7.03826e-08
6.68907e-08
6.59524e-08
7.95137e-08
1.19149e-07
9.0653e-08
2.34036e-07
2.49641e-07
1.62853e-07
1.16656e-07
1.31937e-07
2.07398e-07
2.23394e-07
2.40364e-07
2.43458e-07
2.52438e-07
2.66768e-07
2.62762e-07
2.69097e-07
3.35703e-07
4.33301e-07
5.46611e-07
6.13113e-07
6.56938e-07
6.60592e-07
5.84203e-07
4.15541e-07
1.93806e-07
2.3337e-07
3.50263e-07
3.89961e-07
3.66827e-07
4.1794e-07
5.56068e-07
6.4461e-07
7.29377e-07
5.91164e-07
3.08602e-07
3.37218e-08
3.66038e-07
1.607e-06
3.03652e-06
1.85878e-06
1.29402e-06
9.86704e-07
8.36173e-07
7.0617e-07
7.62575e-07
8.17506e-07
1.19787e-06
1.59672e-06
1.71388e-06
1.70503e-06
1.47965e-06
4.49926e-07
2.71084e-07
2.25788e-07
1.49569e-07
7.21438e-08
6.85467e-08
1.96305e-07
3.00612e-07
4.40901e-07
3.66531e-07
4.94085e-07
4.5338e-07
3.32755e-07
2.93923e-07
3.77522e-07
4.39215e-07
4.38598e-07
3.99779e-07
5.10127e-07
5.85394e-07
6.74636e-07
7.62018e-07
1.12663e-06
1.46545e-06
1.51144e-06
1.18783e-06
1.03014e-06
2.32319e-07
9.48325e-08
1.34921e-07
3.55071e-07
3.31542e-07
4.87517e-07
5.4098e-07
1.53283e-08
2.08668e-09
3.65267e-09
1.64092e-08
1.72554e-08
2.99579e-08
1.98361e-08
1.60833e-08
1.37278e-08
6.36433e-08
1.01663e-07
9.55415e-08
9.58923e-08
1.07204e-07
1.04326e-07
1.21987e-07
1.15579e-07
3.24461e-07
2.65672e-07
5.45345e-08
3.16101e-08
9.52374e-08
1.60813e-07
2.30713e-07
2.46897e-07
2.47899e-07
2.50996e-07
2.55686e-07
2.34378e-07
2.0149e-07
2.01312e-07
2.79261e-07
3.83394e-07
4.72341e-07
5.5382e-07
6.35072e-07
6.32098e-07
5.38086e-07
2.45438e-07
6.20076e-08
1.94578e-07
1.75288e-07
3.25845e-07
2.57908e-07
3.35258e-07
4.88249e-07
4.73913e-07
3.44778e-07
1.4134e-07
2.40694e-08
6.60287e-07
1.15253e-06
1.69899e-06
1.1755e-06
1.10813e-06
5.79395e-07
4.66524e-07
3.44949e-07
3.17228e-07
5.38237e-07
1.00285e-06
1.75162e-06
1.66179e-06
1.52562e-06
7.63442e-07
3.88182e-07
2.46723e-07
1.87483e-07
1.08409e-07
7.30231e-08
4.62593e-08
2.93526e-08
1.26702e-07
1.33485e-07
5.69149e-07
5.62891e-07
3.85122e-07
3.27045e-07
3.70045e-07
3.77743e-07
5.1103e-07
5.83454e-07
5.81066e-07
4.93441e-07
4.98793e-07
4.60118e-07
4.75377e-07
4.46621e-07
7.15164e-07
8.43048e-07
1.17083e-06
1.27766e-06
1.59795e-06
9.88507e-07
1.37282e-06
9.47876e-07
4.16145e-07
3.82131e-07
7.33406e-07
2.6982e-08
2.49002e-08
2.4405e-09
6.7631e-10
3.9499e-09
6.88497e-09
7.744e-09
2.84853e-08
4.67781e-08
1.38079e-09
1.22261e-07
1.59926e-07
1.48162e-07
1.37547e-07
1.5958e-07
1.44131e-07
2.00775e-07
1.85543e-07
3.57718e-07
2.54971e-07
6.64085e-08
9.3886e-08
1.99573e-07
1.66155e-07
2.34763e-07
2.38914e-07
2.34856e-07
2.49423e-07
2.62776e-07
2.25971e-07
1.45954e-07
2.64501e-07
2.83538e-07
3.75997e-07
4.91422e-07
6.00592e-07
6.36543e-07
5.02706e-07
2.56529e-07
3.36961e-08
4.60519e-08
9.17442e-08
1.43518e-07
2.94039e-07
2.00051e-07
2.14628e-07
3.00932e-07
2.95786e-07
5.11722e-08
6.91293e-08
4.52317e-07
5.20976e-07
6.0787e-07
8.66474e-07
8.92285e-07
7.36781e-07
5.55327e-07
3.9231e-07
3.15179e-07
4.01687e-07
6.0981e-07
1.29838e-06
1.52477e-06
1.30065e-06
8.2216e-07
4.07521e-07
2.32274e-07
2.19614e-07
1.5443e-07
1.63984e-07
5.06077e-08
7.95368e-08
1.86684e-07
3.29824e-07
4.87143e-07
3.2235e-07
3.18959e-07
3.77782e-07
4.01282e-07
4.63862e-07
4.51805e-07
4.40533e-07
4.09062e-07
3.8089e-07
3.46964e-07
3.47224e-07
2.69446e-07
2.62052e-07
2.54531e-07
2.97996e-07
3.2463e-07
4.82159e-07
2.83112e-07
1.9653e-07
1.52253e-07
9.95468e-07
1.6676e-06
1.56337e-06
1.07113e-06
6.74286e-07
6.79051e-07
3.59746e-08
5.95447e-09
4.09681e-08
4.8332e-08
5.84705e-08
4.82762e-08
1.18604e-07
1.08218e-07
1.29527e-07
1.63367e-07
1.93898e-07
1.8227e-07
1.65502e-07
1.98883e-07
1.39754e-07
2.02044e-07
4.30527e-07
3.67138e-07
1.49599e-07
2.42492e-07
1.56064e-07
1.21462e-07
1.79093e-07
3.07338e-07
2.26244e-07
2.2014e-07
2.47743e-07
2.398e-07
1.74561e-07
1.70645e-07
2.04757e-07
3.05947e-07
4.46321e-07
5.8037e-07
5.86276e-07
4.48752e-07
1.76622e-07
4.79437e-08
3.80356e-08
1.23762e-07
1.38058e-07
6.84927e-08
3.06255e-07
9.49613e-08
5.49488e-08
1.21264e-07
1.46802e-07
1.63349e-09
2.78453e-07
3.18446e-07
2.67539e-07
5.84189e-07
7.19412e-07
8.14925e-07
7.17771e-07
4.11726e-07
2.95601e-07
2.74336e-07
5.90653e-07
3.9062e-07
1.32691e-06
1.16052e-06
9.16922e-07
4.53925e-07
2.01512e-07
1.14324e-07
1.30086e-07
1.1936e-07
2.53853e-07
2.86745e-07
3.17201e-07
2.60769e-07
2.72558e-07
1.27972e-07
2.42545e-07
3.4448e-07
4.63651e-07
5.26161e-07
3.65804e-07
4.93178e-07
4.90367e-07
5.01801e-07
5.48239e-07
5.71484e-07
4.73766e-07
4.45923e-07
3.88661e-07
3.30931e-07
3.48623e-07
1.96019e-07
1.99856e-07
2.21814e-07
4.8167e-07
5.12122e-08
4.3986e-07
3.17523e-07
1.22529e-06
1.44881e-06
2.04933e-06
4.54943e-08
2.40967e-07
2.13009e-07
3.24626e-09
1.28095e-07
1.80384e-07
1.90885e-07
2.07558e-07
2.27488e-07
2.89322e-10
2.41479e-07
2.69651e-07
2.35509e-07
2.00913e-07
1.8029e-07
2.44411e-07
3.30438e-07
6.30199e-07
4.22875e-07
2.75825e-07
2.45246e-07
2.24189e-07
1.54616e-07
1.29455e-07
2.82434e-07
1.69261e-07
1.79336e-07
2.38676e-07
2.11301e-07
2.37362e-07
1.9883e-07
2.42712e-07
3.94203e-07
5.13572e-07
5.17034e-07
3.86348e-07
2.05759e-07
4.1916e-08
3.89814e-08
9.29673e-08
9.08838e-08
1.87423e-07
9.3395e-08
6.7474e-07
1.12355e-07
1.39201e-07
1.31572e-07
2.21908e-07
2.3634e-07
3.46118e-07
2.88192e-07
5.42202e-07
5.72094e-07
6.71719e-07
6.71426e-07
6.02798e-07
3.53512e-07
5.51478e-08
2.42318e-07
4.24079e-08
7.28055e-07
1.06236e-06
1.06194e-06
6.93625e-07
1.14201e-07
1.13363e-07
2.24905e-07
4.19837e-07
5.27816e-07
4.07209e-07
3.32969e-07
3.05374e-07
1.14859e-07
6.14064e-08
1.4948e-07
2.85516e-07
4.30793e-07
7.19937e-07
7.52595e-07
8.98067e-07
1.00295e-06
9.88665e-07
8.90619e-07
8.32716e-07
7.08759e-07
5.37961e-07
4.20709e-07
3.61546e-07
2.98644e-07
3.64935e-07
3.69214e-07
4.92172e-07
5.0261e-07
2.68577e-07
1.92674e-07
1.15188e-06
1.09518e-07
1.69732e-06
1.22109e-06
1.95555e-06
1.28144e-07
2.4173e-07
2.36077e-07
1.95214e-07
2.9823e-07
2.84921e-07
5.75941e-08
2.88121e-07
2.84268e-07
2.30398e-07
2.61026e-07
2.78648e-07
2.81157e-07
2.5587e-07
1.91947e-07
3.03766e-07
5.07271e-07
6.18538e-07
4.40712e-07
2.07882e-07
2.33384e-07
2.8355e-07
2.55852e-07
1.28229e-07
1.25872e-07
9.77803e-08
1.50801e-07
2.03185e-07
2.06895e-07
1.92954e-07
2.42027e-07
3.62939e-07
3.94944e-07
3.60609e-07
2.86078e-07
1.39241e-07
3.40503e-08
4.36713e-08
1.08031e-07
1.07274e-07
1.28831e-07
1.11526e-07
1.7079e-07
2.84042e-07
7.49239e-07
4.96731e-07
4.59032e-07
5.13563e-07
4.98376e-07
5.95536e-07
6.47283e-07
5.06412e-07
5.79111e-07
5.61164e-07
5.36369e-07
5.52708e-07
4.61573e-07
1.63996e-07
2.67509e-08
3.06693e-07
5.08481e-07
1.05642e-06
7.01714e-07
1.51293e-07
1.05631e-07
2.19011e-07
4.24758e-07
5.46765e-07
3.87829e-07
5.79335e-07
5.23739e-07
1.06548e-07
3.05652e-08
7.86534e-08
9.21458e-08
5.67226e-07
9.94074e-07
9.49447e-07
1.14015e-06
1.08735e-06
1.06536e-06
8.96267e-07
8.11049e-07
5.96281e-07
4.56373e-07
3.51606e-07
2.72366e-07
2.71717e-07
3.01315e-07
4.37174e-07
5.78241e-07
6.95625e-07
1.15037e-06
1.24765e-06
6.55167e-07
7.14933e-07
2.49076e-07
1.72812e-06
2.2381e-06
1.97233e-06
8.11656e-07
3.8041e-07
3.57812e-07
1.11986e-07
1.70652e-07
3.45356e-07
3.21771e-07
3.15799e-07
2.96595e-07
2.71524e-08
2.21049e-07
2.70208e-07
3.01259e-07
2.74968e-07
2.48366e-07
3.52932e-07
3.31393e-07
3.5873e-07
2.85491e-07
2.04482e-07
1.315e-07
1.29713e-07
1.43515e-07
1.68277e-07
2.49719e-07
2.25384e-07
2.4963e-07
2.66114e-07
2.67753e-07
2.27682e-07
3.72623e-07
4.29307e-07
2.78716e-07
1.39582e-07
6.90357e-08
8.89969e-09
6.02542e-08
1.35542e-07
1.02269e-07
1.60677e-07
3.98441e-07
2.85855e-07
3.62411e-07
3.17668e-07
5.00353e-07
6.56675e-07
7.84875e-07
6.7417e-07
5.37045e-07
4.51288e-07
5.58118e-07
7.63891e-07
7.26094e-07
5.05521e-07
3.88431e-07
4.33134e-07
4.72332e-07
3.7187e-07
2.23018e-07
3.00819e-07
6.22942e-07
1.09722e-06
3.29541e-07
2.35856e-07
1.54724e-07
4.28782e-07
6.53283e-07
2.95355e-07
2.62404e-07
8.25839e-08
3.9689e-07
1.45824e-07
1.14679e-07
1.49853e-07
6.91497e-07
1.04395e-06
1.15008e-06
1.1742e-06
1.19251e-06
9.65359e-07
8.79473e-07
8.25204e-07
6.56347e-07
4.26759e-07
3.76761e-07
2.91406e-07
2.63126e-07
4.10342e-07
5.32503e-07
6.7719e-07
7.30851e-07
9.71637e-07
1.18452e-06
1.10811e-06
1.83853e-06
2.20822e-06
1.69026e-06
2.08434e-06
2.67914e-06
1.96105e-06
5.99066e-07
3.00809e-07
3.01425e-07
2.68367e-07
2.99204e-07
2.91014e-07
8.85264e-08
2.69733e-07
2.32841e-07
1.69117e-07
1.49404e-07
2.08995e-07
2.25441e-07
2.24471e-07
1.46006e-07
1.63095e-07
1.56887e-07
1.26599e-07
8.98679e-08
1.11661e-07
9.13721e-08
7.15146e-08
8.01955e-08
1.82992e-07
3.70722e-07
4.73406e-07
4.85275e-07
4.66639e-07
3.7776e-07
3.56171e-07
4.25898e-07
3.8237e-07
2.12027e-07
1.26203e-07
6.48698e-08
6.33079e-08
1.67683e-07
8.75413e-08
1.00401e-07
7.07542e-07
6.20827e-07
6.01927e-07
6.87345e-07
7.9216e-07
6.22648e-07
8.09026e-07
6.99643e-07
6.1387e-07
3.69497e-07
1.12103e-07
2.63136e-07
4.69603e-07
8.95672e-07
1.05686e-06
4.1108e-07
4.05279e-07
5.57639e-07
4.83729e-07
3.73056e-07
4.06694e-07
1.45238e-06
2.50531e-07
3.84303e-07
1.59836e-07
4.26483e-07
6.32802e-07
3.85905e-07
2.06527e-07
4.15613e-07
2.30491e-07
3.24552e-07
4.66012e-07
3.29291e-07
6.80855e-07
1.01807e-06
1.14217e-06
1.21689e-06
1.33742e-06
1.18941e-06
9.8946e-07
8.89951e-07
7.90473e-07
6.45211e-07
3.83074e-07
3.77595e-07
2.99109e-07
3.50981e-07
6.01235e-07
8.45192e-07
1.04884e-06
1.00207e-06
9.44087e-07
1.06269e-06
1.74023e-06
3.80031e-07
2.93119e-06
3.3869e-06
3.14912e-06
2.35042e-06
9.33914e-07
1.21293e-06
9.59496e-08
1.60533e-07
8.79019e-08
1.89154e-07
1.92583e-07
1.56826e-07
1.69405e-07
1.55477e-07
8.14121e-08
1.31614e-07
1.72625e-07
2.05874e-07
1.79256e-07
1.08392e-07
3.07196e-08
1.17728e-08
1.91422e-08
2.18568e-08
2.28602e-08
3.11155e-08
3.73285e-08
9.19546e-08
5.23511e-08
3.32217e-07
4.04663e-07
4.32737e-07
6.99273e-07
6.66809e-07
5.04274e-07
5.07598e-07
5.54597e-07
2.2541e-07
1.58466e-07
2.15438e-07
4.05519e-07
3.71218e-07
3.85438e-07
5.33989e-07
7.01711e-07
7.06241e-07
7.95173e-07
8.32866e-07
9.4715e-07
9.54918e-07
7.89041e-07
6.24952e-07
7.55175e-07
4.47476e-07
2.84263e-07
8.07279e-09
1.59663e-07
9.17913e-07
9.84555e-07
5.33525e-07
3.8374e-07
4.66655e-07
4.74318e-07
4.35044e-07
9.84479e-07
1.48223e-06
7.82959e-07
3.23879e-07
3.49434e-07
6.16038e-07
7.83899e-07
3.24578e-07
3.83205e-07
1.89649e-07
2.37539e-07
2.59531e-07
2.82569e-07
5.4381e-07
8.57025e-07
1.10256e-06
1.34101e-06
1.34313e-06
1.28698e-06
1.09136e-06
9.71018e-07
8.03061e-07
8.28817e-07
7.17557e-07
5.59901e-07
4.27506e-07
4.3124e-07
8.70593e-07
1.25767e-06
1.32528e-06
1.04524e-06
9.20761e-07
9.82071e-07
1.30634e-06
2.56838e-07
5.40028e-06
6.19205e-06
3.12214e-06
2.31013e-06
1.65897e-06
1.36821e-06
8.82495e-07
7.65316e-08
6.02692e-08
4.91963e-08
9.55683e-08
1.09226e-07
9.2553e-08
8.61246e-08
1.18486e-07
5.57576e-08
5.94978e-08
1.34757e-07
1.53183e-07
1.45914e-07
6.48794e-08
9.50692e-09
6.19289e-09
9.26437e-09
8.07653e-09
4.74879e-09
1.02657e-09
4.29794e-09
2.56765e-08
1.10836e-07
2.44972e-07
3.22035e-07
3.34646e-07
4.78041e-07
9.86725e-07
1.01281e-06
5.52307e-07
7.10026e-07
7.07903e-07
6.97499e-07
1.0714e-06
9.8413e-07
7.72587e-07
6.97391e-07
5.55492e-07
5.25425e-07
7.37729e-07
1.01627e-06
1.11976e-06
1.10691e-06
1.04775e-06
8.60836e-07
6.32432e-07
6.30162e-07
4.611e-07
3.53366e-07
2.04684e-07
5.71184e-07
6.09875e-07
6.62284e-07
3.45578e-07
2.95687e-07
4.195e-07
3.97997e-07
3.87939e-07
9.31259e-07
1.67707e-06
8.1913e-07
2.09645e-07
5.121e-07
6.6974e-07
3.12188e-07
4.16818e-07
2.22577e-07
1.74538e-07
2.50726e-07
3.1319e-07
4.87541e-07
7.302e-07
9.56873e-07
1.21978e-06
1.38833e-06
1.39508e-06
1.31892e-06
1.13801e-06
9.76472e-07
8.53671e-07
9.04194e-07
8.14965e-07
7.57066e-07
5.90463e-07
1.23611e-06
1.99471e-06
2.13303e-06
1.31476e-06
1.60019e-06
9.62678e-07
1.16967e-06
3.28e-06
2.35003e-06
3.90785e-06
3.66419e-06
3.58652e-06
1.70075e-06
1.70855e-06
8.3987e-07
3.11836e-06
6.5359e-08
1.77724e-08
5.77778e-08
4.42673e-08
6.02585e-08
2.76975e-08
7.55302e-08
3.92986e-08
1.12293e-07
4.71458e-08
1.48136e-07
1.5973e-07
1.2275e-07
9.77289e-08
2.31919e-08
3.73633e-09
7.03059e-09
7.29126e-09
5.22243e-09
1.52192e-09
5.25054e-09
1.13223e-08
5.94868e-08
1.37721e-07
2.4502e-07
2.42447e-07
2.09988e-07
2.54904e-07
4.41117e-07
1.05555e-06
1.15096e-06
1.04709e-06
9.944e-07
8.96815e-07
8.19398e-07
5.97707e-07
4.34385e-07
3.60466e-07
3.26099e-07
5.40803e-07
9.21657e-07
1.12554e-06
1.1863e-06
9.43613e-07
8.12035e-07
5.6152e-07
2.93172e-07
3.33622e-07
6.37358e-07
6.0644e-07
2.64964e-07
2.51319e-07
1.97653e-07
1.69995e-07
2.50952e-07
3.08968e-07
2.63728e-07
1.32282e-07
2.26435e-06
1.25887e-06
4.1831e-07
1.38953e-07
4.33727e-07
3.33811e-07
7.76212e-07
4.61804e-07
1.35626e-07
2.29725e-07
3.24373e-07
5.36011e-07
6.78231e-07
8.19293e-07
1.01744e-06
1.3343e-06
1.55317e-06
1.54493e-06
1.27931e-06
1.12577e-06
9.51828e-07
8.40387e-07
1.05829e-06
9.87376e-07
9.19186e-07
1.02504e-06
2.12782e-06
2.29123e-06
1.90121e-06
1.72193e-06
1.06679e-06
1.26392e-06
1.94151e-06
6.64099e-06
5.88054e-06
4.03417e-06
1.70497e-06
2.61682e-06
5.17145e-07
3.85873e-07
5.63588e-07
7.52686e-06
3.55944e-08
3.03401e-08
3.04909e-08
5.28442e-08
6.31243e-08
6.6733e-08
6.32224e-08
7.60698e-08
1.93636e-08
8.42191e-08
8.01311e-08
1.24163e-07
1.41043e-07
6.57674e-08
1.84668e-08
4.70722e-09
1.56962e-09
6.88742e-09
6.27053e-09
4.05224e-09
5.69617e-09
1.81347e-08
3.7567e-08
8.43604e-08
1.1715e-07
1.45256e-07
1.98976e-07
3.0098e-07
3.11898e-07
1.7331e-07
5.24149e-07
5.04529e-07
7.77607e-07
4.29703e-07
3.86947e-07
2.30375e-07
1.71126e-07
6.2481e-08
5.27446e-07
5.54928e-07
7.92359e-07
9.11958e-07
9.37088e-07
7.72094e-07
5.51392e-07
4.9277e-07
2.63266e-07
1.97932e-07
3.62302e-07
4.4599e-07
1.76579e-07
8.71605e-08
1.74878e-07
4.66967e-08
1.77137e-07
2.32987e-07
1.21711e-07
4.71075e-07
2.38758e-06
1.09313e-06
2.19088e-07
4.88989e-08
1.78039e-07
3.24048e-07
7.32089e-08
9.8493e-08
1.90702e-07
3.86283e-07
6.2244e-07
7.58356e-07
7.66911e-07
8.10104e-07
8.10475e-07
2.00813e-06
1.41034e-06
1.29567e-06
1.18157e-06
7.75931e-07
8.45242e-07
7.88228e-07
1.15017e-06
1.16095e-06
1.33888e-06
1.84568e-06
3.23245e-06
2.18227e-06
1.59908e-06
1.48483e-06
4.10058e-06
3.96531e-06
5.48867e-06
6.32035e-06
5.51091e-06
5.84074e-06
4.08059e-06
2.17379e-06
2.88943e-07
5.79403e-07
1.05262e-06
9.29283e-06
8.231e-08
2.72187e-08
2.71592e-08
3.99125e-08
4.68408e-08
1.74844e-08
4.62242e-08
4.5142e-08
1.32646e-08
6.55805e-08
1.01481e-07
1.43844e-07
1.57899e-07
8.09937e-08
3.91437e-08
6.8247e-09
4.88394e-09
5.42367e-09
6.13343e-09
1.22258e-08
2.14668e-08
2.39998e-08
2.76164e-08
3.71324e-08
7.28724e-08
5.86856e-08
1.73367e-07
2.79509e-07
3.8563e-07
4.78466e-07
3.16078e-07
2.50973e-07
3.02149e-07
3.57221e-07
2.66735e-07
3.56087e-07
5.45768e-07
5.47714e-07
7.21076e-07
7.77717e-07
7.286e-07
7.81174e-07
6.60359e-07
5.36473e-07
4.47187e-07
3.24681e-07
1.72927e-07
7.66473e-08
9.48299e-08
1.55355e-07
3.42838e-07
1.92992e-07
4.32746e-07
4.40852e-08
2.34302e-07
1.29704e-07
8.38979e-08
1.05917e-06
1.22536e-06
6.41908e-07
7.37747e-08
1.59599e-07
4.16488e-07
2.22799e-07
1.21664e-07
1.95722e-07
4.7978e-07
8.33186e-07
1.15503e-06
2.53342e-07
2.89351e-07
5.64546e-07
7.41277e-07
1.16667e-06
1.29892e-06
1.24949e-06
7.17317e-07
7.72979e-07
4.4818e-07
5.06107e-07
8.14618e-07
1.03079e-06
1.09269e-06
1.70548e-06
3.28375e-07
3.13112e-07
7.29421e-07
1.91875e-06
2.66811e-06
3.30164e-06
1.58497e-06
6.47336e-08
7.88652e-06
2.39016e-06
1.37756e-06
4.41599e-06
4.82396e-07
9.21637e-07
2.18206e-06
1.81472e-06
1.22034e-07
2.34643e-08
2.68287e-08
4.96796e-08
4.97226e-08
3.63244e-08
5.63893e-08
4.98085e-08
1.42892e-08
4.64128e-08
1.36731e-07
1.18459e-07
1.14542e-07
7.67596e-08
1.77787e-08
7.08175e-09
6.51504e-09
6.20638e-09
8.58079e-09
9.25481e-09
7.63531e-09
1.15919e-08
2.29703e-08
5.16634e-08
7.63867e-08
1.10408e-07
1.31599e-07
1.60238e-07
3.01496e-07
4.03036e-07
5.30837e-07
6.12214e-07
6.36321e-07
6.02413e-07
6.03923e-07
8.4208e-07
7.30638e-07
4.89242e-07
4.08147e-07
4.41079e-07
5.29942e-07
4.16285e-07
3.01525e-07
2.00395e-07
3.40987e-07
3.08485e-07
1.83077e-07
8.34835e-08
5.29913e-08
4.21557e-08
1.16873e-07
2.46915e-07
2.75636e-07
1.31822e-07
1.18519e-07
1.16742e-07
5.23642e-08
6.80062e-07
1.42005e-06
1.05977e-06
1.71156e-07
2.44749e-08
3.64553e-07
5.36918e-07
1.85817e-07
7.46242e-07
1.09585e-06
1.4364e-06
2.04939e-06
6.65383e-07
1.11411e-06
1.52693e-06
1.75847e-06
1.37179e-06
1.83655e-06
1.74015e-06
2.50207e-06
1.14277e-06
4.90999e-07
3.30081e-07
8.08357e-07
1.01995e-06
8.04923e-07
1.08499e-06
6.96152e-07
7.51171e-07
1.50866e-07
5.76801e-07
9.28211e-07
5.27774e-06
1.02961e-05
2.26622e-06
3.31564e-06
4.65179e-06
1.5014e-06
2.63265e-06
2.05534e-06
1.61004e-06
3.0309e-06
1.22552e-05
1.33169e-07
1.19767e-08
1.37865e-08
2.04437e-08
5.07536e-08
7.20289e-09
8.23654e-08
7.72353e-08
1.55409e-09
8.24169e-08
1.20438e-07
1.39154e-07
1.59177e-07
1.16989e-07
2.27931e-08
2.89836e-08
1.22121e-08
2.79603e-08
1.29212e-08
3.22692e-08
1.25263e-08
3.46034e-08
1.97805e-08
5.29107e-08
9.24619e-08
1.02826e-07
1.14717e-07
1.5151e-07
2.29247e-07
3.29273e-07
3.98599e-07
4.44815e-07
5.50185e-07
6.25315e-07
5.35541e-07
5.07972e-07
5.07922e-07
4.54261e-07
5.53855e-07
4.93437e-07
3.73402e-07
2.77434e-07
1.95653e-07
1.70827e-07
2.20653e-07
1.2554e-07
6.14068e-08
4.99423e-08
5.67601e-08
9.20222e-08
7.18763e-08
4.64418e-08
6.38886e-08
1.21071e-07
3.41428e-07
2.28616e-07
8.1008e-07
3.04707e-06
1.52992e-06
2.30304e-07
6.7031e-07
1.29137e-08
1.7086e-08
1.9855e-07
5.96475e-08
1.09608e-06
1.95999e-06
1.6668e-06
1.45323e-06
1.84594e-06
2.21523e-06
2.3881e-06
1.9767e-06
6.64773e-07
1.43088e-06
2.91692e-06
2.71193e-06
2.01932e-06
8.75436e-07
4.26346e-07
8.48618e-07
1.45096e-06
7.35003e-07
9.86934e-07
1.6388e-06
1.59038e-06
8.20535e-07
1.51432e-06
3.10819e-06
5.34585e-06
1.4656e-05
1.18481e-06
3.53857e-06
3.78119e-06
3.43784e-06
1.41517e-06
3.38516e-07
1.62803e-06
1.93216e-07
7.06221e-06
6.34023e-08
3.75961e-08
5.41087e-08
1.21277e-07
8.69917e-08
5.8385e-09
1.60075e-07
1.74636e-07
2.61366e-08
1.42252e-07
2.07463e-07
2.00251e-07
1.64151e-07
2.24347e-07
1.59936e-07
1.58803e-07
1.41809e-07
1.93744e-07
1.65561e-07
2.19669e-07
2.0168e-07
2.54427e-07
2.17462e-07
2.35193e-07
2.23171e-07
2.35245e-07
2.29862e-07
2.71243e-07
2.97933e-07
3.00957e-07
3.13422e-07
3.46568e-07
4.17768e-07
4.5264e-07
4.10571e-07
4.44391e-07
4.70491e-07
4.28803e-07
2.83775e-07
5.09799e-07
2.56714e-07
2.19453e-07
1.78385e-07
1.07131e-07
7.71355e-08
1.00447e-07
6.83559e-08
4.7466e-08
4.62625e-08
5.67228e-08
4.86157e-08
3.49576e-08
1.25816e-07
2.94273e-07
3.39269e-07
1.79368e-07
1.59239e-06
1.37805e-06
1.63145e-06
9.44534e-08
3.43788e-07
4.87743e-07
3.08337e-08
3.99324e-08
1.90054e-07
9.04808e-07
3.25802e-06
2.76699e-06
2.16487e-06
2.04224e-06
1.49588e-06
8.49035e-07
1.48438e-06
9.67069e-07
9.84927e-07
2.71705e-06
3.19667e-06
2.71131e-06
1.96545e-06
1.19278e-06
9.07838e-07
1.01519e-06
8.40258e-07
7.30142e-07
1.02943e-06
2.88362e-07
2.80062e-07
6.13487e-06
7.05018e-06
7.89767e-06
1.07852e-06
1.58843e-06
3.57848e-06
7.79059e-06
5.45465e-06
4.05963e-06
1.95339e-06
3.86118e-06
3.55327e-07
6.83046e-06
1.97183e-07
2.06918e-07
2.15449e-07
2.3241e-07
2.63226e-07
2.47388e-07
3.24517e-07
2.85483e-07
2.67885e-07
3.3202e-07
4.03765e-07
4.08357e-07
4.09723e-07
3.40261e-07
3.58183e-07
3.39104e-07
3.7197e-07
3.59573e-07
3.86921e-07
3.83301e-07
3.801e-07
3.80688e-07
3.50214e-07
3.31341e-07
3.21164e-07
3.03766e-07
3.14829e-07
3.14691e-07
3.24884e-07
3.19096e-07
3.11439e-07
3.19428e-07
3.51908e-07
3.39121e-07
1.11106e-07
2.35476e-07
2.80652e-07
2.40862e-07
2.41763e-07
1.58796e-07
8.52035e-08
6.75629e-08
7.86341e-08
7.76734e-08
4.54956e-08
3.34965e-08
3.74682e-08
4.33135e-08
5.29908e-08
7.69248e-08
6.1088e-08
4.90751e-08
1.39965e-07
3.19587e-07
5.02146e-07
8.21532e-07
1.26509e-06
7.88881e-07
2.75482e-07
3.53765e-07
4.9638e-07
2.8529e-07
4.87113e-07
4.58715e-07
4.75307e-07
1.24662e-06
2.74843e-06
4.81904e-06
1.1197e-06
4.97176e-06
3.78068e-06
9.59458e-07
1.52064e-06
6.4554e-07
8.49527e-07
2.00951e-06
3.12918e-06
3.00575e-06
2.61759e-06
2.05107e-06
1.35534e-06
1.28794e-06
1.27504e-06
5.24823e-07
8.32104e-07
1.51751e-06
2.38881e-06
2.29593e-06
4.6337e-06
2.75728e-06
1.87665e-06
9.9508e-07
7.61453e-06
2.4949e-06
3.10002e-06
3.63944e-06
8.47166e-07
2.36927e-06
6.74039e-06
3.91169e-07
1.82577e-07
2.1632e-07
2.16139e-07
3.80615e-07
3.17768e-07
7.79585e-09
4.30966e-07
5.32548e-07
1.99162e-07
4.20177e-07
4.1498e-07
5.08711e-07
4.62544e-07
6.0637e-07
5.30317e-07
6.42809e-07
5.14041e-07
6.1563e-07
5.15473e-07
5.97226e-07
5.27255e-07
6.039e-07
4.8301e-07
4.93056e-07
4.43174e-07
4.58354e-07
4.08596e-07
3.85896e-07
3.34128e-07
3.18614e-07
2.68419e-07
1.70275e-07
2.60264e-07
2.35024e-07
1.76224e-07
1.75741e-07
1.52796e-07
9.78612e-08
7.33912e-08
4.97154e-08
7.27054e-08
6.6663e-08
5.04253e-08
3.14362e-08
3.12159e-08
3.13197e-08
3.58106e-08
3.7298e-08
3.74813e-08
4.44363e-08
5.41763e-08
6.18195e-08
1.12917e-07
2.81562e-07
4.27137e-07
6.30745e-07
5.08184e-07
1.83976e-07
3.22446e-07
9.5481e-08
3.2653e-07
7.57696e-07
1.32676e-06
1.33853e-06
1.20667e-06
1.81344e-06
3.22637e-06
5.83885e-07
3.9114e-06
5.1589e-06
4.10812e-06
2.10975e-06
7.13605e-07
7.015e-07
6.99052e-07
1.34454e-06
2.43016e-06
3.0492e-06
2.77503e-06
1.96022e-06
1.53377e-06
1.36419e-06
1.29618e-06
1.75603e-06
2.98215e-07
4.161e-07
3.43318e-06
3.78419e-06
1.95998e-06
5.78393e-07
1.32574e-07
3.73325e-06
8.87702e-07
1.41734e-05
1.11741e-05
2.06139e-06
1.6861e-06
1.39555e-06
1.9322e-07
1.31601e-05
4.42902e-07
3.29216e-07
3.80136e-07
3.57745e-07
4.74691e-07
9.55161e-08
5.18232e-07
3.51815e-07
4.56404e-07
5.3021e-07
1.11964e-07
5.58388e-07
4.40158e-07
6.41305e-07
6.84783e-07
6.71489e-07
7.1773e-07
6.25862e-07
6.34198e-07
5.76283e-07
5.74913e-07
2.65545e-07
4.77334e-07
1.05647e-07
4.70012e-07
3.30033e-07
3.94359e-07
4.10365e-07
3.40047e-07
3.79987e-07
3.26819e-07
3.19909e-07
2.74403e-07
2.03395e-07
1.0012e-07
1.10573e-07
1.26426e-07
9.1416e-08
8.29424e-08
7.12538e-08
3.51681e-08
3.63698e-08
3.53492e-08
3.52764e-08
3.19422e-08
3.02887e-08
2.63792e-08
2.63903e-08
3.05177e-08
3.52325e-08
4.48418e-08
4.68107e-08
7.56472e-08
1.77059e-07
2.75668e-07
3.21398e-07
2.76913e-07
1.64582e-07
6.87555e-08
3.49911e-08
5.88619e-08
9.72521e-08
5.39575e-08
4.96606e-07
1.06652e-06
1.55973e-06
1.29941e-06
7.22424e-07
4.57116e-06
2.09503e-06
3.65041e-06
2.89581e-06
9.27403e-07
1.10147e-06
3.82328e-07
1.0916e-06
2.36528e-06
3.02203e-06
3.34363e-06
2.53225e-06
1.79239e-06
1.47509e-06
1.81214e-06
5.04034e-07
4.03285e-06
3.36968e-07
1.77616e-06
1.35918e-06
3.68399e-06
2.99823e-06
1.40964e-07
7.32116e-06
4.03333e-06
1.91118e-06
6.11123e-07
9.96458e-07
9.02575e-06
1.17623e-05
1.93353e-05
4.64276e-08
4.23216e-07
2.88767e-07
2.01208e-09
3.64083e-07
2.29228e-07
7.62081e-08
4.46868e-07
2.8057e-07
4.48049e-07
6.01762e-07
1.9948e-07
6.22636e-07
1.00025e-08
6.50472e-07
5.03685e-09
6.65877e-07
6.46055e-09
6.32547e-07
1.70543e-07
5.67004e-07
3.65689e-07
2.07727e-07
3.03909e-07
1.93314e-07
2.83839e-07
4.27437e-07
2.78242e-07
3.40181e-07
2.50829e-07
2.55748e-07
1.97229e-07
1.48834e-07
1.61155e-07
1.47649e-07
1.34477e-07
1.30865e-07
9.75541e-08
5.72336e-08
3.26402e-08
2.38295e-08
2.75401e-08
2.50063e-08
2.49948e-08
2.42987e-08
2.72856e-08
3.09917e-08
3.61873e-08
4.21793e-08
5.09564e-08
5.7364e-08
6.87358e-08
7.51406e-08
7.57862e-08
1.18687e-07
1.69086e-07
1.73021e-07
7.18482e-08
5.69601e-08
3.27309e-08
1.44347e-07
2.54579e-07
4.44087e-07
4.8742e-07
6.77607e-07
2.38277e-07
1.06923e-06
1.15863e-06
1.99438e-06
8.21384e-07
1.75057e-06
2.25708e-06
1.7233e-06
1.66641e-06
1.94766e-06
2.32141e-06
1.94019e-06
1.67038e-06
1.77446e-06
2.97864e-06
1.97114e-06
1.47502e-06
1.42721e-06
1.38139e-06
2.52097e-06
7.31678e-07
2.5813e-06
2.08013e-06
2.08131e-06
4.8293e-06
3.909e-06
8.15562e-06
9.7681e-06
7.30504e-07
1.22676e-05
1.12842e-05
1.92045e-05
1.17934e-05
9.21779e-06
4.4671e-05
7.1944e-07
5.03028e-08
2.29819e-07
1.63832e-09
6.09529e-10
2.33217e-07
2.2356e-07
5.43455e-07
4.9893e-07
5.33191e-07
1.98695e-07
3.13185e-09
3.58951e-07
4.38844e-09
7.04266e-07
1.93342e-08
5.94349e-07
1.67878e-08
4.50546e-09
2.49209e-07
4.39892e-09
4.76065e-07
3.98613e-09
3.75043e-07
3.77875e-09
2.94032e-07
4.86691e-09
2.07692e-07
7.00365e-09
1.18943e-07
1.18522e-07
1.05257e-07
1.21176e-07
9.81471e-08
9.31569e-08
4.04445e-08
4.69524e-08
3.42975e-08
2.12875e-08
3.03198e-08
2.14446e-08
3.72391e-08
2.11761e-08
2.12675e-08
2.44857e-08
2.6162e-08
3.02576e-08
3.7339e-08
3.93359e-08
5.78078e-08
4.74452e-08
6.48986e-08
6.25324e-08
7.74332e-08
9.25808e-08
1.08125e-07
1.33383e-07
1.11792e-07
8.24631e-08
2.04045e-07
8.87831e-08
2.87967e-07
7.64291e-07
5.27015e-07
1.22321e-06
1.54793e-06
1.34093e-06
1.16634e-06
1.8784e-06
4.24295e-07
2.2104e-06
3.20916e-06
4.33152e-06
4.39552e-06
3.70804e-06
2.62006e-06
2.14176e-06
2.26668e-06
2.85131e-06
3.37961e-06
2.73599e-06
3.52413e-06
1.61901e-06
3.86061e-06
8.2869e-07
6.58101e-06
4.82272e-07
4.83891e-06
4.33985e-06
9.23343e-06
1.59735e-06
6.90213e-06
6.78588e-07
6.26468e-06
9.15722e-07
1.48549e-06
5.19965e-06
1.54573e-06
1.28802e-05
2.2034e-05
7.12924e-06
5.92922e-09
3.32173e-07
2.30212e-08
9.92403e-10
3.10874e-08
1.86596e-07
5.08947e-07
2.93175e-07
6.44668e-07
2.2969e-09
2.84409e-07
8.92465e-07
1.00987e-07
9.76838e-07
3.90853e-08
9.8002e-07
1.10347e-08
3.78161e-09
2.06338e-09
4.55272e-09
2.0469e-08
4.56811e-09
3.01592e-08
4.18961e-09
4.82966e-08
3.48091e-09
9.60148e-08
2.82413e-09
1.31649e-07
7.06576e-08
8.73432e-08
8.95976e-08
4.40633e-08
9.69697e-09
3.58867e-08
1.05186e-08
4.04553e-08
3.12286e-08
6.2437e-08
5.44115e-08
5.72359e-08
4.45079e-08
6.31982e-08
4.84756e-08
4.01324e-08
4.41751e-08
5.44778e-08
6.35939e-08
7.38398e-08
8.61109e-08
9.28964e-08
9.92187e-08
9.00962e-08
1.27957e-07
1.14884e-07
1.23249e-07
7.5744e-08
6.59189e-08
1.80055e-07
2.81213e-07
5.62017e-07
7.14815e-07
2.67641e-06
6.17295e-08
1.90843e-07
4.60305e-07
2.67874e-06
1.5689e-06
9.40637e-07
7.36834e-06
1.42435e-06
1.05982e-06
6.22543e-06
5.60103e-06
6.64107e-06
2.50009e-06
3.2462e-06
4.2499e-06
2.83447e-06
1.76966e-06
2.87849e-06
1.39889e-06
1.10148e-06
2.2789e-06
1.38567e-06
2.2203e-06
1.29066e-07
1.31597e-06
7.55498e-07
6.4205e-07
1.28628e-05
2.62774e-06
8.68037e-06
9.00478e-07
1.98919e-05
7.77832e-06
8.44173e-09
4.98993e-06
6.06043e-08
2.41215e-08
1.52382e-11
2.97612e-10
3.05116e-10
5.97361e-09
3.99895e-09
1.45825e-08
4.84199e-09
3.53326e-09
4.76622e-09
3.79709e-09
1.73092e-08
3.84759e-09
3.70746e-08
2.16972e-08
4.78527e-10
9.64277e-09
4.15987e-10
3.8555e-09
3.01906e-10
5.19779e-10
7.99958e-10
7.89118e-10
1.46633e-09
5.254e-10
2.76299e-09
2.01456e-08
9.00864e-09
3.19517e-08
2.24049e-08
1.41616e-08
9.84e-09
1.52986e-08
1.00056e-08
6.46725e-09
6.97295e-09
2.66184e-09
6.49024e-09
3.18442e-09
7.26405e-09
3.56764e-09
6.91132e-09
7.82995e-09
1.21871e-08
1.00436e-08
6.76623e-09
1.00755e-08
1.30696e-08
1.60002e-08
1.99201e-08
1.94035e-08
2.65688e-08
2.08659e-08
2.99642e-08
3.24885e-08
7.12967e-08
5.48283e-08
7.99367e-08
7.25442e-08
9.56603e-08
6.68927e-08
4.01986e-08
3.51886e-08
2.453e-09
4.72425e-08
1.43865e-07
2.02505e-07
2.50343e-07
5.87354e-07
7.58484e-07
1.85761e-06
2.2974e-06
1.47945e-06
8.28477e-07
1.01735e-06
6.49056e-07
2.67643e-07
2.47363e-07
1.15199e-07
2.39496e-08
1.06065e-07
1.50788e-07
1.29475e-07
5.68981e-07
1.49128e-07
1.41243e-06
8.73073e-08
8.73944e-07
1.73213e-07
1.34169e-06
4.56794e-07
2.04446e-06
3.1966e-05
6.01264e-06
2.77295e-06
9.25023e-07
7.04545e-06
6.79288e-07
2.3217e-06
3.90431e-06
1.22752e-07
)
;

boundaryField
{
    AXIS
    {
        type            empty;
    }
    OUTLET
    {
        type            calculated;
        value           nonuniform List<scalar> 
50
(
1.60383e-31
7.42357e-31
1.30765e-30
7.20326e-31
3.34519e-31
3.34748e-31
1.96344e-31
1.75506e-31
1.43707e-31
1.26549e-31
1.0892e-31
2.4466e-31
1.00919e-30
1.66831e-30
2.14489e-30
3.70962e-30
4.32477e-30
4.26822e-30
4.55603e-30
3.99213e-30
2.68257e-30
1.74043e-30
1.30449e-30
1.29725e-30
1.04799e-30
8.27912e-31
2.79271e-31
2.55231e-31
4.1964e-32
8.3532e-32
5.68887e-32
3.40856e-32
1.41848e-31
3.80645e-31
1.06378e-30
8.3071e-31
2.13913e-30
2.67722e-30
1.71589e-29
7.37394e-30
8.27942e-30
4.39804e-30
5.26221e-30
4.72618e-32
2.39923e-30
1.10517e-32
1.75336e-32
1.22167e-30
4.19791e-33
4.56587e-32
)
;
    }
    COFLOW
    {
        type            calculated;
        value           nonuniform List<scalar> 
30
(
7.36351e-30
5.28545e-30
1.85481e-30
2.80012e-30
1.08435e-30
9.31959e-31
1.48075e-31
1.86862e-31
1.15704e-30
1.23887e-30
1.49751e-30
1.37749e-30
1.18113e-30
1.05731e-30
7.82799e-31
6.9673e-31
3.71149e-31
4.8737e-31
5.93296e-32
2.46696e-31
7.99876e-31
1.04134e-30
1.26388e-30
1.12636e-30
1.08908e-30
7.72266e-31
7.52522e-31
2.35729e-31
1.59123e-30
8.88687e-32
)
;
    }
    PILOT
    {
        type            calculated;
        value           nonuniform List<scalar> 10(8.00537e-30 2.30237e-29 8.15063e-31 6.78694e-30 1.13571e-30 2.20323e-30 1.22748e-30 6.84716e-30 8.79746e-31 3.49325e-30);
    }
    FUEL
    {
        type            calculated;
        value           nonuniform List<scalar> 10(2.54809e-29 3.38558e-29 2.20182e-28 1.67566e-29 1.32235e-28 4.08504e-30 5.40074e-29 9.72112e-30 9.15339e-29 5.30595e-30);
    }
    WALL
    {
        type            zeroGradient;
    }
    front
    {
        type            wedge;
    }
    back
    {
        type            wedge;
    }
}


// ************************************************************************* //
