/*--------------------------------*- C++ -*----------------------------------*\
| =========                 |                                                 |
| \\      /  F ield         | OpenFOAM: The Open Source CFD Toolbox           |
|  \\    /   O peration     | Version:  2.3.0                                 |
|   \\  /    A nd           | Web:      www.OpenFOAM.org                      |
|    \\/     M anipulation  |                                                 |
\*---------------------------------------------------------------------------*/
FoamFile
{
    version     2.0;
    format      ascii;
    class       volScalarField;
    location    "0.02";
    object      chi;
}
// * * * * * * * * * * * * * * * * * * * * * * * * * * * * * * * * * * * * * //

dimensions      [0 0 -1 0 0 0 0];

internalField   nonuniform List<scalar> 
5000
(
5.28455e-24
1.58099e-22
1.28213e-21
1.08321e-20
4.20254e-20
6.59199e-20
1.32736e-19
3.1186e-19
6.11285e-20
3.04753e-20
4.31312e-20
3.93522e-20
4.87344e-20
1.45159e-19
1.4593e-19
1.44935e-18
3.01319e-18
6.43044e-18
4.10815e-18
4.86003e-18
1.22783e-17
3.79427e-17
9.1673e-17
9.02182e-17
1.81749e-16
3.44291e-16
2.92295e-15
2.81656e-14
8.26047e-14
3.04866e-13
4.18476e-13
1.92464e-13
6.64492e-14
3.02233e-13
1.66239e-12
1.02928e-11
5.58017e-11
2.47628e-10
1.26809e-09
6.83558e-09
5.25386e-09
3.70845e-08
1.29749e-07
5.65356e-07
1.72368e-06
3.56532e-06
8.25532e-06
1.52073e-05
1.40797e-05
2.77589e-05
1.02162e-05
1.04674e-05
1.14422e-05
8.22091e-06
3.45275e-06
2.7707e-06
2.55202e-06
1.20827e-05
6.08828e-05
0.000300984
0.000964494
0.00212216
0.00348361
0.00505064
0.00713727
0.00893661
0.00915997
0.00544009
0.0092991
0.0156995
0.0133319
0.0108243
0.0105929
0.000571361
4.504e-06
5.53659e-06
4.2835e-05
0.000105233
0.000176147
0.000242223
0.000289057
0.000281454
0.000229468
0.000133546
0.000485682
0.000534261
0.000388036
0.000248456
0.0001243
5.09017e-05
6.79086e-06
2.9579e-06
5.13216e-06
1.96612e-05
6.06397e-05
0.000124592
7.24255e-05
2.06351e-05
2.22534e-05
1.11316e-05
4.6635e-22
1.39038e-20
6.94216e-20
3.77252e-19
1.36901e-18
9.81886e-19
5.90663e-18
3.3649e-17
3.32035e-17
3.05324e-17
1.40705e-17
5.92708e-18
4.67341e-18
1.10054e-17
2.48414e-17
9.0863e-17
1.50887e-16
3.08599e-16
1.38385e-16
1.68747e-16
1.49016e-16
5.83281e-16
1.30435e-15
5.16652e-15
1.56002e-14
5.69485e-14
1.61011e-13
8.2491e-13
4.93781e-12
2.11413e-11
2.35146e-11
1.68832e-11
3.92001e-12
5.83716e-12
1.82016e-11
8.66991e-11
3.35355e-10
1.2886e-09
4.9683e-09
2.84675e-08
1.01433e-07
2.39884e-07
3.94884e-07
2.25326e-06
1.18043e-05
5.25211e-05
0.00019852
0.00065248
0.00204024
0.00598154
0.0141233
0.0104513
0.0052477
0.00232435
0.000964731
0.000190683
6.07838e-05
0.000110706
0.000473576
0.00191229
0.00547718
0.0129406
0.0280867
0.057517
0.109823
0.190847
0.301702
0.442579
0.659311
1.01825
1.09364
0.765516
0.116382
0.00553533
0.000702486
0.000717003
0.00122135
0.00273301
0.00566079
0.0098108
0.0146767
0.0200063
0.0263389
0.0355568
0.0501928
0.0628106
0.0610644
0.0239169
0.00736817
0.00193367
0.000247001
9.77886e-05
0.00011184
0.000197186
0.000521515
0.00121504
0.00198723
0.00185521
0.00129075
0.00113604
1.93482e-18
2.47851e-18
4.64767e-18
1.9961e-17
1.14029e-16
4.88997e-16
1.5626e-15
4.22354e-15
3.07005e-15
2.11732e-15
1.88865e-15
1.48144e-16
2.2613e-16
4.44033e-16
1.57467e-15
2.69237e-15
2.01032e-15
7.56337e-15
8.12539e-15
1.09809e-14
2.44964e-14
8.4643e-14
1.61626e-13
3.46181e-13
1.05621e-12
3.15101e-12
1.05289e-11
5.89847e-11
3.17855e-10
1.1835e-09
1.67834e-09
9.70814e-10
1.6363e-10
3.23939e-11
7.05209e-12
7.56848e-11
5.37633e-10
3.59706e-09
1.46812e-08
6.06205e-08
2.40543e-07
6.13114e-07
1.7471e-06
1.06143e-05
6.49022e-05
0.00028886
0.000961885
0.00254294
0.00562077
0.0115648
0.0262864
0.0724833
0.120694
0.0998933
0.0289843
0.000985582
0.00024937
0.000405694
0.00148593
0.00509244
0.0133959
0.0292546
0.0581649
0.10721
0.183023
0.29626
0.472474
0.711772
1.09218
2.0704
2.66768
2.71384
1.49879
0.0989206
0.00590421
0.00192822
0.00215428
0.00354133
0.00655887
0.0107009
0.0151817
0.0195945
0.0237434
0.0285371
0.0405404
0.0679359
0.111857
0.133722
0.101441
0.0208498
0.00164904
0.000461764
0.000430644
0.000621772
0.00121496
0.00253156
0.00464624
0.00516976
0.00452027
0.00321259
1.13785e-17
2.93198e-16
9.79502e-16
2.84102e-15
4.46881e-15
2.07508e-14
5.92275e-14
2.34193e-13
6.94997e-13
5.25091e-13
3.77817e-13
7.46072e-14
3.75624e-14
2.53019e-14
6.59289e-14
1.01204e-13
1.79068e-13
4.1379e-13
9.39456e-13
2.64751e-13
4.78393e-13
2.75824e-12
6.26737e-12
1.13641e-11
1.78181e-11
8.19249e-11
4.27487e-10
2.24099e-09
1.16786e-08
4.39343e-08
6.3432e-08
3.52207e-08
1.34548e-09
6.10783e-10
1.06567e-09
3.31855e-09
4.71524e-09
1.59716e-08
5.49941e-08
2.13739e-07
7.53512e-07
1.3304e-06
6.7996e-06
4.35382e-05
0.000221142
0.000801211
0.00220557
0.0048856
0.00891726
0.0139563
0.0191541
0.036991
0.118669
0.170908
0.112369
0.00739039
0.000837523
0.00091486
0.00240402
0.00711452
0.0171751
0.034554
0.0630764
0.109575
0.196806
0.400095
0.938565
1.96778
3.61564
6.02706
7.23373
7.10627
5.96104
1.83719
0.0387271
0.00383534
0.00236653
0.00213915
0.00312639
0.0051298
0.00788577
0.0112067
0.0151531
0.0194253
0.0237942
0.0357478
0.0787693
0.138038
0.198124
0.159617
0.0299489
0.00278711
0.00130087
0.00142807
0.00225725
0.00411002
0.00748118
0.00909107
0.00865228
0.00607968
5.2593e-15
1.32835e-14
6.02682e-14
1.16341e-13
7.74064e-13
2.82522e-12
1.18862e-11
4.35554e-11
4.37516e-11
4.65506e-11
6.39946e-11
2.26461e-11
1.28085e-11
4.9853e-12
5.12525e-12
5.94531e-12
1.50584e-11
3.35109e-11
6.31528e-12
3.0536e-11
7.40564e-11
2.43846e-10
7.48752e-10
1.85765e-09
3.87298e-09
1.18108e-08
3.79934e-08
1.52627e-07
5.57704e-07
1.82489e-06
2.74463e-06
1.59888e-06
2.11055e-07
1.14873e-07
6.92898e-08
5.50083e-08
6.24019e-08
1.14506e-07
2.56303e-07
7.6421e-07
1.69731e-06
2.61551e-06
2.0647e-05
0.000120114
0.000502685
0.00152222
0.00368867
0.00757932
0.0133381
0.0214821
0.0318618
0.0414016
0.0932945
0.165993
0.197953
0.0369979
0.00225907
0.00137573
0.00267887
0.00709312
0.0162401
0.0314861
0.0582654
0.121578
0.326004
1.04809
3.20472
6.52168
9.23433
10.6193
10.847
11.0977
11.4686
7.78646
0.699609
0.0138418
0.00310196
0.00195778
0.00220031
0.00424884
0.00871666
0.0158636
0.025882
0.0391706
0.0550921
0.0707689
0.102856
0.188728
0.252648
0.348976
0.193363
0.0236246
0.00414192
0.00357172
0.00415736
0.00638683
0.0106319
0.0138042
0.0134407
0.00947649
1.96915e-14
2.08015e-13
1.95268e-12
1.38553e-11
1.01987e-10
2.05813e-11
4.88691e-10
1.68148e-09
4.96062e-09
4.51222e-09
6.10296e-09
2.71843e-09
1.14713e-09
4.46752e-10
4.85784e-10
1.04571e-09
2.19614e-09
2.73838e-09
1.39758e-09
4.65293e-10
2.63796e-09
1.05857e-08
2.0938e-08
1.49595e-08
5.70695e-08
2.30784e-07
7.15734e-07
3.68274e-06
2.29357e-05
0.000114234
0.000291619
0.000187562
3.96283e-05
8.13261e-06
3.07079e-06
2.16659e-06
1.94468e-06
2.39396e-06
2.85009e-06
3.72867e-06
5.20687e-06
7.76234e-06
5.07893e-05
0.00023956
0.000863877
0.0024018
0.00565821
0.011879
0.0223587
0.0398147
0.0694228
0.103067
0.158042
0.263103
0.318002
0.0965982
0.00373468
0.00194751
0.00301389
0.00757355
0.0170871
0.034107
0.0761335
0.231447
0.931178
3.3776
7.75527
10.1154
8.39194
4.24557
2.10646
3.25944
7.08858
11.9551
6.21075
0.12391
0.00990203
0.00428179
0.00388644
0.0077881
0.0187491
0.0390681
0.0692327
0.107211
0.145995
0.173787
0.183078
0.222154
0.266272
0.377771
0.455982
0.125184
0.0139183
0.0079253
0.00769353
0.0102256
0.0153356
0.0193775
0.0188783
0.0136167
1.06219e-11
1.98475e-11
4.65985e-11
2.52208e-10
1.38955e-09
2.04931e-09
6.24185e-09
5.72922e-08
2.2288e-07
5.82348e-07
5.83056e-07
2.25195e-07
1.04548e-07
4.68591e-08
5.52552e-08
1.11439e-08
7.90755e-08
6.23824e-08
7.42434e-08
6.42226e-08
1.01656e-07
2.82277e-07
5.05652e-07
9.95607e-07
1.95597e-06
7.74241e-06
4.02282e-05
0.000252019
0.00153857
0.012939
0.0868264
0.0888883
0.0208725
0.0037719
0.000759223
0.000251503
0.000124968
9.35413e-05
6.20884e-05
2.61827e-05
2.11937e-05
2.11824e-05
9.20524e-05
0.000364669
0.00121223
0.00337911
0.0085619
0.0206813
0.0453793
0.0960801
0.199088
0.308083
0.427994
0.58479
0.648404
0.279486
0.00748566
0.00318435
0.00406609
0.00942776
0.0224073
0.052306
0.153048
0.622832
2.81162
7.26371
8.60048
3.09608
0.163879
0.0371587
0.0185878
0.0106637
0.0941282
2.84181
10.9135
3.03997
0.0298933
0.0114661
0.0104233
0.0181792
0.0425477
0.088428
0.146455
0.191776
0.203455
0.183396
0.146293
0.109889
0.106847
0.137229
0.314613
0.267553
0.0417517
0.0158824
0.0153934
0.0203586
0.0298105
0.0321675
0.0296098
0.0192438
8.27626e-10
5.73029e-09
9.45975e-09
1.059e-08
8.3125e-08
7.76644e-07
4.23652e-06
2.62787e-05
8.94985e-05
0.000210508
0.000283465
8.62475e-05
2.20749e-05
6.30859e-06
2.74296e-06
2.15657e-06
5.62737e-06
1.30496e-05
1.57316e-05
8.98181e-06
8.54747e-06
1.29635e-05
3.30549e-05
9.79388e-05
0.000266453
0.000719329
0.00185894
0.00536563
0.0266259
0.236949
2.60567
9.63252
9.57718
5.44554
0.300451
0.0402056
0.00788316
0.00157424
0.000593809
0.000190462
9.17047e-05
8.21818e-05
0.000176925
0.000577513
0.00187534
0.00554445
0.015806
0.045292
0.120496
0.307009
0.709807
1.01019
1.20228
1.34293
1.41848
0.945001
0.0374243
0.00732596
0.00731528
0.0145772
0.0369061
0.0993118
0.350984
1.65016
6.07543
8.29185
0.437387
0.0171405
1.44891
10.0422
10.9633
9.1347
2.24045
0.146988
2.06955
5.95161
0.142348
0.0284392
0.0256274
0.0410595
0.0872984
0.150687
0.170387
0.136637
0.0891375
0.0494583
0.0221824
0.00316212
0.00114357
0.00710763
0.0495637
0.2006
0.0826114
0.0313938
0.031138
0.0431312
0.0654857
0.0659603
0.0571586
0.0300453
1.16056e-07
9.01242e-07
1.28061e-06
2.01828e-06
1.05591e-05
8.30343e-05
0.000667754
0.00429518
0.0175191
0.0625569
0.20867
0.0976959
0.0203282
0.00404768
0.00101732
0.000471504
0.000895656
0.0031512
0.00499447
0.00327842
0.00209045
0.00156923
0.0018473
0.00315754
0.00803953
0.0220729
0.048652
0.101426
0.261103
1.41523
7.00227
12.1463
12.6163
8.1585
9.6152
3.52378
0.150892
0.0164768
0.00413416
0.00107734
0.000324577
0.000282039
0.000412858
0.00110061
0.0035286
0.011065
0.0349796
0.117986
0.377209
1.03827
2.10469
2.50608
2.51141
2.43475
2.57245
2.58667
0.322129
0.0220397
0.015964
0.0270421
0.0698566
0.202053
0.808453
3.74436
8.28254
0.91429
0.0222855
4.03654
14.2278
11.239
9.94546
9.97619
8.24972
2.00249
0.429377
1.72712
0.27063
0.0507174
0.0482527
0.0831635
0.142294
0.1449
0.0701085
0.0196885
0.00428914
0.00413326
0.0104176
0.0152423
0.0110885
0.00849715
0.00970517
0.0489104
0.0665641
0.0488147
0.0525389
0.0817105
0.134453
0.141197
0.120092
0.0526361
0.000625428
0.00833872
0.0134192
0.00776438
0.00730265
0.0140974
0.0618107
0.383032
2.65667
16.0808
48.4262
47.6724
32.1974
8.09807
0.166139
0.0103999
0.0140535
0.0715358
0.618543
1.0501
0.590435
0.183916
0.0508456
0.0483805
0.0906353
0.24983
0.555273
0.963585
1.92816
5.9877
13.4937
6.30853
2.78641
1.10274
0.912728
2.20477
2.04702
0.408711
0.0398366
0.00607537
0.00103119
0.000790866
0.000982312
0.00227303
0.00712722
0.0234654
0.0840804
0.343367
1.21132
2.60749
2.96549
2.72958
2.49844
2.40822
2.54844
3.69042
1.21557
0.051628
0.0315573
0.0529855
0.142831
0.435969
1.84698
6.62922
5.43571
0.0157099
1.97028
12.4362
8.03474
2.96599
2.7706
3.35272
5.3578
3.67248
1.64328
1.47281
0.14468
0.0577865
0.0761449
0.135946
0.128327
0.0203426
0.00294555
0.00364174
0.0115955
0.0151349
0.0185627
0.023257
0.0253091
0.0237351
0.0216817
0.024487
0.024467
0.0572716
0.0777034
0.140416
0.230761
0.254731
0.22622
0.0946385
185.975
155.125
136.445
83.5584
19.8422
4.87581
4.61535
12.4537
51.2423
99.6799
44.3983
12.2882
17.607
18.3068
3.23635
0.0913123
0.0798041
0.47559
3.6876
9.01696
8.16824
3.89699
0.524412
0.316823
0.56444
1.61164
3.40817
5.25809
8.24095
16.4982
18.0393
6.88394
4.39162
2.7865
1.29531
0.369762
0.77547
1.26939
0.451499
0.0578996
0.004444
0.00198025
0.0023243
0.00492409
0.0158757
0.0584328
0.250385
1.15379
2.86053
2.82514
1.07295
0.580041
0.357553
0.00499246
0.268771
1.15839
1.19332
0.0516306
0.0479381
0.104176
0.308251
0.978297
3.81226
8.39584
1.54733
0.171869
6.93415
6.71315
1.12282
0.361598
0.372448
0.578316
1.62709
2.88734
2.33882
1.85037
0.045094
0.0625647
0.107206
0.126675
0.0126393
0.00346437
0.00768463
0.00920942
0.00781191
0.0072678
0.00820711
0.0116564
0.01937
0.0300671
0.0485885
0.0275448
0.0264526
0.0712845
0.128581
0.193938
0.223562
0.239694
0.231661
0.144711
3.17343
7.34822
20.6568
58.3247
63.9307
37.7047
35.2935
64.923
74.0329
15.6939
5.87311
6.03716
11.9427
11.6224
1.6978
0.256271
0.504897
3.43086
11.1511
9.27253
6.76655
4.64071
1.43537
1.01884
2.59272
6.63343
11.0789
15.6048
21.6377
26.7162
15.0898
10.0395
10.306
9.39823
4.17223
0.732829
0.172731
0.34315
0.864968
0.38562
0.0331274
0.00539276
0.00574286
0.0111857
0.0379398
0.161667
0.837719
3.11884
2.69286
0.0359458
0.200711
0.287852
0.629102
0.0845226
0.0244353
0.446569
0.728336
0.0334847
0.0678609
0.214945
0.709437
2.20966
6.42893
6.68921
0.53899
0.921031
6.47796
0.961383
0.104424
0.0545226
0.0519653
0.0949801
0.382674
1.40088
2.07417
1.3578
0.00523586
0.0640135
0.108758
0.0391988
0.00360406
0.00560369
0.00597993
0.00515432
0.00521662
0.00544083
0.00596912
0.00848177
0.0153545
0.0298405
0.0308326
0.0044307
0.0591848
0.125855
0.188791
0.133948
0.0439233
0.0314724
0.0653554
0.130442
0.0338527
0.310404
1.73181
10.3874
48.5083
76.1205
74.9476
55.0876
8.39736
2.24128
3.4374
12.2653
12.5301
3.50487
0.0636979
1.43828
4.59254
17.1427
16.6345
2.71883
1.52742
1.85233
1.26569
3.0809
9.10305
18.432
24.904
29.203
31.3187
23.0296
10.6328
8.83985
9.54013
7.93635
4.30659
1.8135
0.392086
0.0739578
0.0647314
0.530307
0.17038
0.0186038
0.0151883
0.0263086
0.096159
0.511931
2.81472
3.72034
0.00751281
1.18916
4.98635
5.113
4.4628
2.36539
0.470464
0.563641
0.625558
0.0357761
0.113031
0.470826
1.68106
4.54724
9.08244
3.80189
0.723955
2.20726
3.50289
0.0635663
0.0182525
0.0118447
0.0105361
0.0227822
0.0900051
0.634627
1.23639
0.554094
0.00791416
0.0680757
0.0624027
0.00893798
0.0051878
0.00609157
0.00474261
0.00657926
0.00721155
0.00592962
0.00894141
0.00898467
0.00838562
0.00790519
0.00764127
0.0733424
0.153327
0.19464
0.112145
0.023851
0.00716258
0.00376053
0.00435462
0.0457936
0.000524481
0.00827644
0.0702358
0.38574
1.98959
6.14774
7.33127
2.25595
0.924878
0.779518
2.69104
14.5556
32.3199
16.2687
8.73973
11.0538
25.1035
37.1151
13.3003
5.42535
2.36105
0.333136
4.96754
11.5389
26.7964
34.0113
32.0128
28.1046
21.3424
11.8015
6.56692
5.55464
5.39584
6.86975
5.84291
0.925171
0.0473087
0.0860929
0.0306618
0.0713193
0.273013
0.055789
0.036632
0.0657198
0.300848
1.98069
5.77539
0.390907
1.20052
5.49677
2.77278
2.57769
3.08532
3.50134
1.26423
0.592047
0.459434
0.0704756
0.22636
1.10251
3.77752
8.06109
10.3635
2.13339
0.647309
3.12355
2.08709
0.0157632
0.00452502
0.00417578
0.00828409
0.030715
0.0408037
0.390891
0.653463
0.0194592
0.0292032
0.0747979
0.0338603
0.0119467
0.0107373
0.044536
0.109983
0.136577
0.134237
0.118894
0.0899252
0.0820431
0.0908419
0.115073
0.150042
0.162395
0.139566
0.00854062
0.011457
0.00717584
0.00628011
0.0200476
0.0109657
0.0079734
9.85851e-06
0.000260647
0.00228264
0.011336
0.0438876
0.121532
0.209459
0.213497
0.170168
0.329075
1.25141
7.00647
33.4831
56.728
44.4304
47.5773
55.7269
28.6976
17.3126
17.315
15.472
14.226
19.9795
36.6309
44.414
29.6708
19.222
13.7899
9.726
6.33156
4.55447
3.83495
4.711
9.66546
8.76939
0.97781
0.00883983
0.0138755
0.0249732
0.0120644
0.128433
0.0801156
0.0646938
0.172884
1.10367
5.8695
4.23863
0.0696386
5.65354
1.98386
0.399518
0.356327
0.585698
1.28264
1.23904
1.23804
0.112341
0.0782596
0.542294
2.64246
7.14442
12.3588
8.02362
1.3816
0.869239
3.60731
2.11633
0.0169134
0.00220136
0.00373207
0.0123705
0.0272796
0.0202538
0.293856
0.192251
0.0033685
0.0728696
0.107303
0.0904777
0.125342
0.193969
0.313142
0.448374
0.475488
0.457996
0.393132
0.299178
0.200524
0.131434
0.111181
0.0416014
0.00568396
0.00680686
0.0106192
0.0125648
0.0427006
0.0151812
0.00367899
0.00338767
0.00494493
2.93682e-06
7.2933e-05
0.000542273
0.0023937
0.00814552
0.0206822
0.0379394
0.0514031
0.094699
0.21861
0.601765
2.3997
11.0379
37.2286
56.2398
51.2199
29.2241
13.7793
15.1608
27.0331
39.7988
43.414
50.3668
50.1554
26.0455
12.5486
8.094
6.67617
5.4855
4.03173
3.08841
2.74296
4.37079
11.7491
27.017
15.7276
0.383106
0.00696122
0.0198415
0.0178801
0.0368479
0.0573772
0.102466
0.541484
3.92317
9.32182
1.08619
3.9509
3.04697
0.0795609
0.0397128
0.030599
0.0688399
0.222174
0.637671
0.997189
0.00485752
0.167349
1.41769
5.51018
11.7024
13.2626
3.85432
1.045
1.06292
3.35081
3.24813
0.0791458
0.0026999
0.00297744
0.0172074
0.0575401
0.154009
0.129918
0.00487851
0.0418075
0.225069
0.278787
0.345777
0.450255
0.625586
0.934123
1.31302
1.43239
1.37671
1.13168
0.742751
0.319935
0.0550927
0.00892984
0.00933632
0.00746559
0.00733013
0.190808
2.32179
3.66606
2.01821
0.29946
0.00949832
0.0111466
1.88122e-05
0.000347761
0.00215302
0.00830599
0.0240931
0.05396
0.0886773
0.136386
0.21742
0.36797
0.625893
1.16631
2.96037
7.96194
14.2345
12.9204
7.7985
6.47532
8.51424
16.8386
30.8135
41.3604
36.9791
19.4604
7.82277
5.01406
4.63409
4.2394
3.27723
2.4054
1.85708
2.11669
4.05772
12.126
35.9798
56.6482
18.2297
0.128584
0.00702864
0.0285619
0.0216024
0.0520905
0.270745
2.07907
9.82016
7.34996
0.258785
5.82183
0.0995357
0.00862671
0.00669144
0.0201656
0.102655
0.129235
0.382424
0.471566
0.00641247
0.433957
3.5757
9.77691
15.1082
8.43806
1.54428
0.815434
1.22135
2.84031
3.41108
0.750014
0.00494615
0.0023604
0.00830689
0.0481416
0.0568912
0.0120319
0.0388042
0.274524
0.560398
0.664702
0.803362
1.03486
1.5431
2.71469
4.43463
5.31914
5.3131
4.69085
3.2936
1.49233
0.320572
0.016348
0.00717597
0.0632375
0.731939
4.65974
10.0586
7.51602
2.05375
0.146835
0.00690721
0.0206983
0.00110154
0.0107107
0.0464071
0.13661
0.284048
0.462391
0.582174
0.680723
0.858218
1.14498
1.40342
1.60998
1.93316
2.68299
3.52772
3.63644
3.35071
3.3761
3.99356
6.24322
10.326
12.6954
9.16304
4.57305
3.10627
3.2699
3.17213
2.26497
1.64318
1.25088
1.14983
1.77448
4.01489
9.52855
19.6918
47.3421
64.1243
5.48163
0.0763748
0.0119464
0.00405047
0.163676
1.19415
6.9053
17.544
3.78844
3.17309
3.21666
0.00538445
0.00173977
0.00532068
0.0319266
0.102353
0.0123743
0.36525
0.0189614
0.0935363
1.74897
7.5626
15.3619
12.7577
3.36027
0.959086
0.51916
1.33574
2.40976
2.96074
1.98209
0.120175
0.0150869
0.0069632
0.00522873
0.00890441
0.0560892
0.270906
0.728445
1.03067
1.193
1.53967
2.39881
4.44523
8.44681
13.8603
16.4297
16.5299
14.9909
11.245
6.75481
3.18631
1.438
1.42898
2.22153
6.32351
15.9504
16.0911
8.25264
0.893564
0.130496
0.00670841
0.0365262
0.0593
0.33622
1.02253
2.25036
2.8747
2.59322
2.42606
2.4566
2.72006
2.99214
2.93265
2.77614
2.76739
2.91291
3.02152
2.94064
2.69893
2.31742
2.14775
2.32561
2.72601
2.76322
2.24039
1.95463
2.14946
2.14438
1.40116
0.890047
0.687728
0.617188
0.761368
1.44676
3.39887
5.85107
9.02156
18.3561
57.0983
32.2548
0.769506
0.0903207
0.198753
1.00861
4.94911
17.4919
16.9317
4.09204
5.83677
1.11675
0.00329626
0.00111961
0.0046387
0.0335717
0.106861
0.279317
0.209193
0.00279573
0.451169
5.06961
14.0034
17.0085
6.59615
1.44751
0.885689
0.640282
1.42498
2.0749
2.66067
2.69525
0.96249
0.203302
0.0986312
0.0682186
0.127098
0.346223
0.829746
1.37161
1.67226
2.20917
3.61096
6.67745
12.8154
22.1227
28.3879
28.7719
28.1823
25.8542
22.4292
17.6822
12.4806
8.66005
8.37582
10.1898
18.5903
25.635
17.0096
7.69705
1.07789
0.0523679
0.0251547
0.0786181
3.57609
8.78341
11.0514
8.21022
6.53349
5.49208
5.14082
4.89511
4.61863
3.91084
3.08025
2.68274
2.67067
2.75593
2.66088
2.34775
1.89583
1.46633
1.2141
1.15289
1.17257
1.20117
1.26861
1.35134
1.20332
0.776588
0.387941
0.290606
0.260617
0.321957
0.506181
1.04505
2.26397
2.84504
3.46844
6.09594
23.7203
70.0786
12.0203
2.35155
2.29736
5.35607
15.0524
30.8533
11.2193
5.72157
7.05677
0.71281
0.0463471
0.0328907
0.0221778
0.0124964
0.0720015
0.152202
0.0213412
0.174182
2.70139
11.1012
19.9767
11.6607
2.9117
1.21194
0.895637
0.739064
1.44594
1.83262
2.68864
3.37539
2.19948
0.887595
0.503401
0.474278
0.641671
1.09421
1.71328
2.27547
3.14119
5.18568
9.54987
17.7748
28.6343
34.5946
28.9082
24.684
23.329
22.35
23.8111
26.9885
28.031
23.8142
23.1227
25.5027
31.5278
23.8229
14.6643
8.08038
1.94559
0.0454681
0.054172
0.190262
0.690647
2.97047
3.7145
3.26576
3.12817
3.26117
3.17475
2.84567
2.2323
1.55852
1.17836
1.05817
1.0755
1.1013
1.06577
0.992806
0.866864
0.755094
0.700185
0.704476
0.73887
0.769351
0.751386
0.596449
0.332261
0.155395
0.0896962
0.0821279
0.104169
0.168736
0.305968
0.626751
1.07438
1.08077
1.13951
1.72107
7.05387
52.2121
58.754
15.8873
11.9972
20.2773
36.8591
28.0712
7.55908
5.80498
8.79835
1.28729
0.294304
0.150598
0.113898
0.0570891
0.0139866
0.0199949
0.184159
1.53276
7.99399
20.4159
18.5227
5.91292
1.87858
1.33424
0.812509
0.806337
1.35245
1.88748
3.19636
4.24214
3.89985
2.54451
1.75896
1.65381
1.89033
2.43144
3.0821
4.27318
7.25877
13.385
23.7948
35.5179
37.3175
26.3227
16.5842
14.009
13.1144
14.2088
18.226
25.3994
34.0929
37.3693
37.6393
37.5857
29.7205
14.4906
10.0235
9.09243
4.05081
0.105729
0.142521
0.511163
0.000920991
0.0118885
0.0411828
0.0925118
0.16478
0.253111
0.263363
0.234225
0.202422
0.165807
0.154475
0.165654
0.18797
0.210307
0.231811
0.248359
0.241434
0.24441
0.247902
0.251891
0.256131
0.229479
0.1789
0.108009
0.0482922
0.0242189
0.0193248
0.0242151
0.0455574
0.0822414
0.146086
0.259052
0.325587
0.278192
0.279901
0.384665
1.33237
14.154
75.5008
64.8848
49.0773
55.1191
41.4855
11.5931
4.99793
8.58691
11.9538
3.44677
1.15798
0.712734
0.545766
0.340658
0.217529
0.454767
1.75986
6.40846
18.5285
26.0563
11.3327
3.60663
1.74438
1.23928
0.647643
0.896592
1.26275
2.5305
4.56837
5.98765
5.95761
4.93147
4.0455
3.85986
4.07479
4.62543
5.92301
9.74553
18.5309
31.398
40.5556
35.0341
20.1321
9.45978
6.27112
5.58422
5.79778
7.5074
10.4673
15.1622
21.6353
28.7792
29.6363
25.8497
13.9422
6.93428
5.38191
8.86028
7.36669
0.538006
0.42226
1.42829
2.93345e-06
6.40699e-05
0.000257705
0.000649425
0.00134835
0.00238738
0.00352676
0.00475771
0.00606475
0.00794791
0.0112063
0.0144259
0.01844
0.0235731
0.0290183
0.0290554
0.0161862
0.0063138
0.00698507
0.00978697
0.0104759
0.00355986
0.00426757
0.0103352
0.00534842
0.00372628
0.00401883
0.00761793
0.0184233
0.0291527
0.0447003
0.0610472
0.0587201
0.0421474
0.0428678
0.0603444
0.174495
1.4328
13.7531
53.7058
56.9493
36.5445
13.2623
3.7149
2.98969
8.20276
16.4501
8.16649
4.19129
3.08692
2.5487
1.85585
1.93953
3.45185
7.84834
17.7252
31.3244
19.9664
6.45267
2.7407
1.47981
0.742733
0.576573
0.883353
1.67566
4.23615
7.52364
10.0542
10.2238
8.52116
7.36231
7.25305
7.83101
9.39722
14.1066
25.6408
39.8122
39.5175
23.3893
9.04994
3.46683
1.89046
1.59709
1.62084
2.02328
2.72048
3.48948
4.64272
6.3234
9.01136
8.98272
7.00949
3.64445
2.41062
2.37962
7.09668
11.4605
2.80279
1.44636
3.70259
1.2719e-08
3.28959e-07
1.85396e-06
6.29383e-06
1.80678e-05
4.17226e-05
7.79014e-05
0.000128735
0.000188342
0.000254672
0.000338348
0.000348142
0.000157845
0.000312574
0.000445046
0.000748716
0.00235347
0.00574007
0.00946903
0.00690947
0.00190912
0.000356279
0.00138332
0.00137753
0.000575504
0.000474053
0.000818842
0.00168577
0.00368966
0.00423501
0.00719978
0.00616094
0.00438494
0.00253659
0.00291543
0.00537811
0.0187863
0.103226
0.694561
2.81782
5.61797
4.52578
2.13015
1.36535
1.7346
5.96629
18.1791
16.5925
11.4252
9.40676
8.495
7.52998
8.84939
13.4796
22.8852
34.9314
29.2884
9.48392
3.17173
1.67901
0.81951
0.451895
0.609261
1.00847
3.10737
6.9668
11.7653
16.5518
19.26
17.5933
15.5228
15.9524
18.5526
24.8927
38.3499
44.8619
25.3411
7.75459
1.2559
0.431994
0.299354
0.246048
0.260621
0.349372
0.443694
0.513623
0.55615
0.636134
0.735881
0.903414
0.987516
0.863063
0.678293
0.646622
1.05442
4.63785
14.328
8.0164
4.39618
7.82377
1.15208e-10
2.00812e-09
1.71926e-08
6.60802e-08
2.63604e-07
7.35146e-07
1.43815e-06
2.33408e-06
3.62677e-06
4.78197e-06
1.00764e-05
3.96434e-05
0.000195102
0.00126318
0.00558855
0.0159831
0.0305836
0.0347103
0.02307
0.00698812
0.00120721
0.00219107
0.00128073
0.000303574
0.000333151
0.000530285
0.000739301
0.000790374
0.000952328
0.00166672
0.00275634
0.00382801
0.000433471
0.000426866
0.000611572
0.00230697
0.00292125
0.00912588
0.0382982
0.163174
0.303559
0.301105
0.337408
0.444624
0.804803
2.97082
12.9792
23.2316
22.7699
21.3829
20.3788
20.423
24.8224
32.427
39.945
33.8174
10.9861
2.38052
1.11585
0.721181
0.453436
0.465068
0.728714
2.09475
5.13648
8.73339
12.9029
17.5572
24.6672
31.2745
33.6551
37.1459
43.4266
45.647
30.6541
7.14774
0.502002
0.0891306
0.0358675
0.0177828
0.0122718
0.0132837
0.0218193
0.0372561
0.0417745
0.0389035
0.0349139
0.033127
0.0328394
0.0370661
0.0435716
0.0563583
0.0911916
0.171556
0.457644
2.45835
12.6622
13.8161
9.78939
12.2445
2.47672e-12
2.46429e-11
1.50168e-10
5.75914e-10
3.24243e-09
9.31905e-09
1.73285e-08
2.8478e-08
2.03869e-07
1.16983e-06
1.08508e-05
0.000114772
0.000804504
0.00412432
0.0150427
0.0343465
0.0412716
0.0165333
0.000190443
0.00523673
0.00831947
0.00242021
0.000238134
0.00083081
0.00375581
0.00827983
0.0135094
0.018123
0.02267
0.0377951
0.0541791
0.0600928
0.055214
0.0446806
0.0327658
0.0219705
0.0138283
0.00954189
0.012277
0.015109
0.0202069
0.02444
0.0383564
0.0850687
0.199165
0.828863
5.11758
14.7763
19.6895
21.7349
23.229
27.5986
33.1546
34.9193
24.7473
7.41568
1.16417
0.384648
0.314535
0.326426
0.380974
0.553846
1.22844
3.39335
5.48529
6.23645
6.41769
7.58499
10.9092
17.0272
22.9991
22.3205
14.6123
2.74628
0.228009
0.0168009
0.00119054
0.000916327
0.000768858
0.000700249
0.00073679
0.000790744
0.00121961
0.00201355
0.00172719
0.000974582
0.000700557
0.000855895
0.00172517
0.00113884
0.000805449
0.00247407
0.00849101
0.0375839
0.142079
0.970802
7.58251
17.5868
15.9155
11.7427
1.35394e-13
3.14818e-13
9.76804e-12
2.01835e-11
6.15789e-11
5.76098e-10
2.45196e-09
1.41756e-08
1.45964e-07
1.76844e-06
2.07585e-05
0.000227928
0.001548
0.00710072
0.0200435
0.0266524
0.00031351
0.000342999
0.0139051
0.0195715
0.00418834
0.000187089
0.00285801
0.00634545
0.00971713
0.0164457
0.0303087
0.0538394
0.0897308
0.133477
0.155299
0.149562
0.125535
0.0920198
0.0612002
0.0427627
0.0354753
0.042464
0.0641805
0.072251
0.0595798
0.039199
0.034085
0.0313817
0.034591
0.110236
0.781564
3.31017
5.71155
7.83107
11.7393
17.6004
16.9885
8.55062
1.14131
0.105276
0.0436735
0.0496553
0.0779431
0.169146
0.30978
0.587495
1.72399
2.80929
2.72329
1.75582
0.994469
0.869027
0.988981
0.967749
0.43151
0.113218
0.0131466
0.000671946
0.000470298
0.00167741
0.00398477
0.00576647
0.00752799
0.0096449
0.0119652
0.00716074
0.00279691
0.00285981
0.00792339
0.0124988
0.0315222
0.0595718
0.0905574
0.0703511
0.0312755
0.00564231
0.00237881
0.00311407
0.0117715
0.214883
2.40244
13.2661
16.0911
6.75235
1.03991e-14
2.86121e-14
1.48639e-14
8.95275e-14
3.59259e-12
4.83794e-11
9.02899e-10
8.90658e-09
1.0752e-07
1.56316e-06
1.77663e-05
0.000209168
0.00184053
0.00935844
0.021962
0.010641
0.00029617
0.0139079
0.0301304
0.00841162
0.000264855
0.00348455
0.00561356
0.00435557
0.00557765
0.0120243
0.0246914
0.0471962
0.0798421
0.103362
0.118273
0.116899
0.102474
0.0742434
0.0514191
0.0432699
0.0531276
0.0850035
0.0816843
0.0394521
0.0104483
0.015169
0.0569947
0.121506
0.0969659
0.0499002
0.0621864
0.3606
1.12678
2.95194
4.92151
3.94867
0.948588
0.0442228
0.00175096
0.00129249
0.00159513
0.00279753
0.0142336
0.0630372
0.163851
0.53662
1.04368
0.912397
0.419547
0.161279
0.0419819
0.00997234
0.00313352
0.0002107
4.05325e-05
0.000558731
0.00154592
0.00682323
0.00951286
0.00948281
0.0111769
0.019691
0.0416814
0.0696209
0.118023
0.180559
0.243884
0.311593
0.430136
0.574543
0.711781
0.872162
1.12086
1.21967
1.0853
0.727226
0.371668
0.136855
0.0127849
0.00226694
0.176135
2.61402
6.23262
2.72756
2.14146e-16
3.4578e-16
2.66207e-15
8.92503e-14
2.04808e-12
4.66965e-11
6.01209e-10
1.01456e-08
1.24414e-07
1.68194e-06
2.07926e-05
0.000255832
0.00234803
0.0108075
0.0187471
0.00134332
0.00943007
0.0332894
0.0171919
0.00190197
0.00370187
0.00589522
0.00180108
0.00155669
0.00423146
0.0109304
0.0218807
0.0401924
0.055256
0.0520642
0.0467297
0.0471237
0.0450411
0.0368372
0.0305221
0.0351619
0.0490025
0.0235217
0.00111206
0.00024643
0.0688902
0.115541
0.0997412
0.118331
0.0969398
0.047547
0.00470936
0.267711
1.16984
1.7151
0.773043
0.049764
0.001544
0.000521093
0.00115982
0.00385109
0.00327019
0.000210431
0.000397666
0.0121971
0.0619884
0.231925
0.211275
0.0858809
0.0117804
0.000647794
5.69479e-05
4.4508e-05
0.000297152
0.00142357
0.00507591
0.0126727
0.0124487
0.00136175
0.00215822
0.0088994
0.0357715
0.154624
0.36834
0.48689
0.53684
0.554139
0.568695
0.569874
0.53268
0.514837
0.557234
0.634431
0.805353
1.28014
1.72582
1.92119
1.7365
1.27994
1.06013
0.376763
0.00134633
0.0382286
0.388126
0.828805
1.6896e-17
1.05958e-16
1.26502e-16
2.49977e-14
6.29689e-13
1.23343e-11
4.31788e-10
7.53681e-09
5.28974e-08
9.92161e-07
1.21257e-05
0.000154521
0.00176338
0.00924727
0.0157525
0.00961126
0.0222876
0.0271525
0.00468672
0.00264444
0.00740605
0.00170611
0.000861403
0.00467358
0.00955905
0.0163641
0.0284866
0.0411828
0.0357127
0.0195571
0.0120307
0.0140897
0.018185
0.0179183
0.0183083
0.021642
0.00186642
0.00162536
0.13078
0.175811
0.168115
0.248601
0.270858
0.0525605
0.00171923
0.00248655
0.198198
0.815704
0.84786
0.221732
0.00338153
0.000193359
0.000393422
0.000806869
0.00284855
0.00584519
0.00703772
0.00410334
0.0013443
0.00220558
0.0257573
0.0423697
0.0134208
0.00129311
7.8606e-05
5.10179e-05
0.000921368
0.00644063
0.0125261
0.0164617
0.0144657
0.000528728
0.000377242
0.00056329
0.00183907
0.0659892
0.389751
0.617111
0.505811
0.13902
0.0369128
0.015952
0.0208603
0.0314637
0.0431666
0.0352075
0.0494304
0.0934036
0.193225
0.482185
1.02414
1.42742
2.08602
2.68562
3.29128
2.92125
0.94844
0.00329485
0.0214913
0.202053
9.83552e-19
4.3784e-18
1.61074e-15
4.71988e-14
1.10908e-12
9.44653e-12
3.80576e-10
3.89167e-09
5.00999e-08
5.23058e-07
6.12367e-06
7.7605e-05
0.00103976
0.00631317
0.010086
0.00943696
0.0161132
0.00751418
0.000753863
0.00424404
0.0088207
0.00191167
0.00324549
0.0053529
0.0152017
0.0321456
0.0456757
0.0454199
0.0242185
0.0071212
0.00224753
0.00509952
0.0125987
0.0108806
0.00772654
0.00269827
0.0461946
0.14202
0.113928
0.0532396
0.0405894
0.202251
0.541376
0.0667059
0.0149054
0.202378
0.626097
0.482346
0.0835648
0.0022184
0.000243904
0.000413109
0.000277539
0.000988023
0.00351541
0.00345879
0.00447075
0.00432865
0.00161687
0.000302922
0.0089021
0.00450021
0.000268615
0.000107224
0.00123074
0.00419285
0.0115033
0.0176013
0.0142305
0.000931884
0.000345772
0.00185074
0.000320709
0.00121668
0.109517
0.588552
0.513128
0.00339012
0.00233948
0.00933652
0.00640327
0.00559633
0.0101159
0.0152084
0.0589479
0.0313933
0.0192664
0.0485156
0.227155
0.586961
1.15599
1.44868
1.87627
2.50877
3.07109
3.60227
3.06726
0.479646
0.00521339
0.0201442
7.71707e-19
2.50927e-17
1.67343e-17
1.33181e-14
5.8669e-13
1.04262e-11
1.49132e-10
1.77991e-09
3.06465e-09
1.93406e-07
2.02812e-06
2.46457e-05
0.000323205
0.00281106
0.00629633
0.00630113
0.00668362
0.00194306
0.0001743
0.00302699
0.00821044
0.00129718
0.00173919
0.00187577
0.0110239
0.0444988
0.0711757
0.0514057
0.0213775
0.00444088
0.00113398
0.00427302
0.00819695
0.00753934
0.0121476
0.0607996
0.12649
0.0850306
0.0220586
0.00481184
0.00379881
0.0439696
0.730178
0.267682
0.0944455
0.324531
0.266287
0.0395704
0.00176929
0.00672352
0.0141162
0.00369912
0.000183995
0.0010916
0.00498728
0.00571275
0.0023797
0.00332307
0.00150337
0.00122254
0.00176923
0.00106703
0.000823967
0.00114415
0.00365808
0.0107067
0.0134052
0.00576902
0.00293394
0.000753463
0.00148359
8.30326e-05
0.00338393
0.129416
0.717563
0.0209494
0.00441398
0.181495
0.38257
0.33675
0.295767
0.260334
0.210669
0.143939
0.0799661
0.0430962
0.0470194
0.204212
0.557812
1.0122
1.56864
1.88078
1.97945
1.78505
1.25043
1.11746
1.82237
0.954233
0.0125051
0.000260844
1.43409e-19
5.12311e-18
1.21254e-16
5.83414e-15
1.43337e-13
5.65518e-13
3.45673e-11
3.95865e-10
3.42848e-09
4.12143e-08
4.4123e-07
5.18702e-06
6.94569e-05
0.000735415
0.00241702
0.00308167
0.00241274
0.00042489
0.000114323
0.00183201
0.00818142
0.00193201
0.000991277
0.000541095
0.00431129
0.0393385
0.0942977
0.0674281
0.0275142
0.00537677
0.0015774
0.00247049
0.00914196
0.0193791
0.0634988
0.117372
0.0753763
0.0178274
0.00214095
0.000237332
0.000173997
0.0010039
0.229027
0.896151
0.215786
0.141326
0.0676599
0.0171397
0.0288959
0.061026
0.0545573
0.0209975
0.000335779
0.000570389
0.00544702
0.0114089
0.00140215
0.00376882
0.00329391
0.00266303
0.00574721
0.00185046
0.000519976
0.00188598
0.00743398
0.00919686
0.00167152
0.00495815
0.0086167
0.0155222
8.50377e-05
0.0365418
0.272072
0.848635
0.00340176
0.130574
0.538055
0.37519
0.211954
0.139201
0.101939
0.0747053
0.0482005
0.0305387
0.0255412
0.0757634
0.267716
0.478995
0.562719
0.711976
0.984497
1.17493
0.927096
0.471151
0.035338
0.387328
0.790368
0.625885
0.0279161
0.0017952
1.85298e-20
6.06069e-19
4.93211e-18
4.78885e-16
2.08044e-14
3.16877e-13
3.84144e-12
4.16954e-11
6.24428e-11
4.09163e-09
5.17822e-08
5.9039e-07
8.07545e-06
8.21784e-05
0.000403489
0.000434467
0.000240935
3.74895e-05
4.72029e-05
0.000566611
0.00537532
0.00617001
0.00119578
0.00151243
0.00144784
0.0216586
0.0942782
0.0742669
0.0451104
0.0146623
0.00572556
0.00493054
0.0234842
0.0699398
0.124405
0.0842037
0.0195657
0.00202439
0.000214508
0.000208521
3.82114e-05
9.25369e-06
0.000918441
0.206993
0.634165
0.0225411
0.0295111
0.027485
0.0521609
0.0184578
0.0201569
0.0487241
0.00337041
0.000254293
0.00267032
0.0159138
0.000329635
0.00508361
0.00899728
0.0100347
0.00663694
0.00104225
0.000290021
0.00363419
0.00636617
0.000613194
0.000295973
0.0605569
0.26968
0.413958
0.470743
0.689048
0.82379
0.00405393
0.505658
0.526175
0.213108
0.0696106
0.03829
0.0286173
0.0203021
0.0140483
0.0139688
0.029173
0.0997728
0.291967
0.383959
0.245932
0.223793
0.357876
0.339836
0.0144719
0.0147273
0.485338
6.22253
5.86208
3.23055
0.635674
0.0183172
0.00853594
1.26155e-21
5.10994e-20
1.78959e-18
5.43108e-17
1.13421e-15
6.39651e-15
1.83545e-13
2.1189e-12
2.03837e-11
2.26543e-10
3.14997e-09
3.06992e-08
2.65436e-07
1.42153e-06
4.50316e-06
4.78129e-06
2.55046e-06
9.04248e-07
5.43929e-06
7.71696e-05
0.00103506
0.00396402
0.00345512
0.00251141
0.00112051
0.0125856
0.0843365
0.0682826
0.0604957
0.0604612
0.0300566
0.0283248
0.0917594
0.143891
0.090638
0.0190044
0.000855882
1.32198e-05
0.00277217
0.00332125
0.00136171
0.000144487
9.68883e-06
0.000340178
0.025408
0.224722
0.0264018
0.0161906
0.00565976
0.000523613
0.0124842
0.0462453
0.0116059
0.000396568
0.00135874
0.0137057
0.0178227
0.000562777
0.00858198
0.0033107
0.0147326
0.00205971
0.000422057
0.00411363
0.000483425
0.00150997
0.019207
0.237296
0.384169
0.457
0.525154
0.0166565
0.00373975
0.6569
0.449157
0.107749
0.026362
0.0115166
0.00926113
0.00743548
0.00679524
0.0106578
0.0241163
0.0689764
0.190387
0.282637
0.0917352
0.297524
0.617532
0.738883
0.110836
0.00837463
1.40469
6.29963
4.71934
2.37102
1.40638
0.315169
0.00373258
0.0116054
3.29716e-23
1.44553e-21
3.35e-20
1.33056e-18
2.57424e-17
2.819e-16
4.84703e-15
7.37417e-14
8.05129e-13
1.4653e-11
1.99969e-10
1.75102e-09
8.31335e-09
2.22007e-08
3.47108e-08
3.44708e-08
2.12041e-08
1.37577e-08
1.29018e-07
2.59455e-06
3.1295e-05
0.00019846
0.000608333
0.000737124
0.000467501
0.00316378
0.0586858
0.061682
0.0296621
0.060649
0.0862474
0.119818
0.143811
0.0780812
0.0170668
0.0012785
0.00035805
0.00301045
0.00378977
0.00357794
0.00395144
0.00113661
0.000103924
4.60454e-06
8.98592e-05
0.00263375
0.0477959
0.0703167
0.094468
0.0766008
0.067977
0.0434485
0.00760411
0.000336859
0.000729831
0.00733949
0.0247776
0.00508987
0.0009179
0.0203538
0.0191702
0.000384296
0.00245966
0.000525353
0.00163675
0.000192009
0.0926885
0.21705
0.105699
0.0061716
0.00151409
0.15576
0.61314
0.346896
0.0653573
0.011911
0.00411589
0.00299839
0.00290298
0.0035747
0.00671937
0.0142002
0.0324566
0.087067
0.182535
0.00502427
0.725141
0.955786
0.834241
1.05009
1.59944
2.14991
7.1602
5.27437
0.290161
0.137812
0.169163
0.149862
0.0311487
0.00167272
7.59085e-25
2.03927e-23
3.59876e-22
1.76293e-20
4.42151e-19
7.51804e-18
1.00332e-16
2.49189e-15
2.38159e-14
4.16326e-13
1.02885e-11
9.20909e-11
4.01765e-10
5.28341e-10
2.79315e-10
2.27607e-10
1.79607e-10
1.71184e-10
1.41057e-09
2.68792e-08
3.69878e-07
2.34369e-06
7.4593e-06
1.33711e-05
3.17635e-05
0.000368974
0.0146956
0.0753474
0.0381172
0.0205514
0.0254032
0.0410971
0.0230661
0.00633503
0.000699508
0.000104595
0.00114054
0.00230298
0.000485278
0.000706556
0.00330885
0.00190632
0.000350134
8.35386e-06
3.35447e-06
2.63392e-05
0.000273766
0.00198076
0.0159396
0.0330037
0.0265101
0.0109958
0.00146562
0.000110361
0.000357894
0.00322514
0.0166184
0.00926119
0.0122649
0.037363
0.00463683
0.000393571
0.00270823
0.000938231
0.00119976
0.0138128
0.103431
0.125711
0.0415322
0.111894
0.274601
0.464818
0.258136
0.0491795
0.00700813
0.00160627
0.000902612
0.000893642
0.00132753
0.00322426
0.00780528
0.0185978
0.0496939
0.131512
0.00516368
0.847882
0.732381
0.505589
0.56455
1.10468
3.60908
5.50207
2.73749
0.170601
0.00591613
0.00501362
0.0104302
0.0303304
0.0337275
0.00724272
6.26815e-27
1.01454e-25
9.16126e-24
1.7706e-22
6.38382e-21
6.44136e-20
2.94323e-18
3.28674e-17
1.92037e-15
1.43546e-14
5.5955e-13
5.07845e-12
1.77967e-11
3.83855e-11
1.51545e-11
3.39925e-12
3.90206e-12
5.29289e-12
2.22195e-11
1.82283e-10
2.77491e-09
1.98127e-08
9.29935e-08
2.55813e-07
1.01759e-06
2.42085e-05
0.000638483
0.0122533
0.0404213
0.0349034
0.0157401
0.00716702
0.00413023
0.00328506
0.0020489
0.00117375
0.00170869
0.00155123
0.000109942
0.00181444
0.00360438
0.00200798
0.00041796
2.21339e-05
8.03805e-07
1.24224e-06
6.52997e-06
4.39649e-05
0.000245758
0.000700616
0.00104395
0.00077392
0.000224696
5.33902e-05
0.000196564
0.00200275
0.010228
0.00766691
0.0206432
0.0131558
0.000372534
0.00198737
0.000829967
0.000232762
0.000284016
0.0250146
0.0787752
0.0699572
0.101528
0.212521
0.28593
0.183079
0.0449945
0.00619159
0.000848143
0.000259775
0.000200616
0.000259044
0.000778796
0.0026825
0.00578897
0.016914
0.0495473
0.121067
0.431983
0.424505
0.167592
0.195912
0.331134
1.47703
1.99998
1.54127
0.191356
0.00270244
0.000121676
0.00089034
0.00489892
0.0211686
0.0279
0.0153762
1.30474e-28
2.78688e-27
9.09305e-26
4.92015e-24
1.70551e-22
3.87009e-21
8.01845e-20
2.15135e-18
1.27996e-17
9.5066e-16
1.26641e-14
1.64569e-13
8.71454e-13
1.08145e-12
5.05673e-13
1.38126e-13
4.80502e-14
2.27095e-13
1.07126e-12
4.42363e-12
3.38206e-11
3.16423e-10
1.60429e-09
6.24899e-09
2.12941e-08
3.31062e-07
8.45624e-06
0.000143019
0.00186753
0.0111382
0.0159283
0.0118919
0.00320095
0.000554303
0.000417433
6.25732e-05
0.00011236
1.76387e-05
0.00426629
0.00512873
0.00270882
0.000660564
9.03504e-05
8.30081e-06
3.24182e-07
1.53146e-07
3.36003e-07
1.6393e-06
7.83985e-06
2.43343e-05
4.45001e-05
7.61438e-05
5.18785e-05
3.22051e-05
0.000120174
0.00166305
0.00647264
0.0036384
0.0142801
0.00270172
0.000269024
0.00237585
0.00154544
0.000359377
0.00189011
0.0149388
0.0428374
0.0478315
0.0878734
0.129834
0.100265
0.0369936
0.00676758
0.000904372
0.000161236
6.06586e-05
3.17706e-05
6.46826e-05
0.000371054
0.00162421
0.00394593
0.00799681
0.020118
0.0604884
0.0993068
0.0296011
0.0204245
0.0758516
0.190333
0.285822
0.197534
0.119706
0.0135464
0.00011381
3.63478e-05
0.00117583
0.00956177
0.0407286
0.0333103
0.0361987
3.8113e-30
3.35585e-29
1.24702e-27
7.18395e-26
2.64771e-24
2.40147e-23
1.40415e-21
3.22044e-20
2.36728e-19
2.16664e-17
4.96759e-16
6.11119e-15
3.27483e-14
4.47349e-14
3.46081e-14
6.88184e-15
4.40351e-15
7.05149e-15
4.21668e-14
5.75885e-13
4.34928e-12
1.75152e-11
5.53864e-11
1.55915e-10
6.36528e-10
3.22078e-09
9.08674e-08
1.49294e-06
1.50662e-05
8.37124e-05
0.000447782
0.00179781
0.0037114
0.00349963
0.00323129
0.0030807
0.00347308
0.00365681
0.00287577
0.00132661
0.000350459
6.98407e-05
1.02599e-05
1.46476e-06
1.74864e-07
2.69205e-08
2.86872e-08
9.77379e-08
4.99918e-07
3.80416e-06
1.30853e-05
2.09104e-05
2.20024e-05
2.01801e-05
0.000139865
0.00164477
0.00343723
0.0028242
0.00642851
0.000454516
0.000343363
0.00258213
0.00405822
0.00120736
0.00160189
0.00796851
0.0179104
0.0245277
0.0570592
0.0453496
0.0203696
0.00537305
0.000964841
0.000281199
0.000154479
5.73843e-05
1.0298e-05
1.16428e-05
9.86086e-05
0.000635434
0.00149921
0.00194464
0.00427303
0.0116352
0.00543572
3.84784e-05
0.000565625
0.019139
0.0556949
0.0152027
0.0105428
0.00442836
0.000225304
0.000120188
1.71849e-05
0.00236664
0.0137019
0.0992079
0.0226059
0.15142
4.09576e-32
3.1895e-31
1.81334e-29
1.3885e-27
5.01815e-26
8.86766e-25
3.25582e-23
7.1268e-22
4.78061e-21
3.55433e-19
1.66274e-17
1.3702e-16
6.5369e-16
1.17501e-15
4.39467e-16
2.46053e-16
2.19715e-16
3.54281e-16
2.63516e-15
1.79164e-14
1.02713e-13
4.5662e-13
2.69482e-12
1.22026e-11
3.66408e-11
2.09467e-10
1.82557e-09
1.7209e-08
1.49182e-07
7.00179e-07
2.65009e-06
8.60012e-06
2.33598e-05
5.3645e-05
9.64055e-05
0.000159481
0.000100985
4.7105e-05
1.86488e-05
7.14693e-06
2.76746e-06
1.03805e-06
4.01247e-07
1.31346e-07
3.7514e-08
7.04829e-09
5.24629e-09
1.45584e-08
1.11477e-07
7.21442e-07
2.84906e-06
7.31643e-06
8.57946e-06
3.37314e-05
0.000382642
0.00184936
8.85667e-06
0.00345215
0.00262923
0.000122689
9.74051e-05
0.00104989
0.0045449
0.00586754
0.00485448
0.00643814
0.00815713
0.0284402
0.0346956
0.014921
0.00537708
0.00156169
0.000439614
0.000242751
0.000254764
0.00014679
2.67335e-05
2.34801e-06
1.80702e-05
0.000134842
0.000306685
0.000275411
0.000457842
0.000703318
5.41188e-05
7.6162e-06
8.5198e-06
0.00212013
0.0129313
0.00321005
0.0012282
8.5385e-05
6.2136e-05
0.000127072
2.0127e-05
0.00683724
0.086853
0.0566374
0.004962
0.249205
3.93825e-34
1.83178e-33
9.9042e-32
8.64911e-30
7.90159e-28
2.36943e-27
7.79957e-25
1.8967e-23
8.24326e-24
1.2387e-20
3.12489e-19
3.57474e-18
2.08465e-17
4.58853e-17
1.26126e-17
1.80507e-17
7.73895e-18
3.36975e-17
9.57963e-17
2.4437e-15
4.32435e-15
4.33931e-14
1.47205e-13
7.26287e-13
1.85835e-12
8.09116e-12
6.56461e-11
4.98247e-10
3.04967e-09
1.15087e-08
3.08063e-08
7.0761e-08
1.46278e-07
2.49593e-07
3.16761e-07
3.79299e-07
2.45379e-07
1.21525e-07
6.96013e-08
3.32431e-08
1.45494e-08
6.52439e-09
2.92995e-09
1.59089e-09
1.17952e-09
3.89429e-10
3.28181e-10
1.24509e-09
9.65276e-09
7.07037e-08
2.492e-07
6.50538e-07
3.66129e-06
4.88921e-05
0.000469873
0.000947052
0.0013411
0.00256428
0.000479645
1.55964e-05
1.13564e-05
8.02933e-05
0.00075556
0.0032594
0.00780617
0.00726365
0.00570814
0.0151107
0.0101294
0.00414506
0.00205234
0.00116201
0.000602891
5.85931e-05
0.000174757
0.000187789
5.86256e-05
1.3949e-06
2.09411e-06
1.33846e-05
3.50658e-05
2.582e-05
6.9683e-06
1.47869e-06
6.23245e-05
0.000195692
0.000218805
0.000108739
0.00242598
0.00122994
0.000746185
3.87452e-05
0.000180546
0.000131791
3.16968e-05
0.0205423
0.167107
0.0198373
0.00110262
0.107686
2.09754e-36
9.98831e-35
6.79831e-33
5.76026e-31
1.71269e-29
2.78547e-29
1.96045e-26
5.74207e-25
4.7546e-24
3.47073e-22
8.90264e-21
8.5121e-20
3.87544e-19
1.54786e-18
2.06898e-18
2.54525e-18
2.33297e-18
5.70461e-18
3.42339e-17
3.04692e-16
1.70855e-15
9.06982e-15
2.41065e-14
5.79096e-14
1.16109e-13
4.96368e-13
3.88012e-12
2.76855e-11
1.25909e-10
3.25265e-10
6.87249e-10
1.36298e-09
2.31456e-09
3.07763e-09
3.14263e-09
3.67824e-09
2.6912e-09
1.45747e-09
5.39901e-10
5.68166e-10
1.74041e-10
9.70141e-11
5.30856e-11
2.05392e-11
9.05612e-12
9.43137e-12
1.95286e-11
6.19255e-11
2.14532e-10
6.73224e-10
1.49568e-09
1.61758e-08
5.76267e-07
1.26749e-05
0.000185068
0.00048209
0.000892818
0.000497346
4.5375e-05
1.28143e-06
4.08909e-06
2.19189e-05
7.50809e-05
0.000628758
0.00422793
0.00914249
0.00610946
0.00682773
0.00178285
0.000358543
8.86766e-05
0.000182886
0.000230189
0.000259249
0.000133852
7.06002e-05
5.6825e-05
1.89298e-06
4.38588e-07
7.81271e-07
1.54616e-06
7.04959e-07
2.16978e-07
4.56891e-06
0.000137984
0.000101695
8.56553e-06
0.000357329
0.000321755
0.000332215
7.18519e-05
8.17979e-05
0.000410833
0.000354688
3.5257e-05
0.0110919
0.0202028
0.0227319
0.00963853
0.0444892
6.81195e-38
3.53849e-36
1.8947e-34
9.59165e-33
4.25389e-31
1.18827e-29
3.59274e-28
7.60555e-27
2.64544e-25
8.28183e-24
2.00359e-22
2.06284e-21
1.18968e-20
3.04926e-20
5.93061e-20
6.88406e-20
8.14522e-20
1.63755e-19
1.25435e-18
9.4434e-18
5.62437e-17
2.52136e-16
7.38937e-16
1.60378e-15
3.32965e-15
1.30714e-14
1.14372e-13
7.08688e-13
3.1162e-12
7.84803e-12
1.50762e-11
2.66252e-11
3.73659e-11
3.95617e-11
1.30362e-11
2.93679e-11
2.35648e-11
1.15897e-11
6.38269e-12
2.5064e-12
8.73641e-13
4.5975e-13
3.65653e-13
2.44027e-13
9.00487e-14
6.02012e-14
2.49637e-13
1.33231e-12
5.27064e-12
1.80497e-11
4.87563e-11
4.93512e-10
1.70787e-08
4.15325e-07
5.02845e-06
2.45764e-05
1.70254e-05
4.23112e-06
8.42894e-07
6.17037e-07
7.29174e-06
1.80967e-05
2.20521e-05
9.80555e-05
0.000758471
0.00387536
0.00583344
0.00282531
0.000522364
0.000518593
0.000207001
1.59605e-05
1.54617e-05
3.17074e-05
5.22601e-05
4.24991e-05
2.25141e-05
2.86816e-06
7.44143e-08
3.411e-08
3.45661e-08
2.03137e-08
7.04449e-08
3.35679e-06
0.000102063
0.000226774
0.000177893
0.00023395
1.74569e-05
9.50069e-05
0.000147407
0.000264807
0.000976061
0.000577262
1.08418e-05
0.00305499
0.180177
0.00294676
0.14724
0.00285356
4.03176e-40
2.30219e-38
1.19756e-36
9.46261e-35
3.25072e-33
2.4052e-33
3.25496e-30
1.15007e-28
1.39197e-27
8.28284e-26
1.74132e-24
2.34361e-23
1.35262e-22
5.42517e-22
9.2667e-22
1.41669e-21
1.26027e-21
3.43135e-21
2.27438e-20
2.03357e-19
1.15214e-18
6.06934e-18
1.56748e-17
3.75955e-17
7.1439e-17
3.03786e-16
2.33677e-15
1.35374e-14
5.0477e-14
1.24969e-13
1.97688e-13
2.20162e-13
3.58186e-13
3.21207e-13
2.24565e-13
2.1771e-13
1.25714e-13
4.5711e-14
1.88906e-14
7.8349e-15
7.65147e-15
4.85188e-15
2.56528e-15
1.02434e-15
6.37112e-16
7.06308e-16
3.50275e-15
1.75451e-14
6.04734e-14
2.13076e-13
1.39036e-12
1.25744e-11
1.65255e-10
3.04688e-09
2.38452e-08
8.14868e-08
4.73947e-08
9.29959e-09
7.01802e-09
1.26463e-08
3.72836e-07
3.28673e-06
6.57915e-06
7.50707e-06
1.3711e-05
4.85183e-05
0.00010913
4.26739e-05
0.000221985
0.000223635
8.79424e-05
1.74973e-06
5.76583e-07
3.02527e-06
9.11008e-06
1.06553e-05
7.16668e-06
1.45301e-06
4.00301e-08
1.71785e-09
9.14815e-10
9.78831e-10
1.18397e-08
4.02337e-07
1.22593e-05
9.63215e-05
0.000160068
2.87298e-05
9.41365e-05
0.000672411
0.000536983
0.00110974
6.19124e-05
0.00139968
1.97631e-05
0.00223813
0.25723
0.0070776
0.175901
0.00836634
4.36264e-42
1.6287e-40
9.76454e-39
4.30405e-37
2.38574e-35
1.53377e-34
2.19457e-32
4.67908e-31
2.11321e-29
7.24837e-28
3.3806e-27
1.80977e-25
1.05206e-24
4.42565e-24
9.77547e-24
1.24413e-23
1.56212e-23
3.46584e-23
2.97907e-22
2.17097e-21
1.42726e-20
2.87759e-20
1.73724e-19
8.34518e-20
8.94011e-19
2.44614e-18
2.59418e-17
1.62074e-16
5.70035e-16
1.6411e-15
2.49295e-15
3.70811e-15
3.41277e-15
2.35553e-15
9.70954e-16
9.73784e-16
7.35404e-16
3.13649e-16
1.65003e-16
8.94444e-17
2.96319e-17
2.16085e-17
1.42656e-17
9.17019e-18
5.33216e-18
6.65751e-18
2.88076e-17
1.45165e-16
6.29995e-16
2.66886e-15
2.0794e-14
1.63873e-13
1.75758e-12
2.83369e-11
1.87718e-10
4.31747e-10
2.6661e-10
8.49973e-11
2.38192e-11
2.35359e-11
2.08292e-10
1.55186e-09
2.35741e-09
6.91276e-08
9.8899e-07
8.68386e-06
3.39498e-05
1.9973e-05
5.61884e-05
4.10838e-05
1.41142e-05
5.7001e-06
8.51611e-07
3.90366e-07
8.70276e-07
1.52678e-06
1.34568e-06
3.12515e-07
1.88819e-08
5.83394e-10
3.40201e-11
1.52548e-10
3.72865e-09
2.963e-08
6.79386e-07
8.16774e-07
1.80657e-06
3.61161e-06
0.000705482
0.00025878
0.000588405
0.000466189
0.00174029
1.23915e-05
1.2652e-07
0.000148429
0.152584
0.220469
0.145485
0.00161818
1.41027e-44
5.53605e-43
1.6986e-43
1.69421e-39
4.19027e-38
5.39597e-37
9.51667e-35
2.21292e-33
1.22052e-31
4.64359e-30
3.09069e-29
1.00357e-27
9.98565e-29
2.3591e-26
3.97987e-28
7.36609e-26
8.87012e-28
2.69972e-25
6.27168e-25
1.86732e-23
8.04671e-23
2.02318e-22
1.00372e-21
1.39723e-21
4.66804e-21
2.73575e-20
1.5506e-19
1.12531e-18
3.40074e-18
8.61476e-18
1.08506e-17
1.10409e-17
1.23236e-17
1.02777e-17
7.56292e-18
6.01816e-18
2.83652e-18
9.96879e-19
3.44837e-19
1.60341e-19
1.36926e-19
8.731e-20
5.82473e-20
3.68104e-20
2.81693e-20
5.37839e-20
3.53043e-19
2.1339e-18
1.02262e-17
4.60882e-17
3.34133e-16
2.62375e-15
1.65218e-14
1.59279e-13
8.55757e-13
1.72646e-12
5.62862e-13
2.93067e-13
1.39032e-13
1.01678e-12
6.66786e-12
5.28126e-11
5.39745e-10
1.76539e-08
2.78756e-07
3.96253e-06
2.84223e-05
2.67804e-05
7.25083e-06
2.80942e-05
4.67481e-05
3.77563e-05
1.25434e-05
2.42978e-07
7.62314e-08
5.68002e-08
3.14751e-08
1.32167e-08
3.86491e-09
9.95631e-11
2.67772e-12
1.4754e-11
1.92074e-10
1.93412e-09
2.33361e-09
2.22864e-08
3.68387e-08
5.80844e-07
0.000147004
0.00189744
0.000456661
0.00127894
0.000918101
3.54906e-05
9.34779e-07
7.24136e-06
0.000366764
0.00777956
0.0226917
4.89589e-05
3.88582e-48
1.35913e-45
4.78041e-46
5.42755e-45
1.50707e-40
5.84803e-39
5.34415e-37
1.85092e-35
7.06997e-34
6.74955e-33
1.82293e-33
2.042e-30
1.89703e-31
9.87458e-29
7.16354e-30
2.8806e-28
1.32563e-29
1.01038e-29
5.64085e-27
8.57734e-28
6.70065e-25
2.5594e-26
8.20927e-24
1.78698e-25
3.10107e-23
1.6199e-24
6.89234e-22
1.13049e-22
8.83796e-21
2.07572e-20
2.84167e-20
4.21594e-20
3.16371e-20
2.54822e-20
7.93626e-21
7.03763e-21
3.12325e-21
1.23289e-21
1.22744e-21
6.40182e-22
8.16464e-22
3.42436e-22
2.31979e-22
1.7621e-22
1.34443e-22
3.17367e-22
2.37918e-21
1.35195e-20
8.16296e-20
2.75429e-19
2.16831e-18
1.46138e-17
1.05227e-16
6.49044e-16
2.40453e-15
5.66206e-15
4.6037e-15
2.80734e-15
6.7347e-15
5.84419e-15
1.74005e-13
1.16518e-11
1.94029e-10
7.00534e-09
1.26533e-07
8.60795e-07
7.70861e-06
3.55403e-05
3.49539e-05
2.40523e-05
3.47956e-05
7.47094e-05
3.28949e-05
5.87855e-07
1.90492e-08
1.73007e-09
8.28331e-10
4.20491e-10
1.28455e-10
1.74549e-11
8.68421e-13
7.95201e-13
1.40941e-11
1.63207e-11
5.44312e-10
1.08451e-10
6.86171e-09
1.66198e-07
1.58004e-05
0.000473099
0.00109404
2.25077e-05
4.86902e-07
4.12519e-09
2.49926e-09
1.65581e-07
8.9893e-07
1.42305e-05
7.84274e-05
2.75687e-06
2.42561e-51
4.82641e-48
1.95748e-47
3.53042e-47
6.15997e-44
1.68373e-41
2.10495e-39
5.1528e-38
3.49166e-36
2.70587e-37
4.67631e-34
1.15514e-32
8.68886e-33
2.6235e-31
5.33401e-32
1.34433e-30
2.59085e-32
3.44996e-32
2.16755e-31
4.09079e-30
1.2174e-28
1.41912e-28
3.12755e-27
9.3853e-28
2.31802e-26
5.77386e-27
1.27024e-24
2.05386e-25
3.63351e-23
4.28332e-23
7.32321e-23
8.45076e-23
3.46333e-23
7.20875e-24
1.48511e-23
2.85358e-24
7.71619e-24
4.26836e-24
6.88376e-24
4.91801e-24
4.10548e-24
2.39626e-24
2.46748e-24
1.33025e-24
8.51895e-25
2.28071e-24
1.80401e-23
1.17407e-22
5.78103e-22
2.70127e-21
1.56635e-20
1.08554e-19
5.39433e-19
3.4161e-18
8.50939e-18
1.69715e-17
1.26609e-17
1.17294e-17
2.56176e-16
1.71079e-14
1.36852e-12
5.37123e-11
4.44221e-09
8.92649e-09
3.8044e-07
4.19139e-06
2.32943e-05
4.2496e-05
8.47866e-06
6.92612e-05
5.66517e-05
4.83442e-05
7.89073e-06
2.44109e-07
1.25136e-08
1.7208e-10
1.60366e-11
6.7618e-12
1.15621e-12
1.32908e-13
2.88226e-14
6.14725e-15
3.35264e-14
4.23907e-13
1.22659e-12
7.12752e-12
6.71004e-12
1.95371e-09
1.47136e-08
2.82451e-07
1.23031e-05
2.96027e-07
7.92257e-08
1.21945e-09
2.19309e-09
2.78062e-09
1.91729e-10
6.09327e-08
1.28707e-08
2.26201e-10
5.49814e-55
4.93005e-52
9.87912e-51
1.36568e-47
3.27193e-46
6.24064e-44
9.93032e-43
2.86777e-41
1.0519e-39
1.31628e-38
7.30083e-37
9.53914e-37
4.97624e-35
1.07814e-34
5.67184e-36
4.32893e-34
2.89192e-35
2.14574e-33
1.47621e-33
5.36194e-32
3.11311e-31
2.67841e-30
1.36523e-29
9.08809e-30
8.8948e-29
1.58138e-27
5.26841e-27
7.73921e-26
1.89607e-25
2.06919e-25
1.87098e-25
2.69687e-25
1.31842e-25
5.63729e-26
3.81589e-26
9.87569e-27
1.65993e-26
6.85276e-27
1.38925e-26
6.52477e-27
1.06352e-26
9.94437e-27
1.1527e-26
6.7401e-27
3.65928e-27
1.38206e-26
1.14707e-25
7.88108e-25
4.13235e-24
1.52263e-23
1.02646e-22
4.92058e-22
3.69013e-21
1.55926e-20
8.98123e-20
1.29325e-19
2.72814e-19
5.96985e-19
2.59817e-17
8.42822e-16
2.11009e-14
5.97357e-13
1.18356e-12
2.3295e-10
5.60037e-09
2.1376e-07
4.40238e-06
1.24551e-05
1.47861e-05
1.03016e-05
4.3066e-06
9.62425e-07
1.42785e-07
2.2191e-08
4.85262e-10
5.41205e-12
1.4731e-13
1.58046e-14
7.64074e-16
9.93953e-16
2.19224e-16
8.14254e-17
1.74328e-15
2.47123e-15
1.26357e-13
5.93514e-14
6.50133e-12
9.83551e-12
5.51974e-10
7.12507e-10
4.64948e-09
3.59649e-09
1.26395e-10
1.63044e-11
4.70795e-12
1.73827e-10
1.81666e-10
1.45735e-09
1.10587e-08
4.11342e-11
)
;

boundaryField
{
    AXIS
    {
        type            empty;
    }
    OUTLET
    {
        type            zeroGradient;
    }
    COFLOW
    {
        type            calculated;
        value           nonuniform List<scalar> 
30
(
0.281262
0.00114769
4.02031e-06
1.48069e-08
5.26382e-11
1.82936e-13
5.62159e-16
1.62881e-18
4.94037e-21
1.80975e-23
7.85537e-26
3.46346e-28
1.27559e-30
6.60274e-33
4.24789e-35
1.7451e-37
2.6674e-40
1.09203e-43
3.22675e-47
9.15796e-51
2.37504e-54
5.2286e-58
9.42117e-62
1.32416e-65
1.37239e-69
1.03451e-73
5.2881e-78
1.81613e-82
3.4979e-87
4.31435e-92
)
;
    }
    PILOT
    {
        type            calculated;
        value           nonuniform List<scalar> 10(298.04 4.07216 0.0423084 0.000591439 1.02888e-05 2.78667e-06 2.1484e-05 0.0013136 0.0757318 5.0173);
    }
    FUEL
    {
        type            calculated;
        value           nonuniform List<scalar> 10(4.5845e-29 8.09245e-29 6.78589e-29 2.08352e-26 1.77232e-23 3.93668e-20 7.76313e-16 1.02516e-11 1.31731e-07 0.000816582);
    }
    WALL
    {
        type            zeroGradient;
    }
    front
    {
        type            wedge;
    }
    back
    {
        type            wedge;
    }
}


// ************************************************************************* //
