/*--------------------------------*- C++ -*----------------------------------*\
| =========                 |                                                 |
| \\      /  F ield         | OpenFOAM: The Open Source CFD Toolbox           |
|  \\    /   O peration     | Version:  2.3.0                                 |
|   \\  /    A nd           | Web:      www.OpenFOAM.org                      |
|    \\/     M anipulation  |                                                 |
\*---------------------------------------------------------------------------*/
FoamFile
{
    version     2.0;
    format      ascii;
    class       volScalarField;
    location    "0.02";
    object      rho;
}
// * * * * * * * * * * * * * * * * * * * * * * * * * * * * * * * * * * * * * //

dimensions      [1 -3 0 0 0 0 0];

internalField   nonuniform List<scalar> 
5000
(
1.04002
1.04845
1.04817
1.04767
1.04776
1.04881
1.04983
1.05136
1.05277
1.05383
1.05464
1.05482
1.05546
1.05601
1.05636
1.05818
1.05881
1.05934
1.05891
1.05839
1.0578
1.05739
1.05707
1.05716
1.05691
1.05686
1.05703
1.05728
1.05742
1.05737
1.05648
1.05551
1.05358
1.05311
1.05233
1.05255
1.05206
1.05242
1.05287
1.05356
1.0539
1.05461
1.05433
1.05413
1.05356
1.05261
1.05129
1.04967
1.04648
1.04573
1.04544
1.04645
1.04725
1.04889
1.05015
1.0519
1.0502
1.04847
1.04492
1.03721
1.02387
1.00517
0.98348
0.958958
0.932868
0.906091
0.881425
0.862962
0.862285
0.885206
0.917705
0.951596
0.987198
1.02791
1.03903
1.03771
1.03645
1.03172
1.02646
1.02015
1.01332
1.00664
1.00088
0.998533
1.0028
1.01139
1.02046
1.02839
1.03493
1.03955
1.04247
1.0436
1.04315
1.04116
1.03792
1.03288
1.02938
1.02781
1.02707
1.02445
1.04505
1.04958
1.04836
1.04779
1.04791
1.04882
1.04988
1.05142
1.05285
1.05378
1.05466
1.05474
1.0554
1.05588
1.05613
1.0581
1.05869
1.05912
1.05882
1.05835
1.05774
1.05732
1.057
1.05713
1.05689
1.05691
1.05703
1.05725
1.0574
1.05733
1.05634
1.05545
1.05359
1.05311
1.05236
1.0526
1.05209
1.05244
1.05287
1.05352
1.05379
1.05451
1.05381
1.0525
1.04937
1.04315
1.03238
1.01533
0.990156
0.944996
0.913801
0.929258
0.957954
0.986489
1.00833
1.03164
1.03971
1.03423
1.01514
0.979671
0.931898
0.876673
0.814336
0.746602
0.678965
0.61783
0.567119
0.522895
0.480983
0.469765
0.483557
0.560484
0.752316
0.942646
1.00309
1.00126
0.988788
0.958871
0.922942
0.886659
0.853567
0.823672
0.792306
0.76056
0.750383
0.758576
0.798752
0.87492
0.935791
0.982925
1.02144
1.0304
1.0292
1.02244
1.00692
0.982916
0.972423
0.97377
0.98174
0.980997
1.05471
1.05182
1.04927
1.04828
1.04814
1.04886
1.05001
1.05142
1.0528
1.0537
1.05467
1.05444
1.05521
1.05552
1.05594
1.05764
1.05834
1.05888
1.05862
1.05812
1.05758
1.05723
1.05691
1.0571
1.05684
1.05685
1.05698
1.05722
1.05735
1.05722
1.05621
1.05534
1.05352
1.05318
1.05249
1.05268
1.05211
1.05243
1.05281
1.05342
1.05367
1.05407
1.05254
1.04835
1.03873
1.01909
0.986024
0.939127
0.878181
0.797529
0.697957
0.637596
0.645045
0.708797
0.859589
0.994847
1.01831
1.00243
0.9525
0.87808
0.795041
0.714055
0.637204
0.56596
0.504417
0.454411
0.416273
0.387809
0.361957
0.335939
0.33411
0.355391
0.461691
0.750147
0.924333
0.926876
0.90276
0.849671
0.791853
0.742143
0.703687
0.673597
0.646881
0.618661
0.586513
0.56531
0.56679
0.591427
0.685332
0.859653
0.973762
0.99818
0.995349
0.979185
0.946018
0.900617
0.870049
0.869904
0.886427
0.898442
1.04366
1.05075
1.0494
1.04839
1.04841
1.0491
1.05019
1.05163
1.05292
1.05374
1.05459
1.05413
1.05495
1.05504
1.05572
1.05689
1.05799
1.05849
1.05834
1.0578
1.05731
1.05699
1.05671
1.05698
1.05671
1.0568
1.05693
1.05715
1.05725
1.05705
1.05593
1.05517
1.05348
1.05324
1.05272
1.05288
1.05217
1.05243
1.05273
1.05324
1.05337
1.05294
1.04902
1.03778
1.01273
0.969898
0.912226
0.845359
0.775946
0.703818
0.626642
0.541539
0.498554
0.515552
0.634525
0.890065
0.973514
0.950528
0.877868
0.777747
0.683168
0.602478
0.531946
0.470934
0.419371
0.377477
0.342812
0.317447
0.296658
0.276768
0.272473
0.279914
0.318235
0.463779
0.776787
0.848543
0.835564
0.787966
0.728634
0.678191
0.639997
0.6105
0.585481
0.561483
0.535556
0.504414
0.47914
0.479781
0.507371
0.620133
0.838
0.942292
0.943833
0.925076
0.882156
0.824153
0.776549
0.769741
0.783444
0.806365
1.05628
1.05315
1.05029
1.04891
1.04879
1.04937
1.05049
1.05173
1.05282
1.05375
1.05433
1.05375
1.05453
1.05459
1.05529
1.05606
1.05771
1.05802
1.05797
1.05737
1.057
1.05676
1.05655
1.05691
1.05659
1.05672
1.05679
1.05696
1.05686
1.0562
1.05476
1.05442
1.05329
1.05325
1.05302
1.053
1.05222
1.05239
1.05251
1.05276
1.05262
1.05047
1.04173
1.01886
0.975292
0.912926
0.838596
0.76207
0.691995
0.627224
0.565163
0.500326
0.435968
0.432382
0.49526
0.74206
0.911444
0.894937
0.817387
0.709739
0.613656
0.536085
0.471262
0.415148
0.366033
0.321635
0.285943
0.265159
0.247569
0.221909
0.212866
0.217576
0.242
0.313227
0.535609
0.766614
0.778191
0.749416
0.695848
0.64279
0.60059
0.567673
0.540071
0.514533
0.48898
0.460963
0.427801
0.410081
0.415619
0.459137
0.612235
0.825989
0.868879
0.854602
0.810844
0.748694
0.694551
0.681289
0.691915
0.720997
1.0519
1.05319
1.05101
1.04951
1.04943
1.04984
1.05091
1.05205
1.053
1.05368
1.05422
1.05355
1.05393
1.05397
1.05477
1.05543
1.05732
1.05753
1.05758
1.05668
1.05654
1.05644
1.05629
1.0567
1.05634
1.0564
1.05599
1.05475
1.05113
1.0431
1.03452
1.0387
1.04584
1.04967
1.05139
1.05173
1.05105
1.0511
1.05122
1.05139
1.0511
1.0462
1.0299
0.991998
0.930074
0.851622
0.766977
0.687285
0.618675
0.5576
0.502075
0.449466
0.392099
0.376383
0.411193
0.608115
0.841108
0.839212
0.769317
0.66129
0.565395
0.49148
0.429049
0.372313
0.317413
0.272014
0.242292
0.215374
0.19399
0.181883
0.178523
0.179959
0.188291
0.22925
0.350627
0.620479
0.722788
0.710131
0.666369
0.60855
0.557624
0.517482
0.484475
0.455212
0.428482
0.403967
0.378355
0.355346
0.353623
0.367764
0.438731
0.632397
0.769552
0.76833
0.736767
0.681279
0.627307
0.608642
0.616597
0.647003
1.0535
1.05392
1.05144
1.04969
1.04973
1.04989
1.05113
1.05192
1.05246
1.05289
1.05318
1.05295
1.0532
1.05318
1.05429
1.05461
1.05676
1.05667
1.05675
1.05611
1.05605
1.0559
1.05561
1.05554
1.05433
1.05243
1.04731
1.0338
1.00317
0.926305
0.806763
0.808063
0.905256
0.979209
1.01679
1.0315
1.03674
1.03919
1.04185
1.04593
1.04632
1.03872
1.01406
0.962268
0.885909
0.795154
0.703637
0.620335
0.550614
0.4906
0.436363
0.39245
0.345892
0.32604
0.347262
0.495521
0.760803
0.784023
0.726525
0.621953
0.526829
0.453461
0.389955
0.327408
0.271046
0.234418
0.199305
0.180213
0.175932
0.175183
0.174814
0.174747
0.175861
0.182977
0.244575
0.398531
0.634942
0.653426
0.624136
0.565074
0.506331
0.458779
0.421403
0.392376
0.369257
0.350807
0.334202
0.31946
0.316158
0.320915
0.352325
0.472748
0.653436
0.681327
0.662255
0.615225
0.565397
0.547004
0.553719
0.584279
1.05485
1.05519
1.05264
1.05066
1.05022
1.04979
1.04908
1.04567
1.04032
1.03448
1.03263
1.04145
1.04672
1.04929
1.05217
1.05225
1.05359
1.05142
1.05123
1.05153
1.05195
1.05117
1.04823
1.04241
1.03272
1.01781
0.994441
0.953952
0.869805
0.660533
0.415436
0.350401
0.377833
0.476441
0.703964
0.858298
0.943237
0.992929
1.01272
1.02957
1.03394
1.02585
0.995617
0.933956
0.844886
0.743314
0.644602
0.554554
0.481003
0.418344
0.365721
0.330226
0.296946
0.279863
0.292722
0.391837
0.653523
0.723531
0.681048
0.584482
0.489617
0.41452
0.347694
0.283052
0.23562
0.198532
0.176577
0.17517
0.178027
0.191974
0.195
0.189925
0.180086
0.179665
0.188686
0.268448
0.496305
0.585878
0.567318
0.513253
0.45133
0.402131
0.367626
0.344853
0.331002
0.322451
0.31453
0.306321
0.305386
0.308868
0.323523
0.390279
0.542016
0.598845
0.586244
0.545154
0.499857
0.486847
0.494611
0.5289
1.05784
1.05397
1.05098
1.04899
1.04624
1.03779
1.0161
0.969789
0.908506
0.829775
0.737519
0.801747
0.905625
0.973995
1.01204
1.02466
1.01599
0.983699
0.968602
0.98307
0.995483
1.00156
0.9957
0.977265
0.938575
0.883444
0.825294
0.75726
0.637438
0.450645
0.301529
0.228158
0.22437
0.232458
0.280819
0.402536
0.734842
0.883434
0.936955
0.982521
1.00703
1.00012
0.968164
0.899489
0.798548
0.687387
0.580987
0.484502
0.406665
0.344714
0.296765
0.272067
0.251438
0.240453
0.248129
0.306542
0.507472
0.649957
0.624873
0.542033
0.449599
0.374888
0.306376
0.246736
0.205369
0.176541
0.175365
0.181684
0.213824
0.259216
0.259359
0.245314
0.208197
0.185554
0.186593
0.211057
0.388053
0.515509
0.505405
0.457084
0.39855
0.356026
0.333863
0.324295
0.319621
0.316804
0.313869
0.309483
0.307842
0.309882
0.318908
0.357551
0.463941
0.522427
0.514048
0.477287
0.434955
0.425928
0.435262
0.476868
1.02057
0.950671
0.92895
0.951179
0.950748
0.917191
0.822754
0.67191
0.513172
0.416328
0.2851
0.264239
0.310761
0.467363
0.758889
0.925336
0.899752
0.758924
0.588429
0.593321
0.642729
0.737194
0.821865
0.803876
0.73045
0.630604
0.55508
0.498705
0.426179
0.329475
0.241044
0.190756
0.187801
0.193801
0.211734
0.260201
0.374951
0.62088
0.806389
0.905117
0.961275
0.957718
0.926785
0.85324
0.742847
0.624525
0.513267
0.412176
0.335092
0.280225
0.240307
0.225013
0.215385
0.210754
0.214365
0.245442
0.375147
0.56577
0.559595
0.493199
0.406613
0.334184
0.268751
0.221425
0.181235
0.174152
0.179038
0.221839
0.296323
0.318004
0.310204
0.286226
0.243866
0.200394
0.194931
0.216113
0.368085
0.461551
0.449586
0.403623
0.355395
0.328854
0.323456
0.323666
0.324658
0.325058
0.324338
0.32146
0.318053
0.318332
0.32596
0.357901
0.432215
0.464515
0.454468
0.417006
0.376947
0.36934
0.37908
0.425951
0.192993
0.185732
0.190961
0.229869
0.346365
0.461368
0.451919
0.381378
0.263117
0.183798
0.165637
0.165721
0.17453
0.219079
0.385902
0.713244
0.702171
0.551766
0.366862
0.323249
0.338372
0.413038
0.565537
0.569149
0.511249
0.4244
0.368683
0.338128
0.309692
0.250981
0.191323
0.178059
0.183374
0.199533
0.222209
0.253801
0.297083
0.387549
0.562452
0.766372
0.897706
0.899986
0.870808
0.794636
0.679944
0.557774
0.443496
0.343454
0.273666
0.229432
0.206796
0.200146
0.195824
0.192547
0.194835
0.206415
0.297998
0.491923
0.497629
0.441173
0.361935
0.294871
0.238703
0.196088
0.172469
0.174242
0.196106
0.286463
0.365825
0.377109
0.365579
0.332023
0.273824
0.218306
0.208853
0.237549
0.37214
0.419318
0.401722
0.359513
0.330744
0.3263
0.327316
0.329965
0.331121
0.330786
0.329764
0.32723
0.325916
0.327179
0.336704
0.371233
0.415946
0.41994
0.404692
0.366296
0.329491
0.322117
0.330294
0.379473
0.156698
0.158075
0.161301
0.163679
0.209896
0.273806
0.27549
0.222394
0.169348
0.15926
0.155562
0.159663
0.183353
0.236828
0.356378
0.549965
0.524367
0.396081
0.28726
0.224369
0.221462
0.246977
0.361167
0.39645
0.360387
0.309378
0.280193
0.25442
0.229292
0.193112
0.168629
0.16686
0.174069
0.190569
0.206505
0.237027
0.274657
0.302954
0.375016
0.549383
0.784934
0.825693
0.799469
0.723691
0.605454
0.480792
0.368591
0.280605
0.224829
0.200643
0.2
0.198629
0.197708
0.193585
0.194213
0.202713
0.283308
0.446489
0.446761
0.390759
0.317392
0.259123
0.216897
0.177514
0.169731
0.175451
0.223909
0.339457
0.416644
0.416474
0.400941
0.364078
0.301957
0.237347
0.232
0.27256
0.374485
0.385079
0.36281
0.334006
0.327353
0.328472
0.331345
0.333002
0.332949
0.33238
0.331748
0.332002
0.333802
0.33985
0.356801
0.383888
0.389248
0.382419
0.358663
0.327915
0.303094
0.296957
0.30363
0.34065
0.157055
0.156282
0.155941
0.159667
0.16271
0.17032
0.171707
0.163447
0.1581
0.153616
0.153652
0.16149
0.202013
0.289964
0.394637
0.421829
0.378289
0.290455
0.20721
0.188156
0.193611
0.234837
0.309114
0.312284
0.289312
0.2393
0.209917
0.19403
0.179054
0.164498
0.159069
0.158608
0.16156
0.172391
0.196752
0.260714
0.309727
0.308405
0.319486
0.386943
0.59965
0.731902
0.714247
0.645134
0.528525
0.405756
0.304355
0.229061
0.200196
0.20987
0.248646
0.248843
0.232871
0.206738
0.197912
0.206333
0.290527
0.41434
0.402989
0.342031
0.275846
0.231961
0.195625
0.168368
0.167569
0.177087
0.243775
0.399909
0.443999
0.439072
0.416783
0.377401
0.316895
0.259521
0.262256
0.3139
0.367085
0.359407
0.336288
0.326432
0.327094
0.330405
0.33171
0.331419
0.331166
0.33137
0.332002
0.334167
0.339794
0.350689
0.3634
0.36696
0.359553
0.341773
0.32233
0.310399
0.299822
0.292391
0.295066
0.318118
0.157417
0.157252
0.156854
0.156182
0.156106
0.157802
0.158409
0.156098
0.155568
0.154839
0.154134
0.158675
0.185768
0.276254
0.33037
0.326017
0.271616
0.200291
0.178546
0.185944
0.20833
0.238175
0.270155
0.268858
0.220576
0.18548
0.169948
0.163664
0.160728
0.158857
0.156585
0.155778
0.156636
0.167702
0.205691
0.28584
0.339658
0.336722
0.328736
0.347635
0.457467
0.619226
0.618184
0.56065
0.448187
0.333399
0.248423
0.198285
0.206574
0.274512
0.339777
0.332347
0.298
0.244744
0.20902
0.216041
0.305705
0.386117
0.36227
0.297799
0.242534
0.211891
0.176727
0.162945
0.16479
0.178207
0.25662
0.427198
0.457285
0.448345
0.419461
0.373222
0.315467
0.283671
0.297987
0.346991
0.353989
0.33648
0.32318
0.323355
0.324327
0.32354
0.320698
0.317868
0.317913
0.319549
0.322216
0.324553
0.327506
0.33349
0.337339
0.333998
0.319414
0.309451
0.309207
0.309261
0.30791
0.303907
0.299844
0.311137
0.157403
0.157401
0.157348
0.157245
0.157083
0.15687
0.156798
0.156999
0.156899
0.156601
0.156025
0.157039
0.162028
0.19066
0.222736
0.214755
0.182585
0.164165
0.16354
0.177095
0.209902
0.236586
0.232206
0.204875
0.171753
0.162392
0.160819
0.160577
0.160923
0.160452
0.160034
0.157552
0.155258
0.165287
0.214715
0.297436
0.349613
0.349994
0.338624
0.3444
0.392886
0.517824
0.528195
0.476129
0.367752
0.273822
0.204916
0.195391
0.262818
0.401053
0.446248
0.423501
0.368465
0.287517
0.228581
0.236107
0.325948
0.358897
0.322253
0.259311
0.219599
0.187496
0.164364
0.159019
0.162291
0.1783
0.259126
0.430076
0.462644
0.452167
0.416077
0.360267
0.316497
0.313508
0.338116
0.35299
0.338163
0.318087
0.312634
0.311113
0.308319
0.302195
0.29416
0.290233
0.290336
0.29236
0.295951
0.299208
0.301224
0.303692
0.305347
0.305484
0.30536
0.307687
0.307158
0.303951
0.305045
0.306366
0.304622
0.308884
0.157375
0.157415
0.157443
0.157476
0.157532
0.1576
0.157728
0.158013
0.158416
0.159034
0.159251
0.158559
0.160813
0.162796
0.163788
0.163298
0.162994
0.159695
0.159547
0.161977
0.172923
0.183909
0.177546
0.164024
0.163995
0.163523
0.164733
0.167162
0.170004
0.172398
0.171609
0.164084
0.155553
0.160756
0.19311
0.282424
0.332118
0.353393
0.346939
0.349608
0.38013
0.461295
0.459714
0.39806
0.300909
0.227116
0.188238
0.213506
0.362249
0.515021
0.513986
0.473269
0.400409
0.307982
0.24751
0.265131
0.337767
0.334067
0.283067
0.231582
0.194977
0.169027
0.15735
0.156216
0.160051
0.177071
0.239318
0.405088
0.463602
0.456452
0.423286
0.366426
0.341632
0.347648
0.354954
0.345432
0.31574
0.296996
0.290707
0.286199
0.27972
0.270867
0.263013
0.260849
0.261545
0.264846
0.270584
0.278122
0.286603
0.293317
0.299832
0.310256
0.310869
0.299696
0.283202
0.26674
0.265731
0.28263
0.300266
0.305469
0.157346
0.157456
0.157577
0.157762
0.158042
0.158377
0.158846
0.159574
0.160619
0.162438
0.1643
0.164796
0.163893
0.164318
0.165232
0.165081
0.164208
0.164446
0.165338
0.164487
0.164936
0.164508
0.166267
0.169367
0.172253
0.174653
0.180963
0.189071
0.19416
0.195028
0.19032
0.174709
0.158826
0.159086
0.1636
0.192726
0.289774
0.338574
0.357722
0.360154
0.390176
0.426139
0.403311
0.328175
0.257757
0.189659
0.184095
0.261592
0.48477
0.564468
0.541961
0.475074
0.387188
0.299427
0.267095
0.299317
0.335537
0.305786
0.249487
0.210264
0.17385
0.158952
0.154227
0.154511
0.159088
0.175806
0.21955
0.352791
0.456137
0.460257
0.441159
0.403629
0.380363
0.368587
0.352111
0.320843
0.285265
0.26896
0.261931
0.25651
0.250068
0.243245
0.239818
0.240164
0.241214
0.244046
0.248655
0.259659
0.281557
0.304158
0.307512
0.303634
0.292192
0.275211
0.245543
0.226406
0.222564
0.259341
0.296496
0.299468
0.157465
0.157794
0.158352
0.159162
0.160128
0.161126
0.162304
0.163815
0.165947
0.169363
0.173212
0.175226
0.174631
0.173087
0.172771
0.17373
0.176596
0.180591
0.182475
0.181471
0.179933
0.180181
0.183781
0.187906
0.193179
0.200585
0.216362
0.2299
0.231288
0.226657
0.213193
0.19014
0.169064
0.166145
0.164792
0.163868
0.192338
0.2926
0.351221
0.374258
0.394598
0.391661
0.343423
0.276727
0.203956
0.175917
0.186809
0.319409
0.556655
0.579165
0.549332
0.465181
0.362332
0.293295
0.291953
0.325864
0.319621
0.274556
0.227096
0.183779
0.160905
0.154425
0.152948
0.153402
0.158548
0.174816
0.205853
0.291694
0.412712
0.449388
0.4426
0.417026
0.387158
0.361613
0.328149
0.286344
0.254467
0.24151
0.236112
0.232804
0.230165
0.228635
0.217567
0.212152
0.212493
0.217013
0.228962
0.240918
0.261278
0.282994
0.285481
0.2807
0.262654
0.228834
0.195422
0.19419
0.205126
0.262461
0.294218
0.292085
0.158197
0.160038
0.162825
0.166804
0.170107
0.171934
0.173517
0.176079
0.180387
0.187628
0.194918
0.198351
0.197316
0.195279
0.194984
0.196986
0.202181
0.20835
0.212488
0.212291
0.210332
0.210343
0.212399
0.21754
0.229771
0.25032
0.278722
0.286139
0.278982
0.26356
0.242184
0.213681
0.191459
0.18867
0.185372
0.175583
0.164881
0.240137
0.316166
0.360584
0.370997
0.343246
0.287397
0.228409
0.173417
0.169399
0.194115
0.357474
0.565328
0.580952
0.553178
0.473574
0.361917
0.312313
0.325273
0.329501
0.299136
0.245951
0.19921
0.16586
0.156009
0.152834
0.152511
0.152811
0.158141
0.173386
0.196524
0.248607
0.34296
0.407007
0.413478
0.399773
0.370106
0.332208
0.290795
0.252591
0.229643
0.221695
0.219404
0.219565
0.211821
0.193717
0.179434
0.17465
0.174629
0.177685
0.186273
0.204915
0.235689
0.256678
0.257279
0.252362
0.217235
0.182983
0.169974
0.176387
0.20234
0.268109
0.28943
0.282196
0.167324
0.180733
0.192186
0.202076
0.20583
0.204912
0.205613
0.209736
0.219058
0.234178
0.247166
0.251158
0.248191
0.244357
0.243417
0.245048
0.250772
0.255348
0.25675
0.254583
0.250214
0.24933
0.252718
0.265535
0.295138
0.332165
0.356549
0.352512
0.329379
0.304678
0.278829
0.249888
0.230784
0.233863
0.231407
0.215024
0.180352
0.174985
0.284938
0.319515
0.319766
0.289388
0.243792
0.184535
0.160709
0.163353
0.198119
0.358183
0.512574
0.538462
0.528365
0.48544
0.403567
0.363465
0.349702
0.32229
0.270344
0.221904
0.174705
0.158273
0.154265
0.153615
0.153121
0.152525
0.157903
0.171811
0.189311
0.221385
0.28381
0.343913
0.362008
0.354337
0.326785
0.289806
0.253865
0.226973
0.213278
0.210184
0.20839
0.195075
0.179251
0.165406
0.161847
0.160992
0.160639
0.160709
0.163326
0.172049
0.18868
0.204825
0.206225
0.198675
0.176622
0.161566
0.159172
0.166328
0.201881
0.26528
0.281592
0.268967
0.606967
0.439234
0.37619
0.347111
0.327543
0.309644
0.309369
0.317926
0.338284
0.362762
0.372288
0.369055
0.360291
0.352191
0.344292
0.336126
0.332887
0.328068
0.322691
0.316141
0.309751
0.311201
0.323333
0.351264
0.396032
0.428644
0.434514
0.417837
0.380312
0.353779
0.329204
0.305578
0.297813
0.308727
0.307442
0.288085
0.231151
0.170073
0.202432
0.268505
0.271597
0.237574
0.191065
0.161837
0.156733
0.158089
0.196964
0.32149
0.43749
0.470462
0.470965
0.458389
0.417208
0.376144
0.341676
0.294468
0.243161
0.187571
0.16039
0.156401
0.156859
0.156757
0.155077
0.15249
0.157473
0.169446
0.182702
0.203551
0.239508
0.279285
0.297387
0.294586
0.275843
0.24886
0.22579
0.210612
0.202387
0.193377
0.180908
0.167691
0.162701
0.166839
0.169001
0.1684
0.166441
0.163213
0.161395
0.161214
0.162549
0.167381
0.168113
0.164948
0.162115
0.161324
0.159694
0.15926
0.198408
0.253139
0.270007
0.251462
1.11337
0.966359
0.855954
0.77256
0.708737
0.659755
0.648981
0.652867
0.659163
0.654189
0.632109
0.601228
0.570522
0.540916
0.511884
0.488929
0.477581
0.461269
0.44711
0.434905
0.422824
0.427288
0.443779
0.468134
0.49569
0.505359
0.499864
0.473136
0.433461
0.415192
0.401402
0.393557
0.402704
0.424192
0.421677
0.3972
0.330458
0.219571
0.168326
0.188769
0.196645
0.17643
0.162937
0.163381
0.158569
0.157345
0.187962
0.27544
0.351184
0.38058
0.388902
0.397154
0.385167
0.350783
0.302752
0.256589
0.203413
0.16411
0.159931
0.160913
0.163988
0.163119
0.157718
0.152555
0.156642
0.165531
0.175127
0.18923
0.211722
0.233539
0.24494
0.244366
0.234743
0.220116
0.207838
0.196382
0.181494
0.169119
0.16275
0.169929
0.185482
0.202125
0.20378
0.200237
0.192946
0.18529
0.18039
0.175047
0.170966
0.167797
0.167773
0.169263
0.175831
0.176344
0.169217
0.156925
0.18858
0.232232
0.253071
0.230909
1.18071
1.16151
1.13847
1.11261
1.08341
1.05374
1.02919
1.00764
0.988399
0.965799
0.935129
0.900573
0.8662
0.826999
0.781139
0.731431
0.685647
0.646128
0.611255
0.576767
0.546307
0.53085
0.532288
0.539387
0.550537
0.550477
0.540661
0.517574
0.491062
0.488676
0.492598
0.509839
0.536167
0.560092
0.553946
0.523199
0.456834
0.342913
0.23778
0.177882
0.169463
0.173745
0.179086
0.176667
0.168216
0.158566
0.173645
0.241414
0.276945
0.295541
0.304913
0.31852
0.317621
0.290375
0.257221
0.212482
0.169914
0.16261
0.17042
0.176201
0.177992
0.173038
0.160481
0.152628
0.155179
0.16013
0.165892
0.174703
0.189803
0.205516
0.213323
0.21379
0.208928
0.199997
0.187393
0.173062
0.162799
0.170031
0.195206
0.242225
0.276337
0.28277
0.277755
0.262553
0.249836
0.241959
0.237528
0.231299
0.224192
0.214161
0.213412
0.216533
0.220224
0.213403
0.192173
0.159738
0.173818
0.214289
0.232708
0.21274
1.18541
1.18385
1.18133
1.17745
1.17161
1.16419
1.15651
1.14842
1.14021
1.13033
1.11661
1.0956
1.06738
1.03246
0.968167
0.871796
0.766243
0.669338
0.59836
0.550105
0.534063
0.534917
0.549276
0.568302
0.5723
0.569128
0.561923
0.549637
0.541752
0.547697
0.566117
0.599034
0.630276
0.640052
0.632606
0.606311
0.551164
0.460099
0.3641
0.279178
0.242406
0.231395
0.217943
0.202824
0.185719
0.165363
0.161019
0.198849
0.22947
0.242456
0.247433
0.257232
0.25946
0.237781
0.202288
0.171088
0.165499
0.187482
0.204125
0.205337
0.199232
0.181932
0.1623
0.153241
0.154088
0.156461
0.158567
0.16107
0.168172
0.178377
0.184955
0.18552
0.181764
0.174535
0.164778
0.166975
0.19829
0.279489
0.361426
0.398159
0.402508
0.395539
0.374047
0.347888
0.337937
0.334881
0.33403
0.331657
0.327448
0.318655
0.311424
0.302239
0.288594
0.260886
0.223403
0.172141
0.160858
0.199896
0.213512
0.194625
1.18607
1.18596
1.18576
1.18536
1.1846
1.18349
1.1824
1.18109
1.17897
1.17426
1.16561
1.14235
1.07676
0.971191
0.841865
0.717057
0.614134
0.540846
0.494819
0.4877
0.501017
0.533019
0.567666
0.579835
0.577872
0.57287
0.565974
0.559002
0.559175
0.566972
0.589971
0.628619
0.661106
0.663646
0.656729
0.634712
0.584085
0.51039
0.434243
0.364626
0.320092
0.287647
0.258044
0.232631
0.209973
0.182874
0.160509
0.166491
0.179038
0.186854
0.191667
0.197917
0.193039
0.178438
0.163272
0.1691
0.211374
0.26081
0.264534
0.248822
0.219947
0.189294
0.166478
0.157324
0.158404
0.162484
0.165678
0.165155
0.163233
0.161995
0.162706
0.162822
0.162885
0.167617
0.193353
0.296886
0.423737
0.485482
0.498738
0.495305
0.484021
0.46711
0.446442
0.426733
0.415046
0.408247
0.403725
0.399474
0.394699
0.387906
0.378767
0.36505
0.343517
0.306447
0.262916
0.198845
0.15934
0.174969
0.191335
0.171551
1.18657
1.18658
1.18661
1.18665
1.18668
1.18668
1.18663
1.18631
1.18529
1.18123
1.16743
1.12561
1.01946
0.854338
0.684051
0.55564
0.47625
0.444391
0.443779
0.468123
0.523031
0.567675
0.582548
0.573207
0.556247
0.537879
0.524417
0.51672
0.512473
0.506793
0.50803
0.514774
0.528482
0.53608
0.542271
0.545877
0.534824
0.502648
0.445751
0.388509
0.341813
0.305632
0.277887
0.255075
0.234045
0.207968
0.173955
0.161127
0.160034
0.160375
0.160916
0.162064
0.162013
0.166208
0.186307
0.262108
0.360129
0.374157
0.347999
0.296481
0.243173
0.201966
0.177856
0.173735
0.181395
0.19747
0.217161
0.220775
0.213606
0.20184
0.195417
0.205196
0.247472
0.351156
0.479481
0.553448
0.567905
0.563365
0.549104
0.528455
0.509027
0.490494
0.473243
0.458106
0.445686
0.436154
0.429078
0.423284
0.41747
0.410886
0.401985
0.38867
0.371064
0.343557
0.306753
0.241583
0.175338
0.159483
0.166355
0.158223
1.18712
1.18714
1.18717
1.18723
1.18731
1.18739
1.1874
1.18709
1.1856
1.18002
1.16105
1.10297
0.960092
0.758762
0.580471
0.469471
0.420408
0.422764
0.453476
0.525766
0.589843
0.5883
0.563934
0.52703
0.493819
0.467189
0.441156
0.418138
0.398372
0.378681
0.374809
0.379938
0.393697
0.408942
0.42838
0.446427
0.451895
0.437176
0.394955
0.351015
0.31381
0.289222
0.272631
0.258744
0.242209
0.222643
0.198884
0.177897
0.170189
0.167278
0.168109
0.173329
0.193986
0.256535
0.393706
0.502203
0.522838
0.501541
0.444174
0.358726
0.277735
0.226667
0.209224
0.219841
0.254941
0.307989
0.37675
0.413045
0.42104
0.427028
0.476588
0.544925
0.596507
0.624991
0.624672
0.600505
0.561008
0.528511
0.506272
0.491354
0.480638
0.470544
0.462238
0.451673
0.434972
0.417436
0.40185
0.388682
0.377819
0.376888
0.379747
0.380014
0.37487
0.362656
0.337645
0.292313
0.225204
0.169127
0.160098
0.159891
1.1877
1.1877
1.18772
1.18774
1.18778
1.18783
1.18781
1.18751
1.18615
1.18104
1.1633
1.10726
0.960193
0.736217
0.544526
0.441893
0.418539
0.438375
0.519095
0.623253
0.616902
0.570678
0.515315
0.484387
0.457064
0.42403
0.390638
0.360869
0.335064
0.314405
0.306823
0.310015
0.321772
0.339727
0.362131
0.3799
0.383483
0.364119
0.328672
0.303612
0.287716
0.273456
0.254275
0.239473
0.230503
0.221327
0.207212
0.195148
0.190632
0.194221
0.219852
0.282912
0.415563
0.575689
0.622536
0.61134
0.596442
0.576104
0.533251
0.43933
0.327865
0.275605
0.288973
0.339832
0.445182
0.552462
0.639594
0.703043
0.723021
0.725567
0.722224
0.703773
0.654954
0.594889
0.54088
0.507002
0.488573
0.473779
0.455303
0.433213
0.413175
0.395704
0.379727
0.358918
0.329108
0.302846
0.285411
0.270293
0.257536
0.260475
0.274039
0.300401
0.320072
0.328733
0.328154
0.32082
0.294659
0.234721
0.191691
0.180094
1.18818
1.18817
1.18817
1.18816
1.18815
1.18814
1.18809
1.18773
1.18631
1.18091
1.1618
1.10066
0.941167
0.707967
0.528304
0.445454
0.437918
0.498067
0.646681
0.698119
0.621588
0.527784
0.489539
0.471825
0.44537
0.405026
0.364393
0.328687
0.300771
0.282543
0.275817
0.278606
0.289205
0.307186
0.327656
0.338864
0.331665
0.310895
0.301459
0.300854
0.303634
0.287257
0.244343
0.219663
0.212157
0.208827
0.206975
0.206502
0.221521
0.273778
0.407445
0.591226
0.688314
0.683618
0.635935
0.57732
0.569744
0.585184
0.574301
0.50882
0.384254
0.384191
0.460526
0.581657
0.703052
0.777061
0.796634
0.794994
0.775762
0.736939
0.677786
0.603359
0.53076
0.491412
0.482125
0.472535
0.443555
0.399457
0.348027
0.306097
0.282824
0.269484
0.260148
0.249644
0.236535
0.224723
0.2155
0.207431
0.198013
0.194038
0.196305
0.206532
0.224871
0.24749
0.260735
0.282729
0.296496
0.285648
0.258259
0.217631
1.18849
1.18848
1.18846
1.18843
1.18839
1.18834
1.18826
1.18802
1.18698
1.18309
1.16879
1.1204
0.984175
0.747791
0.554732
0.478067
0.49557
0.617265
0.80365
0.763731
0.610804
0.512507
0.497069
0.491384
0.454738
0.401434
0.352277
0.309904
0.282097
0.266994
0.26201
0.26471
0.275497
0.292749
0.307293
0.309553
0.304685
0.306313
0.336788
0.383019
0.404783
0.348289
0.240207
0.210431
0.203545
0.203891
0.214108
0.2396
0.318436
0.493033
0.681796
0.728367
0.711859
0.674678
0.602343
0.509827
0.501506
0.53767
0.554312
0.503453
0.456832
0.534114
0.670524
0.768191
0.807724
0.804973
0.768588
0.710743
0.640745
0.580501
0.523771
0.482704
0.477587
0.48169
0.47187
0.418247
0.33639
0.270191
0.239661
0.230677
0.226946
0.224396
0.22131
0.217852
0.213779
0.207489
0.20004
0.192154
0.18318
0.174277
0.171087
0.172592
0.175968
0.182511
0.186116
0.201733
0.247137
0.288226
0.285355
0.255915
1.18856
1.18855
1.18852
1.18848
1.18843
1.18836
1.18828
1.1881
1.1874
1.18471
1.1747
1.13977
1.03528
0.811959
0.608999
0.556677
0.614622
0.840303
0.952685
0.829637
0.603968
0.526525
0.537791
0.551749
0.505137
0.418967
0.348644
0.299873
0.273227
0.260654
0.256905
0.259835
0.271533
0.285725
0.29216
0.295041
0.312568
0.360538
0.470854
0.595132
0.635631
0.465243
0.250038
0.213454
0.206105
0.212528
0.249252
0.347369
0.534851
0.665212
0.701329
0.712636
0.708381
0.66958
0.58213
0.480856
0.457346
0.488586
0.520766
0.500905
0.536826
0.646576
0.749059
0.764495
0.749542
0.705109
0.62449
0.538229
0.493671
0.470552
0.471222
0.484164
0.509723
0.496208
0.421667
0.294309
0.2342
0.218006
0.218072
0.220233
0.221861
0.221943
0.220534
0.218281
0.215485
0.208766
0.199436
0.188567
0.175959
0.165072
0.159009
0.158641
0.15843
0.158584
0.157699
0.16049
0.182544
0.250064
0.293291
0.286852
1.18844
1.18843
1.18841
1.18837
1.18832
1.18825
1.18816
1.18804
1.1877
1.18627
1.18092
1.16142
1.0974
0.927871
0.718232
0.668407
0.728045
0.959762
1.03911
0.904367
0.640068
0.560993
0.59203
0.620755
0.578581
0.458274
0.351985
0.296471
0.270445
0.258649
0.255406
0.258114
0.267812
0.277114
0.288179
0.310208
0.368074
0.500501
0.701227
0.852424
0.892698
0.67703
0.307365
0.227948
0.217888
0.247118
0.33674
0.488138
0.57602
0.606064
0.609023
0.661963
0.721326
0.697707
0.593391
0.472283
0.430187
0.460476
0.498759
0.520042
0.581231
0.65347
0.69539
0.692883
0.65796
0.578614
0.498063
0.459965
0.453963
0.46357
0.49557
0.535255
0.512975
0.423
0.28445
0.217155
0.213899
0.22617
0.246282
0.263468
0.270857
0.270139
0.265499
0.255625
0.241009
0.222149
0.203712
0.184824
0.166489
0.15633
0.153243
0.15324
0.153227
0.153085
0.152915
0.152566
0.156433
0.20008
0.282514
0.295969
1.18815
1.18815
1.18813
1.18811
1.18806
1.18801
1.18793
1.18784
1.18768
1.18713
1.18488
1.17633
1.14544
1.04936
0.885489
0.848345
0.90634
1.07789
1.09728
0.970422
0.69486
0.585113
0.613982
0.660356
0.664609
0.527908
0.37103
0.301219
0.272629
0.259149
0.255723
0.257334
0.266438
0.279603
0.303249
0.362483
0.492379
0.702528
0.900549
0.989361
1.02936
0.990497
0.542187
0.273782
0.240222
0.272708
0.369152
0.461303
0.497198
0.451277
0.443221
0.546793
0.720219
0.743404
0.647567
0.47852
0.411818
0.439874
0.480023
0.500548
0.515983
0.598368
0.651174
0.633989
0.564589
0.484806
0.449122
0.44103
0.436117
0.46076
0.501574
0.465838
0.390612
0.266427
0.208095
0.217271
0.254116
0.313302
0.346843
0.352894
0.348998
0.33592
0.312536
0.282081
0.252088
0.223991
0.195293
0.171737
0.157443
0.152521
0.153984
0.155118
0.155536
0.154945
0.153881
0.152711
0.153385
0.183304
0.271256
0.294095
1.1878
1.1878
1.1878
1.18779
1.18777
1.18773
1.18769
1.18762
1.18753
1.18738
1.18677
1.18445
1.17557
1.14474
1.08768
1.08298
1.10845
1.15317
1.14876
1.06455
0.840047
0.64959
0.641389
0.67634
0.747729
0.626212
0.403521
0.318435
0.283908
0.26427
0.259112
0.259848
0.270855
0.294294
0.347622
0.464572
0.666689
0.871464
0.980278
1.02645
1.0743
1.09201
1.03203
0.588942
0.306354
0.28229
0.327818
0.370718
0.362529
0.333468
0.346515
0.441362
0.694151
0.788827
0.707187
0.518229
0.404757
0.414137
0.437934
0.4331
0.468193
0.595577
0.623078
0.57121
0.489468
0.449053
0.447214
0.393096
0.320893
0.30861
0.317533
0.280377
0.227837
0.200528
0.222159
0.295401
0.389735
0.450209
0.457055
0.44714
0.420787
0.378807
0.330485
0.285722
0.243285
0.204772
0.176549
0.162061
0.15462
0.152365
0.15606
0.158432
0.158013
0.156282
0.155715
0.159311
0.16862
0.203525
0.270389
0.28773
1.18748
1.18749
1.18749
1.18749
1.18749
1.18748
1.18746
1.18743
1.18738
1.18732
1.18719
1.18671
1.18489
1.18027
1.17457
1.17412
1.17753
1.18115
1.17661
1.1465
1.04507
0.863752
0.765589
0.789839
0.862439
0.755187
0.452494
0.342664
0.307061
0.27882
0.269424
0.269334
0.289383
0.340974
0.456971
0.658271
0.815808
0.869108
0.826386
0.810704
0.959935
1.0857
1.1287
1.08122
0.781907
0.436577
0.348126
0.342415
0.32644
0.318819
0.332574
0.402186
0.660369
0.832593
0.767597
0.586571
0.419961
0.380618
0.382591
0.392827
0.464068
0.628232
0.607323
0.520452
0.461431
0.471575
0.42112
0.29738
0.230399
0.214898
0.212211
0.201394
0.19857
0.230503
0.329985
0.465466
0.560953
0.587466
0.574558
0.532886
0.466041
0.3922
0.32661
0.269061
0.21973
0.184989
0.168107
0.161001
0.156619
0.152457
0.156997
0.158601
0.155705
0.156618
0.237145
0.263794
0.254103
0.253809
0.267795
0.270592
1.18731
1.18732
1.18733
1.18734
1.18735
1.18735
1.18735
1.18734
1.18733
1.1873
1.18727
1.18719
1.18696
1.18648
1.186
1.18594
1.18619
1.18635
1.18525
1.17898
1.15582
1.10762
1.05517
1.04128
1.04645
0.932394
0.560019
0.38491
0.358617
0.333263
0.308025
0.306802
0.357857
0.469308
0.635323
0.750461
0.768834
0.672111
0.622851
0.627527
0.757913
0.959135
1.10786
1.15797
1.12636
0.965165
0.677383
0.532995
0.419606
0.373138
0.38715
0.472479
0.712615
0.882752
0.837829
0.681194
0.471314
0.378368
0.362686
0.39311
0.570776
0.679296
0.592909
0.495158
0.48737
0.488716
0.359201
0.251836
0.208106
0.195208
0.193567
0.202028
0.240982
0.35192
0.52414
0.670937
0.732291
0.730399
0.690673
0.59889
0.486223
0.391502
0.31888
0.257241
0.205951
0.176456
0.181528
0.184845
0.174017
0.155125
0.15419
0.155048
0.157442
0.20164
0.473517
0.482921
0.417381
0.323984
0.277581
0.261746
1.1873
1.1873
1.18731
1.18732
1.18733
1.18734
1.18735
1.18736
1.18736
1.18735
1.18735
1.18734
1.18731
1.18727
1.18723
1.18721
1.18721
1.18719
1.18703
1.18623
1.18328
1.17704
1.16911
1.16318
1.15454
1.08997
0.834253
0.484683
0.398228
0.392615
0.407686
0.44465
0.531817
0.658385
0.758157
0.793255
0.745332
0.629053
0.570956
0.585512
0.673195
0.86393
1.06696
1.15818
1.1711
1.15112
1.08461
0.966845
0.777834
0.623199
0.632667
0.700964
0.846611
0.938197
0.899368
0.760487
0.546591
0.401231
0.387236
0.487316
0.73666
0.703455
0.571082
0.507113
0.520315
0.457179
0.32473
0.239619
0.210165
0.204233
0.211156
0.249465
0.355291
0.541274
0.743182
0.860646
0.891949
0.87865
0.799949
0.648261
0.497708
0.397876
0.323967
0.257156
0.201261
0.208304
0.247859
0.240492
0.195206
0.159889
0.157899
0.162056
0.262406
0.51151
0.831305
0.756716
0.624054
0.440417
0.315377
0.267089
1.18744
1.18745
1.18745
1.18745
1.18746
1.18747
1.18748
1.18749
1.1875
1.18751
1.18752
1.18753
1.18754
1.18754
1.18754
1.18754
1.18754
1.18752
1.18749
1.1874
1.18711
1.18648
1.18545
1.18429
1.18206
1.16439
1.08126
0.842236
0.580143
0.462808
0.450833
0.477361
0.525951
0.603123
0.681547
0.726425
0.688543
0.608428
0.560963
0.582587
0.665896
0.843553
1.04843
1.1524
1.17846
1.1777
1.16643
1.13766
1.08027
1.0168
0.970111
0.949309
0.969232
0.992514
0.952265
0.819186
0.593518
0.435741
0.45143
0.674766
0.838238
0.710996
0.554651
0.533561
0.540963
0.439413
0.311661
0.248883
0.233815
0.240943
0.269524
0.350128
0.513606
0.739785
0.910798
0.995777
1.02506
1.00619
0.90157
0.698429
0.539088
0.473422
0.400731
0.310823
0.276785
0.332999
0.393414
0.319049
0.222272
0.209984
0.223584
0.261379
0.431429
0.860561
1.02904
0.888019
0.623229
0.430056
0.309264
0.271694
1.1877
1.1877
1.1877
1.1877
1.1877
1.1877
1.18771
1.18771
1.18772
1.18774
1.18775
1.18777
1.18779
1.1878
1.18782
1.18783
1.18783
1.18782
1.1878
1.18777
1.18772
1.18763
1.18748
1.18729
1.18692
1.18453
1.17073
1.1173
0.978585
0.803132
0.651162
0.576674
0.565491
0.581834
0.595747
0.606063
0.593135
0.586982
0.613331
0.70099
0.851328
1.0102
1.11875
1.16582
1.18101
1.18287
1.18084
1.17458
1.16139
1.13964
1.10451
1.05554
1.04853
1.0469
1.0002
0.861268
0.615405
0.483235
0.554139
0.851295
0.898299
0.724014
0.559824
0.528997
0.512408
0.437111
0.332056
0.279599
0.276436
0.308198
0.367818
0.487833
0.676186
0.85945
0.972675
1.05583
1.10166
1.09552
0.998197
0.7785
0.645308
0.619107
0.538542
0.42898
0.469761
0.677815
0.665593
0.425304
0.289245
0.356214
0.422482
0.46048
0.760428
1.02891
1.07266
0.886242
0.56524
0.373238
0.286297
0.297245
1.18805
1.18804
1.18804
1.18804
1.18803
1.18803
1.18803
1.18803
1.18804
1.18804
1.18806
1.18807
1.18809
1.1881
1.18811
1.18812
1.18813
1.18812
1.1881
1.18807
1.18803
1.18798
1.18791
1.18783
1.18773
1.18744
1.18599
1.17958
1.16
1.12444
1.05665
0.967339
0.864121
0.800581
0.770798
0.731321
0.742245
0.779369
0.859353
0.978406
1.07423
1.13139
1.16219
1.17656
1.18274
1.18431
1.1838
1.18212
1.17799
1.16796
1.13633
1.10449
1.10287
1.09002
1.03002
0.870837
0.624931
0.546984
0.69872
0.993055
0.974621
0.772586
0.585231
0.528988
0.495625
0.438357
0.35781
0.317993
0.338332
0.406845
0.498503
0.623158
0.762256
0.873248
0.965363
1.06471
1.12646
1.14554
1.08657
0.92313
0.824581
0.837639
0.775031
0.70122
0.821992
1.0252
0.94496
0.613512
0.407297
0.560037
0.663437
0.773214
0.939391
0.944118
1.05494
0.763036
0.573827
0.323574
0.25085
0.316742
1.18838
1.18838
1.18838
1.18837
1.18837
1.18837
1.18837
1.18837
1.18837
1.18837
1.18838
1.18838
1.18839
1.1884
1.1884
1.1884
1.1884
1.18839
1.18836
1.18833
1.18829
1.18823
1.18817
1.18809
1.188
1.18789
1.1877
1.18711
1.18536
1.18198
1.17597
1.16595
1.15167
1.13383
1.11707
1.09978
1.11591
1.13656
1.15428
1.16646
1.17424
1.17878
1.18137
1.1831
1.18427
1.18481
1.18457
1.18393
1.18199
1.1758
1.16282
1.15711
1.14985
1.11448
1.01077
0.802689
0.623407
0.631212
0.849867
1.08244
1.07119
0.940056
0.72257
0.580296
0.504246
0.431044
0.378327
0.367352
0.431452
0.519649
0.601665
0.679
0.755836
0.821207
0.896926
1.01986
1.13093
1.16529
1.14607
1.06976
1.01409
1.0417
1.03516
1.01256
1.05381
1.05315
1.03504
0.845097
0.565908
0.65229
0.831561
0.934527
0.954347
0.912731
1.04678
0.659654
0.41547
0.261414
0.241834
0.370376
1.18867
1.18868
1.18868
1.18868
1.18868
1.18868
1.18868
1.18868
1.18868
1.18868
1.18867
1.18867
1.18866
1.18866
1.18865
1.18863
1.18862
1.18859
1.18856
1.18852
1.18847
1.18841
1.18834
1.18826
1.18817
1.18807
1.18795
1.18782
1.18761
1.18731
1.18686
1.18621
1.18541
1.18452
1.18368
1.18302
1.18382
1.1847
1.1853
1.1856
1.1857
1.18568
1.18558
1.18544
1.18528
1.18509
1.18485
1.18451
1.18387
1.18234
1.17996
1.17736
1.16625
1.12206
0.987357
0.790041
0.699024
0.791799
1.04104
1.14197
1.1325
1.08804
0.976224
0.799809
0.60518
0.469898
0.435172
0.498121
0.617788
0.718522
0.786465
0.81489
0.81085
0.821912
0.870285
0.976633
1.1142
1.17098
1.17076
1.15031
1.13093
1.14198
1.15969
1.16052
1.09157
0.945081
0.910452
0.833464
0.801549
0.775915
0.807989
0.920197
0.89401
0.895924
1.06742
0.627887
0.291129
0.244273
0.244642
0.494232
1.18886
1.18886
1.18886
1.18887
1.18887
1.18887
1.18887
1.18887
1.18887
1.18886
1.18885
1.18884
1.18882
1.18881
1.18878
1.18876
1.18873
1.1887
1.18866
1.18861
1.18855
1.18849
1.18842
1.18834
1.18825
1.18815
1.18805
1.18794
1.18782
1.1877
1.18757
1.18743
1.18729
1.18715
1.18701
1.18686
1.18675
1.18664
1.18651
1.18636
1.18619
1.18602
1.18583
1.18563
1.18542
1.1852
1.18496
1.18472
1.18444
1.18414
1.18379
1.18296
1.17832
1.15722
1.0768
0.919021
0.918888
1.01591
1.13895
1.16384
1.15094
1.10651
1.03752
0.942233
0.74204
0.541873
0.488536
0.584338
0.813926
0.932781
1.0123
1.05402
1.04467
1.00288
0.963981
0.986376
1.09496
1.17157
1.17871
1.17625
1.17266
1.17617
1.17824
1.15916
1.0284
0.868741
0.830749
0.868114
1.00484
0.961229
0.853762
0.877141
0.814937
0.866929
1.09356
0.696754
0.246828
0.234418
0.243513
0.574717
1.18892
1.18892
1.18893
1.18893
1.18893
1.18893
1.18893
1.18892
1.18892
1.18891
1.1889
1.18888
1.18886
1.18883
1.18881
1.18877
1.18874
1.18869
1.18865
1.18859
1.18854
1.18847
1.1884
1.18832
1.18824
1.18815
1.18806
1.18796
1.18786
1.18775
1.18764
1.18753
1.18741
1.18729
1.18717
1.18704
1.1869
1.18676
1.1866
1.18644
1.18627
1.18609
1.18589
1.18569
1.18548
1.18526
1.18503
1.18479
1.18455
1.18431
1.18406
1.18374
1.18291
1.17922
1.16511
1.14093
1.14895
1.1658
1.17476
1.17527
1.15905
1.10369
1.06212
1.03812
0.958103
0.781414
0.647111
0.682887
0.770848
0.865104
1.04468
1.1422
1.13965
1.12077
1.07823
1.0715
1.10803
1.16936
1.18072
1.18104
1.18089
1.18094
1.17999
1.16325
1.05801
0.915012
0.868967
1.00791
1.09452
1.02973
0.868703
0.832234
0.703863
0.843074
1.12286
0.826826
0.247471
0.211522
0.241335
0.632733
1.18886
1.18886
1.18886
1.18886
1.18886
1.18886
1.18885
1.18885
1.18883
1.18883
1.18881
1.18879
1.18877
1.18874
1.18871
1.18868
1.18864
1.1886
1.18854
1.1885
1.18844
1.18838
1.18831
1.18824
1.18817
1.1881
1.18801
1.18793
1.18784
1.18775
1.18765
1.18755
1.18744
1.18733
1.18721
1.18709
1.18695
1.18681
1.18666
1.1865
1.18633
1.18615
1.18596
1.18575
1.18554
1.18532
1.18509
1.18486
1.18461
1.18437
1.18413
1.18388
1.18363
1.18326
1.18248
1.18146
1.18168
1.18212
1.1822
1.18164
1.17795
1.16641
1.15955
1.15658
1.14362
1.10498
1.04393
1.0073
0.94857
0.966098
1.09425
1.1652
1.16765
1.16217
1.14265
1.13572
1.14807
1.17324
1.18086
1.18122
1.1812
1.18112
1.18088
1.17729
1.15088
1.09013
1.04986
1.12052
1.05933
0.927171
0.815534
0.731144
0.617276
0.88797
1.14358
0.861555
0.256945
0.215299
0.288125
0.750466
1.18872
1.18872
1.18872
1.18871
1.18871
1.1887
1.1887
1.18869
1.18868
1.18866
1.18865
1.18863
1.18861
1.18858
1.18856
1.18852
1.18849
1.18845
1.18841
1.18836
1.18832
1.18826
1.18821
1.18815
1.18809
1.18802
1.18796
1.18788
1.18781
1.18772
1.18764
1.18755
1.18745
1.18735
1.18724
1.18712
1.18699
1.18686
1.18671
1.18655
1.18638
1.18621
1.18602
1.18581
1.1856
1.18538
1.18515
1.18491
1.18467
1.18442
1.18418
1.18393
1.1837
1.18346
1.18324
1.18303
1.18286
1.18271
1.18257
1.18243
1.18225
1.18194
1.1817
1.17999
1.17375
1.15682
1.10665
1.0268
1.01422
1.07295
1.13798
1.15615
1.17049
1.17512
1.17177
1.1697
1.17243
1.17861
1.18109
1.18123
1.18121
1.18115
1.18107
1.18017
1.17708
1.17219
1.16966
1.15921
0.933032
0.673053
0.655277
0.615444
0.833318
1.14817
1.17532
1.06545
0.405735
0.252141
0.318815
0.865685
1.18853
1.18853
1.18852
1.18852
1.18852
1.18851
1.1885
1.1885
1.18848
1.18848
1.18846
1.18845
1.18842
1.18841
1.18838
1.18837
1.18833
1.18831
1.18827
1.18824
1.18819
1.18816
1.18811
1.18807
1.18801
1.18796
1.1879
1.18784
1.18777
1.1877
1.18762
1.18754
1.18745
1.18735
1.18725
1.18714
1.18701
1.18688
1.18674
1.18659
1.18643
1.18625
1.18606
1.18586
1.18565
1.18543
1.18519
1.18495
1.18471
1.18446
1.18421
1.18396
1.18373
1.1835
1.18328
1.18308
1.1829
1.18273
1.18259
1.18245
1.18233
1.18222
1.1821
1.18153
1.17764
1.16368
1.11918
1.03074
1.01369
1.03372
1.04353
1.07902
1.15192
1.17857
1.18039
1.18043
1.18071
1.18103
1.18123
1.18121
1.18119
1.18112
1.18111
1.18102
1.18093
1.18069
1.18039
1.17528
1.08044
0.738109
0.620132
0.659102
0.886861
1.13617
1.17797
1.1722
1.03907
0.766014
0.637302
1.10861
1.18837
1.18837
1.18837
1.18836
1.18837
1.18835
1.18836
1.18834
1.18834
1.18832
1.18832
1.1883
1.1883
1.18827
1.18827
1.18824
1.18823
1.18819
1.18818
1.18814
1.18812
1.18808
1.18805
1.188
1.18796
1.18791
1.18786
1.1878
1.18774
1.18767
1.1876
1.18752
1.18743
1.18734
1.18724
1.18713
1.18702
1.18689
1.18675
1.18661
1.18644
1.18627
1.18608
1.18588
1.18567
1.18545
1.18521
1.18497
1.18472
1.18447
1.18422
1.18398
1.18374
1.18352
1.1833
1.1831
1.18291
1.18274
1.18259
1.18244
1.18232
1.1822
1.18209
1.18186
1.18027
1.17442
1.1541
1.08957
1.01473
0.967094
0.972959
1.02456
1.13606
1.17781
1.1812
1.18134
1.18133
1.18129
1.18128
1.18123
1.18122
1.18117
1.18116
1.18112
1.18112
1.18109
1.18105
1.17971
1.15294
0.99555
0.849464
1.13434
1.17847
1.17963
1.17989
1.17897
1.17223
1.15962
1.13018
1.17343
1.18822
1.18823
1.18821
1.18823
1.18821
1.18823
1.1882
1.18822
1.18818
1.1882
1.18817
1.18819
1.18815
1.18817
1.18813
1.18814
1.1881
1.18812
1.18807
1.18808
1.18802
1.18802
1.18796
1.18794
1.18789
1.18786
1.18781
1.18776
1.1877
1.18764
1.18757
1.18749
1.18741
1.18732
1.18722
1.18712
1.18701
1.18688
1.18675
1.1866
1.18644
1.18627
1.18608
1.18588
1.18567
1.18545
1.18521
1.18497
1.18472
1.18447
1.18423
1.18398
1.18375
1.18352
1.18331
1.18311
1.18292
1.18274
1.18259
1.18244
1.18231
1.18219
1.18203
1.18126
1.17688
1.16085
1.11649
1.04684
0.979741
0.981756
1.01227
1.09125
1.16326
1.18007
1.18133
1.18135
1.18133
1.18129
1.18128
1.18123
1.18122
1.18116
1.18115
1.18109
1.18108
1.18104
1.18097
1.1809
1.1802
1.17547
1.15554
1.1775
1.18017
1.18048
1.18054
1.18061
1.18031
1.18013
1.17894
1.18025
1.18818
1.18817
1.18818
1.18816
1.18818
1.18815
1.18817
1.18814
1.18816
1.18813
1.18815
1.18812
1.18814
1.1881
1.18812
1.18809
1.18811
1.18807
1.18808
1.18804
1.18803
1.18798
1.18797
1.18791
1.18789
1.18783
1.1878
1.18774
1.18769
1.18762
1.18755
1.18747
1.18739
1.18731
1.18721
1.18711
1.18699
1.18687
1.18674
1.18659
1.18644
1.18626
1.18608
1.18588
1.18567
1.18544
1.18521
1.18497
1.18472
1.18447
1.18423
1.18398
1.18375
1.18352
1.18331
1.18311
1.18292
1.18274
1.18258
1.18243
1.1823
1.18218
1.18207
1.18194
1.18165
1.17894
1.16507
1.11747
1.1157
1.14638
1.16688
1.17695
1.18047
1.18129
1.18138
1.18134
1.18132
1.18129
1.18128
1.18125
1.18124
1.18119
1.18118
1.18113
1.18113
1.1811
1.1811
1.18101
1.18109
1.18088
1.18111
1.18093
1.18118
1.1798
1.18024
1.1799
1.17992
1.1803
1.17973
1.18069
)
;

boundaryField
{
    AXIS
    {
        type            empty;
    }
    OUTLET
    {
        type            calculated;
        value           nonuniform List<scalar> 
50
(
1.0262
0.982693
0.899941
0.807605
0.72199
0.647825
0.584948
0.529461
0.477328
0.426334
0.379798
0.340942
0.318405
0.311437
0.309193
0.305767
0.299733
0.292319
0.282403
0.269145
0.251612
0.231036
0.212844
0.19471
0.171618
0.158278
0.159938
0.180141
0.217682
0.255971
0.286893
0.296025
0.294139
0.287775
0.270616
0.261779
0.267108
0.271726
1.18025
1.18025
1.18025
1.18025
1.18025
0.632758
1.18025
0.865659
1.10857
1.17327
1.18012
1.18024
)
;
    }
    COFLOW
    {
        type            calculated;
        value           nonuniform List<scalar> 
30
(
1.18495
1.18533
1.18541
1.18571
1.18608
1.18657
1.18712
1.1877
1.18818
1.18849
1.18856
1.18844
1.18815
1.1878
1.18748
1.18731
1.1873
1.18744
1.1877
1.18805
1.18838
1.18867
1.18886
1.18892
1.18886
1.18872
1.18853
1.18837
1.18822
1.18818
)
;
    }
    PILOT
    {
        type            calculated;
        value           nonuniform List<scalar> 10(0.193111 0.160855 0.157417 0.157437 0.157397 0.157369 0.157328 0.157364 0.157449 0.161661);
    }
    FUEL
    {
        type            calculated;
        value           nonuniform List<scalar> 10(1.04002 1.04505 1.05471 1.04366 1.05628 1.0519 1.0535 1.05485 1.05827 1.05329);
    }
    WALL
    {
        type            calculated;
        value           nonuniform List<scalar> 
100
(
1.18818
1.18817
1.18818
1.18816
1.18818
1.18815
1.18817
1.18814
1.18816
1.18813
1.18815
1.18812
1.18814
1.1881
1.18812
1.18809
1.18811
1.18807
1.18808
1.18804
1.18803
1.18798
1.18797
1.18791
1.18789
1.18783
1.1878
1.18774
1.18769
1.18762
1.18755
1.18747
1.18739
1.18731
1.18721
1.18711
1.18699
1.18687
1.18674
1.18659
1.18644
1.18626
1.18608
1.18588
1.18567
1.18544
1.18521
1.18497
1.18472
1.18447
1.18423
1.18398
1.18375
1.18352
1.18331
1.18311
1.18292
1.18274
1.18258
1.18243
1.1823
1.18218
1.18207
1.18194
1.18165
1.17894
1.16507
1.11747
1.1157
1.14638
1.16688
1.17695
1.18047
1.18129
1.18138
1.18134
1.18132
1.18129
1.18128
1.18125
1.18124
1.18119
1.18118
1.18113
1.18113
1.1811
1.1811
1.18101
1.18109
1.18088
1.18111
1.18093
1.18118
1.1798
1.18024
1.1799
1.17992
1.1803
1.17973
1.18069
)
;
    }
    front
    {
        type            wedge;
    }
    back
    {
        type            wedge;
    }
}


// ************************************************************************* //
