/*--------------------------------*- C++ -*----------------------------------*\
| =========                 |                                                 |
| \\      /  F ield         | OpenFOAM: The Open Source CFD Toolbox           |
|  \\    /   O peration     | Version:  2.3.0                                 |
|   \\  /    A nd           | Web:      www.OpenFOAM.org                      |
|    \\/     M anipulation  |                                                 |
\*---------------------------------------------------------------------------*/
FoamFile
{
    version     2.0;
    format      ascii;
    class       volScalarField;
    location    "0.02";
    object      thermo:alpha;
}
// * * * * * * * * * * * * * * * * * * * * * * * * * * * * * * * * * * * * * //

dimensions      [1 -1 -1 0 0 0 0];

internalField   nonuniform List<scalar> 
5000
(
2.61542e-05
2.61542e-05
2.61542e-05
2.61542e-05
2.61542e-05
2.61542e-05
2.61542e-05
2.61542e-05
2.61542e-05
2.61542e-05
2.61542e-05
2.61542e-05
2.61542e-05
2.61542e-05
2.61542e-05
2.61542e-05
2.61542e-05
2.61542e-05
2.61542e-05
2.61542e-05
2.61542e-05
2.61542e-05
2.61542e-05
2.61542e-05
2.61542e-05
2.61542e-05
2.61542e-05
2.61542e-05
2.61542e-05
2.61542e-05
2.61542e-05
2.61542e-05
2.61542e-05
2.61542e-05
2.61542e-05
2.61542e-05
2.61542e-05
2.61542e-05
2.61542e-05
2.61542e-05
2.61543e-05
2.61547e-05
2.61561e-05
2.61598e-05
2.61673e-05
2.61786e-05
2.61963e-05
2.62211e-05
2.62494e-05
2.62803e-05
2.62848e-05
2.62633e-05
2.62378e-05
2.62138e-05
2.61955e-05
2.61874e-05
2.61949e-05
2.62221e-05
2.62899e-05
2.64419e-05
2.67139e-05
2.71025e-05
2.75927e-05
2.81666e-05
2.88067e-05
2.94847e-05
3.01409e-05
3.06308e-05
3.06559e-05
3.00139e-05
2.91432e-05
2.82985e-05
2.74717e-05
2.66179e-05
2.63839e-05
2.6393e-05
2.64458e-05
2.65332e-05
2.66454e-05
2.67771e-05
2.69196e-05
2.70602e-05
2.71818e-05
2.72309e-05
2.71394e-05
2.69568e-05
2.6764e-05
2.65974e-05
2.64627e-05
2.63678e-05
2.63079e-05
2.62867e-05
2.62977e-05
2.63303e-05
2.63924e-05
2.64851e-05
2.65537e-05
2.65812e-05
2.65986e-05
2.66273e-05
2.61542e-05
2.61542e-05
2.61542e-05
2.61542e-05
2.61542e-05
2.61542e-05
2.61542e-05
2.61542e-05
2.61542e-05
2.61542e-05
2.61542e-05
2.61542e-05
2.61542e-05
2.61542e-05
2.61542e-05
2.61542e-05
2.61542e-05
2.61542e-05
2.61542e-05
2.61542e-05
2.61542e-05
2.61542e-05
2.61542e-05
2.61542e-05
2.61542e-05
2.61542e-05
2.61542e-05
2.61542e-05
2.61542e-05
2.61542e-05
2.61542e-05
2.61542e-05
2.61542e-05
2.61542e-05
2.61542e-05
2.61542e-05
2.61542e-05
2.61542e-05
2.61542e-05
2.61544e-05
2.61551e-05
2.61577e-05
2.61666e-05
2.61925e-05
2.62513e-05
2.63689e-05
2.65801e-05
2.6924e-05
2.74676e-05
2.85144e-05
2.92953e-05
2.89004e-05
2.81823e-05
2.75266e-05
2.7053e-05
2.65947e-05
2.64067e-05
2.65094e-05
2.68994e-05
2.76752e-05
2.88215e-05
3.02744e-05
3.21055e-05
3.43423e-05
3.69078e-05
3.95602e-05
4.2067e-05
4.45348e-05
4.71768e-05
4.79449e-05
4.69926e-05
4.23782e-05
3.40986e-05
2.85347e-05
2.71276e-05
2.71485e-05
2.74555e-05
2.81394e-05
2.90303e-05
2.99857e-05
3.09118e-05
3.1796e-05
3.27764e-05
3.38296e-05
3.4181e-05
3.38956e-05
3.25625e-05
3.02964e-05
2.86955e-05
2.75711e-05
2.67392e-05
2.65551e-05
2.65834e-05
2.6714e-05
2.70357e-05
2.75538e-05
2.77924e-05
2.77562e-05
2.7573e-05
2.75638e-05
2.61542e-05
2.61542e-05
2.61542e-05
2.61542e-05
2.61542e-05
2.61542e-05
2.61542e-05
2.61542e-05
2.61542e-05
2.61542e-05
2.61542e-05
2.61542e-05
2.61542e-05
2.61542e-05
2.61542e-05
2.61542e-05
2.61542e-05
2.61542e-05
2.61542e-05
2.61542e-05
2.61542e-05
2.61542e-05
2.61542e-05
2.61542e-05
2.61542e-05
2.61542e-05
2.61542e-05
2.61542e-05
2.61542e-05
2.61542e-05
2.61542e-05
2.61542e-05
2.61542e-05
2.61542e-05
2.61542e-05
2.61542e-05
2.61542e-05
2.61543e-05
2.61544e-05
2.6155e-05
2.61572e-05
2.61651e-05
2.61915e-05
2.6273e-05
2.64638e-05
2.68597e-05
2.75703e-05
2.86768e-05
3.02521e-05
3.26425e-05
3.61516e-05
3.86681e-05
3.83226e-05
3.57267e-05
3.07708e-05
2.73689e-05
2.68477e-05
2.7171e-05
2.83179e-05
3.02384e-05
3.27065e-05
3.55202e-05
3.86805e-05
4.21354e-05
4.56881e-05
4.90574e-05
5.20215e-05
5.45003e-05
5.70149e-05
5.98502e-05
6.00749e-05
5.77314e-05
4.85123e-05
3.41858e-05
2.8986e-05
2.89027e-05
2.95614e-05
3.10161e-05
3.279e-05
3.44734e-05
3.58978e-05
3.70959e-05
3.82257e-05
3.94944e-05
4.10442e-05
4.21333e-05
4.20523e-05
4.0789e-05
3.66055e-05
3.07247e-05
2.77834e-05
2.72306e-05
2.72954e-05
2.76553e-05
2.84379e-05
2.9579e-05
3.04069e-05
3.04051e-05
2.99492e-05
2.96011e-05
2.61542e-05
2.61542e-05
2.61542e-05
2.61542e-05
2.61542e-05
2.61542e-05
2.61542e-05
2.61542e-05
2.61542e-05
2.61542e-05
2.61542e-05
2.61542e-05
2.61542e-05
2.61542e-05
2.61542e-05
2.61542e-05
2.61542e-05
2.61542e-05
2.61542e-05
2.61542e-05
2.61542e-05
2.61542e-05
2.61542e-05
2.61542e-05
2.61542e-05
2.61542e-05
2.61542e-05
2.61542e-05
2.61544e-05
2.61547e-05
2.61549e-05
2.61546e-05
2.61544e-05
2.61543e-05
2.61542e-05
2.61543e-05
2.61543e-05
2.61546e-05
2.61552e-05
2.61567e-05
2.6163e-05
2.61856e-05
2.62602e-05
2.64841e-05
2.69993e-05
2.79509e-05
2.93662e-05
3.12033e-05
3.33589e-05
3.59303e-05
3.91628e-05
4.3471e-05
4.60466e-05
4.49933e-05
3.88059e-05
2.9951e-05
2.78393e-05
2.83698e-05
3.02493e-05
3.32728e-05
3.67279e-05
4.02828e-05
4.40213e-05
4.78897e-05
5.17714e-05
5.54906e-05
5.90686e-05
6.20663e-05
6.48765e-05
6.79436e-05
6.87022e-05
6.75257e-05
6.21606e-05
4.83743e-05
3.32704e-05
3.10259e-05
3.14509e-05
3.29076e-05
3.49606e-05
3.69075e-05
3.85283e-05
3.98782e-05
4.10978e-05
4.23398e-05
4.37781e-05
4.56444e-05
4.7285e-05
4.72365e-05
4.54517e-05
3.94118e-05
3.13535e-05
2.8537e-05
2.85038e-05
2.89618e-05
3.00913e-05
3.1748e-05
3.32534e-05
3.34754e-05
3.30161e-05
3.2261e-05
2.61542e-05
2.61542e-05
2.61542e-05
2.61542e-05
2.61542e-05
2.61542e-05
2.61542e-05
2.61542e-05
2.61542e-05
2.61542e-05
2.61542e-05
2.61542e-05
2.61542e-05
2.61542e-05
2.61542e-05
2.61542e-05
2.61542e-05
2.61542e-05
2.61542e-05
2.61542e-05
2.61542e-05
2.61542e-05
2.61542e-05
2.61542e-05
2.61542e-05
2.61544e-05
2.61548e-05
2.61563e-05
2.61607e-05
2.61689e-05
2.61741e-05
2.61681e-05
2.61609e-05
2.61575e-05
2.61562e-05
2.61559e-05
2.61561e-05
2.61567e-05
2.61584e-05
2.61627e-05
2.61768e-05
2.62293e-05
2.64031e-05
2.68707e-05
2.78306e-05
2.93534e-05
3.14093e-05
3.38355e-05
3.63975e-05
3.91401e-05
4.21794e-05
4.59396e-05
5.04263e-05
5.07208e-05
4.62693e-05
3.45309e-05
2.93714e-05
2.97851e-05
3.20124e-05
3.56875e-05
3.97522e-05
4.37722e-05
4.78647e-05
5.21172e-05
5.66208e-05
6.15324e-05
6.64062e-05
6.98658e-05
7.32025e-05
7.84831e-05
8.05476e-05
7.94425e-05
7.43207e-05
6.29227e-05
4.37678e-05
3.35957e-05
3.32559e-05
3.42051e-05
3.62023e-05
3.8405e-05
4.03525e-05
4.20133e-05
4.35218e-05
4.50233e-05
4.66364e-05
4.85482e-05
5.10387e-05
5.24929e-05
5.20271e-05
4.86712e-05
3.97817e-05
3.17163e-05
3.04698e-05
3.08644e-05
3.2172e-05
3.42071e-05
3.62124e-05
3.6735e-05
3.6304e-05
3.51743e-05
2.61542e-05
2.61542e-05
2.61542e-05
2.61542e-05
2.61542e-05
2.61542e-05
2.61542e-05
2.61543e-05
2.61544e-05
2.61545e-05
2.61545e-05
2.61543e-05
2.61542e-05
2.61542e-05
2.61542e-05
2.61542e-05
2.61542e-05
2.61543e-05
2.61543e-05
2.61543e-05
2.61543e-05
2.61544e-05
2.61547e-05
2.61553e-05
2.61565e-05
2.61595e-05
2.61686e-05
2.61966e-05
2.62714e-05
2.6426e-05
2.65775e-05
2.64825e-05
2.63153e-05
2.62327e-05
2.61981e-05
2.61862e-05
2.61832e-05
2.61833e-05
2.61835e-05
2.61879e-05
2.62083e-05
2.6312e-05
2.6643e-05
2.74475e-05
2.89227e-05
3.10348e-05
3.36762e-05
3.66003e-05
3.95443e-05
4.2592e-05
4.58344e-05
4.94189e-05
5.41074e-05
5.55972e-05
5.24596e-05
4.00392e-05
3.13308e-05
3.13507e-05
3.35629e-05
3.76314e-05
4.21586e-05
4.65009e-05
5.0985e-05
5.59952e-05
6.20587e-05
6.8538e-05
7.40901e-05
7.99823e-05
8.53001e-05
8.86574e-05
8.96236e-05
8.91955e-05
8.6809e-05
7.69099e-05
5.84023e-05
3.9389e-05
3.52019e-05
3.56365e-05
3.73964e-05
3.99706e-05
4.25487e-05
4.48462e-05
4.69363e-05
4.89673e-05
5.09932e-05
5.30282e-05
5.53589e-05
5.76501e-05
5.78317e-05
5.63855e-05
5.01857e-05
3.88564e-05
3.35206e-05
3.35474e-05
3.46478e-05
3.67461e-05
3.90548e-05
3.99177e-05
3.95341e-05
3.81513e-05
2.61542e-05
2.61542e-05
2.61542e-05
2.61542e-05
2.61543e-05
2.61547e-05
2.6156e-05
2.61594e-05
2.61642e-05
2.61684e-05
2.6167e-05
2.61606e-05
2.61573e-05
2.61557e-05
2.6155e-05
2.61553e-05
2.61568e-05
2.61586e-05
2.61585e-05
2.61577e-05
2.61578e-05
2.61595e-05
2.61646e-05
2.61751e-05
2.61949e-05
2.62361e-05
2.6341e-05
2.66172e-05
2.72605e-05
2.90779e-05
3.24328e-05
3.23823e-05
2.95722e-05
2.77427e-05
2.69219e-05
2.66015e-05
2.64769e-05
2.64251e-05
2.637e-05
2.62939e-05
2.63019e-05
2.64585e-05
2.69692e-05
2.81331e-05
3.00777e-05
3.27528e-05
3.5965e-05
3.94797e-05
4.29828e-05
4.65773e-05
5.0418e-05
5.40901e-05
5.87034e-05
6.09822e-05
5.85876e-05
4.62649e-05
3.38898e-05
3.30597e-05
3.5071e-05
3.93662e-05
4.43146e-05
4.91206e-05
5.4322e-05
6.0832e-05
6.86643e-05
7.56033e-05
8.38935e-05
8.91638e-05
9.04647e-05
9.07214e-05
9.08335e-05
9.08561e-05
9.04214e-05
8.81371e-05
7.38338e-05
5.35802e-05
3.87884e-05
3.79231e-05
3.9246e-05
4.21502e-05
4.55302e-05
4.87111e-05
5.15634e-05
5.4063e-05
5.62506e-05
5.81379e-05
5.99625e-05
6.17006e-05
6.21088e-05
6.1518e-05
5.79667e-05
4.77156e-05
3.79406e-05
3.67555e-05
3.75494e-05
3.9618e-05
4.20884e-05
4.30821e-05
4.27007e-05
4.10899e-05
2.61542e-05
2.61544e-05
2.61547e-05
2.61556e-05
2.61591e-05
2.61715e-05
2.62069e-05
2.62912e-05
2.64103e-05
2.65385e-05
2.65752e-05
2.63906e-05
2.62747e-05
2.62132e-05
2.61854e-05
2.61848e-05
2.62116e-05
2.62523e-05
2.62574e-05
2.62383e-05
2.62302e-05
2.62468e-05
2.63087e-05
2.64336e-05
2.66301e-05
2.69423e-05
2.74461e-05
2.83901e-05
3.0587e-05
3.77885e-05
5.22964e-05
5.8835e-05
5.59829e-05
4.77242e-05
3.60028e-05
3.08428e-05
2.85848e-05
2.74028e-05
2.69683e-05
2.66229e-05
2.65504e-05
2.67195e-05
2.73652e-05
2.88219e-05
3.12356e-05
3.45017e-05
3.8394e-05
4.27818e-05
4.72246e-05
5.18682e-05
5.66657e-05
6.0502e-05
6.47209e-05
6.71909e-05
6.53437e-05
5.41899e-05
3.80143e-05
3.51597e-05
3.68289e-05
4.11727e-05
4.66263e-05
5.21615e-05
5.85267e-05
6.67515e-05
7.52539e-05
8.40879e-05
9.02906e-05
9.07603e-05
8.97863e-05
8.59804e-05
8.51247e-05
8.64858e-05
8.90632e-05
8.9021e-05
8.62252e-05
6.92261e-05
4.62248e-05
4.10503e-05
4.20375e-05
4.5103e-05
4.92514e-05
5.3195e-05
5.64138e-05
5.87834e-05
6.03367e-05
6.13452e-05
6.23156e-05
6.33559e-05
6.34785e-05
6.30196e-05
6.11996e-05
5.42381e-05
4.34112e-05
4.0409e-05
4.10417e-05
4.31969e-05
4.58897e-05
4.67271e-05
4.62077e-05
4.40968e-05
2.61626e-05
2.6178e-05
2.61837e-05
2.61913e-05
2.62435e-05
2.64159e-05
2.68805e-05
2.79292e-05
2.94587e-05
3.16854e-05
3.47037e-05
3.2534e-05
2.95153e-05
2.78074e-05
2.70004e-05
2.67357e-05
2.69692e-05
2.76732e-05
2.80247e-05
2.76826e-05
2.74014e-05
2.72656e-05
2.74043e-05
2.78354e-05
2.87636e-05
3.02054e-05
3.18788e-05
3.40815e-05
3.87941e-05
4.94966e-05
6.46348e-05
7.73921e-05
7.82145e-05
7.62445e-05
6.78238e-05
5.33815e-05
3.48169e-05
3.01267e-05
2.87167e-05
2.7632e-05
2.71063e-05
2.72569e-05
2.7995e-05
2.97083e-05
3.26488e-05
3.66084e-05
4.13969e-05
4.7006e-05
5.28677e-05
5.88884e-05
6.48178e-05
6.84522e-05
7.19102e-05
7.39304e-05
7.25319e-05
6.35496e-05
4.55401e-05
3.81068e-05
3.92513e-05
4.34363e-05
4.94087e-05
5.57344e-05
6.34559e-05
7.28928e-05
8.23119e-05
9.03608e-05
9.0712e-05
8.87393e-05
8.04242e-05
7.11936e-05
7.11258e-05
7.36582e-05
8.14898e-05
8.72063e-05
8.66649e-05
8.00488e-05
5.45262e-05
4.49347e-05
4.55948e-05
4.88323e-05
5.35094e-05
5.75948e-05
6.00084e-05
6.1128e-05
6.16913e-05
6.20345e-05
6.23978e-05
6.29468e-05
6.31589e-05
6.28887e-05
6.17585e-05
5.74116e-05
4.83374e-05
4.45194e-05
4.50352e-05
4.73777e-05
5.04366e-05
5.11443e-05
5.03938e-05
4.7377e-05
2.68143e-05
2.84269e-05
2.8945e-05
2.83558e-05
2.83512e-05
2.91875e-05
3.18609e-05
3.72309e-05
4.52447e-05
5.25248e-05
6.74895e-05
7.08501e-05
6.37654e-05
4.82871e-05
3.39497e-05
2.90208e-05
2.97474e-05
3.40053e-05
4.1085e-05
4.08495e-05
3.85339e-05
3.47643e-05
3.19713e-05
3.25402e-05
3.50347e-05
3.91004e-05
4.28531e-05
4.61923e-05
5.14129e-05
6.10202e-05
7.48111e-05
8.63309e-05
8.68852e-05
8.48228e-05
8.00493e-05
7.04908e-05
5.58616e-05
3.94705e-05
3.2368e-05
2.95296e-05
2.8146e-05
2.8235e-05
2.90032e-05
3.09885e-05
3.45226e-05
3.92998e-05
4.51795e-05
5.24135e-05
5.99889e-05
6.72461e-05
7.40209e-05
7.70669e-05
7.91932e-05
8.02782e-05
7.94634e-05
7.31399e-05
5.57865e-05
4.214e-05
4.24903e-05
4.63917e-05
5.2838e-05
6.00252e-05
6.89602e-05
7.83233e-05
8.90541e-05
9.11851e-05
8.95003e-05
7.85669e-05
6.52291e-05
6.20289e-05
6.29866e-05
6.63006e-05
7.34738e-05
8.30215e-05
8.42951e-05
7.88435e-05
5.64293e-05
4.84852e-05
4.93863e-05
5.30639e-05
5.76594e-05
6.05893e-05
6.12289e-05
6.12028e-05
6.10815e-05
6.10295e-05
6.11122e-05
6.14515e-05
6.18685e-05
6.18281e-05
6.09057e-05
5.73752e-05
5.0691e-05
4.82716e-05
4.90009e-05
5.18826e-05
5.545e-05
5.619e-05
5.52246e-05
5.11248e-05
8.68111e-05
8.90194e-05
8.73805e-05
7.74893e-05
5.92714e-05
4.86818e-05
4.93961e-05
5.56234e-05
7.1063e-05
8.94819e-05
9.56166e-05
9.50966e-05
9.18708e-05
7.93211e-05
5.48203e-05
3.55827e-05
3.60794e-05
4.30064e-05
5.67884e-05
6.19582e-05
6.00824e-05
5.25286e-05
4.22837e-05
4.20932e-05
4.54041e-05
5.15522e-05
5.66258e-05
5.99723e-05
6.36422e-05
7.29856e-05
8.66729e-05
9.04418e-05
8.84726e-05
8.34359e-05
7.77096e-05
7.14682e-05
6.47757e-05
5.46194e-05
4.23441e-05
3.36714e-05
2.97498e-05
2.96905e-05
3.0492e-05
3.27699e-05
3.69122e-05
4.26199e-05
4.99212e-05
5.90641e-05
6.82839e-05
7.61943e-05
8.11042e-05
8.27515e-05
8.39052e-05
8.48116e-05
8.42163e-05
8.1234e-05
6.46324e-05
4.64821e-05
4.61296e-05
5.00389e-05
5.70275e-05
6.50081e-05
7.44161e-05
8.47858e-05
9.19162e-05
9.11677e-05
8.46053e-05
6.65563e-05
5.66214e-05
5.5473e-05
5.6586e-05
6.01981e-05
6.80483e-05
7.8497e-05
8.06755e-05
7.43695e-05
5.60238e-05
5.17129e-05
5.32347e-05
5.72334e-05
6.03673e-05
6.08905e-05
6.0768e-05
6.04558e-05
6.0318e-05
6.03528e-05
6.04685e-05
6.07588e-05
6.09138e-05
6.07612e-05
5.96603e-05
5.60328e-05
5.20009e-05
5.1651e-05
5.29472e-05
5.65021e-05
6.04634e-05
6.13428e-05
6.03457e-05
5.51869e-05
0.000100217
9.96374e-05
9.82643e-05
9.65409e-05
8.19927e-05
6.9184e-05
6.89358e-05
7.91171e-05
9.42989e-05
9.87321e-05
9.97485e-05
9.74584e-05
8.87556e-05
7.54152e-05
5.76756e-05
4.30302e-05
4.45708e-05
5.39931e-05
6.6901e-05
7.81009e-05
7.84689e-05
7.30441e-05
5.72996e-05
5.38997e-05
5.74394e-05
6.35771e-05
6.79985e-05
7.23551e-05
7.73804e-05
8.63667e-05
9.41665e-05
9.4756e-05
9.20089e-05
8.66135e-05
8.17542e-05
7.45878e-05
6.79981e-05
6.393e-05
5.57518e-05
4.30439e-05
3.30811e-05
3.17957e-05
3.26178e-05
3.52128e-05
4.01974e-05
4.72702e-05
5.64352e-05
6.72606e-05
7.71746e-05
8.25846e-05
8.27407e-05
8.31183e-05
8.34102e-05
8.45081e-05
8.43594e-05
8.20872e-05
6.6693e-05
4.96428e-05
4.9643e-05
5.42452e-05
6.20447e-05
7.0564e-05
7.9326e-05
9.04042e-05
9.29253e-05
9.07714e-05
7.77055e-05
5.94204e-05
5.19429e-05
5.19468e-05
5.32534e-05
5.67179e-05
6.39236e-05
7.43635e-05
7.54995e-05
6.82567e-05
5.57832e-05
5.47175e-05
5.69001e-05
5.99929e-05
6.07654e-05
6.06335e-05
6.02955e-05
6.0103e-05
6.01062e-05
6.01672e-05
6.02369e-05
6.01995e-05
5.99918e-05
5.93073e-05
5.74829e-05
5.48218e-05
5.43313e-05
5.49513e-05
5.72985e-05
6.06565e-05
6.37392e-05
6.45684e-05
6.36436e-05
5.91692e-05
0.000100219
0.000100452
0.000100467
9.90113e-05
9.72265e-05
9.38603e-05
9.33695e-05
9.70655e-05
9.95099e-05
0.000101037
0.000100688
9.69188e-05
8.34259e-05
6.58622e-05
5.39126e-05
5.16553e-05
5.5685e-05
6.65071e-05
8.23302e-05
8.67764e-05
8.49461e-05
7.51135e-05
6.32608e-05
6.29696e-05
6.65498e-05
7.52686e-05
8.18903e-05
8.61681e-05
9.07603e-05
9.60055e-05
9.83224e-05
9.84185e-05
9.69802e-05
9.25144e-05
8.43794e-05
7.03926e-05
6.30604e-05
6.31984e-05
6.17559e-05
5.46103e-05
4.0469e-05
3.49033e-05
3.55684e-05
3.83735e-05
4.42735e-05
5.29847e-05
6.38964e-05
7.64063e-05
8.27218e-05
8.03893e-05
7.26382e-05
7.25939e-05
7.56043e-05
8.12395e-05
8.33696e-05
8.11709e-05
6.5648e-05
5.2178e-05
5.31739e-05
5.9145e-05
6.78326e-05
7.5829e-05
8.49621e-05
9.36369e-05
9.38041e-05
9.02593e-05
7.33712e-05
5.33946e-05
4.9782e-05
5.01457e-05
5.1898e-05
5.54041e-05
6.19837e-05
7.03005e-05
6.98939e-05
6.24257e-05
5.65009e-05
5.72353e-05
5.97377e-05
6.0876e-05
6.07963e-05
6.04066e-05
6.02525e-05
6.02856e-05
6.03119e-05
6.0284e-05
6.02072e-05
5.9951e-05
5.93157e-05
5.81256e-05
5.68057e-05
5.64587e-05
5.72133e-05
5.90947e-05
6.1346e-05
6.28016e-05
6.41748e-05
6.52023e-05
6.47949e-05
6.17996e-05
0.00010013
0.000100171
0.000100275
0.00010045
0.000100392
9.97314e-05
9.95204e-05
0.000100399
0.000100619
0.000100825
0.000100887
9.86517e-05
8.84779e-05
6.85241e-05
6.09724e-05
6.16248e-05
6.95318e-05
8.44753e-05
9.05103e-05
8.7724e-05
8.10597e-05
7.4329e-05
6.91131e-05
6.98008e-05
7.94202e-05
8.87286e-05
9.39648e-05
9.65072e-05
9.79242e-05
9.89817e-05
9.98815e-05
0.000100039
9.91592e-05
9.4271e-05
8.21503e-05
6.63977e-05
5.94591e-05
5.97489e-05
6.06661e-05
5.85092e-05
4.88715e-05
3.95354e-05
3.95927e-05
4.24596e-05
4.95793e-05
6.02578e-05
7.28334e-05
8.3337e-05
8.12302e-05
6.83314e-05
5.94986e-05
6.03183e-05
6.46683e-05
7.31793e-05
8.05796e-05
7.88492e-05
6.35709e-05
5.46667e-05
5.7012e-05
6.46176e-05
7.36761e-05
8.06701e-05
9.08561e-05
9.57536e-05
9.49088e-05
8.99218e-05
7.09486e-05
5.11041e-05
4.88035e-05
4.94464e-05
5.16763e-05
5.58066e-05
6.21537e-05
6.64972e-05
6.44933e-05
5.8548e-05
5.78322e-05
5.97088e-05
6.12703e-05
6.1244e-05
6.11266e-05
6.12219e-05
6.15675e-05
6.19151e-05
6.19062e-05
6.16999e-05
6.137e-05
6.10805e-05
6.07291e-05
6.00288e-05
5.9592e-05
5.99774e-05
6.17088e-05
6.29406e-05
6.29768e-05
6.29473e-05
6.3107e-05
6.36353e-05
6.41419e-05
6.26697e-05
0.000100124
0.000100125
0.000100134
0.000100153
0.000100196
0.000100254
0.000100283
0.000100231
0.000100269
0.000100358
0.000100477
9.98644e-05
9.72654e-05
8.71414e-05
7.89416e-05
8.08267e-05
8.96912e-05
9.62224e-05
9.62552e-05
9.11018e-05
8.16251e-05
7.568e-05
7.67102e-05
8.33017e-05
9.33748e-05
9.73339e-05
9.83578e-05
9.87102e-05
9.87788e-05
9.90488e-05
9.92204e-05
9.99258e-05
0.000100089
9.5377e-05
8.02283e-05
6.47641e-05
5.83551e-05
5.82942e-05
5.95284e-05
5.88647e-05
5.40697e-05
4.48981e-05
4.42845e-05
4.75769e-05
5.65375e-05
6.85298e-05
8.20855e-05
8.40988e-05
7.02707e-05
5.34103e-05
4.96592e-05
5.14038e-05
5.63388e-05
6.60238e-05
7.6183e-05
7.46648e-05
6.10239e-05
5.73299e-05
6.14609e-05
7.05747e-05
7.8781e-05
8.7435e-05
9.54369e-05
9.73982e-05
9.59579e-05
8.99223e-05
7.05255e-05
5.08758e-05
4.84208e-05
4.91642e-05
5.19573e-05
5.7097e-05
6.20259e-05
6.24318e-05
5.9507e-05
5.79068e-05
5.95467e-05
6.18902e-05
6.25756e-05
6.27673e-05
6.31284e-05
6.39367e-05
6.50377e-05
6.55897e-05
6.55707e-05
6.52771e-05
6.4769e-05
6.43103e-05
6.40331e-05
6.37007e-05
6.34777e-05
6.34634e-05
6.34807e-05
6.31679e-05
6.32417e-05
6.36413e-05
6.34806e-05
6.33081e-05
6.35087e-05
6.29565e-05
0.000100124
0.00010012
0.000100112
0.000100095
0.000100078
0.000100059
0.000100025
9.9941e-05
9.98187e-05
9.96255e-05
9.95477e-05
9.97051e-05
9.87418e-05
9.7485e-05
9.66014e-05
9.69068e-05
9.75746e-05
9.88675e-05
9.87591e-05
9.72823e-05
9.28599e-05
8.9221e-05
9.13283e-05
9.65745e-05
9.7552e-05
9.8051e-05
9.78065e-05
9.71222e-05
9.62993e-05
9.55997e-05
9.58302e-05
9.80629e-05
0.000100341
9.74405e-05
8.63423e-05
6.76741e-05
6.03232e-05
5.79334e-05
5.85974e-05
5.83128e-05
5.52492e-05
4.86028e-05
4.87222e-05
5.36508e-05
6.44373e-05
7.74284e-05
8.64488e-05
7.98993e-05
5.71495e-05
4.5042e-05
4.50817e-05
4.76907e-05
5.33312e-05
6.31636e-05
7.24646e-05
6.94657e-05
5.96479e-05
6.00314e-05
6.67474e-05
7.60208e-05
8.52545e-05
9.37237e-05
9.83223e-05
9.86676e-05
9.69054e-05
9.03399e-05
7.4207e-05
5.29434e-05
4.83548e-05
4.88518e-05
5.13682e-05
5.64765e-05
5.909e-05
5.8447e-05
5.76733e-05
5.87231e-05
6.2205e-05
6.46427e-05
6.55237e-05
6.61722e-05
6.71366e-05
6.85168e-05
6.98082e-05
7.01759e-05
7.0052e-05
6.94858e-05
6.85346e-05
6.73343e-05
6.60644e-05
6.51049e-05
6.42099e-05
6.28452e-05
6.27684e-05
6.42348e-05
6.67e-05
6.93219e-05
6.93465e-05
6.66144e-05
6.4091e-05
6.34008e-05
0.00010012
0.000100103
0.00010007
0.000100009
9.99217e-05
9.98171e-05
9.96769e-05
9.94551e-05
9.91386e-05
9.85778e-05
9.80048e-05
9.78455e-05
9.80941e-05
9.78798e-05
9.7512e-05
9.75855e-05
9.7952e-05
9.79194e-05
9.76219e-05
9.77031e-05
9.71965e-05
9.71308e-05
9.68586e-05
9.63333e-05
9.56456e-05
9.49617e-05
9.31858e-05
9.10009e-05
8.96836e-05
8.94585e-05
9.06554e-05
9.49224e-05
9.9562e-05
9.89256e-05
9.66001e-05
8.66229e-05
6.65718e-05
5.95564e-05
5.74621e-05
5.7206e-05
5.43167e-05
5.12526e-05
5.31752e-05
6.08604e-05
7.15671e-05
8.66434e-05
8.77087e-05
7.05037e-05
4.69928e-05
4.22256e-05
4.34382e-05
4.75644e-05
5.45186e-05
6.42889e-05
6.91043e-05
6.4362e-05
5.98937e-05
6.35143e-05
7.23844e-05
8.12409e-05
9.19904e-05
9.78869e-05
9.97704e-05
9.95306e-05
9.73481e-05
9.07585e-05
7.83435e-05
5.79645e-05
4.88908e-05
4.85799e-05
4.9973e-05
5.30122e-05
5.51277e-05
5.62814e-05
5.79746e-05
6.15668e-05
6.63266e-05
6.88065e-05
6.99584e-05
7.08868e-05
7.20539e-05
7.34017e-05
7.42139e-05
7.4233e-05
7.40262e-05
7.34227e-05
7.24383e-05
7.03613e-05
6.68198e-05
6.36355e-05
6.31953e-05
6.37091e-05
6.53071e-05
6.80679e-05
7.36367e-05
7.72129e-05
7.74381e-05
7.02672e-05
6.46055e-05
6.42026e-05
0.000100094
0.000100001
9.98288e-05
9.95728e-05
9.92728e-05
9.8965e-05
9.86052e-05
9.8146e-05
9.74937e-05
9.64556e-05
9.53192e-05
9.47385e-05
9.49093e-05
9.5355e-05
9.54558e-05
9.51864e-05
9.43798e-05
9.32689e-05
9.27561e-05
9.30424e-05
9.34662e-05
9.33844e-05
9.24231e-05
9.13077e-05
8.99356e-05
8.81001e-05
8.44601e-05
8.16038e-05
8.13178e-05
8.22528e-05
8.51386e-05
9.06964e-05
9.65665e-05
9.73425e-05
9.75016e-05
9.70779e-05
8.67424e-05
6.56549e-05
5.81626e-05
5.58056e-05
5.39161e-05
5.42029e-05
5.90667e-05
6.81435e-05
8.3096e-05
9.09067e-05
8.71377e-05
6.19833e-05
4.26645e-05
4.14612e-05
4.30261e-05
4.8254e-05
5.69251e-05
6.51302e-05
6.53639e-05
6.09737e-05
6.17707e-05
6.80416e-05
7.71886e-05
8.86807e-05
9.71244e-05
9.99527e-05
0.000100513
0.000100134
9.76002e-05
9.1085e-05
8.1572e-05
6.54822e-05
5.22775e-05
4.93731e-05
4.98679e-05
5.18771e-05
5.44937e-05
5.69848e-05
6.0658e-05
6.61719e-05
7.12475e-05
7.3603e-05
7.46716e-05
7.54084e-05
7.61528e-05
7.68903e-05
7.95597e-05
8.08895e-05
8.08059e-05
7.97028e-05
7.69825e-05
7.42088e-05
7.02176e-05
6.6675e-05
6.63079e-05
6.70677e-05
7.02424e-05
7.70831e-05
8.51617e-05
8.51822e-05
8.13841e-05
6.97438e-05
6.49228e-05
6.52236e-05
9.98706e-05
9.92965e-05
9.84298e-05
9.72046e-05
9.62076e-05
9.56688e-05
9.52126e-05
9.44827e-05
9.32791e-05
9.1322e-05
8.94465e-05
8.85942e-05
8.88501e-05
8.93589e-05
8.94397e-05
8.89464e-05
8.76879e-05
8.62398e-05
8.52995e-05
8.53463e-05
8.57908e-05
8.57876e-05
8.53215e-05
8.41876e-05
8.1629e-05
7.77233e-05
7.29916e-05
7.1862e-05
7.2942e-05
7.54124e-05
7.9195e-05
8.50259e-05
9.03618e-05
9.10993e-05
9.19694e-05
9.45559e-05
9.68018e-05
7.52391e-05
6.22415e-05
5.71786e-05
5.61471e-05
5.90751e-05
6.63742e-05
7.73525e-05
9.22797e-05
9.33633e-05
8.51876e-05
5.75695e-05
4.21941e-05
4.137e-05
4.28159e-05
4.76745e-05
5.69715e-05
6.26211e-05
6.10416e-05
6.05431e-05
6.44234e-05
7.31589e-05
8.41738e-05
9.50692e-05
9.95287e-05
0.000100856
0.000100945
0.000100547
9.77874e-05
9.15847e-05
8.40432e-05
7.24169e-05
5.90214e-05
5.27543e-05
5.21888e-05
5.33611e-05
5.61294e-05
6.0183e-05
6.55085e-05
7.15973e-05
7.59872e-05
7.77287e-05
7.8391e-05
7.86961e-05
8.08883e-05
8.58312e-05
9.03105e-05
9.19318e-05
9.1924e-05
9.08305e-05
8.80032e-05
8.26881e-05
7.56108e-05
7.1485e-05
7.1351e-05
7.2384e-05
7.97123e-05
8.90661e-05
9.33423e-05
9.07063e-05
8.21254e-05
6.88212e-05
6.55981e-05
6.66521e-05
9.70427e-05
9.31788e-05
9.0148e-05
8.7691e-05
8.67917e-05
8.70037e-05
8.68437e-05
8.58951e-05
8.38328e-05
8.07218e-05
7.82611e-05
7.7541e-05
7.80762e-05
7.87809e-05
7.89595e-05
7.86597e-05
7.76233e-05
7.68166e-05
7.65728e-05
7.695e-05
7.77229e-05
7.78812e-05
7.72786e-05
7.50915e-05
7.0554e-05
6.56961e-05
6.28931e-05
6.33345e-05
6.60256e-05
6.92117e-05
7.29582e-05
7.77775e-05
8.14147e-05
8.08068e-05
8.129e-05
8.4734e-05
9.32022e-05
9.22142e-05
6.71763e-05
6.18983e-05
6.18686e-05
6.61114e-05
7.41904e-05
8.88558e-05
9.72916e-05
9.58692e-05
8.41785e-05
5.74798e-05
4.51999e-05
4.36591e-05
4.4226e-05
4.688e-05
5.30558e-05
5.68371e-05
5.82762e-05
6.1413e-05
6.8786e-05
7.85703e-05
9.18118e-05
9.86131e-05
0.000100583
0.000100874
0.000100988
0.000100803
9.78944e-05
9.21605e-05
8.6181e-05
7.79229e-05
6.66232e-05
5.89023e-05
5.69638e-05
5.77485e-05
6.08262e-05
6.56601e-05
7.13675e-05
7.65986e-05
7.97549e-05
8.07458e-05
8.16213e-05
8.53437e-05
9.03813e-05
9.55045e-05
9.73269e-05
9.77499e-05
9.78174e-05
9.75398e-05
9.62117e-05
9.27897e-05
8.74007e-05
8.28611e-05
8.24851e-05
8.45152e-05
9.12573e-05
9.70029e-05
9.79934e-05
9.44834e-05
8.23697e-05
6.92815e-05
6.67368e-05
6.86884e-05
4.42201e-05
5.50587e-05
6.07731e-05
6.3885e-05
6.62018e-05
6.85021e-05
6.85462e-05
6.74318e-05
6.49336e-05
6.21989e-05
6.12077e-05
6.15452e-05
6.2473e-05
6.3359e-05
6.42535e-05
6.52105e-05
6.56019e-05
6.61906e-05
6.68597e-05
6.76956e-05
6.85331e-05
6.83398e-05
6.67766e-05
6.34748e-05
5.88962e-05
5.59957e-05
5.55043e-05
5.69172e-05
6.04089e-05
6.3186e-05
6.60399e-05
6.90838e-05
7.01613e-05
6.86649e-05
6.88319e-05
7.15504e-05
8.13336e-05
9.57051e-05
8.3917e-05
6.98089e-05
6.92419e-05
7.55109e-05
8.69286e-05
9.73287e-05
9.94634e-05
9.82416e-05
8.4644e-05
6.16228e-05
5.03551e-05
4.79367e-05
4.78841e-05
4.87541e-05
5.19069e-05
5.55837e-05
5.91602e-05
6.50965e-05
7.39876e-05
8.76332e-05
9.75882e-05
9.9893e-05
0.000100005
0.000100047
0.000100528
0.00010093
9.80803e-05
9.30839e-05
8.8358e-05
8.23202e-05
7.42199e-05
6.73079e-05
6.46427e-05
6.5017e-05
6.77696e-05
7.23109e-05
7.69025e-05
8.05319e-05
8.29387e-05
8.57066e-05
8.97373e-05
9.45808e-05
9.72229e-05
9.66292e-05
9.6203e-05
9.64018e-05
9.69608e-05
9.78163e-05
9.81315e-05
9.77807e-05
9.68225e-05
9.4672e-05
9.43758e-05
9.56684e-05
9.74706e-05
9.82664e-05
9.87873e-05
9.76069e-05
8.35811e-05
7.13298e-05
6.85163e-05
7.16423e-05
2.77058e-05
3.11238e-05
3.42636e-05
3.70709e-05
3.95424e-05
4.16747e-05
4.21798e-05
4.20055e-05
4.17223e-05
4.19582e-05
4.30119e-05
4.45734e-05
4.62427e-05
4.79758e-05
4.9811e-05
5.13693e-05
5.2179e-05
5.33895e-05
5.44895e-05
5.54762e-05
5.64904e-05
5.61088e-05
5.47505e-05
5.2869e-05
5.08999e-05
5.02442e-05
5.06126e-05
5.24947e-05
5.55841e-05
5.71408e-05
5.83812e-05
5.91131e-05
5.82601e-05
5.63573e-05
5.65706e-05
5.87616e-05
6.58603e-05
8.37302e-05
9.59033e-05
8.77513e-05
8.54108e-05
9.15999e-05
9.72387e-05
9.79686e-05
9.9486e-05
9.91717e-05
8.73633e-05
6.80699e-05
5.82106e-05
5.52305e-05
5.44322e-05
5.36607e-05
5.47381e-05
5.81743e-05
6.39707e-05
7.13575e-05
8.31806e-05
9.59811e-05
9.87797e-05
9.88006e-05
9.7902e-05
9.81637e-05
9.97907e-05
0.00010096
9.84643e-05
9.46724e-05
9.10828e-05
8.65216e-05
8.04491e-05
7.54911e-05
7.31766e-05
7.32598e-05
7.51417e-05
7.83077e-05
8.13785e-05
8.47552e-05
8.94267e-05
9.39931e-05
9.70935e-05
9.57346e-05
9.16868e-05
8.75341e-05
8.71161e-05
8.79565e-05
8.97627e-05
9.17584e-05
9.30812e-05
9.4517e-05
9.55849e-05
9.63234e-05
9.6308e-05
9.59877e-05
9.43006e-05
9.41774e-05
9.62348e-05
9.92177e-05
8.6726e-05
7.52706e-05
7.13495e-05
7.56124e-05
2.63647e-05
2.67349e-05
2.71929e-05
2.77251e-05
2.83508e-05
2.90152e-05
2.95888e-05
3.0111e-05
3.05929e-05
3.11757e-05
3.19972e-05
3.29707e-05
3.39967e-05
3.52424e-05
3.68151e-05
3.86803e-05
4.05725e-05
4.23588e-05
4.40691e-05
4.59043e-05
4.76584e-05
4.86011e-05
4.85104e-05
4.80729e-05
4.74017e-05
4.74042e-05
4.79909e-05
4.94354e-05
5.12104e-05
5.13733e-05
5.10969e-05
4.99278e-05
4.8249e-05
4.68216e-05
4.71784e-05
4.90538e-05
5.36856e-05
6.43622e-05
8.00223e-05
9.36478e-05
9.58055e-05
9.48396e-05
9.35632e-05
9.42531e-05
9.67112e-05
9.93045e-05
9.21728e-05
7.43773e-05
6.78708e-05
6.50667e-05
6.37471e-05
6.19547e-05
6.20611e-05
6.57769e-05
7.13719e-05
8.08894e-05
9.37479e-05
9.79001e-05
9.59817e-05
9.43121e-05
9.37976e-05
9.52052e-05
9.89634e-05
0.000100997
9.92482e-05
9.70375e-05
9.47534e-05
9.15152e-05
8.66457e-05
8.2229e-05
8.0189e-05
8.00599e-05
8.12908e-05
8.37208e-05
8.74454e-05
9.2432e-05
9.68991e-05
9.56751e-05
8.91929e-05
7.90516e-05
7.31765e-05
7.2176e-05
7.29394e-05
7.53846e-05
7.75902e-05
7.90362e-05
7.9881e-05
8.11047e-05
8.2567e-05
8.47399e-05
8.49042e-05
8.41988e-05
8.33727e-05
8.48409e-05
8.99065e-05
9.89138e-05
9.17556e-05
7.93861e-05
7.5248e-05
7.98516e-05
2.62812e-05
2.63106e-05
2.63593e-05
2.6435e-05
2.65502e-05
2.6698e-05
2.68533e-05
2.7019e-05
2.71892e-05
2.73949e-05
2.7682e-05
2.81289e-05
2.87475e-05
2.95474e-05
3.11326e-05
3.38342e-05
3.73621e-05
4.12965e-05
4.47428e-05
4.74384e-05
4.84072e-05
4.8352e-05
4.74801e-05
4.63742e-05
4.61468e-05
4.63237e-05
4.67324e-05
4.7448e-05
4.79178e-05
4.75566e-05
4.6479e-05
4.46733e-05
4.30877e-05
4.26128e-05
4.29696e-05
4.42835e-05
4.73239e-05
5.34166e-05
6.2007e-05
7.28346e-05
7.90948e-05
8.12139e-05
8.39955e-05
8.7432e-05
9.17556e-05
9.75237e-05
9.73127e-05
8.43857e-05
7.69775e-05
7.42664e-05
7.32181e-05
7.13411e-05
7.10711e-05
7.5266e-05
8.35621e-05
9.33294e-05
9.69683e-05
9.12623e-05
8.7074e-05
8.67709e-05
8.82206e-05
9.26929e-05
9.84101e-05
0.000100937
0.000100177
9.92159e-05
9.83613e-05
9.71105e-05
9.41351e-05
9.04077e-05
8.82263e-05
8.80566e-05
8.93021e-05
9.18713e-05
9.57871e-05
9.6384e-05
8.84293e-05
7.27216e-05
6.21945e-05
5.85282e-05
5.81239e-05
5.87697e-05
6.08696e-05
6.36692e-05
6.48146e-05
6.51735e-05
6.52728e-05
6.55536e-05
6.60661e-05
6.71663e-05
6.81046e-05
6.93396e-05
7.12759e-05
7.5627e-05
8.26733e-05
9.5356e-05
9.70046e-05
8.35763e-05
7.97502e-05
8.49981e-05
2.62759e-05
2.62781e-05
2.62828e-05
2.62921e-05
2.63094e-05
2.6334e-05
2.63593e-05
2.63892e-05
2.64349e-05
2.65301e-05
2.67015e-05
2.71642e-05
2.85447e-05
3.10595e-05
3.47728e-05
3.92664e-05
4.39337e-05
4.80017e-05
5.09768e-05
5.14694e-05
5.05479e-05
4.84713e-05
4.64133e-05
4.57305e-05
4.58366e-05
4.6113e-05
4.65e-05
4.68978e-05
4.68843e-05
4.64328e-05
4.51576e-05
4.31693e-05
4.16289e-05
4.15097e-05
4.18228e-05
4.28584e-05
4.54505e-05
4.98535e-05
5.54582e-05
6.19425e-05
6.70992e-05
7.1541e-05
7.62524e-05
8.09415e-05
8.57598e-05
9.25279e-05
9.86386e-05
9.50006e-05
9.04184e-05
8.78979e-05
8.64346e-05
8.46744e-05
8.61255e-05
9.07368e-05
9.65435e-05
9.60254e-05
8.54589e-05
7.57439e-05
7.51081e-05
7.78185e-05
8.34813e-05
9.07209e-05
9.7147e-05
9.98421e-05
9.94253e-05
9.8178e-05
9.72076e-05
9.72632e-05
9.75377e-05
9.73779e-05
9.67408e-05
9.67277e-05
9.70616e-05
9.62099e-05
8.96139e-05
7.01504e-05
5.62455e-05
5.14551e-05
5.05358e-05
5.07704e-05
5.15559e-05
5.2783e-05
5.4372e-05
5.59853e-05
5.69911e-05
5.75928e-05
5.80007e-05
5.83879e-05
5.88334e-05
5.94787e-05
6.03746e-05
6.17799e-05
6.4145e-05
6.87536e-05
7.52851e-05
8.82153e-05
9.87362e-05
9.13997e-05
8.6083e-05
9.25925e-05
2.62756e-05
2.62757e-05
2.62761e-05
2.6277e-05
2.6279e-05
2.6282e-05
2.62865e-05
2.62966e-05
2.63201e-05
2.64011e-05
2.66699e-05
2.75075e-05
2.98629e-05
3.43814e-05
4.06567e-05
4.71253e-05
5.22963e-05
5.47241e-05
5.47706e-05
5.2886e-05
4.91036e-05
4.64167e-05
4.55847e-05
4.60992e-05
4.70662e-05
4.81617e-05
4.89977e-05
4.94884e-05
4.97619e-05
5.01334e-05
5.00468e-05
4.95984e-05
4.8717e-05
4.82403e-05
4.78583e-05
4.76365e-05
4.83024e-05
5.03683e-05
5.45253e-05
5.95345e-05
6.4465e-05
6.89986e-05
7.30183e-05
7.67671e-05
8.06595e-05
8.62158e-05
9.50163e-05
9.84408e-05
9.82853e-05
9.78726e-05
9.75036e-05
9.69855e-05
9.73754e-05
9.67234e-05
9.15032e-05
7.55616e-05
6.23826e-05
6.0909e-05
6.37063e-05
7.02083e-05
7.88449e-05
8.7551e-05
9.38244e-05
9.49946e-05
9.2851e-05
8.86724e-05
8.41101e-05
8.33323e-05
8.49022e-05
8.75922e-05
8.91293e-05
8.67805e-05
7.80708e-05
6.33043e-05
5.18745e-05
4.70768e-05
4.62438e-05
4.65052e-05
4.73361e-05
4.8595e-05
4.98442e-05
5.10997e-05
5.23292e-05
5.34605e-05
5.44292e-05
5.51966e-05
5.57815e-05
5.62684e-05
5.67692e-05
5.73465e-05
5.81509e-05
5.94016e-05
6.11523e-05
6.41336e-05
6.87122e-05
7.90473e-05
9.44337e-05
9.78592e-05
9.46702e-05
9.83447e-05
2.62756e-05
2.62756e-05
2.62756e-05
2.62757e-05
2.62759e-05
2.62765e-05
2.62787e-05
2.62873e-05
2.63183e-05
2.64273e-05
2.67963e-05
2.79814e-05
3.13517e-05
3.76495e-05
4.57187e-05
5.27958e-05
5.6722e-05
5.65168e-05
5.40044e-05
4.89333e-05
4.51954e-05
4.52753e-05
4.66271e-05
4.88406e-05
5.10286e-05
5.2936e-05
5.49555e-05
5.68838e-05
5.8662e-05
6.05598e-05
6.09461e-05
6.04244e-05
5.90825e-05
5.767e-05
5.59738e-05
5.44918e-05
5.40545e-05
5.52252e-05
5.89276e-05
6.34247e-05
6.79146e-05
7.13143e-05
7.38447e-05
7.61338e-05
7.90918e-05
8.29728e-05
8.83664e-05
9.38881e-05
9.6089e-05
9.69042e-05
9.66038e-05
9.50622e-05
8.95694e-05
7.65096e-05
5.8988e-05
5.03414e-05
4.89915e-05
5.03852e-05
5.45947e-05
6.25159e-05
7.29755e-05
8.20683e-05
8.58569e-05
8.35125e-05
7.67313e-05
6.86146e-05
6.06212e-05
5.71879e-05
5.6485e-05
5.59656e-05
5.20851e-05
4.75775e-05
4.46716e-05
4.32182e-05
4.32362e-05
4.44696e-05
4.66376e-05
4.85914e-05
5.00273e-05
5.10411e-05
5.17953e-05
5.25273e-05
5.31465e-05
5.39576e-05
5.52959e-05
5.67785e-05
5.81726e-05
5.94085e-05
6.04747e-05
6.05649e-05
6.02771e-05
6.02484e-05
6.07635e-05
6.20246e-05
6.48212e-05
7.07036e-05
8.22823e-05
9.61481e-05
9.84473e-05
9.88712e-05
2.62756e-05
2.62756e-05
2.62756e-05
2.62756e-05
2.62756e-05
2.62758e-05
2.62773e-05
2.62844e-05
2.63115e-05
2.641e-05
2.67534e-05
2.78907e-05
3.13484e-05
3.85087e-05
4.77859e-05
5.49284e-05
5.68831e-05
5.52097e-05
4.93613e-05
4.34711e-05
4.37857e-05
4.62465e-05
4.95935e-05
5.16911e-05
5.37057e-05
5.6381e-05
5.93987e-05
6.24121e-05
6.53266e-05
6.78993e-05
6.89008e-05
6.84678e-05
6.69382e-05
6.4751e-05
6.22438e-05
6.0406e-05
6.00455e-05
6.20146e-05
6.60436e-05
6.92838e-05
7.15402e-05
7.37174e-05
7.69114e-05
7.96132e-05
8.13624e-05
8.32508e-05
8.63758e-05
8.92833e-05
9.04278e-05
8.95139e-05
8.35626e-05
7.22235e-05
5.69941e-05
4.58446e-05
4.33808e-05
4.39485e-05
4.47214e-05
4.58214e-05
4.83297e-05
5.49799e-05
6.60649e-05
7.33048e-05
7.12823e-05
6.46297e-05
5.45007e-05
4.71567e-05
4.25332e-05
3.96973e-05
3.88779e-05
3.87715e-05
3.89016e-05
3.96525e-05
4.179e-05
4.47609e-05
4.78241e-05
4.99763e-05
5.12331e-05
5.22922e-05
5.36792e-05
5.54455e-05
5.71591e-05
5.87513e-05
6.02956e-05
6.24508e-05
6.58714e-05
6.92685e-05
7.17603e-05
7.40968e-05
7.62187e-05
7.57138e-05
7.34954e-05
6.95925e-05
6.69775e-05
6.58909e-05
6.59604e-05
6.68563e-05
7.03681e-05
8.03664e-05
9.00236e-05
9.30912e-05
2.62756e-05
2.62756e-05
2.62756e-05
2.62756e-05
2.62756e-05
2.62757e-05
2.62766e-05
2.62834e-05
2.63105e-05
2.64131e-05
2.67823e-05
2.80293e-05
3.18531e-05
3.96412e-05
4.87805e-05
5.46398e-05
5.52466e-05
5.07556e-05
4.23383e-05
4.00423e-05
4.35491e-05
4.87973e-05
5.13302e-05
5.2597e-05
5.46212e-05
5.80567e-05
6.20392e-05
6.61002e-05
6.97365e-05
7.23738e-05
7.34045e-05
7.29661e-05
7.13672e-05
6.88357e-05
6.61944e-05
6.48419e-05
6.56937e-05
6.83164e-05
6.95878e-05
6.96678e-05
6.9283e-05
7.16104e-05
7.87031e-05
8.36162e-05
8.52604e-05
8.60116e-05
8.64315e-05
8.65368e-05
8.31967e-05
7.36399e-05
5.77326e-05
4.50056e-05
4.03471e-05
4.05476e-05
4.27284e-05
4.57536e-05
4.61763e-05
4.53199e-05
4.59164e-05
4.98885e-05
5.98837e-05
5.9889e-05
5.33069e-05
4.55016e-05
3.9705e-05
3.68381e-05
3.61447e-05
3.61981e-05
3.68763e-05
3.83253e-05
4.07682e-05
4.43194e-05
4.84459e-05
5.1032e-05
5.16864e-05
5.23817e-05
5.46027e-05
5.84028e-05
6.36551e-05
6.88323e-05
7.21552e-05
7.42358e-05
7.57799e-05
7.76115e-05
8.00527e-05
8.24161e-05
8.43844e-05
8.62006e-05
8.84466e-05
8.94351e-05
8.88695e-05
8.64083e-05
8.23778e-05
7.79774e-05
7.56542e-05
7.21199e-05
7.01067e-05
7.1674e-05
7.60457e-05
8.38712e-05
2.62756e-05
2.62756e-05
2.62756e-05
2.62756e-05
2.62756e-05
2.62756e-05
2.6276e-05
2.62797e-05
2.62982e-05
2.63712e-05
2.66448e-05
2.76128e-05
3.07264e-05
3.80569e-05
4.71734e-05
5.21597e-05
5.09249e-05
4.37699e-05
3.60299e-05
3.7449e-05
4.40909e-05
4.97765e-05
5.08077e-05
5.11968e-05
5.38828e-05
5.83849e-05
6.33506e-05
6.84987e-05
7.24451e-05
7.48209e-05
7.56446e-05
7.51889e-05
7.34458e-05
7.08489e-05
6.8818e-05
6.85101e-05
6.916e-05
6.89339e-05
6.50752e-05
6.00851e-05
5.80211e-05
6.37373e-05
7.94817e-05
8.56564e-05
8.72517e-05
8.71642e-05
8.48141e-05
7.95748e-05
6.72944e-05
5.09867e-05
4.0641e-05
3.87003e-05
3.93607e-05
4.0941e-05
4.44103e-05
4.98276e-05
5.03807e-05
4.80553e-05
4.70567e-05
5.02439e-05
5.35895e-05
4.82669e-05
4.11104e-05
3.71622e-05
3.57674e-05
3.58592e-05
3.71426e-05
3.93783e-05
4.24709e-05
4.55475e-05
4.88916e-05
5.16484e-05
5.20132e-05
5.17188e-05
5.24295e-05
5.67143e-05
6.49999e-05
7.4125e-05
7.94588e-05
8.12068e-05
8.19606e-05
8.24855e-05
8.31329e-05
8.38722e-05
8.47649e-05
8.61879e-05
8.7951e-05
8.99116e-05
9.22769e-05
9.47619e-05
9.56874e-05
9.52451e-05
9.42763e-05
9.24513e-05
9.14843e-05
8.7516e-05
7.80207e-05
7.12942e-05
7.17189e-05
7.64497e-05
2.62756e-05
2.62756e-05
2.62756e-05
2.62756e-05
2.62756e-05
2.62756e-05
2.62757e-05
2.62773e-05
2.62889e-05
2.63382e-05
2.65278e-05
2.72139e-05
2.94804e-05
3.575e-05
4.419e-05
4.70535e-05
4.39004e-05
3.48115e-05
3.153e-05
3.51538e-05
4.44403e-05
4.88717e-05
4.81694e-05
4.73277e-05
5.02546e-05
5.6814e-05
6.37561e-05
6.98642e-05
7.38206e-05
7.5878e-05
7.65159e-05
7.60093e-05
7.4075e-05
7.18803e-05
7.09315e-05
7.05134e-05
6.81103e-05
6.24088e-05
5.26182e-05
4.48525e-05
4.28012e-05
5.30247e-05
7.76736e-05
8.49779e-05
8.66502e-05
8.51755e-05
7.77952e-05
6.38179e-05
4.82638e-05
4.13842e-05
3.98075e-05
3.93351e-05
3.95052e-05
4.11688e-05
4.54898e-05
5.18165e-05
5.35563e-05
5.12647e-05
4.91088e-05
5.04135e-05
4.80995e-05
4.22074e-05
3.78757e-05
3.72969e-05
3.7854e-05
3.96143e-05
4.32637e-05
4.79997e-05
5.08891e-05
5.2534e-05
5.24827e-05
5.15459e-05
4.97979e-05
5.07052e-05
5.64193e-05
7.04716e-05
8.05136e-05
8.38438e-05
8.38289e-05
8.33636e-05
8.30172e-05
8.29986e-05
8.32968e-05
8.37784e-05
8.4387e-05
8.5893e-05
8.8097e-05
9.08392e-05
9.4286e-05
9.74847e-05
9.92977e-05
9.93986e-05
9.94453e-05
9.93722e-05
9.96092e-05
9.87792e-05
9.24199e-05
7.74817e-05
7.05622e-05
7.15001e-05
2.62756e-05
2.62756e-05
2.62756e-05
2.62756e-05
2.62756e-05
2.62756e-05
2.62756e-05
2.62761e-05
2.62804e-05
2.63054e-05
2.64052e-05
2.67802e-05
2.80878e-05
3.2204e-05
3.92072e-05
4.13313e-05
3.88112e-05
3.13406e-05
2.93795e-05
3.28583e-05
4.2638e-05
4.67896e-05
4.50637e-05
4.35775e-05
4.57913e-05
5.36057e-05
6.33823e-05
7.03423e-05
7.42652e-05
7.62206e-05
7.67775e-05
7.63055e-05
7.4678e-05
7.31937e-05
7.15158e-05
6.84316e-05
6.16209e-05
5.05323e-05
3.98626e-05
3.4382e-05
3.3157e-05
4.08914e-05
6.87841e-05
8.1892e-05
8.40002e-05
7.81883e-05
6.5055e-05
5.13421e-05
4.58559e-05
4.42405e-05
4.40833e-05
4.15221e-05
3.89796e-05
3.99474e-05
4.48817e-05
5.24366e-05
5.57317e-05
5.33131e-05
5.05594e-05
4.91519e-05
4.55244e-05
4.18846e-05
4.00261e-05
4.0131e-05
4.1673e-05
4.56606e-05
5.0593e-05
5.33331e-05
5.37928e-05
5.30553e-05
5.07548e-05
4.81745e-05
4.95861e-05
5.63068e-05
7.19146e-05
8.40294e-05
8.47442e-05
8.21224e-05
7.82229e-05
7.52212e-05
7.40135e-05
7.41273e-05
7.48817e-05
7.65512e-05
7.91944e-05
8.29496e-05
8.70697e-05
9.1833e-05
9.70652e-05
0.000100071
0.000100761
0.000100659
0.000100573
0.000100532
0.000100483
0.000100749
9.9988e-05
8.7895e-05
7.21489e-05
7.01788e-05
2.62756e-05
2.62756e-05
2.62756e-05
2.62756e-05
2.62756e-05
2.62756e-05
2.62756e-05
2.62757e-05
2.62767e-05
2.62853e-05
2.63261e-05
2.64873e-05
2.70907e-05
2.91451e-05
3.34113e-05
3.45488e-05
3.28011e-05
2.85006e-05
2.80793e-05
3.10575e-05
4.01658e-05
4.54357e-05
4.39181e-05
4.16844e-05
4.14895e-05
4.87742e-05
6.1345e-05
6.96781e-05
7.39171e-05
7.61363e-05
7.67241e-05
7.64419e-05
7.49057e-05
7.28127e-05
6.93786e-05
6.22182e-05
5.10964e-05
3.98156e-05
3.29385e-05
3.05486e-05
2.9574e-05
3.05134e-05
4.78469e-05
7.368e-05
7.94766e-05
7.3833e-05
6.14659e-05
5.32994e-05
5.07094e-05
5.40605e-05
5.46928e-05
4.7525e-05
3.9025e-05
3.81095e-05
4.21746e-05
5.19829e-05
5.73145e-05
5.49306e-05
5.18668e-05
5.04351e-05
4.94108e-05
4.46022e-05
4.19891e-05
4.28031e-05
4.64487e-05
5.1514e-05
5.41746e-05
5.48176e-05
5.5216e-05
5.3268e-05
5.03474e-05
5.28824e-05
5.92397e-05
7.47401e-05
8.60591e-05
8.40053e-05
7.68234e-05
6.78736e-05
6.37873e-05
6.31093e-05
6.35425e-05
6.50509e-05
6.79684e-05
7.22597e-05
7.71691e-05
8.25629e-05
8.91212e-05
9.55037e-05
9.97761e-05
0.000100916
9.97302e-05
9.91326e-05
9.88928e-05
9.9129e-05
9.96401e-05
0.000100377
0.000100826
9.2197e-05
7.39005e-05
7.0447e-05
2.62756e-05
2.62756e-05
2.62756e-05
2.62756e-05
2.62756e-05
2.62756e-05
2.62756e-05
2.62756e-05
2.62757e-05
2.62772e-05
2.6287e-05
2.63294e-05
2.64976e-05
2.71006e-05
2.82876e-05
2.83888e-05
2.7842e-05
2.69288e-05
2.70154e-05
2.87929e-05
3.48069e-05
4.21823e-05
4.25695e-05
4.09655e-05
3.80351e-05
4.33029e-05
5.81904e-05
6.73863e-05
7.21746e-05
7.52753e-05
7.61421e-05
7.6014e-05
7.4192e-05
7.06399e-05
6.38557e-05
5.31093e-05
4.13769e-05
3.38065e-05
3.07831e-05
2.9649e-05
2.85523e-05
2.81629e-05
2.95063e-05
4.51772e-05
6.89158e-05
7.23473e-05
6.61322e-05
6.12979e-05
6.21485e-05
6.54245e-05
6.38948e-05
5.48379e-05
4.01044e-05
3.64401e-05
3.9548e-05
4.92768e-05
5.79493e-05
5.71056e-05
5.50854e-05
5.54804e-05
5.27257e-05
4.47492e-05
4.33384e-05
4.60749e-05
5.11879e-05
5.41816e-05
5.43251e-05
5.90111e-05
6.69082e-05
6.8505e-05
6.73345e-05
7.25361e-05
8.17924e-05
8.78477e-05
8.29636e-05
7.03168e-05
5.93202e-05
5.40751e-05
5.35426e-05
5.43153e-05
5.64923e-05
6.03851e-05
6.57024e-05
7.17134e-05
7.87677e-05
8.68218e-05
9.41236e-05
9.84015e-05
0.000100578
0.000100721
9.85817e-05
9.74616e-05
9.76516e-05
9.84658e-05
9.96641e-05
9.90411e-05
9.6375e-05
8.70658e-05
7.4037e-05
7.137e-05
2.62756e-05
2.62756e-05
2.62756e-05
2.62756e-05
2.62756e-05
2.62756e-05
2.62756e-05
2.62756e-05
2.62756e-05
2.62757e-05
2.62771e-05
2.62852e-05
2.63186e-05
2.64055e-05
2.65137e-05
2.65215e-05
2.64552e-05
2.63852e-05
2.64714e-05
2.70601e-05
2.92351e-05
3.4061e-05
3.7367e-05
3.64942e-05
3.41014e-05
3.77527e-05
5.40533e-05
6.44401e-05
6.88815e-05
7.29498e-05
7.44308e-05
7.44428e-05
7.13566e-05
6.46246e-05
5.36935e-05
4.17647e-05
3.55869e-05
3.38803e-05
3.52315e-05
3.57524e-05
3.13055e-05
2.83015e-05
2.73911e-05
2.83901e-05
3.67303e-05
5.52649e-05
6.37414e-05
6.43863e-05
6.6288e-05
6.72391e-05
6.55263e-05
5.82114e-05
4.15927e-05
3.49605e-05
3.71984e-05
4.52434e-05
5.65998e-05
6.02406e-05
6.00429e-05
5.9051e-05
5.30333e-05
4.30861e-05
4.4134e-05
4.91176e-05
5.3226e-05
5.24672e-05
5.64794e-05
7.00472e-05
8.12791e-05
8.45383e-05
8.5135e-05
8.76426e-05
8.83264e-05
8.12513e-05
6.57724e-05
5.29072e-05
4.66421e-05
4.51623e-05
4.58695e-05
4.83151e-05
5.28602e-05
5.90795e-05
6.6176e-05
7.42963e-05
8.34656e-05
9.17922e-05
9.65811e-05
9.87204e-05
0.000100008
0.000100792
9.81233e-05
9.73839e-05
9.88469e-05
9.96831e-05
7.99452e-05
7.51269e-05
7.67792e-05
7.68175e-05
7.44592e-05
7.4006e-05
2.62756e-05
2.62756e-05
2.62756e-05
2.62756e-05
2.62756e-05
2.62756e-05
2.62756e-05
2.62756e-05
2.62756e-05
2.62756e-05
2.62757e-05
2.62766e-05
2.62803e-05
2.62887e-05
2.62971e-05
2.62977e-05
2.62923e-05
2.62885e-05
2.63088e-05
2.64278e-05
2.6877e-05
2.78591e-05
2.90058e-05
2.93243e-05
2.92047e-05
3.20675e-05
4.68408e-05
5.9955e-05
6.26578e-05
6.55475e-05
6.8751e-05
6.89137e-05
6.27335e-05
5.27662e-05
4.28497e-05
3.79202e-05
3.72337e-05
4.1136e-05
4.3451e-05
4.32173e-05
3.76272e-05
3.1324e-05
2.78247e-05
2.68015e-05
2.74316e-05
3.11472e-05
4.08605e-05
4.83882e-05
5.66752e-05
6.10375e-05
5.96366e-05
5.2444e-05
3.93351e-05
3.34004e-05
3.47873e-05
4.06485e-05
5.25037e-05
6.04648e-05
6.20802e-05
5.90242e-05
4.61044e-05
4.07196e-05
4.4889e-05
5.07951e-05
5.13341e-05
5.1238e-05
6.2437e-05
7.72371e-05
8.60695e-05
8.91655e-05
8.9577e-05
8.74919e-05
7.92166e-05
6.32242e-05
4.88679e-05
4.10719e-05
3.8504e-05
3.85771e-05
4.02073e-05
4.45522e-05
5.13964e-05
5.91458e-05
6.71461e-05
7.62696e-05
8.65465e-05
9.4149e-05
9.27345e-05
9.18315e-05
9.48419e-05
0.000100402
9.96922e-05
9.92558e-05
9.94604e-05
8.7569e-05
5.229e-05
5.15867e-05
5.67425e-05
6.64532e-05
7.29045e-05
7.54566e-05
2.62756e-05
2.62756e-05
2.62756e-05
2.62756e-05
2.62756e-05
2.62756e-05
2.62756e-05
2.62756e-05
2.62756e-05
2.62756e-05
2.62756e-05
2.62756e-05
2.62759e-05
2.62766e-05
2.62771e-05
2.62772e-05
2.62768e-05
2.62767e-05
2.62793e-05
2.62939e-05
2.63495e-05
2.64681e-05
2.66205e-05
2.67354e-05
2.69046e-05
2.82373e-05
3.49964e-05
5.16646e-05
5.86849e-05
5.92119e-05
5.78134e-05
5.46719e-05
4.85275e-05
4.17679e-05
3.76346e-05
3.63645e-05
3.81149e-05
4.3149e-05
4.61969e-05
4.53889e-05
4.10799e-05
3.40295e-05
2.87112e-05
2.67979e-05
2.65421e-05
2.69284e-05
2.83043e-05
3.10943e-05
3.68557e-05
4.33766e-05
4.29066e-05
3.98219e-05
3.4516e-05
3.18262e-05
3.29094e-05
3.74574e-05
4.75144e-05
5.827e-05
5.95897e-05
5.13477e-05
3.8353e-05
3.96875e-05
4.60831e-05
4.99874e-05
4.91242e-05
5.35482e-05
6.64285e-05
7.94788e-05
8.55973e-05
8.69706e-05
8.53707e-05
7.76556e-05
6.28542e-05
4.78073e-05
3.80835e-05
3.40375e-05
3.30948e-05
3.34877e-05
3.60157e-05
4.21046e-05
5.06004e-05
5.85445e-05
6.65033e-05
7.62834e-05
8.76566e-05
8.60023e-05
7.79284e-05
7.92852e-05
8.91383e-05
9.90393e-05
9.95369e-05
9.83044e-05
7.53968e-05
4.96463e-05
3.49425e-05
3.75343e-05
4.32363e-05
5.48122e-05
6.75555e-05
7.45737e-05
2.62756e-05
2.62756e-05
2.62756e-05
2.62756e-05
2.62756e-05
2.62756e-05
2.62756e-05
2.62756e-05
2.62756e-05
2.62756e-05
2.62756e-05
2.62756e-05
2.62756e-05
2.62756e-05
2.62757e-05
2.62757e-05
2.62756e-05
2.62756e-05
2.62759e-05
2.62771e-05
2.6282e-05
2.62933e-05
2.6312e-05
2.63333e-05
2.63748e-05
2.67142e-05
2.84289e-05
3.47413e-05
4.57094e-05
5.32658e-05
5.4187e-05
5.2186e-05
4.88978e-05
4.44709e-05
4.07309e-05
3.88569e-05
4.04221e-05
4.4185e-05
4.67673e-05
4.55491e-05
4.14073e-05
3.46684e-05
2.91303e-05
2.69124e-05
2.64014e-05
2.64115e-05
2.6624e-05
2.71892e-05
2.839e-05
2.98396e-05
3.09963e-05
3.1537e-05
3.10103e-05
3.04159e-05
3.14463e-05
3.5395e-05
4.48687e-05
5.52684e-05
5.40082e-05
4.09236e-05
3.47617e-05
3.93756e-05
4.70252e-05
4.82921e-05
4.78372e-05
5.49512e-05
6.81024e-05
7.7764e-05
8.05986e-05
7.92258e-05
7.42397e-05
6.34258e-05
4.9548e-05
3.82149e-05
3.25538e-05
3.03022e-05
2.95925e-05
3.00448e-05
3.28139e-05
3.98771e-05
4.79336e-05
5.2313e-05
5.82792e-05
6.81916e-05
7.30737e-05
6.53948e-05
5.89595e-05
6.71175e-05
8.29194e-05
8.56142e-05
8.26517e-05
7.55543e-05
5.55758e-05
3.40109e-05
2.94776e-05
3.31759e-05
4.32734e-05
5.56619e-05
6.83553e-05
7.38291e-05
2.62756e-05
2.62756e-05
2.62756e-05
2.62756e-05
2.62756e-05
2.62756e-05
2.62756e-05
2.62756e-05
2.62756e-05
2.62756e-05
2.62756e-05
2.62756e-05
2.62756e-05
2.62756e-05
2.62756e-05
2.62756e-05
2.62756e-05
2.62756e-05
2.62756e-05
2.62757e-05
2.6276e-05
2.62769e-05
2.62788e-05
2.62814e-05
2.62873e-05
2.63312e-05
2.6594e-05
2.76631e-05
3.08527e-05
3.60374e-05
4.21122e-05
4.58994e-05
4.65269e-05
4.56106e-05
4.4858e-05
4.43149e-05
4.49909e-05
4.53181e-05
4.39325e-05
3.98849e-05
3.44265e-05
3.00363e-05
2.75986e-05
2.66499e-05
2.63536e-05
2.63139e-05
2.63482e-05
2.64634e-05
2.67143e-05
2.71413e-05
2.78613e-05
2.89282e-05
2.90839e-05
2.91174e-05
3.02234e-05
3.40468e-05
4.37352e-05
5.16413e-05
4.70644e-05
3.43491e-05
3.29281e-05
3.88487e-05
4.67243e-05
4.85758e-05
4.96359e-05
5.51388e-05
6.55308e-05
7.26579e-05
7.31457e-05
6.85588e-05
6.15189e-05
5.1292e-05
4.08421e-05
3.40759e-05
3.08852e-05
2.88807e-05
2.78768e-05
2.80066e-05
3.02404e-05
3.67684e-05
4.2243e-05
4.35141e-05
4.79649e-05
5.57913e-05
5.25795e-05
4.07579e-05
4.13021e-05
5.60944e-05
7.11846e-05
6.27261e-05
5.63289e-05
5.32569e-05
3.74099e-05
2.94794e-05
2.8481e-05
3.32338e-05
4.63582e-05
6.09078e-05
7.1585e-05
7.00078e-05
2.62756e-05
2.62756e-05
2.62756e-05
2.62756e-05
2.62756e-05
2.62756e-05
2.62756e-05
2.62756e-05
2.62756e-05
2.62756e-05
2.62756e-05
2.62756e-05
2.62756e-05
2.62756e-05
2.62756e-05
2.62756e-05
2.62756e-05
2.62756e-05
2.62756e-05
2.62756e-05
2.62756e-05
2.62757e-05
2.62758e-05
2.6276e-05
2.62766e-05
2.62803e-05
2.63061e-05
2.64261e-05
2.68029e-05
2.75152e-05
2.89766e-05
3.1139e-05
3.40517e-05
3.61197e-05
3.71732e-05
3.8666e-05
3.82376e-05
3.68547e-05
3.41833e-05
3.08346e-05
2.85592e-05
2.73436e-05
2.67257e-05
2.6444e-05
2.6322e-05
2.62881e-05
2.62934e-05
2.63211e-05
2.63952e-05
2.65837e-05
2.72051e-05
2.78589e-05
2.78891e-05
2.81598e-05
2.95073e-05
3.37547e-05
4.32606e-05
4.74908e-05
3.98929e-05
3.0389e-05
3.08519e-05
3.70014e-05
4.53015e-05
4.85761e-05
5.07607e-05
5.5037e-05
6.25869e-05
6.72777e-05
6.47815e-05
5.77352e-05
5.05567e-05
4.33221e-05
3.73664e-05
3.36533e-05
3.10737e-05
2.86811e-05
2.73604e-05
2.69739e-05
2.81989e-05
3.22037e-05
3.51845e-05
3.47582e-05
3.68917e-05
3.97576e-05
3.52674e-05
2.95832e-05
3.16038e-05
4.37908e-05
5.7673e-05
4.66801e-05
4.13933e-05
3.6945e-05
3.17463e-05
3.16016e-05
2.88737e-05
3.72965e-05
4.5869e-05
6.65117e-05
7.73427e-05
6.73794e-05
2.62756e-05
2.62756e-05
2.62756e-05
2.62756e-05
2.62756e-05
2.62756e-05
2.62756e-05
2.62756e-05
2.62756e-05
2.62756e-05
2.62756e-05
2.62756e-05
2.62756e-05
2.62756e-05
2.62756e-05
2.62756e-05
2.62756e-05
2.62756e-05
2.62756e-05
2.62756e-05
2.62756e-05
2.62756e-05
2.62756e-05
2.62756e-05
2.62756e-05
2.62758e-05
2.62776e-05
2.62867e-05
2.63177e-05
2.63797e-05
2.64923e-05
2.66837e-05
2.69619e-05
2.73174e-05
2.76596e-05
2.80207e-05
2.76787e-05
2.72524e-05
2.68955e-05
2.6654e-05
2.65007e-05
2.64103e-05
2.63574e-05
2.63208e-05
2.62947e-05
2.62802e-05
2.62805e-05
2.62882e-05
2.63206e-05
2.64342e-05
2.66808e-05
2.67884e-05
2.69277e-05
2.76427e-05
2.99677e-05
3.59553e-05
4.33372e-05
4.29504e-05
3.43971e-05
2.83088e-05
2.8554e-05
3.17584e-05
3.89047e-05
4.55692e-05
5.01765e-05
5.56397e-05
6.04506e-05
6.15712e-05
5.56025e-05
4.91602e-05
4.44164e-05
4.0719e-05
3.76051e-05
3.53007e-05
3.29508e-05
2.97164e-05
2.72694e-05
2.65855e-05
2.69632e-05
2.85659e-05
2.98516e-05
2.91993e-05
2.93508e-05
2.98856e-05
2.89205e-05
2.8933e-05
2.93502e-05
3.45125e-05
4.6344e-05
4.19019e-05
3.49427e-05
3.18732e-05
3.13397e-05
3.24722e-05
2.90633e-05
4.15485e-05
5.69172e-05
7.55171e-05
7.89969e-05
6.12072e-05
2.62756e-05
2.62756e-05
2.62756e-05
2.62756e-05
2.62756e-05
2.62756e-05
2.62756e-05
2.62756e-05
2.62756e-05
2.62756e-05
2.62756e-05
2.62756e-05
2.62756e-05
2.62756e-05
2.62756e-05
2.62756e-05
2.62756e-05
2.62756e-05
2.62756e-05
2.62756e-05
2.62756e-05
2.62756e-05
2.62756e-05
2.62756e-05
2.62756e-05
2.62756e-05
2.62757e-05
2.62761e-05
2.62778e-05
2.62813e-05
2.62874e-05
2.62975e-05
2.63103e-05
2.63247e-05
2.63382e-05
2.63484e-05
2.63306e-05
2.63113e-05
2.62972e-05
2.62886e-05
2.62836e-05
2.62808e-05
2.62791e-05
2.62779e-05
2.6277e-05
2.62764e-05
2.62766e-05
2.62786e-05
2.62863e-05
2.63109e-05
2.63516e-05
2.63971e-05
2.66068e-05
2.74865e-05
3.05454e-05
3.63951e-05
3.98865e-05
3.63273e-05
2.9241e-05
2.7065e-05
2.72544e-05
2.81835e-05
3.08072e-05
3.60355e-05
4.42405e-05
5.25901e-05
5.52968e-05
5.05866e-05
4.35941e-05
3.90589e-05
3.64938e-05
3.55141e-05
3.56491e-05
3.52777e-05
3.37424e-05
3.07829e-05
2.76137e-05
2.64756e-05
2.64795e-05
2.68776e-05
2.72661e-05
2.70417e-05
2.66908e-05
2.66735e-05
2.80861e-05
3.15983e-05
3.25533e-05
3.48866e-05
3.59525e-05
3.68522e-05
3.57293e-05
3.2273e-05
3.30182e-05
3.29442e-05
2.859e-05
4.30414e-05
7.08681e-05
7.85417e-05
7.84674e-05
5.08129e-05
2.62756e-05
2.62756e-05
2.62756e-05
2.62756e-05
2.62756e-05
2.62756e-05
2.62756e-05
2.62756e-05
2.62756e-05
2.62756e-05
2.62756e-05
2.62756e-05
2.62756e-05
2.62756e-05
2.62756e-05
2.62756e-05
2.62756e-05
2.62756e-05
2.62756e-05
2.62756e-05
2.62756e-05
2.62756e-05
2.62756e-05
2.62756e-05
2.62756e-05
2.62756e-05
2.62756e-05
2.62756e-05
2.62757e-05
2.62758e-05
2.6276e-05
2.62763e-05
2.62767e-05
2.6277e-05
2.62772e-05
2.62774e-05
2.62769e-05
2.62764e-05
2.62761e-05
2.62759e-05
2.62758e-05
2.62757e-05
2.62757e-05
2.62756e-05
2.62756e-05
2.62756e-05
2.62756e-05
2.62758e-05
2.62765e-05
2.62777e-05
2.62798e-05
2.62913e-05
2.63755e-05
2.678e-05
2.84464e-05
3.23524e-05
3.23531e-05
2.98356e-05
2.71283e-05
2.66332e-05
2.68845e-05
2.77894e-05
2.93139e-05
3.16963e-05
3.81374e-05
4.77804e-05
5.12492e-05
4.53425e-05
3.55496e-05
3.19458e-05
2.99029e-05
2.8925e-05
2.91383e-05
3.01287e-05
3.11098e-05
3.05361e-05
2.80196e-05
2.64641e-05
2.63267e-05
2.63721e-05
2.64403e-05
2.63715e-05
2.63316e-05
2.66987e-05
2.95054e-05
3.37769e-05
3.49733e-05
3.37947e-05
3.00672e-05
3.11657e-05
3.42335e-05
3.35148e-05
3.54833e-05
3.38188e-05
2.80281e-05
3.99219e-05
7.80764e-05
8.042e-05
7.8678e-05
4.5837e-05
2.62756e-05
2.62756e-05
2.62756e-05
2.62756e-05
2.62756e-05
2.62756e-05
2.62756e-05
2.62756e-05
2.62756e-05
2.62756e-05
2.62756e-05
2.62756e-05
2.62756e-05
2.62756e-05
2.62756e-05
2.62756e-05
2.62756e-05
2.62756e-05
2.62756e-05
2.62756e-05
2.62756e-05
2.62756e-05
2.62756e-05
2.62756e-05
2.62756e-05
2.62756e-05
2.62756e-05
2.62756e-05
2.62756e-05
2.62756e-05
2.62756e-05
2.62756e-05
2.62756e-05
2.62756e-05
2.62756e-05
2.62756e-05
2.62756e-05
2.62756e-05
2.62756e-05
2.62756e-05
2.62756e-05
2.62756e-05
2.62756e-05
2.62756e-05
2.62756e-05
2.62756e-05
2.62756e-05
2.62756e-05
2.62756e-05
2.62756e-05
2.62758e-05
2.62773e-05
2.62887e-05
2.63549e-05
2.66226e-05
2.70965e-05
2.69335e-05
2.65998e-05
2.64246e-05
2.64123e-05
2.67247e-05
2.78488e-05
2.87521e-05
2.92983e-05
3.12728e-05
3.66772e-05
4.21714e-05
4.0553e-05
3.70544e-05
3.39045e-05
2.91393e-05
2.70449e-05
2.70959e-05
2.74791e-05
2.83828e-05
2.85301e-05
2.77423e-05
2.65064e-05
2.6288e-05
2.62805e-05
2.62825e-05
2.62804e-05
2.62981e-05
2.66194e-05
2.88238e-05
3.24235e-05
3.37718e-05
2.99953e-05
2.80209e-05
2.94725e-05
3.37779e-05
3.49241e-05
3.9637e-05
3.45495e-05
2.74014e-05
3.50755e-05
7.79425e-05
8.52293e-05
7.90813e-05
4.28166e-05
2.62756e-05
2.62756e-05
2.62756e-05
2.62756e-05
2.62756e-05
2.62756e-05
2.62756e-05
2.62756e-05
2.62756e-05
2.62756e-05
2.62756e-05
2.62756e-05
2.62756e-05
2.62756e-05
2.62756e-05
2.62756e-05
2.62756e-05
2.62756e-05
2.62756e-05
2.62756e-05
2.62756e-05
2.62756e-05
2.62756e-05
2.62756e-05
2.62756e-05
2.62756e-05
2.62756e-05
2.62756e-05
2.62756e-05
2.62756e-05
2.62756e-05
2.62756e-05
2.62756e-05
2.62756e-05
2.62756e-05
2.62756e-05
2.62756e-05
2.62756e-05
2.62756e-05
2.62756e-05
2.62756e-05
2.62756e-05
2.62756e-05
2.62756e-05
2.62756e-05
2.62756e-05
2.62756e-05
2.62756e-05
2.62756e-05
2.62756e-05
2.62756e-05
2.62756e-05
2.6276e-05
2.62787e-05
2.62896e-05
2.63053e-05
2.62979e-05
2.62867e-05
2.62826e-05
2.62909e-05
2.63592e-05
2.65793e-05
2.67113e-05
2.67679e-05
2.70236e-05
2.78157e-05
2.91604e-05
3.00258e-05
3.15203e-05
3.10584e-05
2.80391e-05
2.65912e-05
2.65433e-05
2.66486e-05
2.70337e-05
2.71719e-05
2.69238e-05
2.64308e-05
2.62845e-05
2.6276e-05
2.62758e-05
2.62759e-05
2.62801e-05
2.63472e-05
2.68603e-05
2.81133e-05
2.90056e-05
2.74718e-05
2.87892e-05
3.20793e-05
3.54709e-05
3.85301e-05
4.35893e-05
3.3193e-05
2.69971e-05
3.39872e-05
7.62902e-05
8.43924e-05
7.13185e-05
3.7775e-05
2.62756e-05
2.62756e-05
2.62756e-05
2.62756e-05
2.62756e-05
2.62756e-05
2.62756e-05
2.62756e-05
2.62756e-05
2.62756e-05
2.62756e-05
2.62756e-05
2.62756e-05
2.62756e-05
2.62756e-05
2.62756e-05
2.62756e-05
2.62756e-05
2.62756e-05
2.62756e-05
2.62756e-05
2.62756e-05
2.62756e-05
2.62756e-05
2.62756e-05
2.62756e-05
2.62756e-05
2.62756e-05
2.62756e-05
2.62756e-05
2.62756e-05
2.62756e-05
2.62756e-05
2.62756e-05
2.62756e-05
2.62756e-05
2.62756e-05
2.62756e-05
2.62756e-05
2.62756e-05
2.62756e-05
2.62756e-05
2.62756e-05
2.62756e-05
2.62756e-05
2.62756e-05
2.62756e-05
2.62756e-05
2.62756e-05
2.62756e-05
2.62756e-05
2.62756e-05
2.62756e-05
2.62756e-05
2.62758e-05
2.62761e-05
2.62759e-05
2.62758e-05
2.62757e-05
2.62759e-05
2.62771e-05
2.62809e-05
2.62839e-05
2.63148e-05
2.64328e-05
2.676e-05
2.77789e-05
2.95575e-05
2.98568e-05
2.85018e-05
2.71302e-05
2.67672e-05
2.64878e-05
2.63976e-05
2.64616e-05
2.65003e-05
2.64471e-05
2.63276e-05
2.62797e-05
2.62757e-05
2.62756e-05
2.62756e-05
2.62768e-05
2.62932e-05
2.63521e-05
2.64455e-05
2.64945e-05
2.66972e-05
3.19242e-05
4.09631e-05
4.17682e-05
4.36888e-05
3.489e-05
2.68898e-05
2.63601e-05
2.86304e-05
5.77715e-05
7.71139e-05
6.71003e-05
3.3855e-05
2.62756e-05
2.62756e-05
2.62756e-05
2.62756e-05
2.62756e-05
2.62756e-05
2.62756e-05
2.62756e-05
2.62756e-05
2.62756e-05
2.62756e-05
2.62756e-05
2.62756e-05
2.62756e-05
2.62756e-05
2.62756e-05
2.62756e-05
2.62756e-05
2.62756e-05
2.62756e-05
2.62756e-05
2.62756e-05
2.62756e-05
2.62756e-05
2.62756e-05
2.62756e-05
2.62756e-05
2.62756e-05
2.62756e-05
2.62756e-05
2.62756e-05
2.62756e-05
2.62756e-05
2.62756e-05
2.62756e-05
2.62756e-05
2.62756e-05
2.62756e-05
2.62756e-05
2.62756e-05
2.62756e-05
2.62756e-05
2.62756e-05
2.62756e-05
2.62756e-05
2.62756e-05
2.62756e-05
2.62756e-05
2.62756e-05
2.62756e-05
2.62756e-05
2.62756e-05
2.62756e-05
2.62756e-05
2.62756e-05
2.62756e-05
2.62756e-05
2.62756e-05
2.62756e-05
2.62756e-05
2.62756e-05
2.62756e-05
2.62761e-05
2.62852e-05
2.63578e-05
2.66257e-05
2.7517e-05
2.94646e-05
2.98691e-05
2.93922e-05
2.91641e-05
2.83661e-05
2.68497e-05
2.63311e-05
2.6296e-05
2.62941e-05
2.62881e-05
2.62809e-05
2.62766e-05
2.62756e-05
2.62756e-05
2.62756e-05
2.62757e-05
2.62761e-05
2.62776e-05
2.62812e-05
2.62866e-05
2.63835e-05
2.83218e-05
3.82606e-05
4.3449e-05
4.15879e-05
3.32278e-05
2.71484e-05
2.6328e-05
2.64355e-05
2.9251e-05
3.72031e-05
4.26046e-05
2.77071e-05
2.62756e-05
2.62756e-05
2.62756e-05
2.62756e-05
2.62756e-05
2.62756e-05
2.62756e-05
2.62756e-05
2.62756e-05
2.62756e-05
2.62756e-05
2.62756e-05
2.62756e-05
2.62756e-05
2.62756e-05
2.62756e-05
2.62756e-05
2.62756e-05
2.62756e-05
2.62756e-05
2.62756e-05
2.62756e-05
2.62756e-05
2.62756e-05
2.62756e-05
2.62756e-05
2.62756e-05
2.62756e-05
2.62756e-05
2.62756e-05
2.62756e-05
2.62756e-05
2.62756e-05
2.62756e-05
2.62756e-05
2.62756e-05
2.62756e-05
2.62756e-05
2.62756e-05
2.62756e-05
2.62756e-05
2.62756e-05
2.62756e-05
2.62756e-05
2.62756e-05
2.62756e-05
2.62756e-05
2.62756e-05
2.62756e-05
2.62756e-05
2.62756e-05
2.62756e-05
2.62756e-05
2.62756e-05
2.62756e-05
2.62756e-05
2.62756e-05
2.62756e-05
2.62756e-05
2.62756e-05
2.62756e-05
2.62756e-05
2.62758e-05
2.62784e-05
2.63071e-05
2.64174e-05
2.68111e-05
2.81401e-05
2.98429e-05
3.10305e-05
3.08781e-05
2.96056e-05
2.71657e-05
2.63449e-05
2.62798e-05
2.62762e-05
2.62759e-05
2.62757e-05
2.62756e-05
2.62756e-05
2.62756e-05
2.62756e-05
2.62756e-05
2.62756e-05
2.62756e-05
2.62757e-05
2.62766e-05
2.63015e-05
2.68214e-05
3.02965e-05
3.43778e-05
2.71916e-05
2.6328e-05
2.62789e-05
2.62765e-05
2.62904e-05
2.64192e-05
2.66675e-05
2.72499e-05
2.6409e-05
2.62756e-05
2.62756e-05
2.62756e-05
2.62756e-05
2.62756e-05
2.62756e-05
2.62756e-05
2.62756e-05
2.62756e-05
2.62756e-05
2.62756e-05
2.62756e-05
2.62756e-05
2.62756e-05
2.62756e-05
2.62756e-05
2.62756e-05
2.62756e-05
2.62756e-05
2.62756e-05
2.62756e-05
2.62756e-05
2.62756e-05
2.62756e-05
2.62756e-05
2.62756e-05
2.62756e-05
2.62756e-05
2.62756e-05
2.62756e-05
2.62756e-05
2.62756e-05
2.62756e-05
2.62756e-05
2.62756e-05
2.62756e-05
2.62756e-05
2.62756e-05
2.62756e-05
2.62756e-05
2.62756e-05
2.62756e-05
2.62756e-05
2.62756e-05
2.62756e-05
2.62756e-05
2.62756e-05
2.62756e-05
2.62756e-05
2.62756e-05
2.62756e-05
2.62756e-05
2.62756e-05
2.62756e-05
2.62756e-05
2.62756e-05
2.62756e-05
2.62756e-05
2.62756e-05
2.62756e-05
2.62756e-05
2.62756e-05
2.62765e-05
2.62895e-05
2.63713e-05
2.66795e-05
2.75714e-05
2.90897e-05
3.07069e-05
3.06548e-05
2.98998e-05
2.80998e-05
2.66257e-05
2.63015e-05
2.62768e-05
2.62756e-05
2.62756e-05
2.62756e-05
2.62756e-05
2.62756e-05
2.62756e-05
2.62756e-05
2.62756e-05
2.62756e-05
2.62756e-05
2.62756e-05
2.62756e-05
2.62768e-05
2.62883e-05
2.63788e-05
2.67637e-05
2.63389e-05
2.62832e-05
2.62767e-05
2.62757e-05
2.62758e-05
2.62784e-05
2.62818e-05
2.6299e-05
2.62779e-05
2.62756e-05
2.62756e-05
2.62756e-05
2.62756e-05
2.62756e-05
2.62756e-05
2.62756e-05
2.62756e-05
2.62756e-05
2.62756e-05
2.62756e-05
2.62756e-05
2.62756e-05
2.62756e-05
2.62756e-05
2.62756e-05
2.62756e-05
2.62756e-05
2.62756e-05
2.62756e-05
2.62756e-05
2.62756e-05
2.62756e-05
2.62756e-05
2.62756e-05
2.62756e-05
2.62756e-05
2.62756e-05
2.62756e-05
2.62756e-05
2.62756e-05
2.62756e-05
2.62756e-05
2.62756e-05
2.62756e-05
2.62756e-05
2.62756e-05
2.62756e-05
2.62756e-05
2.62756e-05
2.62756e-05
2.62756e-05
2.62756e-05
2.62756e-05
2.62756e-05
2.62756e-05
2.62756e-05
2.62756e-05
2.62756e-05
2.62756e-05
2.62756e-05
2.62756e-05
2.62756e-05
2.62756e-05
2.62756e-05
2.62756e-05
2.62756e-05
2.62756e-05
2.62756e-05
2.62756e-05
2.62756e-05
2.62756e-05
2.62756e-05
2.62762e-05
2.62802e-05
2.63302e-05
2.6596e-05
2.75495e-05
2.75855e-05
2.69602e-05
2.65567e-05
2.63622e-05
2.62944e-05
2.62778e-05
2.62756e-05
2.62756e-05
2.62756e-05
2.62756e-05
2.62756e-05
2.62756e-05
2.62756e-05
2.62756e-05
2.62756e-05
2.62756e-05
2.62756e-05
2.62756e-05
2.62756e-05
2.62756e-05
2.62757e-05
2.6276e-05
2.62762e-05
2.62757e-05
2.62756e-05
2.62756e-05
2.62756e-05
2.62756e-05
2.62756e-05
2.62756e-05
2.62761e-05
2.62756e-05
)
;

boundaryField
{
    AXIS
    {
        type            empty;
    }
    OUTLET
    {
        type            calculated;
        value           nonuniform List<scalar> 
50
(
2.66273e-05
2.75638e-05
2.96011e-05
3.2261e-05
3.51743e-05
3.81513e-05
4.10899e-05
4.40968e-05
4.7377e-05
5.11248e-05
5.51869e-05
5.91692e-05
6.17996e-05
6.26697e-05
6.29565e-05
6.34008e-05
6.42026e-05
6.52236e-05
6.66521e-05
6.86884e-05
7.16423e-05
7.56124e-05
7.98516e-05
8.49981e-05
9.25925e-05
9.83447e-05
9.88712e-05
9.30912e-05
8.38712e-05
7.64497e-05
7.15001e-05
7.01788e-05
7.0447e-05
7.137e-05
7.4006e-05
7.54566e-05
7.45737e-05
7.38291e-05
2.62756e-05
2.62756e-05
2.62756e-05
2.62756e-05
2.62756e-05
4.28166e-05
2.62756e-05
3.3855e-05
2.77071e-05
2.6409e-05
2.62779e-05
2.62756e-05
)
;
    }
    COFLOW
    {
        type            calculated;
        value           nonuniform List<scalar> 
30
(
2.62756e-05
2.62756e-05
2.62756e-05
2.62756e-05
2.62756e-05
2.62756e-05
2.62756e-05
2.62756e-05
2.62756e-05
2.62756e-05
2.62756e-05
2.62756e-05
2.62756e-05
2.62756e-05
2.62756e-05
2.62756e-05
2.62756e-05
2.62756e-05
2.62756e-05
2.62756e-05
2.62756e-05
2.62756e-05
2.62756e-05
2.62756e-05
2.62756e-05
2.62756e-05
2.62756e-05
2.62756e-05
2.62756e-05
2.62756e-05
)
;
    }
    PILOT
    {
        type            calculated;
        value           nonuniform List<scalar> 10(8.91999e-05 9.89992e-05 0.000100115 0.000100126 0.000100126 0.000100126 0.000100126 0.000100126 0.000100105 9.87341e-05);
    }
    FUEL
    {
        type            calculated;
        value           nonuniform List<scalar> 10(2.61542e-05 2.61542e-05 2.61542e-05 2.61542e-05 2.61542e-05 2.61542e-05 2.61542e-05 2.61542e-05 2.61542e-05 2.61542e-05);
    }
    WALL
    {
        type            calculated;
        value           nonuniform List<scalar> 
100
(
2.62756e-05
2.62756e-05
2.62756e-05
2.62756e-05
2.62756e-05
2.62756e-05
2.62756e-05
2.62756e-05
2.62756e-05
2.62756e-05
2.62756e-05
2.62756e-05
2.62756e-05
2.62756e-05
2.62756e-05
2.62756e-05
2.62756e-05
2.62756e-05
2.62756e-05
2.62756e-05
2.62756e-05
2.62756e-05
2.62756e-05
2.62756e-05
2.62756e-05
2.62756e-05
2.62756e-05
2.62756e-05
2.62756e-05
2.62756e-05
2.62756e-05
2.62756e-05
2.62756e-05
2.62756e-05
2.62756e-05
2.62756e-05
2.62756e-05
2.62756e-05
2.62756e-05
2.62756e-05
2.62756e-05
2.62756e-05
2.62756e-05
2.62756e-05
2.62756e-05
2.62756e-05
2.62756e-05
2.62756e-05
2.62756e-05
2.62756e-05
2.62756e-05
2.62756e-05
2.62756e-05
2.62756e-05
2.62756e-05
2.62756e-05
2.62756e-05
2.62756e-05
2.62756e-05
2.62756e-05
2.62756e-05
2.62756e-05
2.62756e-05
2.62762e-05
2.62802e-05
2.63302e-05
2.6596e-05
2.75495e-05
2.75855e-05
2.69602e-05
2.65567e-05
2.63622e-05
2.62944e-05
2.62778e-05
2.62756e-05
2.62756e-05
2.62756e-05
2.62756e-05
2.62756e-05
2.62756e-05
2.62756e-05
2.62756e-05
2.62756e-05
2.62756e-05
2.62756e-05
2.62756e-05
2.62756e-05
2.62756e-05
2.62757e-05
2.6276e-05
2.62762e-05
2.62757e-05
2.62756e-05
2.62756e-05
2.62756e-05
2.62756e-05
2.62756e-05
2.62756e-05
2.62761e-05
2.62756e-05
)
;
    }
    front
    {
        type            wedge;
    }
    back
    {
        type            wedge;
    }
}


// ************************************************************************* //
