/*--------------------------------*- C++ -*----------------------------------*\
| =========                 |                                                 |
| \\      /  F ield         | OpenFOAM: The Open Source CFD Toolbox           |
|  \\    /   O peration     | Version:  2.3.0                                 |
|   \\  /    A nd           | Web:      www.OpenFOAM.org                      |
|    \\/     M anipulation  |                                                 |
\*---------------------------------------------------------------------------*/
FoamFile
{
    version     2.0;
    format      ascii;
    class       volScalarField;
    location    "0.02";
    object      thermo:psi;
}
// * * * * * * * * * * * * * * * * * * * * * * * * * * * * * * * * * * * * * //

dimensions      [0 -2 2 0 0 0 0];

internalField   nonuniform List<scalar> 
5000
(
1.04958e-05
1.04958e-05
1.04958e-05
1.04958e-05
1.04958e-05
1.04958e-05
1.04958e-05
1.04958e-05
1.04958e-05
1.04958e-05
1.04958e-05
1.04958e-05
1.04958e-05
1.04958e-05
1.04958e-05
1.04958e-05
1.04958e-05
1.04958e-05
1.04958e-05
1.04958e-05
1.04958e-05
1.04958e-05
1.04958e-05
1.04958e-05
1.04958e-05
1.04958e-05
1.04958e-05
1.04958e-05
1.04958e-05
1.04958e-05
1.04958e-05
1.04958e-05
1.04958e-05
1.04958e-05
1.04958e-05
1.04958e-05
1.04958e-05
1.04958e-05
1.04958e-05
1.04958e-05
1.04957e-05
1.04955e-05
1.04949e-05
1.0493e-05
1.04892e-05
1.04836e-05
1.04747e-05
1.04623e-05
1.04481e-05
1.04327e-05
1.04305e-05
1.04412e-05
1.0454e-05
1.04659e-05
1.04751e-05
1.04791e-05
1.04754e-05
1.04617e-05
1.04279e-05
1.03526e-05
1.02198e-05
1.00343e-05
9.81403e-06
9.56869e-06
9.30742e-06
9.04312e-06
8.79919e-06
8.62358e-06
8.61472e-06
8.84558e-06
9.17459e-06
9.51336e-06
9.86681e-06
1.02665e-05
1.03812e-05
1.03767e-05
1.03506e-05
1.03077e-05
1.02529e-05
1.01892e-05
1.01208e-05
1.00541e-05
9.99681e-06
9.9738e-06
1.00167e-05
1.01031e-05
1.01955e-05
1.02763e-05
1.03423e-05
1.03892e-05
1.04189e-05
1.04295e-05
1.0424e-05
1.04079e-05
1.03771e-05
1.03315e-05
1.02979e-05
1.02844e-05
1.0276e-05
1.0262e-05
1.04958e-05
1.04958e-05
1.04958e-05
1.04958e-05
1.04958e-05
1.04958e-05
1.04958e-05
1.04958e-05
1.04958e-05
1.04958e-05
1.04958e-05
1.04958e-05
1.04958e-05
1.04958e-05
1.04958e-05
1.04958e-05
1.04958e-05
1.04958e-05
1.04958e-05
1.04958e-05
1.04958e-05
1.04958e-05
1.04958e-05
1.04958e-05
1.04958e-05
1.04958e-05
1.04958e-05
1.04958e-05
1.04958e-05
1.04958e-05
1.04958e-05
1.04958e-05
1.04958e-05
1.04958e-05
1.04958e-05
1.04958e-05
1.04958e-05
1.04958e-05
1.04958e-05
1.04957e-05
1.04953e-05
1.0494e-05
1.04896e-05
1.04766e-05
1.04472e-05
1.03888e-05
1.0285e-05
1.01191e-05
9.86891e-06
9.42519e-06
9.11583e-06
9.27038e-06
9.56231e-06
9.84314e-06
1.0058e-05
1.02779e-05
1.037e-05
1.03194e-05
1.01307e-05
9.77815e-06
9.30151e-06
8.75088e-06
8.12591e-06
7.44957e-06
6.77398e-06
6.16575e-06
5.66051e-06
5.22175e-06
4.80503e-06
4.69392e-06
4.83416e-06
5.60373e-06
7.51928e-06
9.41706e-06
1.00226e-05
1.00126e-05
9.87377e-06
9.57978e-06
9.2187e-06
8.85588e-06
8.52525e-06
8.22666e-06
7.91358e-06
7.59686e-06
7.49534e-06
7.57772e-06
7.98037e-06
8.7428e-06
9.35169e-06
9.82325e-06
1.02077e-05
1.02971e-05
1.02833e-05
1.02199e-05
1.00661e-05
9.83119e-06
9.72782e-06
9.74343e-06
9.82289e-06
9.82693e-06
1.04958e-05
1.04958e-05
1.04958e-05
1.04958e-05
1.04958e-05
1.04958e-05
1.04958e-05
1.04958e-05
1.04958e-05
1.04958e-05
1.04958e-05
1.04958e-05
1.04958e-05
1.04958e-05
1.04958e-05
1.04958e-05
1.04958e-05
1.04958e-05
1.04958e-05
1.04958e-05
1.04958e-05
1.04958e-05
1.04958e-05
1.04958e-05
1.04958e-05
1.04958e-05
1.04958e-05
1.04958e-05
1.04958e-05
1.04958e-05
1.04958e-05
1.04958e-05
1.04958e-05
1.04958e-05
1.04958e-05
1.04958e-05
1.04958e-05
1.04958e-05
1.04957e-05
1.04954e-05
1.04943e-05
1.04903e-05
1.04771e-05
1.04364e-05
1.0342e-05
1.015e-05
9.82406e-06
9.35961e-06
8.75901e-06
7.95532e-06
6.96306e-06
6.36096e-06
6.43925e-06
7.07324e-06
8.57465e-06
9.91236e-06
1.01555e-05
1.00022e-05
9.50545e-06
8.76383e-06
7.93533e-06
7.12736e-06
6.35812e-06
5.64694e-06
5.03242e-06
4.53501e-06
4.15487e-06
3.8735e-06
3.61577e-06
3.35683e-06
3.33988e-06
3.55309e-06
4.61511e-06
7.49437e-06
9.23654e-06
9.26915e-06
9.01392e-06
8.48915e-06
7.9093e-06
7.41246e-06
7.0283e-06
6.72774e-06
6.46107e-06
6.17936e-06
5.85848e-06
5.6472e-06
5.66268e-06
5.90997e-06
6.84873e-06
8.59067e-06
9.73152e-06
9.9745e-06
9.94505e-06
9.78703e-06
9.45638e-06
9.00768e-06
8.7034e-06
8.70403e-06
8.8697e-06
8.99941e-06
1.04958e-05
1.04958e-05
1.04958e-05
1.04958e-05
1.04958e-05
1.04958e-05
1.04958e-05
1.04958e-05
1.04958e-05
1.04958e-05
1.04958e-05
1.04958e-05
1.04958e-05
1.04958e-05
1.04958e-05
1.04958e-05
1.04958e-05
1.04958e-05
1.04958e-05
1.04958e-05
1.04958e-05
1.04958e-05
1.04958e-05
1.04958e-05
1.04958e-05
1.04958e-05
1.04958e-05
1.04958e-05
1.04957e-05
1.04955e-05
1.04955e-05
1.04956e-05
1.04957e-05
1.04958e-05
1.04958e-05
1.04958e-05
1.04957e-05
1.04956e-05
1.04953e-05
1.04945e-05
1.04914e-05
1.04801e-05
1.04428e-05
1.0332e-05
1.00834e-05
9.66004e-06
9.08851e-06
8.42526e-06
7.73614e-06
7.01997e-06
6.25128e-06
5.40324e-06
4.97564e-06
5.1447e-06
6.33031e-06
8.86889e-06
9.70746e-06
9.48396e-06
8.75988e-06
7.76193e-06
6.81803e-06
6.01307e-06
5.30753e-06
4.6986e-06
4.18385e-06
3.76714e-06
3.42157e-06
3.17046e-06
2.96348e-06
2.76562e-06
2.72365e-06
2.79846e-06
3.18147e-06
4.6359e-06
7.76298e-06
8.4859e-06
8.34132e-06
7.87299e-06
7.27763e-06
6.77369e-06
6.39218e-06
6.09752e-06
5.84774e-06
5.6082e-06
5.3494e-06
5.03885e-06
4.78689e-06
4.7943e-06
5.07031e-06
6.19762e-06
8.3744e-06
9.41612e-06
9.4296e-06
9.24618e-06
8.81757e-06
8.24271e-06
7.76795e-06
7.70143e-06
7.84002e-06
8.07605e-06
1.04958e-05
1.04958e-05
1.04958e-05
1.04958e-05
1.04958e-05
1.04958e-05
1.04958e-05
1.04958e-05
1.04958e-05
1.04958e-05
1.04958e-05
1.04958e-05
1.04958e-05
1.04958e-05
1.04958e-05
1.04958e-05
1.04958e-05
1.04958e-05
1.04958e-05
1.04958e-05
1.04958e-05
1.04958e-05
1.04958e-05
1.04958e-05
1.04958e-05
1.04957e-05
1.04955e-05
1.04947e-05
1.04925e-05
1.04884e-05
1.04858e-05
1.04888e-05
1.04925e-05
1.04941e-05
1.04948e-05
1.0495e-05
1.04949e-05
1.04945e-05
1.04937e-05
1.04915e-05
1.04844e-05
1.04582e-05
1.03719e-05
1.01446e-05
9.71137e-06
9.0934e-06
8.35548e-06
7.59517e-06
6.90062e-06
6.25626e-06
5.6384e-06
4.99215e-06
4.35204e-06
4.31453e-06
4.94125e-06
7.39654e-06
9.08635e-06
8.93025e-06
8.15598e-06
7.08317e-06
6.12423e-06
5.35046e-06
4.70202e-06
4.14197e-06
3.65175e-06
3.20994e-06
2.85414e-06
2.64827e-06
2.47316e-06
2.21749e-06
2.12776e-06
2.1754e-06
2.41959e-06
3.1308e-06
5.35392e-06
7.66569e-06
7.76699e-06
7.48832e-06
6.94998e-06
6.4201e-06
5.99859e-06
5.66978e-06
5.39425e-06
5.13929e-06
4.88431e-06
4.60482e-06
4.27406e-06
4.09779e-06
4.15334e-06
4.58866e-06
6.1186e-06
8.25327e-06
8.68099e-06
8.54208e-06
8.10461e-06
7.48799e-06
6.94761e-06
6.81637e-06
6.92435e-06
7.2199e-06
1.04958e-05
1.04958e-05
1.04958e-05
1.04958e-05
1.04958e-05
1.04958e-05
1.04958e-05
1.04957e-05
1.04957e-05
1.04956e-05
1.04957e-05
1.04957e-05
1.04958e-05
1.04958e-05
1.04958e-05
1.04958e-05
1.04958e-05
1.04957e-05
1.04958e-05
1.04958e-05
1.04957e-05
1.04957e-05
1.04956e-05
1.04953e-05
1.04946e-05
1.04931e-05
1.04886e-05
1.04746e-05
1.04374e-05
1.03611e-05
1.02871e-05
1.03334e-05
1.04157e-05
1.04567e-05
1.04739e-05
1.04798e-05
1.04813e-05
1.04812e-05
1.04811e-05
1.04789e-05
1.04687e-05
1.04169e-05
1.02543e-05
9.87778e-06
9.26147e-06
8.48294e-06
7.64188e-06
6.84977e-06
6.16867e-06
5.56159e-06
5.00884e-06
4.48515e-06
3.91411e-06
3.75553e-06
4.10221e-06
6.06398e-06
8.38192e-06
8.37515e-06
7.67525e-06
6.59941e-06
5.64226e-06
4.90495e-06
4.28071e-06
3.7145e-06
3.1667e-06
2.71473e-06
2.41853e-06
2.15106e-06
1.93794e-06
1.81747e-06
1.7845e-06
1.79934e-06
1.88281e-06
2.29162e-06
3.50654e-06
6.2026e-06
7.21233e-06
7.09657e-06
6.65525e-06
6.07808e-06
5.56946e-06
5.16846e-06
4.83895e-06
4.54675e-06
4.27997e-06
4.03554e-06
3.78004e-06
3.55087e-06
3.53373e-06
3.67553e-06
4.38473e-06
6.31921e-06
7.68807e-06
7.68006e-06
7.36402e-06
6.81363e-06
6.27501e-06
6.08933e-06
6.17091e-06
6.47825e-06
1.04958e-05
1.04958e-05
1.04958e-05
1.04958e-05
1.04957e-05
1.04955e-05
1.04949e-05
1.04932e-05
1.04908e-05
1.04887e-05
1.04894e-05
1.04926e-05
1.04942e-05
1.04951e-05
1.04954e-05
1.04952e-05
1.04945e-05
1.04936e-05
1.04936e-05
1.0494e-05
1.0494e-05
1.04931e-05
1.04906e-05
1.04853e-05
1.04754e-05
1.04549e-05
1.04028e-05
1.02676e-05
9.96219e-06
9.20172e-06
8.02235e-06
8.03849e-06
9.01202e-06
9.75162e-06
1.01219e-05
1.02754e-05
1.03359e-05
1.03612e-05
1.03883e-05
1.0426e-05
1.0422e-05
1.03446e-05
1.00976e-05
9.58291e-06
8.82244e-06
7.92098e-06
7.01098e-06
6.18256e-06
5.49041e-06
4.89349e-06
4.35352e-06
3.91662e-06
3.45287e-06
3.25359e-06
3.46439e-06
4.94223e-06
7.57936e-06
7.82652e-06
7.24767e-06
6.207e-06
5.25735e-06
4.5255e-06
3.89061e-06
3.2664e-06
2.70416e-06
2.33952e-06
1.98956e-06
1.79987e-06
1.75758e-06
1.75053e-06
1.74754e-06
1.74693e-06
1.75858e-06
1.82961e-06
2.4445e-06
3.9849e-06
6.33402e-06
6.53101e-06
6.2331e-06
5.64386e-06
5.05715e-06
4.58215e-06
4.20901e-06
3.91918e-06
3.68846e-06
3.5045e-06
3.33896e-06
3.19235e-06
3.15932e-06
3.2074e-06
3.52115e-06
4.72448e-06
6.52712e-06
6.81134e-06
6.61896e-06
6.15294e-06
5.65573e-06
5.47259e-06
5.54173e-06
5.84948e-06
1.04958e-05
1.04957e-05
1.04955e-05
1.04951e-05
1.04933e-05
1.04871e-05
1.04693e-05
1.04271e-05
1.0368e-05
1.03051e-05
1.02874e-05
1.0378e-05
1.04355e-05
1.04662e-05
1.04801e-05
1.04805e-05
1.0467e-05
1.04467e-05
1.04442e-05
1.04537e-05
1.04577e-05
1.04495e-05
1.04187e-05
1.03571e-05
1.02612e-05
1.01115e-05
9.87983e-06
9.47726e-06
8.64014e-06
6.5634e-06
4.13134e-06
3.48523e-06
3.75954e-06
4.7439e-06
7.00259e-06
8.55019e-06
9.3978e-06
9.89863e-06
1.00986e-05
1.02643e-05
1.02996e-05
1.02174e-05
9.91418e-06
9.30155e-06
8.41427e-06
7.40466e-06
6.42269e-06
5.52686e-06
4.79602e-06
4.17262e-06
3.64876e-06
3.29595e-06
2.96412e-06
2.79303e-06
2.92029e-06
3.90828e-06
6.50994e-06
7.2237e-06
6.79306e-06
5.83291e-06
4.88578e-06
4.13662e-06
3.4689e-06
2.82382e-06
2.35066e-06
1.9814e-06
1.76276e-06
1.74947e-06
1.77852e-06
1.91824e-06
1.9495e-06
1.89875e-06
1.80075e-06
1.79638e-06
1.88605e-06
2.68442e-06
4.94803e-06
5.85729e-06
5.66526e-06
5.12627e-06
4.50782e-06
4.01635e-06
3.67189e-06
3.44448e-06
3.30634e-06
3.22128e-06
3.14245e-06
3.06107e-06
3.05168e-06
3.08703e-06
3.23335e-06
3.90004e-06
5.41413e-06
5.98716e-06
5.85909e-06
5.45206e-06
5.00017e-06
4.87062e-06
4.95037e-06
5.29461e-06
1.04915e-05
1.04838e-05
1.04809e-05
1.04771e-05
1.04509e-05
1.03651e-05
1.01391e-05
9.66842e-06
9.05282e-06
8.2635e-06
7.34933e-06
7.99013e-06
9.03251e-06
9.72218e-06
1.00833e-05
1.02097e-05
1.00981e-05
9.77982e-06
9.62939e-06
9.77586e-06
9.89872e-06
9.95897e-06
9.8976e-06
9.71026e-06
9.32583e-06
8.77688e-06
8.20048e-06
7.52479e-06
6.33364e-06
4.4798e-06
2.99773e-06
2.26906e-06
2.23163e-06
2.31287e-06
2.79301e-06
4.0095e-06
7.31835e-06
8.80536e-06
9.3442e-06
9.79767e-06
1.00332e-05
9.96261e-06
9.64142e-06
8.95908e-06
7.95339e-06
6.84776e-06
5.78885e-06
4.82863e-06
4.05483e-06
3.43832e-06
2.96096e-06
2.71615e-06
2.50972e-06
2.4e-06
2.47551e-06
3.05717e-06
5.05665e-06
6.48848e-06
6.23198e-06
5.40934e-06
4.48642e-06
3.74112e-06
3.05665e-06
2.46149e-06
2.04899e-06
1.76189e-06
1.75075e-06
1.81455e-06
2.13629e-06
2.59032e-06
2.59276e-06
2.45282e-06
2.08172e-06
1.85529e-06
1.86537e-06
2.11024e-06
3.86897e-06
5.15393e-06
5.04685e-06
4.56533e-06
3.98066e-06
3.55588e-06
3.33467e-06
3.23918e-06
3.19269e-06
3.16489e-06
3.13587e-06
3.09273e-06
3.07627e-06
3.09723e-06
3.18725e-06
3.57318e-06
4.6346e-06
5.22304e-06
5.1375e-06
4.77328e-06
4.35099e-06
4.26106e-06
4.35647e-06
4.77328e-06
1.01697e-05
9.4592e-06
9.25153e-06
9.48837e-06
9.49036e-06
9.15662e-06
8.20527e-06
6.6962e-06
5.11296e-06
4.14567e-06
2.8407e-06
2.63285e-06
3.09896e-06
4.67603e-06
7.56287e-06
9.22355e-06
8.94503e-06
7.54633e-06
5.85248e-06
5.90101e-06
6.39296e-06
7.3325e-06
8.16999e-06
7.98793e-06
7.2583e-06
6.26592e-06
5.51617e-06
4.95625e-06
4.23528e-06
3.27504e-06
2.39639e-06
1.8967e-06
1.86791e-06
1.92775e-06
2.10624e-06
2.59017e-06
3.73552e-06
6.186e-06
8.04236e-06
9.02678e-06
9.57794e-06
9.5406e-06
9.22995e-06
8.499e-06
7.39884e-06
6.22146e-06
5.11394e-06
4.10773e-06
3.341e-06
2.79486e-06
2.39785e-06
2.24658e-06
2.14999e-06
2.10385e-06
2.13871e-06
2.44788e-06
3.73977e-06
5.64595e-06
5.58032e-06
4.92182e-06
4.05734e-06
3.33462e-06
2.68135e-06
2.20886e-06
1.80819e-06
1.73803e-06
1.78767e-06
2.21554e-06
2.9605e-06
3.17799e-06
3.10141e-06
2.8622e-06
2.43862e-06
2.00362e-06
1.9485e-06
2.16043e-06
3.67025e-06
4.61366e-06
4.48952e-06
4.03131e-06
3.54964e-06
3.28449e-06
3.23073e-06
3.2329e-06
3.24303e-06
3.24739e-06
3.24051e-06
3.21243e-06
3.1784e-06
3.18166e-06
3.25779e-06
3.5766e-06
4.31797e-06
4.64387e-06
4.54211e-06
4.17032e-06
3.77075e-06
3.69481e-06
3.79432e-06
4.26334e-06
1.92574e-06
1.84998e-06
1.9031e-06
2.2933e-06
3.45753e-06
4.60539e-06
4.50657e-06
3.80113e-06
2.6212e-06
1.83041e-06
1.64978e-06
1.65134e-06
1.73941e-06
2.1877e-06
3.8496e-06
7.11148e-06
6.98207e-06
5.48791e-06
3.64892e-06
3.21401e-06
3.36621e-06
4.10955e-06
5.62078e-06
5.656e-06
5.07961e-06
4.21695e-06
3.66406e-06
3.36098e-06
3.07817e-06
2.49534e-06
1.90173e-06
1.77019e-06
1.82339e-06
1.98432e-06
2.21042e-06
2.52553e-06
2.95852e-06
3.86305e-06
5.60931e-06
7.64384e-06
8.94396e-06
8.96607e-06
8.67316e-06
7.91577e-06
6.77264e-06
5.55653e-06
4.41861e-06
3.42281e-06
2.72845e-06
2.28839e-06
2.06364e-06
1.99771e-06
1.95515e-06
1.92242e-06
1.9439e-06
2.05885e-06
2.97054e-06
4.90791e-06
4.96243e-06
4.40261e-06
3.6115e-06
2.94246e-06
2.3816e-06
1.95627e-06
1.72081e-06
1.73876e-06
1.95837e-06
2.8611e-06
3.65493e-06
3.76893e-06
3.65552e-06
3.32044e-06
2.73837e-06
2.18274e-06
2.08769e-06
2.37478e-06
3.7109e-06
4.19049e-06
4.01166e-06
3.59072e-06
3.30341e-06
3.25899e-06
3.26932e-06
3.29585e-06
3.30764e-06
3.30465e-06
3.29476e-06
3.27012e-06
3.2571e-06
3.27e-06
3.36523e-06
3.70992e-06
4.15564e-06
4.1981e-06
4.04475e-06
3.66314e-06
3.29606e-06
3.22226e-06
3.30617e-06
3.79798e-06
1.56084e-06
1.57424e-06
1.60712e-06
1.63226e-06
2.0935e-06
2.73089e-06
2.74583e-06
2.2155e-06
1.68699e-06
1.58599e-06
1.54929e-06
1.59081e-06
1.82771e-06
2.36402e-06
3.55435e-06
5.483e-06
5.21623e-06
3.94047e-06
2.85711e-06
2.23108e-06
2.20308e-06
2.4578e-06
3.58946e-06
3.94074e-06
3.5808e-06
3.07455e-06
2.78501e-06
2.529e-06
2.27917e-06
1.91967e-06
1.67621e-06
1.65874e-06
1.73072e-06
1.89494e-06
2.05397e-06
2.35852e-06
2.73546e-06
3.019e-06
3.74204e-06
5.48094e-06
7.82054e-06
8.2272e-06
7.96326e-06
7.20949e-06
6.03083e-06
4.78939e-06
3.67229e-06
2.7962e-06
2.2414e-06
2.001e-06
1.99604e-06
1.98283e-06
1.97421e-06
1.93308e-06
1.93775e-06
2.022e-06
2.82384e-06
4.45484e-06
4.45495e-06
3.89926e-06
3.16691e-06
2.58574e-06
2.164e-06
1.77097e-06
1.69343e-06
1.75089e-06
2.23609e-06
3.39018e-06
4.16304e-06
4.16236e-06
4.00944e-06
3.64132e-06
3.01966e-06
2.37305e-06
2.31899e-06
2.72376e-06
3.73537e-06
3.84754e-06
3.62328e-06
3.33592e-06
3.26953e-06
3.2807e-06
3.30957e-06
3.3262e-06
3.32592e-06
3.32061e-06
3.31461e-06
3.31784e-06
3.33593e-06
3.39661e-06
3.56623e-06
3.83615e-06
3.88929e-06
3.82283e-06
3.58465e-06
3.27926e-06
3.03205e-06
2.97047e-06
3.03938e-06
3.40942e-06
1.56474e-06
1.55666e-06
1.55378e-06
1.59172e-06
1.62228e-06
1.69855e-06
1.71147e-06
1.62842e-06
1.57502e-06
1.52988e-06
1.53025e-06
1.60882e-06
2.0138e-06
2.89315e-06
3.93551e-06
4.20348e-06
3.76458e-06
2.88944e-06
2.06053e-06
1.87106e-06
1.9256e-06
2.33707e-06
3.07364e-06
3.10411e-06
2.87466e-06
2.37825e-06
2.08646e-06
1.9287e-06
1.7799e-06
1.63515e-06
1.58121e-06
1.57675e-06
1.60622e-06
1.714e-06
1.95702e-06
2.59426e-06
3.08549e-06
3.07353e-06
3.18775e-06
3.86102e-06
5.97541e-06
7.29371e-06
7.11478e-06
6.4274e-06
5.26463e-06
4.04187e-06
3.03194e-06
2.28261e-06
1.99575e-06
2.09329e-06
2.48156e-06
2.48462e-06
2.3253e-06
2.06492e-06
1.97479e-06
2.05844e-06
2.89548e-06
4.13441e-06
4.01858e-06
3.41287e-06
2.75238e-06
2.31467e-06
1.95186e-06
1.67977e-06
1.6719e-06
1.76721e-06
2.43484e-06
3.99347e-06
4.43643e-06
4.38845e-06
4.16804e-06
3.77476e-06
3.16941e-06
2.59466e-06
2.62156e-06
3.1359e-06
3.66255e-06
3.59033e-06
3.35843e-06
3.26023e-06
3.26693e-06
3.30004e-06
3.31326e-06
3.31042e-06
3.30816e-06
3.31055e-06
3.31718e-06
3.33948e-06
3.39578e-06
3.50501e-06
3.63223e-06
3.66703e-06
3.5928e-06
3.4164e-06
3.22148e-06
3.10409e-06
2.99933e-06
2.92457e-06
2.95388e-06
3.18405e-06
1.56782e-06
1.56635e-06
1.5627e-06
1.55653e-06
1.55584e-06
1.57263e-06
1.57824e-06
1.55494e-06
1.54937e-06
1.54198e-06
1.53484e-06
1.58058e-06
1.8512e-06
2.75634e-06
3.29354e-06
3.24781e-06
2.7028e-06
1.99213e-06
1.77559e-06
1.84903e-06
2.07231e-06
2.3702e-06
2.68656e-06
2.67284e-06
2.19205e-06
1.84352e-06
1.68937e-06
1.6269e-06
1.59772e-06
1.57911e-06
1.55644e-06
1.54861e-06
1.55725e-06
1.66718e-06
2.04594e-06
2.8449e-06
3.38316e-06
3.35759e-06
3.2781e-06
3.46955e-06
4.56077e-06
6.1708e-06
6.15842e-06
5.58617e-06
4.4643e-06
3.32103e-06
2.47477e-06
1.9755e-06
2.05936e-06
2.73813e-06
3.39102e-06
3.31859e-06
2.97626e-06
2.44497e-06
2.08588e-06
2.15589e-06
3.04643e-06
3.85298e-06
3.6127e-06
2.97127e-06
2.4199e-06
2.11438e-06
1.76333e-06
1.62572e-06
1.64425e-06
1.7784e-06
2.56289e-06
4.26579e-06
4.56914e-06
4.48126e-06
4.19485e-06
3.73309e-06
3.15553e-06
2.83589e-06
2.97858e-06
3.46574e-06
3.53281e-06
3.36104e-06
3.22743e-06
3.22953e-06
3.23928e-06
3.2315e-06
3.20327e-06
3.17508e-06
3.17579e-06
3.19248e-06
3.21942e-06
3.24341e-06
3.27296e-06
3.33309e-06
3.37167e-06
3.33776e-06
3.19183e-06
3.09318e-06
3.09039e-06
3.09268e-06
3.08027e-06
3.03984e-06
3.00179e-06
3.11437e-06
1.56806e-06
1.56797e-06
1.56762e-06
1.56689e-06
1.56535e-06
1.56326e-06
1.56217e-06
1.56387e-06
1.5626e-06
1.55936e-06
1.55358e-06
1.56395e-06
1.61414e-06
1.90034e-06
2.21923e-06
2.1385e-06
1.81654e-06
1.63283e-06
1.62638e-06
1.7611e-06
2.08775e-06
2.35351e-06
2.30915e-06
2.03678e-06
1.70717e-06
1.61401e-06
1.59859e-06
1.59625e-06
1.59977e-06
1.59499e-06
1.59085e-06
1.56626e-06
1.54357e-06
1.64321e-06
2.13578e-06
2.96024e-06
3.48361e-06
3.48929e-06
3.37689e-06
3.43665e-06
3.91831e-06
5.16022e-06
5.26273e-06
4.74431e-06
3.66309e-06
2.72732e-06
2.04131e-06
1.94697e-06
2.61964e-06
3.99958e-06
4.45418e-06
4.22964e-06
3.68109e-06
2.87209e-06
2.28158e-06
2.3567e-06
3.24818e-06
3.58114e-06
3.21373e-06
2.5871e-06
2.19106e-06
1.8709e-06
1.63998e-06
1.58655e-06
1.61936e-06
1.77936e-06
2.58777e-06
4.29457e-06
4.62262e-06
4.51953e-06
4.16089e-06
3.6037e-06
3.16572e-06
3.13438e-06
3.37943e-06
3.52565e-06
3.3754e-06
3.17698e-06
3.12214e-06
3.10721e-06
3.07939e-06
3.01834e-06
2.93822e-06
2.89908e-06
2.90035e-06
2.92088e-06
2.957e-06
2.99013e-06
3.01038e-06
3.03525e-06
3.05192e-06
3.05287e-06
3.05155e-06
3.07559e-06
3.06994e-06
3.03954e-06
3.05165e-06
3.06479e-06
3.04941e-06
3.09193e-06
1.56806e-06
1.56817e-06
1.56843e-06
1.56892e-06
1.56943e-06
1.57001e-06
1.57104e-06
1.57367e-06
1.57744e-06
1.58339e-06
1.58551e-06
1.57879e-06
1.60144e-06
1.62171e-06
1.63111e-06
1.62565e-06
1.62157e-06
1.58832e-06
1.58663e-06
1.61078e-06
1.7199e-06
1.82925e-06
1.76565e-06
1.63074e-06
1.63018e-06
1.62537e-06
1.63754e-06
1.66176e-06
1.69004e-06
1.71381e-06
1.70591e-06
1.63125e-06
1.54653e-06
1.5982e-06
1.92078e-06
2.81045e-06
3.30887e-06
3.52316e-06
3.46119e-06
3.48757e-06
3.79104e-06
4.59727e-06
4.58071e-06
3.96637e-06
2.99685e-06
2.2622e-06
1.87478e-06
2.12756e-06
3.61072e-06
5.13653e-06
5.12988e-06
4.72728e-06
4.0006e-06
3.07676e-06
2.4707e-06
2.64647e-06
3.36609e-06
3.33299e-06
2.8231e-06
2.31017e-06
1.9454e-06
1.68661e-06
1.56998e-06
1.55861e-06
1.59709e-06
1.76714e-06
2.38989e-06
4.04511e-06
4.63192e-06
4.56244e-06
4.23279e-06
3.66522e-06
3.41672e-06
3.47552e-06
3.54787e-06
3.44969e-06
3.15213e-06
2.9661e-06
2.9032e-06
2.8584e-06
2.79377e-06
2.70545e-06
2.62712e-06
2.60558e-06
2.61276e-06
2.646e-06
2.70355e-06
2.77941e-06
2.86423e-06
2.93159e-06
2.99675e-06
3.10064e-06
3.10667e-06
2.99572e-06
2.83043e-06
2.66743e-06
2.6584e-06
2.82757e-06
3.00558e-06
3.05767e-06
1.56819e-06
1.56872e-06
1.56977e-06
1.57167e-06
1.57441e-06
1.57768e-06
1.5821e-06
1.58912e-06
1.59923e-06
1.61712e-06
1.63559e-06
1.64054e-06
1.63169e-06
1.63612e-06
1.64493e-06
1.64298e-06
1.63355e-06
1.63555e-06
1.64423e-06
1.63571e-06
1.64033e-06
1.63614e-06
1.65335e-06
1.68385e-06
1.71231e-06
1.73607e-06
1.7989e-06
1.87958e-06
1.93024e-06
1.93887e-06
1.89209e-06
1.73696e-06
1.57912e-06
1.58167e-06
1.62734e-06
1.91839e-06
2.8862e-06
3.37481e-06
3.56817e-06
3.59306e-06
3.89079e-06
4.24723e-06
4.01911e-06
3.27017e-06
2.56665e-06
1.88888e-06
1.83384e-06
2.60671e-06
4.83068e-06
5.62979e-06
5.40911e-06
4.74569e-06
3.86916e-06
2.99139e-06
2.6662e-06
2.98738e-06
3.34443e-06
3.05066e-06
2.48834e-06
2.09725e-06
1.73454e-06
1.58597e-06
1.53882e-06
1.54166e-06
1.58747e-06
1.75455e-06
2.19217e-06
3.52314e-06
4.55705e-06
4.60026e-06
4.41109e-06
4.037e-06
3.80391e-06
3.68466e-06
3.51937e-06
3.204e-06
2.84823e-06
2.68605e-06
2.61584e-06
2.56188e-06
2.49763e-06
2.42956e-06
2.39546e-06
2.39901e-06
2.40968e-06
2.43822e-06
2.48447e-06
2.5949e-06
2.81381e-06
3.03988e-06
3.07351e-06
3.03449e-06
2.92021e-06
2.75105e-06
2.45419e-06
2.26402e-06
2.22663e-06
2.59462e-06
2.96767e-06
2.99733e-06
1.56902e-06
1.57198e-06
1.57736e-06
1.58543e-06
1.59495e-06
1.60477e-06
1.61625e-06
1.63107e-06
1.65204e-06
1.68584e-06
1.72401e-06
1.74402e-06
1.73814e-06
1.72288e-06
1.71947e-06
1.72867e-06
1.75661e-06
1.79601e-06
1.81458e-06
1.80455e-06
1.78939e-06
1.79188e-06
1.82749e-06
1.86819e-06
1.92043e-06
1.99394e-06
2.15087e-06
2.28554e-06
2.29944e-06
2.25343e-06
2.1196e-06
1.89048e-06
1.68097e-06
1.65188e-06
1.63912e-06
1.63087e-06
1.9156e-06
2.91709e-06
3.50182e-06
3.7331e-06
3.93472e-06
3.90372e-06
3.42277e-06
2.7573e-06
2.03142e-06
1.75193e-06
1.86123e-06
3.18273e-06
5.54832e-06
5.77625e-06
5.48261e-06
4.64635e-06
3.62083e-06
2.92976e-06
2.91453e-06
3.25202e-06
3.18655e-06
2.73916e-06
2.2651e-06
1.83316e-06
1.60535e-06
1.54084e-06
1.52608e-06
1.53061e-06
1.5821e-06
1.74474e-06
2.05536e-06
2.91304e-06
4.12306e-06
4.49116e-06
4.42493e-06
4.17048e-06
3.87147e-06
3.61478e-06
3.27973e-06
2.85956e-06
2.54097e-06
2.41186e-06
2.35805e-06
2.32514e-06
2.29885e-06
2.28366e-06
2.17323e-06
2.1192e-06
2.12278e-06
2.16815e-06
2.28769e-06
2.40761e-06
2.61115e-06
2.8283e-06
2.85325e-06
2.80531e-06
2.62503e-06
2.28748e-06
1.95323e-06
1.94196e-06
2.05211e-06
2.62599e-06
2.94466e-06
2.92319e-06
1.57608e-06
1.59426e-06
1.62188e-06
1.66147e-06
1.69427e-06
1.71231e-06
1.72779e-06
1.75302e-06
1.79559e-06
1.8674e-06
1.93974e-06
1.97379e-06
1.96348e-06
1.94322e-06
1.94005e-06
1.95967e-06
2.01088e-06
2.07192e-06
2.11292e-06
2.11091e-06
2.09154e-06
2.09169e-06
2.11196e-06
2.16281e-06
2.28424e-06
2.4884e-06
2.77085e-06
2.84474e-06
2.77374e-06
2.62051e-06
2.40804e-06
2.12472e-06
1.90375e-06
1.87604e-06
1.8438e-06
1.74722e-06
1.64176e-06
2.3922e-06
3.15144e-06
3.59593e-06
3.69894e-06
3.42129e-06
2.86447e-06
2.27615e-06
1.72758e-06
1.68707e-06
1.93425e-06
3.56218e-06
5.63568e-06
5.79407e-06
5.52063e-06
4.72966e-06
3.61628e-06
3.11929e-06
3.24714e-06
3.28832e-06
2.98278e-06
2.45374e-06
1.98711e-06
1.65454e-06
1.55654e-06
1.52497e-06
1.52177e-06
1.52473e-06
1.57805e-06
1.73054e-06
1.9621e-06
2.48268e-06
3.42606e-06
4.0674e-06
4.1335e-06
3.99719e-06
3.70048e-06
3.32067e-06
2.90626e-06
2.52248e-06
2.2933e-06
2.21405e-06
2.19122e-06
2.19293e-06
2.11567e-06
1.93493e-06
1.79233e-06
1.74462e-06
1.74453e-06
1.77524e-06
1.86119e-06
2.04782e-06
2.35537e-06
2.56529e-06
2.57138e-06
2.52217e-06
2.17118e-06
1.82916e-06
1.69889e-06
1.76397e-06
2.0242e-06
2.68256e-06
2.89661e-06
2.82403e-06
1.66685e-06
1.80025e-06
1.91419e-06
2.0126e-06
2.04984e-06
2.04048e-06
2.04712e-06
2.08781e-06
2.1802e-06
2.33031e-06
2.45923e-06
2.49874e-06
2.46915e-06
2.43096e-06
2.42136e-06
2.43729e-06
2.4938e-06
2.539e-06
2.55283e-06
2.53127e-06
2.48794e-06
2.47921e-06
2.51279e-06
2.63998e-06
2.93414e-06
3.30213e-06
3.54469e-06
3.50474e-06
3.27497e-06
3.02954e-06
2.77262e-06
2.48495e-06
2.2949e-06
2.32558e-06
2.30161e-06
2.13953e-06
1.7954e-06
1.74324e-06
2.83959e-06
3.1857e-06
3.18786e-06
2.88453e-06
2.42982e-06
1.83872e-06
1.60104e-06
1.627e-06
1.97419e-06
3.56923e-06
5.11054e-06
5.37025e-06
5.27245e-06
4.84728e-06
4.03205e-06
3.62968e-06
3.49093e-06
3.21616e-06
2.69601e-06
2.21401e-06
1.74268e-06
1.57892e-06
1.53913e-06
1.53274e-06
1.52789e-06
1.52195e-06
1.57571e-06
1.71487e-06
1.89002e-06
2.21085e-06
2.83499e-06
3.43658e-06
3.61856e-06
3.5425e-06
3.26705e-06
2.89669e-06
2.53708e-06
2.26683e-06
2.12995e-06
2.0991e-06
2.08127e-06
1.94835e-06
1.79035e-06
1.65215e-06
1.61667e-06
1.6082e-06
1.60478e-06
1.60563e-06
1.6319e-06
1.71936e-06
1.88557e-06
2.04699e-06
2.06109e-06
1.98561e-06
1.76526e-06
1.61508e-06
1.59096e-06
1.66341e-06
2.01958e-06
2.65391e-06
2.81821e-06
2.69145e-06
6.04558e-06
4.37482e-06
3.74679e-06
3.45701e-06
3.26181e-06
3.08315e-06
3.07983e-06
3.16439e-06
3.3663e-06
3.60918e-06
3.70338e-06
3.67081e-06
3.58346e-06
3.50279e-06
3.42397e-06
3.34246e-06
3.30986e-06
3.26168e-06
3.20815e-06
3.14306e-06
3.07969e-06
3.09419e-06
3.21476e-06
3.49225e-06
3.93722e-06
4.26137e-06
4.31995e-06
4.1544e-06
3.78162e-06
3.51804e-06
3.27385e-06
3.03909e-06
2.9618e-06
3.07028e-06
3.05796e-06
2.8662e-06
2.30096e-06
1.69408e-06
2.0172e-06
2.67651e-06
2.70732e-06
2.36791e-06
1.90404e-06
1.6124e-06
1.56147e-06
1.57467e-06
1.96265e-06
3.20368e-06
4.3621e-06
4.69201e-06
4.69945e-06
4.57609e-06
4.16684e-06
3.756e-06
3.4104e-06
2.93847e-06
2.42509e-06
1.87129e-06
1.59988e-06
1.56034e-06
1.56505e-06
1.56413e-06
1.54741e-06
1.52165e-06
1.57148e-06
1.6913e-06
1.824e-06
2.03267e-06
2.39234e-06
2.79064e-06
2.9723e-06
2.94476e-06
2.75747e-06
2.48729e-06
2.25639e-06
2.10345e-06
2.02135e-06
1.93132e-06
1.80689e-06
1.67485e-06
1.62508e-06
1.66648e-06
1.68815e-06
1.68222e-06
1.66274e-06
1.63066e-06
1.61261e-06
1.61106e-06
1.62441e-06
1.67278e-06
1.68018e-06
1.64859e-06
1.62029e-06
1.61268e-06
1.59621e-06
1.59275e-06
1.98472e-06
2.53232e-06
2.70214e-06
2.51612e-06
1.1086e-05
9.62304e-06
8.52356e-06
7.69293e-06
7.05675e-06
6.56814e-06
6.45955e-06
6.49676e-06
6.55784e-06
6.5069e-06
6.28618e-06
5.97832e-06
5.67266e-06
5.37811e-06
5.08919e-06
4.86071e-06
4.74757e-06
4.58523e-06
4.4445e-06
4.32331e-06
4.20347e-06
4.24803e-06
4.41202e-06
4.65405e-06
4.92801e-06
5.0242e-06
4.96984e-06
4.70445e-06
4.31033e-06
4.12905e-06
3.99221e-06
3.91449e-06
4.0055e-06
4.21926e-06
4.19455e-06
3.95183e-06
3.28915e-06
2.18688e-06
1.67711e-06
1.88127e-06
1.95986e-06
1.7584e-06
1.62361e-06
1.6278e-06
1.57977e-06
1.56735e-06
1.87301e-06
2.74504e-06
3.50153e-06
3.79562e-06
3.88023e-06
3.96446e-06
3.84593e-06
3.50213e-06
3.02183e-06
2.56028e-06
2.02918e-06
1.63734e-06
1.59539e-06
1.60537e-06
1.63621e-06
1.62764e-06
1.57379e-06
1.52231e-06
1.56326e-06
1.65223e-06
1.74833e-06
1.88962e-06
2.11468e-06
2.33338e-06
2.4479e-06
2.44254e-06
2.34644e-06
2.1999e-06
2.0769e-06
1.96148e-06
1.81273e-06
1.68909e-06
1.62556e-06
1.69723e-06
1.85263e-06
2.01895e-06
2.03557e-06
2.00027e-06
1.92753e-06
1.85123e-06
1.80241e-06
1.74927e-06
1.70849e-06
1.67692e-06
1.67676e-06
1.6917e-06
1.75737e-06
1.76284e-06
1.69145e-06
1.5694e-06
1.88637e-06
2.32328e-06
2.53246e-06
2.31036e-06
1.17557e-05
1.15647e-05
1.1335e-05
1.10768e-05
1.07848e-05
1.04877e-05
1.02411e-05
1.00243e-05
9.83035e-06
9.60334e-06
9.29662e-06
8.95187e-06
8.60961e-06
8.21974e-06
7.76378e-06
7.26963e-06
6.81445e-06
6.42168e-06
6.0753e-06
5.73284e-06
5.43046e-06
5.27713e-06
5.29162e-06
5.36228e-06
5.47329e-06
5.47289e-06
5.37567e-06
5.14653e-06
4.88337e-06
4.86019e-06
4.8997e-06
5.07174e-06
5.33392e-06
5.57216e-06
5.51129e-06
5.20603e-06
4.54717e-06
3.41509e-06
2.36888e-06
1.77268e-06
1.68879e-06
1.73142e-06
1.78452e-06
1.76019e-06
1.67592e-06
1.57968e-06
1.73036e-06
2.40593e-06
2.76134e-06
2.94742e-06
3.04206e-06
3.17899e-06
3.17077e-06
2.89877e-06
2.56707e-06
2.12015e-06
1.69513e-06
1.62236e-06
1.7001e-06
1.75794e-06
1.776e-06
1.72665e-06
1.60142e-06
1.52308e-06
1.54873e-06
1.59834e-06
1.65612e-06
1.74454e-06
1.89569e-06
2.0533e-06
2.13174e-06
2.13669e-06
2.08821e-06
1.99872e-06
1.8725e-06
1.72861e-06
1.62605e-06
1.69826e-06
1.94974e-06
2.41934e-06
2.76015e-06
2.82453e-06
2.77453e-06
2.62279e-06
2.49587e-06
2.41741e-06
2.3733e-06
2.31136e-06
2.24037e-06
2.14028e-06
2.13286e-06
2.16413e-06
2.2011e-06
2.1333e-06
1.92099e-06
1.59754e-06
1.73866e-06
2.14375e-06
2.32851e-06
2.12844e-06
1.17995e-05
1.17841e-05
1.17586e-05
1.17191e-05
1.16594e-05
1.15835e-05
1.15046e-05
1.14213e-05
1.13368e-05
1.12359e-05
1.10974e-05
1.08871e-05
1.06059e-05
1.02587e-05
9.62001e-06
8.66267e-06
7.61405e-06
6.65137e-06
5.94638e-06
5.46721e-06
5.30823e-06
5.31712e-06
5.46021e-06
5.64962e-06
5.68971e-06
5.65849e-06
5.58729e-06
5.46559e-06
5.38772e-06
5.44748e-06
5.63136e-06
5.95962e-06
6.27103e-06
6.36886e-06
6.29521e-06
6.03417e-06
5.48671e-06
4.58209e-06
3.62719e-06
2.78181e-06
2.41554e-06
2.30585e-06
2.17162e-06
2.02081e-06
1.85036e-06
1.64757e-06
1.60466e-06
1.98186e-06
2.2879e-06
2.41799e-06
2.46843e-06
2.56714e-06
2.58982e-06
2.37335e-06
2.01882e-06
1.70679e-06
1.651e-06
1.87041e-06
2.03638e-06
2.04871e-06
1.98797e-06
1.81545e-06
1.6196e-06
1.52929e-06
1.53785e-06
1.56174e-06
1.58299e-06
1.60837e-06
1.6796e-06
1.78207e-06
1.84813e-06
1.854e-06
1.81659e-06
1.74418e-06
1.64641e-06
1.66786e-06
1.98067e-06
2.79149e-06
3.60994e-06
3.97686e-06
4.02049e-06
3.95101e-06
3.73645e-06
3.47528e-06
3.37602e-06
3.34578e-06
3.33749e-06
3.31418e-06
3.27219e-06
3.18455e-06
3.11239e-06
3.02072e-06
2.88443e-06
2.60795e-06
2.23315e-06
1.7216e-06
1.609e-06
1.9997e-06
2.13618e-06
1.9471e-06
1.18023e-05
1.18011e-05
1.17987e-05
1.17938e-05
1.17847e-05
1.17718e-05
1.17586e-05
1.17429e-05
1.17192e-05
1.16698e-05
1.15817e-05
1.13492e-05
1.06969e-05
9.64814e-06
8.36375e-06
7.12418e-06
6.10194e-06
5.37407e-06
4.91705e-06
4.84667e-06
4.97946e-06
5.29798e-06
5.64284e-06
5.76424e-06
5.74517e-06
5.69585e-06
5.62777e-06
5.55895e-06
5.56124e-06
5.63947e-06
5.869e-06
6.25441e-06
6.5785e-06
6.60459e-06
6.53645e-06
6.31805e-06
5.81528e-06
5.08313e-06
4.32578e-06
3.63302e-06
3.18944e-06
2.86619e-06
2.5711e-06
2.31777e-06
2.09205e-06
1.82214e-06
1.59962e-06
1.65942e-06
1.78504e-06
1.86341e-06
1.91195e-06
1.97482e-06
1.92655e-06
1.78078e-06
1.62933e-06
1.68703e-06
2.10847e-06
2.60183e-06
2.63912e-06
2.48263e-06
2.19476e-06
1.88898e-06
1.66136e-06
1.5701e-06
1.58099e-06
1.62189e-06
1.65399e-06
1.64919e-06
1.63023e-06
1.61841e-06
1.62569e-06
1.62704e-06
1.62777e-06
1.67499e-06
1.93182e-06
2.96552e-06
4.2326e-06
4.84907e-06
4.9816e-06
4.9473e-06
4.8348e-06
4.66604e-06
4.45972e-06
4.26299e-06
4.14639e-06
4.0788e-06
4.03384e-06
3.9918e-06
3.94418e-06
3.8766e-06
3.78542e-06
3.64849e-06
3.43342e-06
3.06342e-06
2.6282e-06
1.9887e-06
1.59379e-06
1.75035e-06
1.91415e-06
1.71618e-06
1.18025e-05
1.18024e-05
1.18022e-05
1.18017e-05
1.18007e-05
1.17991e-05
1.17967e-05
1.17915e-05
1.17791e-05
1.17367e-05
1.15979e-05
1.11813e-05
1.01266e-05
8.48653e-06
6.7954e-06
5.52011e-06
4.73169e-06
4.41542e-06
4.40964e-06
4.65191e-06
5.19804e-06
5.64228e-06
5.79071e-06
5.69837e-06
5.53029e-06
5.34813e-06
5.21475e-06
5.13868e-06
5.09697e-06
5.04105e-06
5.05401e-06
5.12184e-06
5.25898e-06
5.33538e-06
5.39773e-06
5.4344e-06
5.32535e-06
5.00613e-06
4.44033e-06
3.87068e-06
3.40558e-06
3.04517e-06
2.76866e-06
2.54136e-06
2.33191e-06
2.07225e-06
1.73366e-06
1.60598e-06
1.59554e-06
1.5993e-06
1.60512e-06
1.61703e-06
1.61678e-06
1.65863e-06
1.85913e-06
2.61491e-06
3.59235e-06
3.73264e-06
3.47199e-06
2.95829e-06
2.42662e-06
2.01552e-06
1.77494e-06
1.73397e-06
1.8105e-06
1.97116e-06
2.16796e-06
2.20452e-06
2.13326e-06
2.0163e-06
1.95243e-06
2.05036e-06
2.473e-06
3.50892e-06
4.79035e-06
5.52869e-06
5.67299e-06
5.62715e-06
5.4848e-06
5.27858e-06
5.08468e-06
4.89971e-06
4.7275e-06
4.57646e-06
4.45253e-06
4.35763e-06
4.28716e-06
4.2297e-06
4.17172e-06
4.10627e-06
4.01745e-06
3.88458e-06
3.70875e-06
3.43439e-06
3.06648e-06
2.41606e-06
1.75377e-06
1.59542e-06
1.66412e-06
1.58278e-06
1.18025e-05
1.18025e-05
1.18025e-05
1.18024e-05
1.18023e-05
1.1802e-05
1.18008e-05
1.17963e-05
1.178e-05
1.17231e-05
1.15335e-05
1.09559e-05
9.53655e-06
7.53704e-06
5.76639e-06
4.66403e-06
4.17686e-06
4.20052e-06
4.50597e-06
5.2247e-06
5.86204e-06
5.84734e-06
5.60575e-06
5.23943e-06
4.90975e-06
4.6454e-06
4.38696e-06
4.15844e-06
3.96226e-06
3.76683e-06
3.72876e-06
3.78032e-06
3.91778e-06
4.07009e-06
4.26419e-06
4.44452e-06
4.49974e-06
4.35399e-06
3.93408e-06
3.4968e-06
3.12631e-06
2.88144e-06
2.71616e-06
2.57786e-06
2.41325e-06
2.21852e-06
1.9821e-06
1.77319e-06
1.69674e-06
1.66806e-06
1.67678e-06
1.72923e-06
1.93565e-06
2.55999e-06
3.92829e-06
5.01032e-06
5.21585e-06
5.00377e-06
4.43182e-06
3.57959e-06
2.77163e-06
2.26212e-06
2.08808e-06
2.19423e-06
2.54466e-06
3.07447e-06
3.76127e-06
4.12445e-06
4.20489e-06
4.2657e-06
4.76125e-06
5.4445e-06
5.96032e-06
6.24479e-06
6.24113e-06
5.99866e-06
5.60413e-06
5.27917e-06
5.05713e-06
4.90815e-06
4.80124e-06
4.70055e-06
4.61767e-06
4.51228e-06
4.34556e-06
4.17065e-06
4.01512e-06
3.8839e-06
3.77546e-06
3.76649e-06
3.79521e-06
3.79808e-06
3.74681e-06
3.62534e-06
3.37529e-06
2.92359e-06
2.25249e-06
1.69185e-06
1.60148e-06
1.59938e-06
1.18025e-05
1.18025e-05
1.18025e-05
1.18025e-05
1.18025e-05
1.18024e-05
1.18016e-05
1.17979e-05
1.17836e-05
1.17321e-05
1.15553e-05
1.09985e-05
9.53777e-06
7.31335e-06
5.40951e-06
4.39019e-06
4.15842e-06
4.35573e-06
5.15809e-06
6.19361e-06
6.13115e-06
5.67235e-06
5.12261e-06
4.81562e-06
4.54444e-06
4.21639e-06
3.88471e-06
3.58898e-06
3.33265e-06
3.12749e-06
3.05241e-06
3.08456e-06
3.20198e-06
3.38113e-06
3.60466e-06
3.78212e-06
3.81842e-06
3.62617e-06
3.27362e-06
3.02433e-06
2.86613e-06
2.72417e-06
2.53315e-06
2.38579e-06
2.29659e-06
2.20539e-06
2.06508e-06
1.94511e-06
1.90052e-06
1.9367e-06
2.19275e-06
2.82231e-06
4.14639e-06
5.74407e-06
6.21187e-06
6.09922e-06
5.9507e-06
5.7481e-06
5.32105e-06
4.38413e-06
3.27205e-06
2.75062e-06
2.88417e-06
3.39199e-06
4.44375e-06
5.51517e-06
6.3857e-06
7.02024e-06
7.22058e-06
7.24723e-06
7.21464e-06
7.03098e-06
6.54374e-06
5.94343e-06
5.40357e-06
5.06477e-06
4.88062e-06
4.73259e-06
4.5481e-06
4.32749e-06
4.1274e-06
3.95298e-06
3.79343e-06
3.58569e-06
3.28796e-06
3.02579e-06
2.85172e-06
2.7009e-06
2.5735e-06
2.60311e-06
2.73877e-06
3.00241e-06
3.19916e-06
3.28625e-06
3.28052e-06
3.20854e-06
2.947e-06
2.34789e-06
1.91744e-06
1.80141e-06
1.18025e-05
1.18025e-05
1.18025e-05
1.18025e-05
1.18025e-05
1.18024e-05
1.1802e-05
1.17984e-05
1.17841e-05
1.17305e-05
1.15406e-05
1.09335e-05
9.34952e-06
7.03331e-06
5.24879e-06
4.42591e-06
4.35126e-06
4.94915e-06
6.4263e-06
6.93808e-06
6.17812e-06
5.2463e-06
4.86659e-06
4.69091e-06
4.42832e-06
4.02754e-06
3.62381e-06
3.26899e-06
2.99162e-06
2.81058e-06
2.74396e-06
2.77202e-06
2.87784e-06
3.05717e-06
3.26135e-06
3.3734e-06
3.30223e-06
3.09589e-06
3.00231e-06
2.99657e-06
3.02445e-06
2.86147e-06
2.43408e-06
2.18836e-06
2.11375e-06
2.0808e-06
2.06267e-06
2.05826e-06
2.20839e-06
2.72983e-06
4.06355e-06
5.89754e-06
6.86695e-06
6.8206e-06
6.34486e-06
5.76022e-06
5.68472e-06
5.83919e-06
5.73106e-06
5.07793e-06
3.83499e-06
3.83452e-06
4.59661e-06
5.80613e-06
7.01837e-06
7.75792e-06
7.95398e-06
7.93863e-06
7.74736e-06
7.36068e-06
6.77038e-06
6.02745e-06
5.30245e-06
4.90945e-06
4.81648e-06
4.72035e-06
4.43085e-06
3.99026e-06
3.47658e-06
3.05776e-06
2.82533e-06
2.69214e-06
2.59892e-06
2.49407e-06
2.36315e-06
2.24527e-06
2.1532e-06
2.07275e-06
1.97869e-06
1.93917e-06
1.96188e-06
2.06424e-06
2.24761e-06
2.47414e-06
2.60657e-06
2.82761e-06
2.96536e-06
2.85722e-06
2.58324e-06
2.17682e-06
1.18025e-05
1.18025e-05
1.18025e-05
1.18025e-05
1.18025e-05
1.18025e-05
1.18023e-05
1.18003e-05
1.17906e-05
1.17524e-05
1.16108e-05
1.11306e-05
9.77781e-06
7.42976e-06
5.51194e-06
4.75042e-06
4.92459e-06
6.13417e-06
7.98698e-06
7.59088e-06
6.07144e-06
5.09477e-06
4.9417e-06
4.88558e-06
4.52163e-06
3.99194e-06
3.5034e-06
3.08223e-06
2.80589e-06
2.65589e-06
2.60656e-06
2.63369e-06
2.74132e-06
2.91333e-06
3.05847e-06
3.08136e-06
3.03334e-06
3.04994e-06
3.35382e-06
3.81458e-06
4.03164e-06
3.46917e-06
2.39275e-06
2.09628e-06
2.02788e-06
2.03156e-06
2.13369e-06
2.38809e-06
3.17445e-06
4.91594e-06
6.79929e-06
7.26504e-06
7.10138e-06
6.73108e-06
6.00978e-06
5.08696e-06
5.00423e-06
5.36542e-06
5.53193e-06
5.02463e-06
4.55959e-06
5.33117e-06
6.69311e-06
7.66865e-06
8.06372e-06
8.03684e-06
7.67411e-06
7.09726e-06
6.39875e-06
5.79779e-06
5.2316e-06
4.82181e-06
4.77096e-06
4.81195e-06
4.71385e-06
4.17805e-06
3.36036e-06
2.69904e-06
2.39409e-06
2.30438e-06
2.26714e-06
2.24173e-06
2.21093e-06
2.17646e-06
2.1358e-06
2.07309e-06
1.99873e-06
1.92009e-06
1.83047e-06
1.74169e-06
1.70987e-06
1.72504e-06
1.75885e-06
1.82457e-06
1.86061e-06
2.01767e-06
2.47161e-06
2.88291e-06
2.85419e-06
2.55971e-06
1.18025e-05
1.18025e-05
1.18025e-05
1.18025e-05
1.18025e-05
1.18025e-05
1.18024e-05
1.18016e-05
1.17955e-05
1.17696e-05
1.1671e-05
1.13247e-05
1.02872e-05
8.06854e-06
6.05203e-06
5.53233e-06
6.10849e-06
8.35185e-06
9.46953e-06
8.24699e-06
6.0041e-06
5.23455e-06
5.34689e-06
5.48603e-06
5.02295e-06
4.16641e-06
3.46733e-06
2.98249e-06
2.71767e-06
2.59281e-06
2.55573e-06
2.58511e-06
2.70176e-06
2.84325e-06
2.90763e-06
2.93664e-06
3.11148e-06
3.58944e-06
4.68828e-06
5.92628e-06
6.33012e-06
4.63379e-06
2.49054e-06
2.1263e-06
2.05332e-06
2.11756e-06
2.48383e-06
3.4621e-06
5.33168e-06
6.63233e-06
6.99382e-06
7.10765e-06
7.06632e-06
6.68003e-06
5.80806e-06
4.79804e-06
4.56375e-06
4.87586e-06
5.19738e-06
4.99945e-06
5.35823e-06
6.45407e-06
7.47746e-06
7.63206e-06
7.48325e-06
7.04015e-06
6.23561e-06
5.37474e-06
4.93009e-06
4.69964e-06
4.7066e-06
4.83623e-06
5.09171e-06
4.95686e-06
4.21219e-06
2.93994e-06
2.33949e-06
2.17776e-06
2.17844e-06
2.20008e-06
2.21638e-06
2.21726e-06
2.20321e-06
2.18078e-06
2.15289e-06
2.08588e-06
1.99271e-06
1.88426e-06
1.7583e-06
1.64971e-06
1.58916e-06
1.58559e-06
1.5835e-06
1.58545e-06
1.5764e-06
1.6052e-06
1.8258e-06
2.50126e-06
2.93334e-06
2.86893e-06
1.18025e-05
1.18025e-05
1.18025e-05
1.18025e-05
1.18025e-05
1.18025e-05
1.18025e-05
1.18022e-05
1.18e-05
1.17868e-05
1.17346e-05
1.15417e-05
1.09062e-05
9.22192e-06
7.1387e-06
6.64378e-06
7.23694e-06
9.54078e-06
1.03303e-05
8.9911e-06
6.36369e-06
5.57771e-06
5.88658e-06
6.1725e-06
5.75348e-06
4.5574e-06
3.50059e-06
2.94865e-06
2.68998e-06
2.57281e-06
2.54074e-06
2.56788e-06
2.66458e-06
2.75738e-06
2.86776e-06
3.08729e-06
3.6636e-06
4.98217e-06
6.98097e-06
8.48686e-06
8.88887e-06
6.74241e-06
3.06134e-06
2.27056e-06
2.1706e-06
2.46209e-06
3.35552e-06
4.86498e-06
5.74194e-06
6.04253e-06
6.07302e-06
6.60203e-06
7.19514e-06
6.96056e-06
5.9205e-06
4.71262e-06
4.2929e-06
4.5955e-06
4.97793e-06
5.19064e-06
5.80172e-06
6.52311e-06
6.94201e-06
6.91739e-06
6.5691e-06
5.77723e-06
4.97322e-06
4.59311e-06
4.53341e-06
4.62972e-06
4.94958e-06
5.34628e-06
5.12398e-06
4.22531e-06
2.84142e-06
2.16922e-06
2.13672e-06
2.25933e-06
2.46029e-06
2.63203e-06
2.70587e-06
2.69877e-06
2.65244e-06
2.55388e-06
2.40789e-06
2.2196e-06
2.03544e-06
1.84684e-06
1.66367e-06
1.56236e-06
1.53156e-06
1.53166e-06
1.53157e-06
1.53044e-06
1.52855e-06
1.52595e-06
1.56451e-06
2.00135e-06
2.82551e-06
2.96025e-06
1.18025e-05
1.18025e-05
1.18025e-05
1.18025e-05
1.18025e-05
1.18025e-05
1.18025e-05
1.18024e-05
1.18019e-05
1.17974e-05
1.1776e-05
1.16919e-05
1.13857e-05
1.04312e-05
8.80262e-06
8.43373e-06
9.01077e-06
1.07169e-05
1.09102e-05
9.6491e-06
6.90917e-06
5.81801e-06
6.10524e-06
6.56657e-06
6.60913e-06
5.24995e-06
3.68999e-06
2.99583e-06
2.71164e-06
2.57771e-06
2.54379e-06
2.55999e-06
2.65075e-06
2.78194e-06
3.01747e-06
3.60718e-06
4.90021e-06
6.99216e-06
8.96366e-06
9.8484e-06
1.02478e-05
9.86241e-06
5.39981e-06
2.72692e-06
2.39299e-06
2.71695e-06
3.67838e-06
4.59742e-06
4.9561e-06
4.49908e-06
4.41956e-06
5.45312e-06
7.18393e-06
7.41633e-06
6.46106e-06
4.77492e-06
4.10967e-06
4.38999e-06
4.79103e-06
4.99621e-06
5.15056e-06
5.97321e-06
6.50075e-06
6.32955e-06
5.63701e-06
4.84072e-06
4.48464e-06
4.40413e-06
4.35526e-06
4.60167e-06
5.00947e-06
4.65284e-06
3.9016e-06
2.6613e-06
2.07866e-06
2.17036e-06
2.53845e-06
3.12976e-06
3.46488e-06
3.52543e-06
3.48654e-06
3.356e-06
3.12242e-06
2.81826e-06
2.51864e-06
2.23804e-06
1.95134e-06
1.71609e-06
1.57328e-06
1.52431e-06
1.53898e-06
1.5504e-06
1.55458e-06
1.54922e-06
1.5387e-06
1.52732e-06
1.53401e-06
1.83355e-06
2.71277e-06
2.94139e-06
1.18025e-05
1.18025e-05
1.18025e-05
1.18025e-05
1.18025e-05
1.18025e-05
1.18025e-05
1.18025e-05
1.18024e-05
1.18016e-05
1.17965e-05
1.17742e-05
1.16866e-05
1.13807e-05
1.08139e-05
1.07677e-05
1.10215e-05
1.14666e-05
1.14232e-05
1.05859e-05
8.35344e-06
6.45949e-06
6.378e-06
6.72567e-06
7.43577e-06
6.22752e-06
4.01306e-06
3.16697e-06
2.82373e-06
2.62852e-06
2.57737e-06
2.58484e-06
2.69451e-06
2.92788e-06
3.45868e-06
4.62259e-06
6.63415e-06
8.67225e-06
9.75582e-06
1.02161e-05
1.06936e-05
1.08715e-05
1.02764e-05
5.86575e-06
3.05158e-06
2.81233e-06
3.26645e-06
3.69455e-06
3.61364e-06
3.32455e-06
3.45519e-06
4.4016e-06
6.92368e-06
7.86952e-06
7.05596e-06
5.17125e-06
4.03927e-06
4.1332e-06
4.371e-06
4.32304e-06
4.67353e-06
5.94543e-06
6.22041e-06
5.70288e-06
4.88705e-06
4.48375e-06
4.46562e-06
3.92543e-06
3.20457e-06
3.08206e-06
3.17132e-06
2.80037e-06
2.2757e-06
2.00299e-06
2.21912e-06
2.9508e-06
3.89321e-06
4.49744e-06
4.56594e-06
4.46701e-06
4.20377e-06
3.78449e-06
3.30175e-06
2.85464e-06
2.43068e-06
2.046e-06
1.76404e-06
1.61939e-06
1.54508e-06
1.52277e-06
1.55971e-06
1.58363e-06
1.57945e-06
1.56235e-06
1.55656e-06
1.59344e-06
1.68657e-06
2.03582e-06
2.70425e-06
2.87775e-06
1.18025e-05
1.18025e-05
1.18025e-05
1.18025e-05
1.18025e-05
1.18025e-05
1.18025e-05
1.18025e-05
1.18025e-05
1.18024e-05
1.18017e-05
1.17974e-05
1.17799e-05
1.17344e-05
1.16783e-05
1.16742e-05
1.17086e-05
1.17451e-05
1.17002e-05
1.14009e-05
1.03924e-05
8.58928e-06
7.6131e-06
7.85429e-06
8.57635e-06
7.50992e-06
4.49993e-06
3.40778e-06
3.05384e-06
2.77309e-06
2.67976e-06
2.67903e-06
2.8786e-06
3.39202e-06
4.54623e-06
6.5493e-06
8.11711e-06
8.64793e-06
8.22341e-06
8.06803e-06
9.5542e-06
1.08076e-05
1.12379e-05
1.07672e-05
7.78807e-06
4.34935e-06
3.46869e-06
3.41242e-06
3.25385e-06
3.17842e-06
3.31613e-06
4.01085e-06
6.58665e-06
8.30612e-06
7.65874e-06
5.85325e-06
4.19102e-06
3.79867e-06
3.81864e-06
3.92102e-06
4.63242e-06
6.27146e-06
6.06316e-06
5.19618e-06
4.60716e-06
4.70869e-06
4.20514e-06
2.96967e-06
2.30088e-06
2.14618e-06
2.11943e-06
2.01149e-06
1.98334e-06
2.30238e-06
3.29614e-06
4.6496e-06
5.60354e-06
5.86864e-06
5.7398e-06
5.32368e-06
4.65591e-06
3.91836e-06
3.2631e-06
2.68824e-06
2.19538e-06
1.84838e-06
1.67972e-06
1.60884e-06
1.56512e-06
1.52372e-06
1.56907e-06
1.58533e-06
1.55624e-06
1.56601e-06
2.3705e-06
2.63863e-06
2.54137e-06
2.53868e-06
2.6781e-06
2.70616e-06
1.18025e-05
1.18025e-05
1.18025e-05
1.18025e-05
1.18025e-05
1.18025e-05
1.18025e-05
1.18025e-05
1.18025e-05
1.18025e-05
1.18024e-05
1.1802e-05
1.18e-05
1.17956e-05
1.17912e-05
1.17909e-05
1.17937e-05
1.17957e-05
1.1785e-05
1.17228e-05
1.14927e-05
1.10135e-05
1.04921e-05
1.0354e-05
1.04055e-05
9.27146e-06
5.56891e-06
3.82765e-06
3.56636e-06
3.31435e-06
3.0635e-06
3.05149e-06
3.55948e-06
4.6683e-06
6.32005e-06
7.46584e-06
7.64914e-06
6.68733e-06
6.1977e-06
6.24478e-06
7.54318e-06
9.54718e-06
1.10297e-05
1.15309e-05
1.12182e-05
9.61476e-06
6.74945e-06
5.31167e-06
4.18249e-06
3.71991e-06
3.86029e-06
4.71184e-06
7.10779e-06
8.80655e-06
8.35952e-06
6.79748e-06
4.70353e-06
3.77622e-06
3.61994e-06
3.92385e-06
5.69748e-06
6.78135e-06
5.9193e-06
4.9437e-06
4.86621e-06
4.87991e-06
3.58687e-06
2.51486e-06
2.07824e-06
1.94953e-06
1.93321e-06
2.0178e-06
2.40693e-06
3.51512e-06
5.23548e-06
6.70209e-06
7.31519e-06
7.29659e-06
6.89987e-06
5.98317e-06
4.85759e-06
3.91142e-06
3.18588e-06
2.57013e-06
2.0577e-06
1.7631e-06
1.81381e-06
1.84708e-06
1.73895e-06
1.55037e-06
1.54102e-06
1.54987e-06
1.5738e-06
2.01618e-06
4.73314e-06
4.83064e-06
4.17489e-06
3.24071e-06
2.7761e-06
2.61779e-06
1.18025e-05
1.18025e-05
1.18025e-05
1.18025e-05
1.18025e-05
1.18025e-05
1.18025e-05
1.18025e-05
1.18025e-05
1.18025e-05
1.18025e-05
1.18024e-05
1.18023e-05
1.1802e-05
1.18017e-05
1.18016e-05
1.18018e-05
1.18019e-05
1.18005e-05
1.17929e-05
1.17637e-05
1.17019e-05
1.16233e-05
1.15645e-05
1.14788e-05
1.08371e-05
8.29505e-06
4.81941e-06
3.95987e-06
3.90425e-06
4.05431e-06
4.42214e-06
5.28932e-06
6.54851e-06
7.54135e-06
7.89102e-06
7.41487e-06
6.25862e-06
5.68111e-06
5.82655e-06
6.69988e-06
8.59941e-06
1.06223e-05
1.15327e-05
1.16636e-05
1.14669e-05
1.08064e-05
9.63504e-06
7.75314e-06
6.21288e-06
6.30836e-06
6.99053e-06
8.44439e-06
9.35966e-06
8.97345e-06
7.58867e-06
5.45472e-06
4.00436e-06
3.86497e-06
4.86409e-06
7.35343e-06
7.02252e-06
5.70145e-06
5.06309e-06
5.19518e-06
4.56506e-06
3.24267e-06
2.39288e-06
2.09882e-06
2.03966e-06
2.10888e-06
2.49158e-06
3.54864e-06
5.40648e-06
7.42345e-06
8.5972e-06
8.91013e-06
8.77767e-06
7.9916e-06
6.47646e-06
4.97238e-06
3.97515e-06
3.23677e-06
2.56935e-06
2.01088e-06
2.0814e-06
2.47662e-06
2.40326e-06
1.95078e-06
1.59803e-06
1.57819e-06
1.61993e-06
2.62261e-06
5.11487e-06
8.31188e-06
7.56836e-06
6.24132e-06
4.40491e-06
3.15397e-06
2.67108e-06
1.18025e-05
1.18025e-05
1.18025e-05
1.18025e-05
1.18025e-05
1.18025e-05
1.18025e-05
1.18025e-05
1.18025e-05
1.18025e-05
1.18025e-05
1.18025e-05
1.18025e-05
1.18025e-05
1.18024e-05
1.18024e-05
1.18024e-05
1.18024e-05
1.18023e-05
1.18017e-05
1.17991e-05
1.17931e-05
1.17834e-05
1.17722e-05
1.17505e-05
1.15753e-05
1.07495e-05
8.37378e-06
5.76828e-06
4.60182e-06
4.48298e-06
4.74702e-06
5.23052e-06
5.99834e-06
6.77878e-06
7.22572e-06
6.84955e-06
6.05318e-06
5.58152e-06
5.7973e-06
6.62716e-06
8.39646e-06
1.04377e-05
1.14749e-05
1.17366e-05
1.17313e-05
1.16215e-05
1.13369e-05
1.07673e-05
1.01365e-05
9.67285e-06
9.46708e-06
9.66739e-06
9.90128e-06
9.50104e-06
8.17422e-06
5.92295e-06
4.34872e-06
4.50563e-06
6.735e-06
8.36748e-06
7.09786e-06
5.53745e-06
5.32719e-06
5.4014e-06
4.38769e-06
3.11219e-06
2.48539e-06
2.335e-06
2.40628e-06
2.69181e-06
3.49697e-06
5.12989e-06
7.38935e-06
9.09782e-06
9.94718e-06
1.024e-05
1.00519e-05
9.00688e-06
6.97772e-06
5.38584e-06
4.72997e-06
4.00373e-06
3.10557e-06
2.76546e-06
3.32739e-06
3.93102e-06
3.18813e-06
2.22114e-06
2.0986e-06
2.23456e-06
2.61274e-06
4.31189e-06
8.60564e-06
1.02886e-05
8.88247e-06
6.2338e-06
4.30154e-06
3.0931e-06
2.71726e-06
1.18025e-05
1.18025e-05
1.18025e-05
1.18025e-05
1.18025e-05
1.18025e-05
1.18025e-05
1.18025e-05
1.18025e-05
1.18025e-05
1.18025e-05
1.18025e-05
1.18025e-05
1.18025e-05
1.18025e-05
1.18025e-05
1.18025e-05
1.18025e-05
1.18025e-05
1.18024e-05
1.18023e-05
1.18018e-05
1.18008e-05
1.17994e-05
1.17963e-05
1.17733e-05
1.16368e-05
1.11066e-05
9.72849e-06
7.9849e-06
6.47439e-06
5.73412e-06
5.62328e-06
5.78621e-06
5.92503e-06
6.02817e-06
5.90016e-06
5.83957e-06
6.10236e-06
6.97536e-06
8.47246e-06
1.00551e-05
1.11375e-05
1.16081e-05
1.17615e-05
1.17824e-05
1.17644e-05
1.17044e-05
1.15753e-05
1.13606e-05
1.10125e-05
1.05262e-05
1.0458e-05
1.04434e-05
9.97887e-06
8.59388e-06
6.1412e-06
4.82263e-06
5.53063e-06
8.49697e-06
8.96703e-06
7.22786e-06
5.58911e-06
5.28164e-06
5.11632e-06
4.3647e-06
3.31586e-06
2.79213e-06
2.76065e-06
3.07797e-06
3.67351e-06
4.87235e-06
6.7538e-06
8.58474e-06
9.71602e-06
1.05472e-05
1.10052e-05
1.09443e-05
9.97221e-06
7.77773e-06
6.44708e-06
6.1856e-06
5.38072e-06
4.28624e-06
4.69377e-06
6.77296e-06
6.65081e-06
4.25024e-06
2.89052e-06
3.56037e-06
4.2228e-06
4.60323e-06
7.60166e-06
1.02877e-05
1.07258e-05
8.86278e-06
5.65299e-06
3.73272e-06
2.86322e-06
2.97248e-06
1.18025e-05
1.18025e-05
1.18025e-05
1.18025e-05
1.18025e-05
1.18025e-05
1.18025e-05
1.18025e-05
1.18025e-05
1.18025e-05
1.18025e-05
1.18025e-05
1.18025e-05
1.18025e-05
1.18025e-05
1.18025e-05
1.18025e-05
1.18025e-05
1.18025e-05
1.18025e-05
1.18025e-05
1.18024e-05
1.18024e-05
1.18022e-05
1.1802e-05
1.18e-05
1.17865e-05
1.17237e-05
1.15302e-05
1.11777e-05
1.05048e-05
9.61778e-06
8.59229e-06
7.96114e-06
7.66566e-06
7.27374e-06
7.38315e-06
7.75323e-06
8.5499e-06
9.73554e-06
1.06905e-05
1.1261e-05
1.15694e-05
1.17144e-05
1.17781e-05
1.17959e-05
1.17931e-05
1.17786e-05
1.17399e-05
1.16422e-05
1.1329e-05
1.10136e-05
1.09993e-05
1.08729e-05
1.02759e-05
8.68902e-06
6.23608e-06
5.45873e-06
6.97349e-06
9.91202e-06
9.72882e-06
7.71284e-06
5.84276e-06
5.2816e-06
4.94874e-06
4.37716e-06
3.57303e-06
3.17555e-06
3.37877e-06
4.06315e-06
4.97871e-06
6.22399e-06
7.61354e-06
8.72265e-06
9.643e-06
1.06358e-05
1.12529e-05
1.1444e-05
1.0855e-05
9.22267e-06
8.23818e-06
8.36901e-06
7.74355e-06
7.00629e-06
8.21313e-06
1.02439e-05
9.44226e-06
6.13061e-06
4.07002e-06
5.59686e-06
6.63051e-06
7.72844e-06
9.38922e-06
9.4428e-06
1.05501e-05
7.63216e-06
5.73967e-06
3.23602e-06
2.50884e-06
3.16784e-06
1.18025e-05
1.18025e-05
1.18025e-05
1.18025e-05
1.18025e-05
1.18025e-05
1.18025e-05
1.18025e-05
1.18025e-05
1.18025e-05
1.18025e-05
1.18025e-05
1.18025e-05
1.18025e-05
1.18025e-05
1.18025e-05
1.18025e-05
1.18025e-05
1.18025e-05
1.18025e-05
1.18025e-05
1.18025e-05
1.18025e-05
1.18025e-05
1.18025e-05
1.18023e-05
1.18014e-05
1.17967e-05
1.17804e-05
1.17479e-05
1.16894e-05
1.15909e-05
1.145e-05
1.12739e-05
1.11083e-05
1.09376e-05
1.10991e-05
1.13057e-05
1.14834e-05
1.16061e-05
1.1685e-05
1.1732e-05
1.17596e-05
1.17787e-05
1.17925e-05
1.18e-05
1.17999e-05
1.17959e-05
1.17788e-05
1.17195e-05
1.15924e-05
1.15376e-05
1.14672e-05
1.11164e-05
1.00834e-05
8.0088e-06
6.22064e-06
6.29922e-06
8.48182e-06
1.08043e-05
1.06928e-05
9.38467e-06
7.21393e-06
5.79386e-06
5.03484e-06
4.30415e-06
3.7779e-06
3.66847e-06
4.30872e-06
5.18978e-06
6.00907e-06
6.78181e-06
7.54948e-06
8.20289e-06
8.95936e-06
1.01878e-05
1.12974e-05
1.16412e-05
1.14494e-05
1.06876e-05
1.01317e-05
1.0408e-05
1.03429e-05
1.01176e-05
1.05297e-05
1.0524e-05
1.03429e-05
8.44568e-06
5.65555e-06
6.51968e-06
8.31176e-06
9.34244e-06
9.54131e-06
9.1264e-06
1.04669e-05
6.59624e-06
4.15481e-06
2.61424e-06
2.41837e-06
3.70411e-06
1.18025e-05
1.18025e-05
1.18025e-05
1.18025e-05
1.18025e-05
1.18025e-05
1.18025e-05
1.18025e-05
1.18025e-05
1.18025e-05
1.18025e-05
1.18025e-05
1.18025e-05
1.18025e-05
1.18025e-05
1.18025e-05
1.18025e-05
1.18025e-05
1.18025e-05
1.18025e-05
1.18025e-05
1.18025e-05
1.18025e-05
1.18025e-05
1.18025e-05
1.18025e-05
1.18024e-05
1.18022e-05
1.18013e-05
1.17995e-05
1.17963e-05
1.17909e-05
1.17842e-05
1.17767e-05
1.17696e-05
1.17643e-05
1.17736e-05
1.17837e-05
1.17911e-05
1.17957e-05
1.17982e-05
1.17998e-05
1.18007e-05
1.18013e-05
1.18017e-05
1.1802e-05
1.18019e-05
1.18009e-05
1.17969e-05
1.1784e-05
1.17626e-05
1.17388e-05
1.16303e-05
1.11916e-05
9.84958e-06
7.88235e-06
6.97505e-06
7.90162e-06
1.03898e-05
1.13985e-05
1.13048e-05
1.08619e-05
9.74633e-06
7.98559e-06
6.04268e-06
4.69211e-06
4.34556e-06
4.97436e-06
6.16963e-06
7.17593e-06
7.85477e-06
8.13908e-06
8.09896e-06
8.20984e-06
8.69322e-06
9.75587e-06
1.11302e-05
1.1698e-05
1.1696e-05
1.14925e-05
1.12991e-05
1.14102e-05
1.15873e-05
1.15961e-05
1.09071e-05
9.44402e-06
9.09773e-06
8.32891e-06
8.00973e-06
7.75407e-06
8.07504e-06
9.19746e-06
8.93601e-06
8.96147e-06
1.06766e-05
6.28064e-06
2.91215e-06
2.4428e-06
2.44687e-06
4.94297e-06
1.18025e-05
1.18025e-05
1.18025e-05
1.18025e-05
1.18025e-05
1.18025e-05
1.18025e-05
1.18025e-05
1.18025e-05
1.18025e-05
1.18025e-05
1.18025e-05
1.18025e-05
1.18025e-05
1.18025e-05
1.18025e-05
1.18025e-05
1.18025e-05
1.18025e-05
1.18025e-05
1.18025e-05
1.18025e-05
1.18025e-05
1.18025e-05
1.18025e-05
1.18025e-05
1.18025e-05
1.18025e-05
1.18024e-05
1.18024e-05
1.18023e-05
1.18021e-05
1.18019e-05
1.18017e-05
1.18016e-05
1.18015e-05
1.18018e-05
1.1802e-05
1.18022e-05
1.18023e-05
1.18024e-05
1.18024e-05
1.18024e-05
1.18025e-05
1.18025e-05
1.18025e-05
1.18025e-05
1.18023e-05
1.1802e-05
1.18014e-05
1.18002e-05
1.17942e-05
1.17501e-05
1.15418e-05
1.07416e-05
9.16903e-06
9.1688e-06
1.01381e-05
1.1367e-05
1.16167e-05
1.14889e-05
1.10464e-05
1.03583e-05
9.4076e-06
7.40925e-06
5.41084e-06
4.87844e-06
5.83542e-06
8.1284e-06
9.31601e-06
1.01103e-05
1.05277e-05
1.04344e-05
1.00175e-05
9.62908e-06
9.85329e-06
1.09381e-05
1.1704e-05
1.17756e-05
1.17519e-05
1.17163e-05
1.17522e-05
1.17731e-05
1.15832e-05
1.02767e-05
8.68168e-06
8.30215e-06
8.67586e-06
1.00425e-05
9.60754e-06
8.53391e-06
8.76839e-06
8.14785e-06
8.66801e-06
1.09341e-05
6.96675e-06
2.46812e-06
2.34406e-06
2.43548e-06
5.74742e-06
1.18025e-05
1.18025e-05
1.18025e-05
1.18025e-05
1.18025e-05
1.18025e-05
1.18025e-05
1.18025e-05
1.18025e-05
1.18025e-05
1.18025e-05
1.18025e-05
1.18025e-05
1.18025e-05
1.18025e-05
1.18025e-05
1.18025e-05
1.18025e-05
1.18025e-05
1.18025e-05
1.18025e-05
1.18025e-05
1.18025e-05
1.18025e-05
1.18025e-05
1.18025e-05
1.18025e-05
1.18025e-05
1.18025e-05
1.18025e-05
1.18025e-05
1.18025e-05
1.18025e-05
1.18025e-05
1.18025e-05
1.18025e-05
1.18025e-05
1.18025e-05
1.18025e-05
1.18025e-05
1.18025e-05
1.18025e-05
1.18025e-05
1.18025e-05
1.18025e-05
1.18025e-05
1.18025e-05
1.18025e-05
1.18025e-05
1.18025e-05
1.18024e-05
1.18016e-05
1.17956e-05
1.17609e-05
1.16222e-05
1.13828e-05
1.14643e-05
1.16339e-05
1.17245e-05
1.17309e-05
1.15699e-05
1.10182e-05
1.06039e-05
1.0365e-05
9.56669e-06
7.80291e-06
6.46207e-06
6.81968e-06
7.69837e-06
8.64018e-06
1.04339e-05
1.14085e-05
1.13831e-05
1.11952e-05
1.07705e-05
1.07036e-05
1.10688e-05
1.16821e-05
1.1796e-05
1.17999e-05
1.17988e-05
1.18e-05
1.17907e-05
1.16238e-05
1.05722e-05
9.14366e-06
8.68335e-06
1.0072e-05
1.09375e-05
1.02907e-05
8.68141e-06
8.31733e-06
7.0346e-06
8.43375e-06
1.12329e-05
8.27115e-06
2.47556e-06
2.11506e-06
2.41394e-06
6.32758e-06
1.18025e-05
1.18025e-05
1.18025e-05
1.18025e-05
1.18025e-05
1.18025e-05
1.18025e-05
1.18025e-05
1.18025e-05
1.18025e-05
1.18025e-05
1.18025e-05
1.18025e-05
1.18025e-05
1.18025e-05
1.18025e-05
1.18025e-05
1.18025e-05
1.18025e-05
1.18025e-05
1.18025e-05
1.18025e-05
1.18025e-05
1.18025e-05
1.18025e-05
1.18025e-05
1.18025e-05
1.18025e-05
1.18025e-05
1.18025e-05
1.18025e-05
1.18025e-05
1.18025e-05
1.18025e-05
1.18025e-05
1.18025e-05
1.18025e-05
1.18025e-05
1.18025e-05
1.18025e-05
1.18025e-05
1.18025e-05
1.18025e-05
1.18025e-05
1.18025e-05
1.18025e-05
1.18025e-05
1.18025e-05
1.18025e-05
1.18025e-05
1.18025e-05
1.18025e-05
1.18023e-05
1.18008e-05
1.17951e-05
1.17869e-05
1.17907e-05
1.17967e-05
1.17988e-05
1.17944e-05
1.17586e-05
1.16444e-05
1.15768e-05
1.15479e-05
1.14191e-05
1.1034e-05
1.04247e-05
1.00596e-05
9.47332e-06
9.64883e-06
1.0929e-05
1.16383e-05
1.1663e-05
1.16088e-05
1.14141e-05
1.13454e-05
1.14691e-05
1.17213e-05
1.17978e-05
1.18023e-05
1.18024e-05
1.18023e-05
1.18001e-05
1.17649e-05
1.15011e-05
1.08944e-05
1.04921e-05
1.11987e-05
1.05876e-05
9.26717e-06
8.15155e-06
7.3082e-06
6.17017e-06
8.87643e-06
1.14324e-05
8.61334e-06
2.56895e-06
2.15263e-06
2.88136e-06
7.50468e-06
1.18025e-05
1.18025e-05
1.18025e-05
1.18025e-05
1.18025e-05
1.18025e-05
1.18025e-05
1.18025e-05
1.18025e-05
1.18025e-05
1.18025e-05
1.18025e-05
1.18025e-05
1.18025e-05
1.18025e-05
1.18025e-05
1.18025e-05
1.18025e-05
1.18025e-05
1.18025e-05
1.18025e-05
1.18025e-05
1.18025e-05
1.18025e-05
1.18025e-05
1.18025e-05
1.18025e-05
1.18025e-05
1.18025e-05
1.18025e-05
1.18025e-05
1.18025e-05
1.18025e-05
1.18025e-05
1.18025e-05
1.18025e-05
1.18025e-05
1.18025e-05
1.18025e-05
1.18025e-05
1.18025e-05
1.18025e-05
1.18025e-05
1.18025e-05
1.18025e-05
1.18025e-05
1.18025e-05
1.18025e-05
1.18025e-05
1.18025e-05
1.18025e-05
1.18025e-05
1.18025e-05
1.18025e-05
1.18024e-05
1.18022e-05
1.18023e-05
1.18024e-05
1.18024e-05
1.18023e-05
1.18017e-05
1.17997e-05
1.17981e-05
1.17819e-05
1.17203e-05
1.1552e-05
1.10514e-05
1.02547e-05
1.01293e-05
1.07164e-05
1.13661e-05
1.15483e-05
1.16917e-05
1.17386e-05
1.17053e-05
1.16852e-05
1.17128e-05
1.17752e-05
1.18003e-05
1.18024e-05
1.18025e-05
1.18025e-05
1.18019e-05
1.17932e-05
1.17623e-05
1.17137e-05
1.16882e-05
1.1584e-05
9.32365e-06
6.72617e-06
6.54835e-06
6.15042e-06
8.32781e-06
1.14863e-05
1.17582e-05
1.06586e-05
4.05916e-06
2.52181e-06
3.18946e-06
8.65659e-06
1.18025e-05
1.18025e-05
1.18025e-05
1.18025e-05
1.18025e-05
1.18025e-05
1.18025e-05
1.18025e-05
1.18025e-05
1.18025e-05
1.18025e-05
1.18025e-05
1.18025e-05
1.18025e-05
1.18025e-05
1.18025e-05
1.18025e-05
1.18025e-05
1.18025e-05
1.18025e-05
1.18025e-05
1.18025e-05
1.18025e-05
1.18025e-05
1.18025e-05
1.18025e-05
1.18025e-05
1.18025e-05
1.18025e-05
1.18025e-05
1.18025e-05
1.18025e-05
1.18025e-05
1.18025e-05
1.18025e-05
1.18025e-05
1.18025e-05
1.18025e-05
1.18025e-05
1.18025e-05
1.18025e-05
1.18025e-05
1.18025e-05
1.18025e-05
1.18025e-05
1.18025e-05
1.18025e-05
1.18025e-05
1.18025e-05
1.18025e-05
1.18025e-05
1.18025e-05
1.18025e-05
1.18025e-05
1.18025e-05
1.18025e-05
1.18025e-05
1.18025e-05
1.18025e-05
1.18025e-05
1.18025e-05
1.18024e-05
1.18022e-05
1.17974e-05
1.17594e-05
1.16206e-05
1.11768e-05
1.02941e-05
1.01242e-05
1.03249e-05
1.04231e-05
1.07781e-05
1.15065e-05
1.17733e-05
1.17918e-05
1.17928e-05
1.17959e-05
1.17997e-05
1.18019e-05
1.18025e-05
1.18025e-05
1.18025e-05
1.18024e-05
1.18022e-05
1.18014e-05
1.17995e-05
1.17967e-05
1.17459e-05
1.07983e-05
7.37722e-06
6.19818e-06
6.5876e-06
8.86468e-06
1.13571e-05
1.1775e-05
1.17188e-05
1.03857e-05
7.65796e-06
6.37118e-06
1.10857e-05
1.18025e-05
1.18025e-05
1.18025e-05
1.18025e-05
1.18025e-05
1.18025e-05
1.18025e-05
1.18025e-05
1.18025e-05
1.18025e-05
1.18025e-05
1.18025e-05
1.18025e-05
1.18025e-05
1.18025e-05
1.18025e-05
1.18025e-05
1.18025e-05
1.18025e-05
1.18025e-05
1.18025e-05
1.18025e-05
1.18025e-05
1.18025e-05
1.18025e-05
1.18025e-05
1.18025e-05
1.18025e-05
1.18025e-05
1.18025e-05
1.18025e-05
1.18025e-05
1.18025e-05
1.18025e-05
1.18025e-05
1.18025e-05
1.18025e-05
1.18025e-05
1.18025e-05
1.18025e-05
1.18025e-05
1.18025e-05
1.18025e-05
1.18025e-05
1.18025e-05
1.18025e-05
1.18025e-05
1.18025e-05
1.18025e-05
1.18025e-05
1.18025e-05
1.18025e-05
1.18025e-05
1.18025e-05
1.18025e-05
1.18025e-05
1.18025e-05
1.18025e-05
1.18025e-05
1.18025e-05
1.18025e-05
1.18025e-05
1.18024e-05
1.1801e-05
1.17859e-05
1.17283e-05
1.1526e-05
1.08821e-05
1.0135e-05
9.65954e-06
9.71864e-06
1.02344e-05
1.13485e-05
1.17661e-05
1.18002e-05
1.18022e-05
1.18023e-05
1.18024e-05
1.18025e-05
1.18025e-05
1.18025e-05
1.18025e-05
1.18025e-05
1.18025e-05
1.18025e-05
1.18024e-05
1.18019e-05
1.17889e-05
1.15208e-05
9.9493e-06
8.48794e-06
1.13357e-05
1.1775e-05
1.18007e-05
1.1802e-05
1.17947e-05
1.17273e-05
1.15992e-05
1.13071e-05
1.17327e-05
1.18025e-05
1.18025e-05
1.18025e-05
1.18025e-05
1.18025e-05
1.18025e-05
1.18025e-05
1.18025e-05
1.18025e-05
1.18025e-05
1.18025e-05
1.18025e-05
1.18025e-05
1.18025e-05
1.18025e-05
1.18025e-05
1.18025e-05
1.18025e-05
1.18025e-05
1.18025e-05
1.18025e-05
1.18025e-05
1.18025e-05
1.18025e-05
1.18025e-05
1.18025e-05
1.18025e-05
1.18025e-05
1.18025e-05
1.18025e-05
1.18025e-05
1.18025e-05
1.18025e-05
1.18025e-05
1.18025e-05
1.18025e-05
1.18025e-05
1.18025e-05
1.18025e-05
1.18025e-05
1.18025e-05
1.18025e-05
1.18025e-05
1.18025e-05
1.18025e-05
1.18025e-05
1.18025e-05
1.18025e-05
1.18025e-05
1.18025e-05
1.18025e-05
1.18025e-05
1.18025e-05
1.18025e-05
1.18025e-05
1.18025e-05
1.18025e-05
1.18025e-05
1.18025e-05
1.18025e-05
1.18025e-05
1.18025e-05
1.1802e-05
1.17952e-05
1.17523e-05
1.1593e-05
1.11506e-05
1.04554e-05
9.78571e-06
9.80624e-06
1.01115e-05
1.09007e-05
1.16206e-05
1.17889e-05
1.18018e-05
1.18025e-05
1.18025e-05
1.18025e-05
1.18025e-05
1.18025e-05
1.18025e-05
1.18025e-05
1.18025e-05
1.18025e-05
1.18025e-05
1.18025e-05
1.18025e-05
1.18018e-05
1.17958e-05
1.17484e-05
1.15501e-05
1.17692e-05
1.17984e-05
1.18019e-05
1.18024e-05
1.18024e-05
1.1801e-05
1.17992e-05
1.17902e-05
1.18012e-05
1.18025e-05
1.18025e-05
1.18025e-05
1.18025e-05
1.18025e-05
1.18025e-05
1.18025e-05
1.18025e-05
1.18025e-05
1.18025e-05
1.18025e-05
1.18025e-05
1.18025e-05
1.18025e-05
1.18025e-05
1.18025e-05
1.18025e-05
1.18025e-05
1.18025e-05
1.18025e-05
1.18025e-05
1.18025e-05
1.18025e-05
1.18025e-05
1.18025e-05
1.18025e-05
1.18025e-05
1.18025e-05
1.18025e-05
1.18025e-05
1.18025e-05
1.18025e-05
1.18025e-05
1.18025e-05
1.18025e-05
1.18025e-05
1.18025e-05
1.18025e-05
1.18025e-05
1.18025e-05
1.18025e-05
1.18025e-05
1.18025e-05
1.18025e-05
1.18025e-05
1.18025e-05
1.18025e-05
1.18025e-05
1.18025e-05
1.18025e-05
1.18025e-05
1.18025e-05
1.18025e-05
1.18025e-05
1.18025e-05
1.18025e-05
1.18025e-05
1.18025e-05
1.18025e-05
1.18025e-05
1.18025e-05
1.18025e-05
1.18025e-05
1.18022e-05
1.18001e-05
1.17738e-05
1.16358e-05
1.11611e-05
1.11438e-05
1.14509e-05
1.16561e-05
1.17571e-05
1.17926e-05
1.18013e-05
1.18025e-05
1.18025e-05
1.18025e-05
1.18025e-05
1.18025e-05
1.18025e-05
1.18025e-05
1.18025e-05
1.18025e-05
1.18025e-05
1.18025e-05
1.18025e-05
1.18025e-05
1.18025e-05
1.18024e-05
1.18023e-05
1.18021e-05
1.18024e-05
1.18025e-05
1.18025e-05
1.18025e-05
1.18025e-05
1.18025e-05
1.18025e-05
1.18022e-05
1.18024e-05
)
;

boundaryField
{
    AXIS
    {
        type            empty;
    }
    OUTLET
    {
        type            calculated;
        value           nonuniform List<scalar> 
50
(
1.0262e-05
9.82693e-06
8.99941e-06
8.07605e-06
7.2199e-06
6.47825e-06
5.84948e-06
5.29461e-06
4.77328e-06
4.26334e-06
3.79798e-06
3.40942e-06
3.18405e-06
3.11437e-06
3.09193e-06
3.05767e-06
2.99733e-06
2.92319e-06
2.82403e-06
2.69145e-06
2.51612e-06
2.31036e-06
2.12844e-06
1.9471e-06
1.71618e-06
1.58278e-06
1.59938e-06
1.80141e-06
2.17682e-06
2.55971e-06
2.86893e-06
2.96025e-06
2.94139e-06
2.87775e-06
2.70616e-06
2.61779e-06
2.67108e-06
2.71726e-06
1.18025e-05
1.18025e-05
1.18025e-05
1.18025e-05
1.18025e-05
6.32758e-06
1.18025e-05
8.65659e-06
1.10857e-05
1.17327e-05
1.18012e-05
1.18024e-05
)
;
    }
    COFLOW
    {
        type            calculated;
        value           nonuniform List<scalar> 
30
(
1.18025e-05
1.18025e-05
1.18025e-05
1.18025e-05
1.18025e-05
1.18025e-05
1.18025e-05
1.18025e-05
1.18025e-05
1.18025e-05
1.18025e-05
1.18025e-05
1.18025e-05
1.18025e-05
1.18025e-05
1.18025e-05
1.18025e-05
1.18025e-05
1.18025e-05
1.18025e-05
1.18025e-05
1.18025e-05
1.18025e-05
1.18025e-05
1.18025e-05
1.18025e-05
1.18025e-05
1.18025e-05
1.18025e-05
1.18025e-05
)
;
    }
    PILOT
    {
        type            calculated;
        value           nonuniform List<scalar> 10(1.92692e-06 1.60224e-06 1.56835e-06 1.56801e-06 1.56801e-06 1.56801e-06 1.56801e-06 1.56802e-06 1.56863e-06 1.61044e-06);
    }
    FUEL
    {
        type            calculated;
        value           nonuniform List<scalar> 10(1.04958e-05 1.04958e-05 1.04958e-05 1.04958e-05 1.04958e-05 1.04958e-05 1.04958e-05 1.04958e-05 1.04958e-05 1.04958e-05);
    }
    WALL
    {
        type            calculated;
        value           nonuniform List<scalar> 
100
(
1.18025e-05
1.18025e-05
1.18025e-05
1.18025e-05
1.18025e-05
1.18025e-05
1.18025e-05
1.18025e-05
1.18025e-05
1.18025e-05
1.18025e-05
1.18025e-05
1.18025e-05
1.18025e-05
1.18025e-05
1.18025e-05
1.18025e-05
1.18025e-05
1.18025e-05
1.18025e-05
1.18025e-05
1.18025e-05
1.18025e-05
1.18025e-05
1.18025e-05
1.18025e-05
1.18025e-05
1.18025e-05
1.18025e-05
1.18025e-05
1.18025e-05
1.18025e-05
1.18025e-05
1.18025e-05
1.18025e-05
1.18025e-05
1.18025e-05
1.18025e-05
1.18025e-05
1.18025e-05
1.18025e-05
1.18025e-05
1.18025e-05
1.18025e-05
1.18025e-05
1.18025e-05
1.18025e-05
1.18025e-05
1.18025e-05
1.18025e-05
1.18025e-05
1.18025e-05
1.18025e-05
1.18025e-05
1.18025e-05
1.18025e-05
1.18025e-05
1.18025e-05
1.18025e-05
1.18025e-05
1.18025e-05
1.18025e-05
1.18025e-05
1.18022e-05
1.18001e-05
1.17738e-05
1.16358e-05
1.11611e-05
1.11438e-05
1.14509e-05
1.16561e-05
1.17571e-05
1.17926e-05
1.18013e-05
1.18025e-05
1.18025e-05
1.18025e-05
1.18025e-05
1.18025e-05
1.18025e-05
1.18025e-05
1.18025e-05
1.18025e-05
1.18025e-05
1.18025e-05
1.18025e-05
1.18025e-05
1.18025e-05
1.18024e-05
1.18023e-05
1.18021e-05
1.18024e-05
1.18025e-05
1.18025e-05
1.18025e-05
1.18025e-05
1.18025e-05
1.18025e-05
1.18022e-05
1.18024e-05
)
;
    }
    front
    {
        type            wedge;
    }
    back
    {
        type            wedge;
    }
}


// ************************************************************************* //
