/*--------------------------------*- C++ -*----------------------------------*\
| =========                 |                                                 |
| \\      /  F ield         | OpenFOAM: The Open Source CFD Toolbox           |
|  \\    /   O peration     | Version:  2.3.0                                 |
|   \\  /    A nd           | Web:      www.OpenFOAM.org                      |
|    \\/     M anipulation  |                                                 |
\*---------------------------------------------------------------------------*/
FoamFile
{
    version     2.0;
    format      ascii;
    class       volScalarField;
    location    "0.02";
    object      thermo:mu;
}
// * * * * * * * * * * * * * * * * * * * * * * * * * * * * * * * * * * * * * //

dimensions      [1 -1 -1 0 0 0 0];

internalField   nonuniform List<scalar> 
5000
(
1.81402e-05
1.81402e-05
1.81402e-05
1.81402e-05
1.81402e-05
1.81402e-05
1.81402e-05
1.81402e-05
1.81402e-05
1.81402e-05
1.81402e-05
1.81402e-05
1.81402e-05
1.81402e-05
1.81402e-05
1.81402e-05
1.81402e-05
1.81402e-05
1.81402e-05
1.81402e-05
1.81402e-05
1.81402e-05
1.81402e-05
1.81402e-05
1.81402e-05
1.81402e-05
1.81402e-05
1.81402e-05
1.81402e-05
1.81402e-05
1.81402e-05
1.81402e-05
1.81402e-05
1.81402e-05
1.81402e-05
1.81402e-05
1.81402e-05
1.81402e-05
1.81402e-05
1.81402e-05
1.81403e-05
1.81406e-05
1.81415e-05
1.81441e-05
1.81494e-05
1.81573e-05
1.81697e-05
1.81871e-05
1.82069e-05
1.82286e-05
1.82317e-05
1.82166e-05
1.81988e-05
1.8182e-05
1.81691e-05
1.81635e-05
1.81688e-05
1.81878e-05
1.82353e-05
1.83418e-05
1.85325e-05
1.88051e-05
1.91492e-05
1.95525e-05
2.00028e-05
2.04802e-05
2.09429e-05
2.12886e-05
2.13063e-05
2.08533e-05
2.02397e-05
1.96453e-05
1.90642e-05
1.84652e-05
1.83012e-05
1.83075e-05
1.83445e-05
1.84058e-05
1.84845e-05
1.85768e-05
1.86768e-05
1.87754e-05
1.88607e-05
1.88952e-05
1.88309e-05
1.87028e-05
1.85676e-05
1.84508e-05
1.83564e-05
1.82899e-05
1.82479e-05
1.82331e-05
1.82408e-05
1.82636e-05
1.83071e-05
1.83721e-05
1.84202e-05
1.84395e-05
1.84516e-05
1.84718e-05
1.81402e-05
1.81402e-05
1.81402e-05
1.81402e-05
1.81402e-05
1.81402e-05
1.81402e-05
1.81402e-05
1.81402e-05
1.81402e-05
1.81402e-05
1.81402e-05
1.81402e-05
1.81402e-05
1.81402e-05
1.81402e-05
1.81402e-05
1.81402e-05
1.81402e-05
1.81402e-05
1.81402e-05
1.81402e-05
1.81402e-05
1.81402e-05
1.81402e-05
1.81402e-05
1.81402e-05
1.81402e-05
1.81402e-05
1.81402e-05
1.81402e-05
1.81402e-05
1.81402e-05
1.81402e-05
1.81402e-05
1.81402e-05
1.81402e-05
1.81402e-05
1.81402e-05
1.81404e-05
1.81409e-05
1.81427e-05
1.81489e-05
1.8167e-05
1.82082e-05
1.82906e-05
1.84387e-05
1.86799e-05
1.90614e-05
1.97971e-05
2.03468e-05
2.00687e-05
1.95635e-05
1.91028e-05
1.87703e-05
1.84489e-05
1.83172e-05
1.83891e-05
1.86626e-05
1.92071e-05
2.00132e-05
2.1037e-05
2.23311e-05
2.39176e-05
2.57442e-05
2.76402e-05
2.94387e-05
3.12138e-05
3.31183e-05
3.36728e-05
3.29854e-05
2.96624e-05
2.37445e-05
1.98114e-05
1.88226e-05
1.88373e-05
1.90528e-05
1.95334e-05
2.01601e-05
2.08334e-05
2.14871e-05
2.21121e-05
2.28063e-05
2.35534e-05
2.3803e-05
2.36003e-05
2.26548e-05
2.10526e-05
1.99245e-05
1.9134e-05
1.85502e-05
1.84212e-05
1.8441e-05
1.85325e-05
1.87582e-05
1.91219e-05
1.92895e-05
1.9264e-05
1.91353e-05
1.91289e-05
1.81402e-05
1.81402e-05
1.81402e-05
1.81402e-05
1.81402e-05
1.81402e-05
1.81402e-05
1.81402e-05
1.81402e-05
1.81402e-05
1.81402e-05
1.81402e-05
1.81402e-05
1.81402e-05
1.81402e-05
1.81402e-05
1.81402e-05
1.81402e-05
1.81402e-05
1.81402e-05
1.81402e-05
1.81402e-05
1.81402e-05
1.81402e-05
1.81402e-05
1.81402e-05
1.81402e-05
1.81402e-05
1.81402e-05
1.81402e-05
1.81402e-05
1.81402e-05
1.81402e-05
1.81402e-05
1.81402e-05
1.81402e-05
1.81402e-05
1.81403e-05
1.81404e-05
1.81408e-05
1.81423e-05
1.81478e-05
1.81663e-05
1.82234e-05
1.83572e-05
1.86347e-05
1.91335e-05
1.99113e-05
2.10213e-05
2.27115e-05
2.5205e-05
2.70017e-05
2.67546e-05
2.49024e-05
2.13874e-05
1.8992e-05
1.86263e-05
1.88531e-05
1.96589e-05
2.10117e-05
2.27568e-05
2.47553e-05
2.70105e-05
2.94879e-05
3.20446e-05
3.44764e-05
3.6619e-05
3.84108e-05
4.02297e-05
4.22804e-05
4.24428e-05
4.07483e-05
3.40827e-05
2.38064e-05
2.01289e-05
2.00704e-05
2.05343e-05
2.15607e-05
2.2816e-05
2.40107e-05
2.50242e-05
2.58783e-05
2.66853e-05
2.75931e-05
2.87043e-05
2.94864e-05
2.94282e-05
2.85211e-05
2.55286e-05
2.13549e-05
1.92832e-05
1.88949e-05
1.89404e-05
1.91932e-05
1.97433e-05
2.05467e-05
2.11305e-05
2.11293e-05
2.08076e-05
2.05623e-05
1.81402e-05
1.81402e-05
1.81402e-05
1.81402e-05
1.81402e-05
1.81402e-05
1.81402e-05
1.81402e-05
1.81402e-05
1.81402e-05
1.81402e-05
1.81402e-05
1.81402e-05
1.81402e-05
1.81402e-05
1.81402e-05
1.81402e-05
1.81402e-05
1.81402e-05
1.81402e-05
1.81402e-05
1.81402e-05
1.81402e-05
1.81402e-05
1.81402e-05
1.81402e-05
1.81402e-05
1.81402e-05
1.81404e-05
1.81406e-05
1.81407e-05
1.81405e-05
1.81404e-05
1.81403e-05
1.81403e-05
1.81403e-05
1.81403e-05
1.81405e-05
1.81409e-05
1.8142e-05
1.81464e-05
1.81622e-05
1.82145e-05
1.83714e-05
1.87327e-05
1.94009e-05
2.03967e-05
2.1693e-05
2.32194e-05
2.50474e-05
2.73556e-05
3.04482e-05
3.23029e-05
3.15439e-05
2.71003e-05
2.08089e-05
1.93225e-05
1.96954e-05
2.10193e-05
2.31583e-05
2.56159e-05
2.81581e-05
3.08441e-05
3.36328e-05
3.64383e-05
3.91269e-05
4.17154e-05
4.38818e-05
4.59078e-05
4.81113e-05
4.86554e-05
4.78112e-05
4.39493e-05
3.39831e-05
2.31566e-05
2.15676e-05
2.1868e-05
2.28993e-05
2.43572e-05
2.57439e-05
2.69017e-05
2.78681e-05
2.87427e-05
2.96347e-05
3.06691e-05
3.20131e-05
3.31963e-05
3.31613e-05
3.18742e-05
2.75339e-05
2.17992e-05
1.9813e-05
1.97897e-05
2.01119e-05
2.09079e-05
2.20782e-05
2.31446e-05
2.33021e-05
2.29762e-05
2.24412e-05
1.81402e-05
1.81402e-05
1.81402e-05
1.81402e-05
1.81402e-05
1.81402e-05
1.81402e-05
1.81402e-05
1.81402e-05
1.81402e-05
1.81402e-05
1.81402e-05
1.81402e-05
1.81402e-05
1.81402e-05
1.81402e-05
1.81402e-05
1.81402e-05
1.81402e-05
1.81402e-05
1.81402e-05
1.81402e-05
1.81402e-05
1.81402e-05
1.81402e-05
1.81403e-05
1.81406e-05
1.81417e-05
1.81448e-05
1.81505e-05
1.81542e-05
1.815e-05
1.81449e-05
1.81425e-05
1.81416e-05
1.81414e-05
1.81415e-05
1.8142e-05
1.81432e-05
1.81462e-05
1.81561e-05
1.81929e-05
1.83146e-05
1.86425e-05
1.93164e-05
2.03877e-05
2.18386e-05
2.35577e-05
2.53803e-05
2.73394e-05
2.95195e-05
3.22258e-05
3.54658e-05
3.56787e-05
3.24635e-05
2.40517e-05
2.04004e-05
2.06919e-05
2.22652e-05
2.48745e-05
2.77778e-05
3.06648e-05
3.36147e-05
3.66882e-05
3.99444e-05
4.34962e-05
4.70077e-05
4.94895e-05
5.18762e-05
5.56369e-05
5.70993e-05
5.63171e-05
5.26757e-05
4.44992e-05
3.06617e-05
2.33874e-05
2.31463e-05
2.38201e-05
2.52412e-05
2.68135e-05
2.8208e-05
2.94002e-05
3.04847e-05
3.15655e-05
3.27282e-05
3.41085e-05
3.59085e-05
3.69598e-05
3.6623e-05
3.41973e-05
2.77989e-05
2.20558e-05
2.11749e-05
2.14536e-05
2.23782e-05
2.38216e-05
2.52484e-05
2.5621e-05
2.53137e-05
2.45092e-05
1.81402e-05
1.81402e-05
1.81402e-05
1.81402e-05
1.81402e-05
1.81402e-05
1.81402e-05
1.81403e-05
1.81404e-05
1.81405e-05
1.81404e-05
1.81403e-05
1.81402e-05
1.81402e-05
1.81402e-05
1.81402e-05
1.81402e-05
1.81403e-05
1.81403e-05
1.81403e-05
1.81403e-05
1.81404e-05
1.81406e-05
1.8141e-05
1.81418e-05
1.81439e-05
1.81503e-05
1.81699e-05
1.82223e-05
1.83307e-05
1.84368e-05
1.83703e-05
1.82531e-05
1.81952e-05
1.8171e-05
1.81626e-05
1.81606e-05
1.81606e-05
1.81608e-05
1.81638e-05
1.81781e-05
1.82508e-05
1.84828e-05
1.90472e-05
2.00844e-05
2.1574e-05
2.34445e-05
2.55249e-05
2.76288e-05
2.9816e-05
3.215e-05
3.47376e-05
3.81268e-05
3.92039e-05
3.69357e-05
2.79835e-05
2.17831e-05
2.17972e-05
2.33641e-05
2.62606e-05
2.95046e-05
3.26305e-05
3.58697e-05
3.94917e-05
4.38764e-05
4.85382e-05
5.2508e-05
5.6699e-05
6.04389e-05
6.27708e-05
6.34369e-05
6.31427e-05
6.14904e-05
5.45199e-05
4.12331e-05
2.75176e-05
2.45288e-05
2.48382e-05
2.60929e-05
2.79342e-05
2.97849e-05
3.1438e-05
3.29446e-05
3.44112e-05
3.58756e-05
3.73467e-05
3.90317e-05
4.06891e-05
4.08205e-05
3.97742e-05
3.52919e-05
2.71364e-05
2.33341e-05
2.33532e-05
2.41348e-05
2.56289e-05
2.72784e-05
2.78964e-05
2.76215e-05
2.66321e-05
1.81402e-05
1.81402e-05
1.81402e-05
1.81402e-05
1.81403e-05
1.81406e-05
1.81415e-05
1.81439e-05
1.81472e-05
1.81502e-05
1.81492e-05
1.81447e-05
1.81424e-05
1.81412e-05
1.81408e-05
1.8141e-05
1.8142e-05
1.81433e-05
1.81433e-05
1.81427e-05
1.81427e-05
1.81439e-05
1.81475e-05
1.81549e-05
1.81687e-05
1.81976e-05
1.82711e-05
1.84647e-05
1.8916e-05
2.01937e-05
2.25629e-05
2.25272e-05
2.05419e-05
1.92546e-05
1.86784e-05
1.84537e-05
1.83663e-05
1.83301e-05
1.82914e-05
1.82381e-05
1.82437e-05
1.83534e-05
1.87116e-05
1.9529e-05
2.08982e-05
2.27896e-05
2.50721e-05
2.75825e-05
3.0097e-05
3.26856e-05
3.54598e-05
3.81143e-05
4.14511e-05
4.30987e-05
4.13674e-05
3.24604e-05
2.35962e-05
2.30072e-05
2.44357e-05
2.75012e-05
3.10552e-05
3.4522e-05
3.8282e-05
4.29902e-05
4.8629e-05
5.35853e-05
5.94525e-05
6.31198e-05
6.40168e-05
6.41965e-05
6.42751e-05
6.42909e-05
6.39861e-05
6.2401e-05
5.23281e-05
3.77454e-05
2.70877e-05
2.6469e-05
2.74152e-05
2.94985e-05
3.19308e-05
3.42261e-05
3.62879e-05
3.80947e-05
3.96765e-05
4.1042e-05
4.23617e-05
4.36178e-05
4.39127e-05
4.34859e-05
4.09182e-05
3.35071e-05
2.64815e-05
2.56355e-05
2.62021e-05
2.76816e-05
2.94541e-05
3.01684e-05
2.98942e-05
2.8737e-05
1.81402e-05
1.81404e-05
1.81406e-05
1.81412e-05
1.81437e-05
1.81523e-05
1.81772e-05
1.82362e-05
1.83197e-05
1.84095e-05
1.84352e-05
1.83058e-05
1.82246e-05
1.81815e-05
1.81621e-05
1.81616e-05
1.81804e-05
1.82089e-05
1.82125e-05
1.81991e-05
1.81935e-05
1.82051e-05
1.82485e-05
1.8336e-05
1.84738e-05
1.86927e-05
1.90463e-05
1.97097e-05
2.12577e-05
2.6373e-05
3.68173e-05
4.15455e-05
3.94829e-05
3.35138e-05
2.50991e-05
2.14383e-05
1.98467e-05
1.90159e-05
1.87109e-05
1.84687e-05
1.84179e-05
1.85364e-05
1.89894e-05
2.00134e-05
2.17158e-05
2.40309e-05
2.68056e-05
2.99525e-05
3.31527e-05
3.65082e-05
3.9977e-05
4.27517e-05
4.57963e-05
4.75718e-05
4.62443e-05
3.81864e-05
2.65342e-05
2.44988e-05
2.56879e-05
2.87965e-05
3.2721e-05
3.67202e-05
4.13233e-05
4.72561e-05
5.33361e-05
5.95878e-05
6.3896e-05
6.42237e-05
6.35478e-05
6.09222e-05
6.03228e-05
6.12726e-05
6.30458e-05
6.30066e-05
6.10629e-05
4.90311e-05
3.24315e-05
2.87087e-05
2.94175e-05
3.1623e-05
3.46165e-05
3.74673e-05
3.97947e-05
4.1509e-05
4.26322e-05
4.3361e-05
4.4062e-05
4.48131e-05
4.49016e-05
4.45704e-05
4.32559e-05
3.82214e-05
3.04051e-05
2.82486e-05
2.87025e-05
3.0251e-05
3.21899e-05
3.27937e-05
3.24191e-05
3.08984e-05
1.81461e-05
1.81569e-05
1.81609e-05
1.81662e-05
1.82028e-05
1.83236e-05
1.86493e-05
1.93856e-05
2.04618e-05
2.20339e-05
2.41745e-05
2.26346e-05
2.05018e-05
1.93001e-05
1.87334e-05
1.85478e-05
1.87115e-05
1.92057e-05
1.94528e-05
1.92123e-05
1.90149e-05
1.89195e-05
1.90169e-05
1.93197e-05
1.99725e-05
2.09884e-05
2.21708e-05
2.37323e-05
2.70919e-05
3.47939e-05
4.57334e-05
5.48628e-05
5.54469e-05
5.40422e-05
4.80252e-05
3.76017e-05
2.4255e-05
2.09329e-05
1.99395e-05
1.91768e-05
1.88078e-05
1.89134e-05
1.94319e-05
2.06378e-05
2.27159e-05
2.55307e-05
2.89574e-05
3.29949e-05
3.72306e-05
4.1585e-05
4.58658e-05
4.8477e-05
5.09538e-05
5.23959e-05
5.13981e-05
4.49525e-05
3.19379e-05
2.66003e-05
2.7419e-05
3.04232e-05
3.47302e-05
3.93032e-05
4.48852e-05
5.16546e-05
5.83381e-05
6.39473e-05
6.41898e-05
6.28273e-05
5.70135e-05
5.04412e-05
5.03922e-05
5.22024e-05
5.7758e-05
6.17473e-05
6.13648e-05
5.6735e-05
3.84296e-05
3.15018e-05
3.19774e-05
3.43137e-05
3.76946e-05
4.06491e-05
4.23949e-05
4.32041e-05
4.36111e-05
4.3859e-05
4.41214e-05
4.45178e-05
4.46709e-05
4.44758e-05
4.36597e-05
4.05166e-05
3.39562e-05
3.12027e-05
3.15741e-05
3.32632e-05
3.54732e-05
3.59849e-05
3.54423e-05
3.32627e-05
1.86028e-05
1.97356e-05
2.01001e-05
1.96856e-05
1.96823e-05
2.02709e-05
2.2158e-05
2.59747e-05
3.1725e-05
3.6982e-05
4.77908e-05
5.0201e-05
4.51113e-05
3.39198e-05
2.36388e-05
2.01535e-05
2.06653e-05
2.36782e-05
2.87336e-05
2.85647e-05
2.69058e-05
2.42176e-05
2.22362e-05
2.2639e-05
2.44099e-05
2.73111e-05
3.00038e-05
3.24081e-05
3.61788e-05
4.31254e-05
5.3026e-05
6.11525e-05
6.1526e-05
6.00799e-05
5.67364e-05
4.9938e-05
3.93955e-05
2.75761e-05
2.2517e-05
2.05119e-05
1.9538e-05
1.96006e-05
2.01411e-05
2.15412e-05
2.40457e-05
2.74537e-05
3.16781e-05
3.69024e-05
4.23808e-05
4.76112e-05
5.24595e-05
5.46249e-05
5.61309e-05
5.68964e-05
5.63216e-05
5.18309e-05
3.9341e-05
2.94912e-05
2.97429e-05
3.25517e-05
3.72092e-05
4.24071e-05
4.88414e-05
5.55154e-05
6.30531e-05
6.4523e-05
6.33501e-05
5.56968e-05
4.61608e-05
4.38546e-05
4.45461e-05
4.69317e-05
5.20674e-05
5.88232e-05
5.9712e-05
5.58842e-05
3.98059e-05
3.40629e-05
3.4714e-05
3.73725e-05
4.06958e-05
4.28148e-05
4.3277e-05
4.32582e-05
4.31705e-05
4.31329e-05
4.31927e-05
4.34378e-05
4.37391e-05
4.37099e-05
4.30435e-05
4.04902e-05
3.56571e-05
3.39087e-05
3.44355e-05
3.65186e-05
3.90975e-05
3.96327e-05
3.89346e-05
3.59708e-05
6.15236e-05
6.30696e-05
6.1926e-05
5.49424e-05
4.18618e-05
3.42053e-05
3.47212e-05
3.9223e-05
5.03535e-05
6.34002e-05
6.76839e-05
6.73125e-05
6.50498e-05
5.62348e-05
3.86423e-05
2.47999e-05
2.51536e-05
3.0114e-05
4.00661e-05
4.38027e-05
4.24474e-05
3.6985e-05
2.95945e-05
2.94576e-05
3.18401e-05
3.62796e-05
3.99486e-05
4.23683e-05
4.50185e-05
5.17238e-05
6.14141e-05
6.40301e-05
6.26422e-05
5.91122e-05
5.50811e-05
5.0638e-05
4.58357e-05
3.8497e-05
2.96379e-05
2.34412e-05
2.06671e-05
2.06252e-05
2.11906e-05
2.28017e-05
2.57474e-05
2.98361e-05
3.51007e-05
4.17121e-05
4.83561e-05
5.40052e-05
5.74794e-05
5.8635e-05
5.94392e-05
6.00713e-05
5.96562e-05
5.75706e-05
4.57326e-05
3.26169e-05
3.23628e-05
3.51857e-05
4.02387e-05
4.6003e-05
5.27398e-05
6.00782e-05
6.5045e-05
6.45114e-05
5.99459e-05
4.71149e-05
3.99451e-05
3.91143e-05
3.99194e-05
4.2532e-05
4.81871e-05
5.56377e-05
5.71755e-05
5.27088e-05
3.95124e-05
3.6396e-05
3.7496e-05
4.03877e-05
4.26544e-05
4.30325e-05
4.2944e-05
4.27183e-05
4.26187e-05
4.26439e-05
4.27275e-05
4.29373e-05
4.30493e-05
4.2939e-05
4.21432e-05
3.9519e-05
3.66041e-05
3.63512e-05
3.72881e-05
3.98586e-05
4.27238e-05
4.33593e-05
4.26387e-05
3.89073e-05
7.09906e-05
7.05718e-05
6.9577e-05
6.83309e-05
5.81352e-05
4.90064e-05
4.88284e-05
5.6098e-05
6.6757e-05
6.99162e-05
7.06517e-05
6.89858e-05
6.28649e-05
5.34561e-05
4.07078e-05
3.01311e-05
3.12397e-05
3.80439e-05
4.73629e-05
5.53633e-05
5.56187e-05
5.17616e-05
4.04357e-05
3.79766e-05
4.05371e-05
4.49717e-05
4.8151e-05
5.1273e-05
5.48582e-05
6.1209e-05
6.66598e-05
6.70715e-05
6.51396e-05
6.1363e-05
5.79334e-05
5.28657e-05
4.81515e-05
4.52272e-05
3.93159e-05
3.0141e-05
2.30224e-05
2.21119e-05
2.26939e-05
2.45366e-05
2.80969e-05
3.31856e-05
3.98102e-05
4.76215e-05
5.47013e-05
5.852e-05
5.86287e-05
5.88915e-05
5.90939e-05
5.98598e-05
5.97561e-05
5.81706e-05
4.72143e-05
3.48994e-05
3.48996e-05
3.82265e-05
4.38663e-05
4.99905e-05
5.62246e-05
6.40029e-05
6.57524e-05
6.42355e-05
5.50775e-05
4.19698e-05
3.65622e-05
3.6565e-05
3.75096e-05
4.00147e-05
4.52226e-05
5.27051e-05
5.35118e-05
4.83368e-05
3.93385e-05
3.85679e-05
4.01465e-05
4.23837e-05
4.29421e-05
4.28468e-05
4.26024e-05
4.24633e-05
4.24656e-05
4.25098e-05
4.25601e-05
4.25331e-05
4.23829e-05
4.18879e-05
4.05682e-05
3.86434e-05
3.82888e-05
3.8737e-05
4.04348e-05
4.28634e-05
4.50898e-05
4.56867e-05
4.50208e-05
4.1788e-05
7.09867e-05
7.11575e-05
7.11718e-05
7.01173e-05
6.88207e-05
6.645e-05
6.61084e-05
6.8704e-05
7.04804e-05
7.1591e-05
7.13376e-05
6.86037e-05
5.91304e-05
4.66166e-05
3.79861e-05
3.63541e-05
3.92679e-05
4.70812e-05
5.83608e-05
6.14496e-05
6.01671e-05
5.32379e-05
4.47443e-05
4.45338e-05
4.71102e-05
5.33535e-05
5.80552e-05
6.10723e-05
6.42852e-05
6.79588e-05
6.96134e-05
6.96822e-05
6.86485e-05
6.54873e-05
5.97782e-05
4.98678e-05
4.45997e-05
4.46994e-05
4.36577e-05
3.84904e-05
2.82917e-05
2.43164e-05
2.47897e-05
2.6791e-05
3.10256e-05
3.73152e-05
4.52027e-05
5.41555e-05
5.8616e-05
5.69761e-05
5.14717e-05
5.14401e-05
5.3585e-05
5.75725e-05
5.9066e-05
5.75273e-05
4.64632e-05
3.67321e-05
3.74521e-05
4.17705e-05
4.80324e-05
5.37449e-05
6.02046e-05
6.62652e-05
6.63742e-05
6.38822e-05
5.19956e-05
3.76116e-05
3.5e-05
3.52629e-05
3.65298e-05
3.90645e-05
4.38223e-05
4.98021e-05
4.95107e-05
4.41415e-05
3.98576e-05
4.0389e-05
4.21991e-05
4.3022e-05
4.29644e-05
4.26828e-05
4.25714e-05
4.25953e-05
4.26143e-05
4.25941e-05
4.25386e-05
4.23534e-05
4.18939e-05
4.10331e-05
4.00782e-05
3.98271e-05
4.03731e-05
4.17341e-05
4.33616e-05
4.4413e-05
4.54035e-05
4.61428e-05
4.58497e-05
4.36893e-05
7.09214e-05
7.09515e-05
7.10282e-05
7.11563e-05
7.11173e-05
7.06389e-05
7.04859e-05
7.11229e-05
7.12821e-05
7.14335e-05
7.14814e-05
6.98547e-05
6.26909e-05
4.85294e-05
4.30905e-05
4.35619e-05
4.92543e-05
5.98829e-05
6.40938e-05
6.21232e-05
5.74457e-05
5.26812e-05
4.895e-05
4.94437e-05
5.63097e-05
6.28669e-05
6.65253e-05
6.83125e-05
6.93271e-05
7.00973e-05
7.07507e-05
7.08649e-05
7.02193e-05
6.67215e-05
5.82159e-05
4.7002e-05
4.19977e-05
4.22073e-05
4.28703e-05
4.13106e-05
3.43421e-05
2.76225e-05
2.76635e-05
2.97209e-05
3.48535e-05
4.2575e-05
5.16109e-05
5.90435e-05
5.75677e-05
4.83896e-05
4.20261e-05
4.26187e-05
4.57581e-05
5.1859e-05
5.71099e-05
5.58892e-05
4.49683e-05
3.85312e-05
4.02275e-05
4.5722e-05
5.22128e-05
5.71787e-05
6.43324e-05
6.7764e-05
6.71591e-05
6.365e-05
5.02656e-05
3.59558e-05
3.42929e-05
3.47575e-05
3.63695e-05
3.93555e-05
4.39451e-05
4.70736e-05
4.56326e-05
4.13387e-05
4.08209e-05
4.21783e-05
4.33069e-05
4.32879e-05
4.32031e-05
4.32719e-05
4.35216e-05
4.37727e-05
4.37663e-05
4.36173e-05
4.3379e-05
4.31698e-05
4.29158e-05
4.24096e-05
4.20938e-05
4.23725e-05
4.36237e-05
4.45133e-05
4.45395e-05
4.45181e-05
4.46334e-05
4.50147e-05
4.53798e-05
4.43178e-05
7.09169e-05
7.09179e-05
7.09245e-05
7.09385e-05
7.09697e-05
7.10125e-05
7.10339e-05
7.09962e-05
7.10233e-05
7.10887e-05
7.11786e-05
7.07381e-05
6.8849e-05
6.17578e-05
5.59728e-05
5.73084e-05
6.35418e-05
6.81109e-05
6.8134e-05
6.45125e-05
5.78627e-05
5.36453e-05
5.43808e-05
5.9056e-05
6.61124e-05
6.89002e-05
6.96442e-05
6.9899e-05
6.99458e-05
7.01385e-05
7.02618e-05
7.07786e-05
7.09006e-05
6.75098e-05
5.68686e-05
4.58273e-05
4.11992e-05
4.11551e-05
4.20478e-05
4.15678e-05
3.80997e-05
3.14754e-05
3.10336e-05
3.3407e-05
3.98843e-05
4.85319e-05
5.81666e-05
5.95745e-05
4.97795e-05
3.76226e-05
3.49113e-05
3.61725e-05
3.97405e-05
4.67332e-05
5.39987e-05
5.29202e-05
4.31289e-05
4.04574e-05
4.34446e-05
4.99981e-05
5.58402e-05
6.19423e-05
6.75495e-05
6.89413e-05
6.79078e-05
6.36525e-05
4.99627e-05
3.57907e-05
3.40164e-05
3.45535e-05
3.65727e-05
4.0289e-05
4.38527e-05
4.41459e-05
4.20323e-05
4.08748e-05
4.2061e-05
4.37548e-05
4.42498e-05
4.43882e-05
4.46488e-05
4.5232e-05
4.60243e-05
4.64213e-05
4.64076e-05
4.61965e-05
4.5831e-05
4.5501e-05
4.53015e-05
4.5062e-05
4.4901e-05
4.48907e-05
4.49032e-05
4.46774e-05
4.47306e-05
4.50191e-05
4.49031e-05
4.47786e-05
4.49234e-05
4.45248e-05
7.09172e-05
7.09144e-05
7.0908e-05
7.08962e-05
7.08836e-05
7.08693e-05
7.08448e-05
7.07833e-05
7.06938e-05
7.05526e-05
7.04961e-05
7.06133e-05
6.99198e-05
6.90092e-05
6.8374e-05
6.85909e-05
6.90753e-05
7.00149e-05
6.9936e-05
6.88628e-05
6.57547e-05
6.32122e-05
6.46857e-05
6.8357e-05
6.90576e-05
6.94136e-05
6.923e-05
6.87277e-05
6.81252e-05
6.76136e-05
6.77814e-05
6.94123e-05
7.10835e-05
6.89782e-05
6.11922e-05
4.79192e-05
4.26225e-05
4.08941e-05
4.13745e-05
4.11686e-05
3.89524e-05
3.41479e-05
3.42341e-05
3.77967e-05
4.55917e-05
5.48861e-05
6.12159e-05
5.6628e-05
4.03274e-05
3.15791e-05
3.16077e-05
3.34892e-05
3.75658e-05
4.46743e-05
5.13506e-05
4.9204e-05
4.21342e-05
4.24116e-05
4.72532e-05
5.38814e-05
6.04144e-05
6.63473e-05
6.96094e-05
6.98575e-05
6.85872e-05
6.3944e-05
5.2591e-05
3.72855e-05
3.39688e-05
3.43278e-05
3.61468e-05
3.98401e-05
4.17307e-05
4.12657e-05
4.07059e-05
4.14653e-05
4.39821e-05
4.57401e-05
4.63738e-05
4.684e-05
4.75329e-05
4.85234e-05
4.94492e-05
4.97125e-05
4.96238e-05
4.92181e-05
4.85362e-05
4.76749e-05
4.67626e-05
4.60727e-05
4.54288e-05
4.44444e-05
4.4389e-05
4.54466e-05
4.72188e-05
4.90999e-05
4.91181e-05
4.71578e-05
4.53431e-05
4.48455e-05
7.09144e-05
7.0902e-05
7.08775e-05
7.08333e-05
7.07691e-05
7.06926e-05
7.059e-05
7.04278e-05
7.01963e-05
6.97863e-05
6.93675e-05
6.92515e-05
6.94348e-05
6.92832e-05
6.90191e-05
6.90722e-05
6.9336e-05
6.93105e-05
6.90952e-05
6.91612e-05
6.88001e-05
6.87527e-05
6.85524e-05
6.81586e-05
6.76492e-05
6.71483e-05
6.58525e-05
6.42609e-05
6.33019e-05
6.31379e-05
6.4009e-05
6.71185e-05
7.05118e-05
7.00564e-05
6.83783e-05
6.13943e-05
4.71279e-05
4.20681e-05
4.05531e-05
4.03679e-05
3.82783e-05
3.60631e-05
3.74529e-05
4.30105e-05
5.0708e-05
6.13754e-05
6.20908e-05
4.99463e-05
3.29855e-05
2.95527e-05
3.04245e-05
3.3398e-05
3.84242e-05
4.54856e-05
4.8945e-05
4.55382e-05
4.2312e-05
4.49274e-05
5.12922e-05
5.75882e-05
6.51319e-05
6.92981e-05
7.06625e-05
7.04865e-05
6.89053e-05
6.42357e-05
5.55288e-05
4.09167e-05
3.43559e-05
3.41313e-05
3.51381e-05
3.73352e-05
3.88645e-05
3.96988e-05
4.09239e-05
4.35211e-05
4.69509e-05
4.87313e-05
4.9557e-05
5.02217e-05
5.10563e-05
5.2018e-05
5.2595e-05
5.26084e-05
5.2461e-05
5.2031e-05
5.133e-05
4.98451e-05
4.73053e-05
4.50149e-05
4.46972e-05
4.5068e-05
4.6218e-05
4.82004e-05
5.2187e-05
5.4729e-05
5.48878e-05
4.97784e-05
4.57134e-05
4.54235e-05
7.08952e-05
7.08267e-05
7.07011e-05
7.05139e-05
7.02945e-05
7.00695e-05
6.98065e-05
6.94708e-05
6.89944e-05
6.82368e-05
6.74075e-05
6.69837e-05
6.71086e-05
6.74342e-05
6.75081e-05
6.73115e-05
6.67228e-05
6.59126e-05
6.5539e-05
6.57484e-05
6.60592e-05
6.60002e-05
6.52981e-05
6.44842e-05
6.34852e-05
6.21501e-05
5.95069e-05
5.74368e-05
5.72297e-05
5.79069e-05
5.9999e-05
6.40389e-05
6.83195e-05
6.88923e-05
6.90159e-05
6.87142e-05
6.14788e-05
4.64672e-05
4.10599e-05
3.93547e-05
3.79886e-05
3.81959e-05
4.1714e-05
4.82546e-05
5.89009e-05
6.43434e-05
6.17038e-05
4.38216e-05
2.98682e-05
2.90036e-05
3.01281e-05
3.38959e-05
4.01646e-05
4.60909e-05
4.6259e-05
4.30926e-05
4.36684e-05
4.81824e-05
5.47123e-05
6.28168e-05
6.87524e-05
7.07986e-05
7.1206e-05
7.0928e-05
6.90866e-05
6.44637e-05
5.78047e-05
4.63437e-05
3.68041e-05
3.47045e-05
3.50621e-05
3.65147e-05
3.84062e-05
4.02078e-05
4.28644e-05
4.68397e-05
5.04799e-05
5.21629e-05
5.29238e-05
5.34465e-05
5.39746e-05
5.45014e-05
5.64008e-05
5.73431e-05
5.7284e-05
5.65026e-05
5.45707e-05
5.25915e-05
4.97416e-05
4.7201e-05
4.69373e-05
4.74829e-05
4.97587e-05
5.46441e-05
6.03523e-05
6.03556e-05
5.76757e-05
4.94035e-05
4.59417e-05
4.61581e-05
7.07317e-05
7.03119e-05
6.96785e-05
6.8784e-05
6.80565e-05
6.76631e-05
6.73302e-05
6.67974e-05
6.59198e-05
6.44943e-05
6.31291e-05
6.2509e-05
6.26951e-05
6.30653e-05
6.31241e-05
6.27652e-05
6.18501e-05
6.07981e-05
6.01156e-05
6.01496e-05
6.04722e-05
6.04699e-05
6.01316e-05
5.93091e-05
5.7455e-05
5.46294e-05
5.1214e-05
5.04e-05
5.11783e-05
5.29603e-05
5.56936e-05
5.99173e-05
6.37956e-05
6.43329e-05
6.49678e-05
6.68582e-05
6.85135e-05
5.33376e-05
4.40084e-05
4.0348e-05
3.96017e-05
4.17201e-05
4.69844e-05
5.48367e-05
6.53367e-05
6.60727e-05
6.03501e-05
4.0631e-05
2.95301e-05
2.89382e-05
2.9977e-05
3.34775e-05
4.01982e-05
4.42826e-05
4.31417e-05
4.27814e-05
4.55823e-05
5.18432e-05
5.9657e-05
6.72966e-05
7.04923e-05
7.1458e-05
7.15224e-05
7.12308e-05
6.92217e-05
6.48141e-05
5.95376e-05
5.13153e-05
4.16812e-05
3.71487e-05
3.674e-05
3.75874e-05
3.95889e-05
4.25212e-05
4.63628e-05
5.073e-05
5.38586e-05
5.50938e-05
5.5562e-05
5.57791e-05
5.73405e-05
6.08277e-05
6.3972e-05
6.51059e-05
6.50999e-05
6.43326e-05
6.23513e-05
5.86132e-05
5.35951e-05
5.06479e-05
5.05519e-05
5.12922e-05
5.65116e-05
6.30984e-05
6.60839e-05
6.42195e-05
5.81955e-05
4.8742e-05
4.64274e-05
4.7185e-05
6.86664e-05
6.58487e-05
6.3641e-05
6.18533e-05
6.11995e-05
6.13534e-05
6.12371e-05
6.05482e-05
5.90519e-05
5.67981e-05
5.50181e-05
5.44976e-05
5.48845e-05
5.53939e-05
5.55231e-05
5.53063e-05
5.45571e-05
5.39743e-05
5.37982e-05
5.40707e-05
5.46291e-05
5.47435e-05
5.43081e-05
5.27286e-05
4.94582e-05
4.59667e-05
4.39552e-05
4.42721e-05
4.62032e-05
4.84924e-05
5.119e-05
5.46686e-05
5.72999e-05
5.68597e-05
5.72096e-05
5.97059e-05
6.5871e-05
6.53054e-05
4.75609e-05
4.37604e-05
4.37389e-05
4.67955e-05
5.25839e-05
6.29554e-05
6.88718e-05
6.78526e-05
5.96468e-05
4.05661e-05
3.16928e-05
3.05834e-05
3.09915e-05
3.2904e-05
3.73667e-05
4.01009e-05
4.11421e-05
4.341e-05
4.87163e-05
5.56989e-05
6.50116e-05
6.98264e-05
7.12591e-05
7.14701e-05
7.15535e-05
7.14184e-05
6.9299e-05
6.52187e-05
6.10342e-05
5.52309e-05
4.71637e-05
4.15951e-05
4.01927e-05
4.07604e-05
4.2986e-05
4.64717e-05
5.05655e-05
5.42921e-05
5.65259e-05
5.72247e-05
5.78552e-05
6.04815e-05
6.40214e-05
6.76078e-05
6.88972e-05
6.92023e-05
6.92513e-05
6.90512e-05
6.81066e-05
6.57049e-05
6.19351e-05
5.87391e-05
5.84736e-05
5.99058e-05
6.46343e-05
6.8667e-05
6.93774e-05
6.68758e-05
5.83647e-05
4.90721e-05
4.72458e-05
4.86468e-05
3.06549e-05
3.83396e-05
4.24329e-05
4.46672e-05
4.63297e-05
4.79821e-05
4.80138e-05
4.72129e-05
4.54197e-05
4.34566e-05
4.2745e-05
4.29872e-05
4.36535e-05
4.42896e-05
4.49318e-05
4.56183e-05
4.58991e-05
4.63217e-05
4.6802e-05
4.74025e-05
4.80044e-05
4.78654e-05
4.67424e-05
4.43728e-05
4.10864e-05
3.90093e-05
3.8658e-05
3.96685e-05
4.21716e-05
4.41655e-05
4.62135e-05
4.84004e-05
4.91755e-05
4.80992e-05
4.82193e-05
5.01756e-05
5.72412e-05
6.77102e-05
5.9492e-05
4.94506e-05
4.90433e-05
5.35271e-05
6.1607e-05
6.88969e-05
7.04458e-05
6.95523e-05
5.99802e-05
4.35615e-05
3.54143e-05
3.36667e-05
3.36288e-05
3.42572e-05
3.65362e-05
3.91943e-05
4.17815e-05
4.60664e-05
5.24351e-05
6.20897e-05
6.90843e-05
7.07576e-05
7.08341e-05
7.08644e-05
7.12164e-05
7.15113e-05
6.9433e-05
6.58697e-05
6.25574e-05
5.83316e-05
5.25997e-05
4.76554e-05
4.57399e-05
4.60092e-05
4.79871e-05
5.12398e-05
5.45074e-05
5.70732e-05
5.87757e-05
6.07327e-05
6.35664e-05
6.69584e-05
6.88204e-05
6.83805e-05
6.80623e-05
6.82064e-05
6.86152e-05
6.92429e-05
6.94772e-05
6.92243e-05
6.85364e-05
6.70218e-05
6.68148e-05
6.77225e-05
6.89994e-05
6.95734e-05
6.99529e-05
6.90976e-05
5.9217e-05
5.05391e-05
4.85233e-05
5.07627e-05
1.91316e-05
2.1504e-05
2.36879e-05
2.56451e-05
2.73725e-05
2.88664e-05
2.92209e-05
2.90986e-05
2.88999e-05
2.90654e-05
2.98053e-05
3.09036e-05
3.20802e-05
3.33046e-05
3.46044e-05
3.57108e-05
3.62866e-05
3.71487e-05
3.79332e-05
3.86379e-05
3.93631e-05
3.90902e-05
3.81196e-05
3.67778e-05
3.53773e-05
3.49118e-05
3.51732e-05
3.65113e-05
3.8715e-05
3.98286e-05
4.07172e-05
4.12419e-05
4.06304e-05
3.92679e-05
3.94205e-05
4.09898e-05
4.60846e-05
5.89784e-05
6.78589e-05
6.21858e-05
6.0543e-05
6.48764e-05
6.88311e-05
6.93528e-05
7.04576e-05
7.02334e-05
6.18918e-05
4.82022e-05
4.10947e-05
3.89388e-05
3.83616e-05
3.78039e-05
3.85828e-05
4.10684e-05
4.52563e-05
5.05565e-05
5.8961e-05
6.79419e-05
6.99482e-05
6.99531e-05
6.92941e-05
6.94851e-05
7.06751e-05
7.15334e-05
6.97108e-05
6.69965e-05
6.44715e-05
6.12849e-05
5.70168e-05
5.35043e-05
5.18563e-05
5.19158e-05
5.32558e-05
5.5503e-05
5.76724e-05
6.00619e-05
6.33433e-05
6.65473e-05
6.87279e-05
6.77278e-05
6.47645e-05
6.17401e-05
6.14357e-05
6.20464e-05
6.33601e-05
6.48136e-05
6.57791e-05
6.68287e-05
6.76123e-05
6.81578e-05
6.81473e-05
6.79094e-05
6.66701e-05
6.65772e-05
6.80783e-05
7.02677e-05
6.14335e-05
5.33516e-05
5.05532e-05
5.3593e-05
1.8202e-05
1.84585e-05
1.8776e-05
1.9145e-05
1.9579e-05
2.00399e-05
2.0438e-05
2.08005e-05
2.11352e-05
2.15401e-05
2.2111e-05
2.2788e-05
2.3502e-05
2.43697e-05
2.54665e-05
2.67694e-05
2.80938e-05
2.93466e-05
3.05486e-05
3.18415e-05
3.30801e-05
3.37471e-05
3.36829e-05
3.33733e-05
3.28987e-05
3.29004e-05
3.33153e-05
3.43381e-05
3.55979e-05
3.57137e-05
3.55172e-05
3.46873e-05
3.34979e-05
3.24889e-05
3.27408e-05
3.40677e-05
3.73598e-05
4.50098e-05
5.62919e-05
6.62038e-05
6.77839e-05
6.70722e-05
6.61314e-05
6.66309e-05
6.84247e-05
7.03294e-05
6.52617e-05
5.2713e-05
4.80592e-05
4.60447e-05
4.5095e-05
4.38012e-05
4.3878e-05
4.65553e-05
5.05668e-05
5.73444e-05
6.63731e-05
6.93082e-05
6.78941e-05
6.66736e-05
6.62978e-05
6.73245e-05
7.00695e-05
7.156e-05
7.02817e-05
6.86862e-05
6.70658e-05
6.47947e-05
6.13883e-05
5.82803e-05
5.68364e-05
5.67449e-05
5.76161e-05
5.93338e-05
6.19518e-05
6.54536e-05
6.85896e-05
6.76852e-05
6.29486e-05
5.55897e-05
5.13473e-05
5.06263e-05
5.11764e-05
5.29402e-05
5.45332e-05
5.55786e-05
5.61897e-05
5.70755e-05
5.81347e-05
5.97107e-05
5.98299e-05
5.93179e-05
5.87186e-05
5.97833e-05
6.34642e-05
7.00409e-05
6.49642e-05
5.62661e-05
5.33341e-05
5.65942e-05
1.81441e-05
1.81644e-05
1.81982e-05
1.82507e-05
1.83305e-05
1.84329e-05
1.85406e-05
1.86555e-05
1.87734e-05
1.89161e-05
1.91151e-05
1.9425e-05
1.98542e-05
2.04092e-05
2.15101e-05
2.33889e-05
2.58484e-05
2.86012e-05
3.10229e-05
3.29247e-05
3.36099e-05
3.35708e-05
3.29541e-05
3.2173e-05
3.20125e-05
3.21374e-05
3.24258e-05
3.29314e-05
3.32636e-05
3.30082e-05
3.22469e-05
3.09739e-05
2.98585e-05
2.95249e-05
2.97756e-05
3.06995e-05
3.28437e-05
3.7168e-05
4.33189e-05
5.11008e-05
5.56209e-05
5.71545e-05
5.917e-05
6.16643e-05
6.481e-05
6.9021e-05
6.88872e-05
5.98075e-05
5.45678e-05
5.26356e-05
5.18865e-05
5.05447e-05
5.03522e-05
5.33503e-05
5.92327e-05
6.60815e-05
6.86308e-05
6.44528e-05
6.14046e-05
6.11843e-05
6.22376e-05
6.54924e-05
6.96648e-05
7.15162e-05
7.09628e-05
7.02638e-05
6.96437e-05
6.87442e-05
6.66415e-05
6.40284e-05
6.24999e-05
6.23816e-05
6.32559e-05
6.50599e-05
6.78061e-05
6.82056e-05
6.23931e-05
5.10193e-05
4.34536e-05
4.08225e-05
4.05327e-05
4.09956e-05
4.25023e-05
4.45124e-05
4.53344e-05
4.55918e-05
4.56631e-05
4.58645e-05
4.62324e-05
4.70223e-05
4.76965e-05
4.85844e-05
4.99779e-05
5.31152e-05
5.82117e-05
6.74362e-05
6.86677e-05
5.92271e-05
5.65226e-05
6.02248e-05
1.81404e-05
1.8142e-05
1.81452e-05
1.81517e-05
1.81637e-05
1.81807e-05
1.81982e-05
1.8219e-05
1.82506e-05
1.83166e-05
1.84354e-05
1.87561e-05
1.97135e-05
2.14593e-05
2.40425e-05
2.71793e-05
3.04534e-05
3.33229e-05
3.54319e-05
3.57819e-05
3.51273e-05
3.36552e-05
3.22005e-05
3.17189e-05
3.17937e-05
3.19887e-05
3.22618e-05
3.25426e-05
3.25332e-05
3.22144e-05
3.1315e-05
2.99159e-05
2.88344e-05
2.87508e-05
2.89704e-05
2.96975e-05
3.15215e-05
3.46345e-05
3.86251e-05
4.32726e-05
4.69741e-05
5.01689e-05
5.35668e-05
5.69573e-05
6.04498e-05
6.53728e-05
6.98457e-05
6.72502e-05
6.40409e-05
6.22761e-05
6.12493e-05
6.00134e-05
6.10373e-05
6.42689e-05
6.83378e-05
6.79409e-05
6.02327e-05
5.31996e-05
5.27406e-05
5.46983e-05
5.87973e-05
6.40566e-05
6.87418e-05
7.07148e-05
7.04134e-05
6.95037e-05
6.87959e-05
6.88393e-05
6.9046e-05
6.89331e-05
6.84788e-05
6.84689e-05
6.87043e-05
6.8078e-05
6.32565e-05
4.91677e-05
3.91879e-05
3.57718e-05
3.51187e-05
3.52853e-05
3.58435e-05
3.67166e-05
3.78494e-05
3.90019e-05
3.97214e-05
4.01523e-05
4.04445e-05
4.0722e-05
4.10413e-05
4.15041e-05
4.2147e-05
4.31558e-05
4.4854e-05
4.81631e-05
5.28684e-05
6.2234e-05
6.99174e-05
6.47178e-05
6.09932e-05
6.55519e-05
1.81402e-05
1.81403e-05
1.81406e-05
1.81412e-05
1.81426e-05
1.81447e-05
1.81478e-05
1.81547e-05
1.81711e-05
1.82272e-05
1.84135e-05
1.89941e-05
2.06283e-05
2.37699e-05
2.81528e-05
3.27033e-05
3.63701e-05
3.81007e-05
3.81339e-05
3.679e-05
3.4103e-05
3.2203e-05
3.16161e-05
3.19789e-05
3.26616e-05
3.34361e-05
3.40279e-05
3.43757e-05
3.45696e-05
3.48331e-05
3.47717e-05
3.44537e-05
3.38292e-05
3.34917e-05
3.32215e-05
3.30647e-05
3.35357e-05
3.49999e-05
3.79588e-05
4.15442e-05
4.50836e-05
4.83392e-05
5.12333e-05
5.39386e-05
5.67532e-05
6.07809e-05
6.71884e-05
6.97017e-05
6.95904e-05
6.92901e-05
6.90232e-05
6.86525e-05
6.89307e-05
6.84526e-05
6.46316e-05
5.30678e-05
4.35886e-05
4.25305e-05
4.4539e-05
4.92095e-05
5.54403e-05
6.17508e-05
6.63173e-05
6.71719e-05
6.56092e-05
6.2567e-05
5.92535e-05
5.86896e-05
5.98287e-05
6.17829e-05
6.29022e-05
6.11934e-05
5.48804e-05
4.42504e-05
3.607e-05
3.26691e-05
3.2081e-05
3.22654e-05
3.28523e-05
3.37428e-05
3.4628e-05
3.55192e-05
3.63935e-05
3.71993e-05
3.78902e-05
3.84381e-05
3.88562e-05
3.92043e-05
3.95626e-05
3.99759e-05
4.05521e-05
4.14489e-05
4.27052e-05
4.48458e-05
4.81333e-05
5.55867e-05
6.67646e-05
6.92803e-05
6.70156e-05
6.96312e-05
1.81402e-05
1.81402e-05
1.81402e-05
1.81403e-05
1.81404e-05
1.81408e-05
1.81424e-05
1.81483e-05
1.81698e-05
1.82453e-05
1.85011e-05
1.93227e-05
2.16623e-05
2.60491e-05
3.17105e-05
3.67257e-05
3.95289e-05
3.9382e-05
3.75871e-05
3.39824e-05
3.13417e-05
3.1398e-05
3.23515e-05
3.39167e-05
3.54687e-05
3.68256e-05
3.82659e-05
3.96446e-05
4.09185e-05
4.22799e-05
4.25572e-05
4.21827e-05
4.12199e-05
4.02076e-05
3.89936e-05
3.79349e-05
3.76229e-05
3.84586e-05
4.11089e-05
4.43369e-05
4.756e-05
5.00056e-05
5.18292e-05
5.34812e-05
5.56189e-05
5.84286e-05
6.23434e-05
6.63644e-05
6.79719e-05
6.85696e-05
6.8353e-05
6.7228e-05
6.32213e-05
5.37523e-05
4.11521e-05
3.49807e-05
3.40236e-05
3.50118e-05
3.80084e-05
4.36843e-05
5.12025e-05
5.77733e-05
6.05206e-05
5.88199e-05
5.39126e-05
4.80631e-05
4.23239e-05
3.98623e-05
3.93592e-05
3.89878e-05
3.62198e-05
3.30229e-05
3.09727e-05
2.99503e-05
2.99629e-05
3.08305e-05
3.23589e-05
3.37402e-05
3.47578e-05
3.54776e-05
3.60137e-05
3.65346e-05
3.69755e-05
3.75538e-05
3.85091e-05
3.95693e-05
4.05676e-05
4.14538e-05
4.22188e-05
4.22836e-05
4.2077e-05
4.20564e-05
4.24261e-05
4.33316e-05
4.53391e-05
4.95659e-05
5.79284e-05
6.80204e-05
6.97078e-05
7.00092e-05
1.81402e-05
1.81402e-05
1.81402e-05
1.81402e-05
1.81402e-05
1.81403e-05
1.81414e-05
1.81463e-05
1.81651e-05
1.82334e-05
1.84713e-05
1.92599e-05
2.16601e-05
2.66495e-05
3.31703e-05
3.82466e-05
3.96441e-05
3.84475e-05
3.42856e-05
3.0128e-05
3.03493e-05
3.20829e-05
3.44502e-05
3.59396e-05
3.73741e-05
3.92849e-05
4.14468e-05
4.36098e-05
4.57017e-05
4.7549e-05
4.82688e-05
4.79575e-05
4.68585e-05
4.52888e-05
4.34889e-05
4.21695e-05
4.19108e-05
4.33243e-05
4.62162e-05
4.85443e-05
5.01683e-05
5.17374e-05
5.40428e-05
5.5996e-05
5.72621e-05
5.86301e-05
6.08971e-05
6.30102e-05
6.38432e-05
6.31785e-05
5.88563e-05
5.06604e-05
3.97235e-05
3.17994e-05
3.00645e-05
3.04638e-05
3.10078e-05
3.1783e-05
3.3555e-05
3.82834e-05
4.62315e-05
5.14399e-05
4.99826e-05
4.52018e-05
3.79413e-05
3.27256e-05
2.9469e-05
2.74809e-05
2.69076e-05
2.68332e-05
2.69242e-05
2.74495e-05
2.89474e-05
3.10356e-05
3.31973e-05
3.47217e-05
3.5614e-05
3.63672e-05
3.73552e-05
3.8616e-05
3.98417e-05
4.09824e-05
4.20903e-05
4.36376e-05
4.60926e-05
4.85333e-05
5.03268e-05
5.2011e-05
5.35424e-05
5.31778e-05
5.15773e-05
4.87663e-05
4.68867e-05
4.61066e-05
4.61565e-05
4.67997e-05
4.93244e-05
5.6541e-05
6.35501e-05
6.57833e-05
1.81402e-05
1.81402e-05
1.81402e-05
1.81402e-05
1.81402e-05
1.81403e-05
1.81409e-05
1.81456e-05
1.81644e-05
1.82355e-05
1.84914e-05
1.9356e-05
2.20108e-05
2.74416e-05
3.38742e-05
3.80406e-05
3.84739e-05
3.52748e-05
2.93322e-05
2.77224e-05
3.01829e-05
3.3886e-05
3.5683e-05
3.65841e-05
3.80273e-05
4.04846e-05
4.3342e-05
4.62568e-05
4.88699e-05
5.07688e-05
5.15118e-05
5.11957e-05
5.00437e-05
4.82221e-05
4.63244e-05
4.53539e-05
4.59651e-05
4.78487e-05
4.8763e-05
4.88205e-05
4.85437e-05
5.02189e-05
5.53378e-05
5.88949e-05
6.00874e-05
6.06326e-05
6.09375e-05
6.10139e-05
5.85909e-05
5.16815e-05
4.02524e-05
3.1208e-05
2.79359e-05
2.80763e-05
2.96061e-05
3.17351e-05
3.20333e-05
3.14294e-05
3.18499e-05
3.46594e-05
4.17947e-05
4.17985e-05
3.70898e-05
3.15575e-05
2.74863e-05
2.54826e-05
2.49988e-05
2.50361e-05
2.55092e-05
2.65212e-05
2.82309e-05
3.07248e-05
3.36372e-05
3.54711e-05
3.59362e-05
3.64309e-05
3.80141e-05
4.07327e-05
4.45023e-05
4.82196e-05
5.06113e-05
5.21112e-05
5.32256e-05
5.45486e-05
5.63141e-05
5.80253e-05
5.94521e-05
6.07701e-05
6.24019e-05
6.3121e-05
6.27096e-05
6.09211e-05
5.79976e-05
5.48131e-05
5.31348e-05
5.05859e-05
4.91363e-05
5.02647e-05
5.34176e-05
5.908e-05
1.81402e-05
1.81402e-05
1.81402e-05
1.81402e-05
1.81402e-05
1.81402e-05
1.81405e-05
1.8143e-05
1.81559e-05
1.82064e-05
1.83961e-05
1.90671e-05
2.12279e-05
2.63337e-05
3.27374e-05
3.62729e-05
3.5395e-05
3.03382e-05
2.49187e-05
2.5909e-05
3.0564e-05
3.45799e-05
3.53118e-05
3.55882e-05
3.75004e-05
4.07198e-05
4.42837e-05
4.79797e-05
5.08202e-05
5.25334e-05
5.31279e-05
5.2799e-05
5.15415e-05
4.96705e-05
4.82093e-05
4.79879e-05
4.84553e-05
4.82927e-05
4.55213e-05
4.19392e-05
4.04591e-05
4.45613e-05
5.59009e-05
6.03748e-05
6.15332e-05
6.14696e-05
5.97637e-05
5.59683e-05
4.71144e-05
3.5439e-05
2.81418e-05
2.67834e-05
2.72453e-05
2.8352e-05
3.07887e-05
3.46162e-05
3.50086e-05
3.33608e-05
3.26549e-05
3.49116e-05
3.72913e-05
3.35106e-05
2.84707e-05
2.57088e-05
2.47357e-05
2.47997e-05
2.56951e-05
2.72577e-05
2.94253e-05
3.15898e-05
3.39528e-05
3.59092e-05
3.61687e-05
3.59592e-05
3.64649e-05
3.95233e-05
4.54673e-05
5.20314e-05
5.58844e-05
5.71495e-05
5.76954e-05
5.80756e-05
5.85447e-05
5.90806e-05
5.97281e-05
6.07608e-05
6.20416e-05
6.34675e-05
6.51894e-05
6.7001e-05
6.76765e-05
6.73539e-05
6.66474e-05
6.5317e-05
6.46129e-05
6.17258e-05
5.48444e-05
4.99911e-05
5.0297e-05
5.37093e-05
1.81402e-05
1.81402e-05
1.81402e-05
1.81402e-05
1.81402e-05
1.81402e-05
1.81403e-05
1.81414e-05
1.81494e-05
1.81836e-05
1.8315e-05
1.87905e-05
2.03628e-05
2.47236e-05
3.06337e-05
3.26526e-05
3.043e-05
2.40695e-05
2.17862e-05
2.4308e-05
3.08099e-05
3.39387e-05
3.34416e-05
3.28464e-05
3.49192e-05
3.95947e-05
4.45748e-05
4.89618e-05
5.18118e-05
5.32965e-05
5.37571e-05
5.33912e-05
5.19953e-05
5.04133e-05
4.973e-05
4.9429e-05
4.77006e-05
4.36074e-05
3.65992e-05
3.11001e-05
2.96573e-05
3.68888e-05
5.45935e-05
5.98825e-05
6.10963e-05
6.00258e-05
5.46814e-05
4.46192e-05
3.35084e-05
2.86627e-05
2.7558e-05
2.72274e-05
2.73464e-05
2.85117e-05
3.15492e-05
3.60287e-05
3.72676e-05
3.56365e-05
3.41067e-05
3.50319e-05
3.33921e-05
2.92403e-05
2.62071e-05
2.58028e-05
2.61919e-05
2.74228e-05
2.99822e-05
3.33215e-05
3.53696e-05
3.65393e-05
3.65028e-05
3.58363e-05
3.45952e-05
3.5239e-05
3.93123e-05
4.9399e-05
5.66476e-05
5.90601e-05
5.90493e-05
5.87119e-05
5.84609e-05
5.84474e-05
5.86635e-05
5.90126e-05
5.9454e-05
6.05467e-05
6.21477e-05
6.41427e-05
6.66537e-05
6.89885e-05
7.03148e-05
7.03889e-05
7.04237e-05
7.03709e-05
7.05455e-05
6.99377e-05
6.52943e-05
5.44548e-05
4.94642e-05
5.01395e-05
1.81402e-05
1.81402e-05
1.81402e-05
1.81402e-05
1.81402e-05
1.81402e-05
1.81402e-05
1.81406e-05
1.81435e-05
1.81609e-05
1.823e-05
1.84899e-05
1.93965e-05
2.22548e-05
2.71379e-05
2.86256e-05
2.6861e-05
2.16546e-05
2.02927e-05
2.27098e-05
2.95426e-05
3.24662e-05
3.12489e-05
3.02029e-05
3.17617e-05
3.73028e-05
4.43064e-05
4.93059e-05
5.21325e-05
5.35438e-05
5.39461e-05
5.36051e-05
5.24303e-05
5.13597e-05
5.01507e-05
4.79316e-05
4.30417e-05
3.51163e-05
2.75966e-05
2.37703e-05
2.29176e-05
2.83172e-05
4.81849e-05
5.76456e-05
5.91734e-05
5.49656e-05
4.55068e-05
3.56915e-05
3.18073e-05
3.06692e-05
3.05586e-05
2.87594e-05
2.69787e-05
2.76559e-05
3.11207e-05
3.647e-05
3.88205e-05
3.70943e-05
3.51355e-05
3.41372e-05
3.15736e-05
2.90137e-05
2.77111e-05
2.77845e-05
2.88653e-05
3.16696e-05
3.51593e-05
3.71085e-05
3.74362e-05
3.69106e-05
3.52743e-05
3.34452e-05
3.4445e-05
3.92318e-05
5.0438e-05
5.91947e-05
5.97131e-05
5.78125e-05
5.49906e-05
5.28223e-05
5.19509e-05
5.2033e-05
5.25773e-05
5.37826e-05
5.56931e-05
5.84119e-05
6.14012e-05
6.48662e-05
6.86821e-05
7.08815e-05
7.13879e-05
7.1314e-05
7.1251e-05
7.12215e-05
7.11848e-05
7.13789e-05
7.08217e-05
6.2001e-05
5.06068e-05
4.91882e-05
1.81402e-05
1.81402e-05
1.81402e-05
1.81402e-05
1.81402e-05
1.81402e-05
1.81402e-05
1.81403e-05
1.8141e-05
1.81469e-05
1.81752e-05
1.82869e-05
1.87051e-05
2.013e-05
2.30946e-05
2.38865e-05
2.267e-05
1.96829e-05
1.93907e-05
2.14579e-05
2.78089e-05
3.15111e-05
3.04424e-05
2.88732e-05
2.87366e-05
3.38697e-05
4.28436e-05
4.88279e-05
5.18814e-05
5.3483e-05
5.39075e-05
5.37037e-05
5.25946e-05
5.10851e-05
4.86125e-05
4.34706e-05
3.55169e-05
2.75637e-05
2.27656e-05
2.11044e-05
2.04277e-05
2.10799e-05
3.32134e-05
5.17104e-05
5.58973e-05
5.18208e-05
4.29304e-05
3.70845e-05
3.5242e-05
3.76271e-05
3.80784e-05
3.29858e-05
2.70105e-05
2.63704e-05
2.92173e-05
3.61471e-05
3.9953e-05
3.82481e-05
3.60645e-05
3.50472e-05
3.43207e-05
3.09239e-05
2.90871e-05
2.96586e-05
3.22255e-05
3.58137e-05
3.77085e-05
3.81675e-05
3.8452e-05
3.70621e-05
3.4985e-05
3.67874e-05
4.13327e-05
5.24751e-05
6.06673e-05
5.91772e-05
5.39792e-05
4.75305e-05
4.45972e-05
4.41104e-05
4.44215e-05
4.55039e-05
4.75987e-05
5.06866e-05
5.4229e-05
5.81317e-05
6.28925e-05
6.75423e-05
7.06646e-05
7.15005e-05
7.06333e-05
7.0198e-05
7.00232e-05
7.01947e-05
7.05667e-05
7.1106e-05
7.14345e-05
6.51313e-05
5.18694e-05
4.93812e-05
1.81402e-05
1.81402e-05
1.81402e-05
1.81402e-05
1.81402e-05
1.81402e-05
1.81402e-05
1.81402e-05
1.81403e-05
1.81413e-05
1.81481e-05
1.81775e-05
1.82941e-05
1.8712e-05
1.95351e-05
1.96053e-05
1.92261e-05
1.85929e-05
1.86529e-05
1.98857e-05
2.40663e-05
2.92227e-05
2.94945e-05
2.83692e-05
2.63185e-05
3.00098e-05
4.05804e-05
4.71804e-05
5.06253e-05
5.28614e-05
5.34872e-05
5.33947e-05
5.20797e-05
4.952e-05
4.46463e-05
3.6949e-05
2.86576e-05
2.33696e-05
2.12673e-05
2.04798e-05
1.97188e-05
1.94486e-05
2.03807e-05
3.13289e-05
4.82797e-05
5.07498e-05
4.62798e-05
4.28098e-05
4.34205e-05
4.57719e-05
4.46744e-05
3.8182e-05
2.77659e-05
2.52049e-05
2.73764e-05
3.42257e-05
4.04077e-05
3.98034e-05
3.83587e-05
3.86409e-05
3.66758e-05
3.10274e-05
3.00348e-05
3.19618e-05
3.55819e-05
3.77135e-05
3.78159e-05
4.11688e-05
4.6837e-05
4.79843e-05
4.71431e-05
5.08858e-05
5.75735e-05
6.19665e-05
5.8422e-05
4.92876e-05
4.13904e-05
3.76375e-05
3.72578e-05
3.78089e-05
3.93645e-05
4.21545e-05
4.59714e-05
5.02931e-05
5.53845e-05
6.12212e-05
6.65353e-05
6.96585e-05
7.12522e-05
7.13579e-05
6.97963e-05
6.89874e-05
6.9124e-05
6.97125e-05
7.05911e-05
7.01327e-05
6.81795e-05
6.13984e-05
5.19679e-05
5.00457e-05
1.81402e-05
1.81402e-05
1.81402e-05
1.81402e-05
1.81402e-05
1.81402e-05
1.81402e-05
1.81402e-05
1.81402e-05
1.81403e-05
1.81413e-05
1.81469e-05
1.817e-05
1.82303e-05
1.83052e-05
1.83106e-05
1.82647e-05
1.82161e-05
1.82759e-05
1.8684e-05
2.01925e-05
2.35468e-05
2.58518e-05
2.52426e-05
2.35749e-05
2.61212e-05
3.7622e-05
4.50658e-05
4.8255e-05
5.1184e-05
5.2252e-05
5.22606e-05
5.00361e-05
4.51981e-05
3.73654e-05
2.89296e-05
2.46098e-05
2.3421e-05
2.43621e-05
2.47252e-05
2.16302e-05
1.95447e-05
1.89134e-05
1.96062e-05
2.54074e-05
3.8487e-05
4.45642e-05
4.50271e-05
4.63917e-05
4.70746e-05
4.58449e-05
4.05954e-05
2.88089e-05
2.41733e-05
2.57341e-05
3.13755e-05
3.94414e-05
4.20508e-05
4.19089e-05
4.11973e-05
3.68949e-05
2.98575e-05
3.05943e-05
3.41129e-05
3.70322e-05
3.64917e-05
3.93553e-05
4.90935e-05
5.72018e-05
5.95637e-05
5.99966e-05
6.18174e-05
6.23144e-05
5.71816e-05
4.60216e-05
3.68051e-05
3.23621e-05
3.13184e-05
3.18169e-05
3.35447e-05
3.67715e-05
4.12178e-05
4.63113e-05
5.21549e-05
5.87859e-05
6.48365e-05
6.83285e-05
6.98917e-05
7.0835e-05
7.14105e-05
6.94644e-05
6.89315e-05
6.99901e-05
7.06042e-05
5.62362e-05
5.27542e-05
5.39473e-05
5.3975e-05
5.22724e-05
5.19455e-05
1.81402e-05
1.81402e-05
1.81402e-05
1.81402e-05
1.81402e-05
1.81402e-05
1.81402e-05
1.81402e-05
1.81402e-05
1.81402e-05
1.81403e-05
1.81409e-05
1.81435e-05
1.81493e-05
1.81551e-05
1.81555e-05
1.81518e-05
1.81492e-05
1.81632e-05
1.82457e-05
1.8557e-05
1.92379e-05
2.00334e-05
2.02544e-05
2.01714e-05
2.21599e-05
3.25024e-05
4.18458e-05
4.37862e-05
4.58602e-05
4.81612e-05
4.82781e-05
4.38406e-05
3.67046e-05
2.96913e-05
2.62382e-05
2.57588e-05
2.84887e-05
3.01139e-05
2.99496e-05
2.60336e-05
2.16431e-05
1.92141e-05
1.85047e-05
1.89415e-05
2.15203e-05
2.82955e-05
3.35964e-05
3.94954e-05
4.26228e-05
4.16174e-05
3.64752e-05
2.72274e-05
2.3087e-05
2.40526e-05
2.8147e-05
3.65177e-05
4.22117e-05
4.33715e-05
4.11782e-05
3.19826e-05
2.81969e-05
3.11258e-05
3.53028e-05
3.56858e-05
3.56175e-05
4.36277e-05
5.42781e-05
6.06748e-05
6.29246e-05
6.32239e-05
6.17079e-05
5.57092e-05
4.4193e-05
3.39361e-05
2.84437e-05
2.66462e-05
2.66973e-05
2.78379e-05
3.08886e-05
3.57301e-05
4.12653e-05
4.70079e-05
5.35792e-05
6.10213e-05
6.65537e-05
6.55229e-05
6.48652e-05
6.70595e-05
7.1124e-05
7.06062e-05
7.02884e-05
7.04421e-05
6.17647e-05
3.63656e-05
3.58653e-05
3.95435e-05
4.65103e-05
5.11513e-05
5.29922e-05
1.81402e-05
1.81402e-05
1.81402e-05
1.81402e-05
1.81402e-05
1.81402e-05
1.81402e-05
1.81402e-05
1.81402e-05
1.81402e-05
1.81402e-05
1.81402e-05
1.81405e-05
1.81409e-05
1.81413e-05
1.81413e-05
1.81411e-05
1.8141e-05
1.81428e-05
1.81529e-05
1.81915e-05
1.82736e-05
1.83792e-05
1.84589e-05
1.85762e-05
1.95002e-05
2.41983e-05
3.59208e-05
4.09349e-05
4.13128e-05
4.03103e-05
3.80634e-05
3.3695e-05
2.89319e-05
2.60387e-05
2.51521e-05
2.63742e-05
2.99016e-05
3.20479e-05
3.1478e-05
2.84494e-05
2.35248e-05
1.98289e-05
1.85022e-05
1.83249e-05
1.85926e-05
1.95467e-05
2.14835e-05
2.54949e-05
3.00616e-05
2.97313e-05
2.75681e-05
2.38636e-05
2.19921e-05
2.27454e-05
2.59149e-05
3.29783e-05
4.06375e-05
4.15837e-05
3.56954e-05
2.65406e-05
2.7474e-05
3.19675e-05
3.47295e-05
3.41176e-05
3.72618e-05
4.64925e-05
5.58989e-05
6.03321e-05
6.13292e-05
6.01677e-05
5.45806e-05
4.39273e-05
3.31855e-05
2.63523e-05
2.35304e-05
2.28743e-05
2.31477e-05
2.49088e-05
2.91681e-05
3.51646e-05
4.08342e-05
4.65462e-05
5.35892e-05
6.18277e-05
6.06262e-05
5.47777e-05
5.57588e-05
6.29049e-05
7.01256e-05
7.04932e-05
6.95922e-05
5.29489e-05
3.44876e-05
2.41607e-05
2.59686e-05
2.9963e-05
3.81636e-05
4.73019e-05
5.23551e-05
1.81402e-05
1.81402e-05
1.81402e-05
1.81402e-05
1.81402e-05
1.81402e-05
1.81402e-05
1.81402e-05
1.81402e-05
1.81402e-05
1.81402e-05
1.81402e-05
1.81402e-05
1.81402e-05
1.81403e-05
1.81403e-05
1.81402e-05
1.81402e-05
1.81404e-05
1.81413e-05
1.81446e-05
1.81525e-05
1.81654e-05
1.81802e-05
1.8209e-05
1.84442e-05
1.96331e-05
2.40206e-05
3.1704e-05
3.70606e-05
3.77174e-05
3.62916e-05
3.39572e-05
3.08314e-05
2.82048e-05
2.68929e-05
2.79884e-05
3.06302e-05
3.24505e-05
3.15909e-05
2.86789e-05
2.39698e-05
2.01198e-05
1.85816e-05
1.82274e-05
1.82344e-05
1.83817e-05
1.87735e-05
1.96061e-05
2.06121e-05
2.14154e-05
2.17911e-05
2.14251e-05
2.10122e-05
2.17281e-05
2.44761e-05
3.11116e-05
3.84895e-05
3.75899e-05
2.83398e-05
2.40348e-05
2.72558e-05
3.26327e-05
3.35284e-05
3.32066e-05
3.82629e-05
4.76949e-05
5.46589e-05
5.67091e-05
5.57158e-05
5.21141e-05
4.43377e-05
3.44179e-05
2.64441e-05
2.2498e-05
2.09333e-05
2.04405e-05
2.07546e-05
2.26789e-05
2.76067e-05
3.32747e-05
3.6382e-05
4.0644e-05
4.7759e-05
5.12733e-05
4.57506e-05
4.11318e-05
4.69873e-05
5.83901e-05
6.03445e-05
5.8196e-05
5.30627e-05
3.87091e-05
2.35119e-05
2.03608e-05
2.29307e-05
2.99891e-05
3.87707e-05
4.78767e-05
5.1818e-05
1.81402e-05
1.81402e-05
1.81402e-05
1.81402e-05
1.81402e-05
1.81402e-05
1.81402e-05
1.81402e-05
1.81402e-05
1.81402e-05
1.81402e-05
1.81402e-05
1.81402e-05
1.81402e-05
1.81402e-05
1.81402e-05
1.81402e-05
1.81402e-05
1.81402e-05
1.81403e-05
1.81405e-05
1.81411e-05
1.81424e-05
1.81443e-05
1.81483e-05
1.81788e-05
1.83609e-05
1.9102e-05
2.13156e-05
2.4924e-05
2.91735e-05
3.1838e-05
3.22807e-05
3.16343e-05
3.1104e-05
3.07216e-05
3.11976e-05
3.14281e-05
3.04525e-05
2.76122e-05
2.38013e-05
2.07487e-05
1.90573e-05
1.83996e-05
1.81943e-05
1.81667e-05
1.81905e-05
1.82703e-05
1.84442e-05
1.87402e-05
1.92394e-05
1.99795e-05
2.00875e-05
2.01108e-05
2.08786e-05
2.35369e-05
3.03137e-05
3.59042e-05
3.26603e-05
2.37474e-05
2.27583e-05
2.68872e-05
3.24201e-05
3.37292e-05
3.44803e-05
3.83969e-05
4.58482e-05
5.09736e-05
5.13251e-05
4.8023e-05
4.29684e-05
3.56559e-05
2.82827e-05
2.35572e-05
2.13382e-05
1.99466e-05
1.92502e-05
1.93402e-05
2.08904e-05
2.5434e-05
2.92653e-05
3.01583e-05
3.32969e-05
3.88632e-05
3.65717e-05
2.82237e-05
2.86052e-05
3.90799e-05
4.99122e-05
4.38353e-05
3.92476e-05
3.70542e-05
2.58817e-05
2.0362e-05
1.96693e-05
2.2971e-05
3.21617e-05
4.25297e-05
5.02006e-05
4.90652e-05
1.81402e-05
1.81402e-05
1.81402e-05
1.81402e-05
1.81402e-05
1.81402e-05
1.81402e-05
1.81402e-05
1.81402e-05
1.81402e-05
1.81402e-05
1.81402e-05
1.81402e-05
1.81402e-05
1.81402e-05
1.81402e-05
1.81402e-05
1.81402e-05
1.81402e-05
1.81402e-05
1.81402e-05
1.81403e-05
1.81403e-05
1.81405e-05
1.81409e-05
1.81435e-05
1.81613e-05
1.82445e-05
1.85056e-05
1.89995e-05
2.00131e-05
2.15145e-05
2.35403e-05
2.49814e-05
2.57165e-05
2.67594e-05
2.646e-05
2.54942e-05
2.36319e-05
2.13031e-05
1.97235e-05
1.88805e-05
1.84522e-05
1.82569e-05
1.81724e-05
1.81489e-05
1.81526e-05
1.81717e-05
1.82231e-05
1.83537e-05
1.87845e-05
1.92378e-05
1.92587e-05
1.94465e-05
2.03814e-05
2.33336e-05
2.99801e-05
3.29616e-05
2.76178e-05
2.09935e-05
2.13151e-05
2.55965e-05
3.14165e-05
3.37294e-05
3.52784e-05
3.83242e-05
4.37353e-05
4.71023e-05
4.53107e-05
4.02543e-05
3.51336e-05
3.00233e-05
2.58514e-05
2.3263e-05
2.14692e-05
1.98081e-05
1.88921e-05
1.86242e-05
1.94736e-05
2.22545e-05
2.43294e-05
2.40324e-05
2.552e-05
2.75231e-05
2.43871e-05
2.04341e-05
2.18375e-05
3.03528e-05
4.02097e-05
3.2389e-05
2.86691e-05
2.55572e-05
2.19365e-05
2.1836e-05
1.99417e-05
2.58026e-05
3.18165e-05
4.65522e-05
5.43544e-05
4.71755e-05
1.81402e-05
1.81402e-05
1.81402e-05
1.81402e-05
1.81402e-05
1.81402e-05
1.81402e-05
1.81402e-05
1.81402e-05
1.81402e-05
1.81402e-05
1.81402e-05
1.81402e-05
1.81402e-05
1.81402e-05
1.81402e-05
1.81402e-05
1.81402e-05
1.81402e-05
1.81402e-05
1.81402e-05
1.81402e-05
1.81402e-05
1.81402e-05
1.81402e-05
1.81404e-05
1.81416e-05
1.81479e-05
1.81694e-05
1.82124e-05
1.82904e-05
1.84231e-05
1.86158e-05
1.88623e-05
1.90996e-05
1.935e-05
1.91128e-05
1.88173e-05
1.85698e-05
1.84025e-05
1.82962e-05
1.82336e-05
1.81969e-05
1.81715e-05
1.81534e-05
1.81434e-05
1.81436e-05
1.81489e-05
1.81714e-05
1.82501e-05
1.8421e-05
1.84956e-05
1.85922e-05
1.90879e-05
2.07011e-05
2.48667e-05
3.00339e-05
2.97621e-05
2.37808e-05
1.95498e-05
1.97199e-05
2.1945e-05
2.69263e-05
3.16051e-05
3.48637e-05
3.87548e-05
4.22015e-05
4.3006e-05
3.87282e-05
3.41431e-05
3.0793e-05
2.81964e-05
2.60181e-05
2.44103e-05
2.27741e-05
2.05266e-05
1.8829e-05
1.8355e-05
1.86168e-05
1.97282e-05
2.06204e-05
2.01676e-05
2.02728e-05
2.0644e-05
1.99742e-05
1.99829e-05
2.02724e-05
2.38612e-05
3.21517e-05
2.90259e-05
2.41609e-05
2.20248e-05
2.1654e-05
2.24412e-05
2.00733e-05
2.87779e-05
3.96686e-05
5.30359e-05
5.55503e-05
4.27447e-05
1.81402e-05
1.81402e-05
1.81402e-05
1.81402e-05
1.81402e-05
1.81402e-05
1.81402e-05
1.81402e-05
1.81402e-05
1.81402e-05
1.81402e-05
1.81402e-05
1.81402e-05
1.81402e-05
1.81402e-05
1.81402e-05
1.81402e-05
1.81402e-05
1.81402e-05
1.81402e-05
1.81402e-05
1.81402e-05
1.81402e-05
1.81402e-05
1.81402e-05
1.81402e-05
1.81403e-05
1.81406e-05
1.81418e-05
1.81442e-05
1.81484e-05
1.81554e-05
1.81643e-05
1.81743e-05
1.81836e-05
1.81906e-05
1.81784e-05
1.81649e-05
1.81551e-05
1.81492e-05
1.81458e-05
1.81438e-05
1.81426e-05
1.81418e-05
1.81412e-05
1.81408e-05
1.81409e-05
1.81423e-05
1.81476e-05
1.81647e-05
1.81929e-05
1.82244e-05
1.83698e-05
1.89796e-05
2.11022e-05
2.51735e-05
2.76133e-05
2.51262e-05
2.01966e-05
1.86873e-05
1.88186e-05
1.94629e-05
2.1284e-05
2.49227e-05
3.06692e-05
3.65793e-05
3.85097e-05
3.51548e-05
3.02145e-05
2.70342e-05
2.52423e-05
2.45591e-05
2.46532e-05
2.43943e-05
2.3325e-05
2.12671e-05
1.90677e-05
1.82788e-05
1.82815e-05
1.85574e-05
1.88267e-05
1.86712e-05
1.8428e-05
1.8416e-05
1.93953e-05
2.18337e-05
2.24977e-05
2.41218e-05
2.48647e-05
2.54924e-05
2.47091e-05
2.23027e-05
2.2821e-05
2.27695e-05
1.97448e-05
2.9826e-05
4.96844e-05
5.52211e-05
5.51674e-05
3.53155e-05
1.81402e-05
1.81402e-05
1.81402e-05
1.81402e-05
1.81402e-05
1.81402e-05
1.81402e-05
1.81402e-05
1.81402e-05
1.81402e-05
1.81402e-05
1.81402e-05
1.81402e-05
1.81402e-05
1.81402e-05
1.81402e-05
1.81402e-05
1.81402e-05
1.81402e-05
1.81402e-05
1.81402e-05
1.81402e-05
1.81402e-05
1.81402e-05
1.81402e-05
1.81402e-05
1.81402e-05
1.81402e-05
1.81403e-05
1.81403e-05
1.81405e-05
1.81407e-05
1.8141e-05
1.81412e-05
1.81413e-05
1.81415e-05
1.81411e-05
1.81408e-05
1.81405e-05
1.81404e-05
1.81403e-05
1.81403e-05
1.81403e-05
1.81402e-05
1.81402e-05
1.81402e-05
1.81402e-05
1.81404e-05
1.81408e-05
1.81417e-05
1.81431e-05
1.81511e-05
1.82094e-05
1.84898e-05
1.96452e-05
2.23579e-05
2.23584e-05
2.06093e-05
1.87312e-05
1.8388e-05
1.85622e-05
1.91896e-05
2.02472e-05
2.19018e-05
2.639e-05
3.31664e-05
3.56255e-05
3.14454e-05
2.45838e-05
2.20753e-05
2.0656e-05
1.99773e-05
2.01253e-05
2.08128e-05
2.14942e-05
2.10957e-05
1.93492e-05
1.82709e-05
1.81756e-05
1.82071e-05
1.82544e-05
1.82066e-05
1.8179e-05
1.84334e-05
2.03801e-05
2.3349e-05
2.41822e-05
2.33614e-05
2.07701e-05
2.15331e-05
2.36669e-05
2.31665e-05
2.45377e-05
2.33782e-05
1.93551e-05
2.76381e-05
5.48847e-05
5.65799e-05
5.53197e-05
3.1794e-05
1.81402e-05
1.81402e-05
1.81402e-05
1.81402e-05
1.81402e-05
1.81402e-05
1.81402e-05
1.81402e-05
1.81402e-05
1.81402e-05
1.81402e-05
1.81402e-05
1.81402e-05
1.81402e-05
1.81402e-05
1.81402e-05
1.81402e-05
1.81402e-05
1.81402e-05
1.81402e-05
1.81402e-05
1.81402e-05
1.81402e-05
1.81402e-05
1.81402e-05
1.81402e-05
1.81402e-05
1.81402e-05
1.81402e-05
1.81402e-05
1.81402e-05
1.81402e-05
1.81402e-05
1.81402e-05
1.81402e-05
1.81402e-05
1.81402e-05
1.81402e-05
1.81402e-05
1.81402e-05
1.81402e-05
1.81402e-05
1.81402e-05
1.81402e-05
1.81402e-05
1.81402e-05
1.81402e-05
1.81402e-05
1.81402e-05
1.81402e-05
1.81403e-05
1.81414e-05
1.81493e-05
1.81951e-05
1.83807e-05
1.87092e-05
1.85962e-05
1.83649e-05
1.82435e-05
1.82349e-05
1.84515e-05
1.92308e-05
1.98574e-05
2.02364e-05
2.16075e-05
2.53703e-05
2.9215e-05
2.80801e-05
2.56336e-05
2.34378e-05
2.0126e-05
1.86734e-05
1.87088e-05
1.89744e-05
1.96012e-05
1.97033e-05
1.91569e-05
1.83001e-05
1.81488e-05
1.81436e-05
1.8145e-05
1.81435e-05
1.81558e-05
1.83784e-05
1.99071e-05
2.24074e-05
2.33455e-05
2.07202e-05
1.93501e-05
2.03572e-05
2.33497e-05
2.41479e-05
2.74387e-05
2.3887e-05
1.89206e-05
2.42534e-05
5.47879e-05
6.0065e-05
5.56113e-05
2.96681e-05
1.81402e-05
1.81402e-05
1.81402e-05
1.81402e-05
1.81402e-05
1.81402e-05
1.81402e-05
1.81402e-05
1.81402e-05
1.81402e-05
1.81402e-05
1.81402e-05
1.81402e-05
1.81402e-05
1.81402e-05
1.81402e-05
1.81402e-05
1.81402e-05
1.81402e-05
1.81402e-05
1.81402e-05
1.81402e-05
1.81402e-05
1.81402e-05
1.81402e-05
1.81402e-05
1.81402e-05
1.81402e-05
1.81402e-05
1.81402e-05
1.81402e-05
1.81402e-05
1.81402e-05
1.81402e-05
1.81402e-05
1.81402e-05
1.81402e-05
1.81402e-05
1.81402e-05
1.81402e-05
1.81402e-05
1.81402e-05
1.81402e-05
1.81402e-05
1.81402e-05
1.81402e-05
1.81402e-05
1.81402e-05
1.81402e-05
1.81402e-05
1.81402e-05
1.81402e-05
1.81405e-05
1.81424e-05
1.81499e-05
1.81608e-05
1.81557e-05
1.81479e-05
1.81451e-05
1.81508e-05
1.81982e-05
1.83507e-05
1.84422e-05
1.84814e-05
1.86586e-05
1.92079e-05
2.01406e-05
2.07414e-05
2.17795e-05
2.14585e-05
1.93628e-05
1.83589e-05
1.83257e-05
1.83987e-05
1.86656e-05
1.87614e-05
1.85894e-05
1.82478e-05
1.81464e-05
1.81405e-05
1.81403e-05
1.81404e-05
1.81434e-05
1.81898e-05
1.85455e-05
1.94142e-05
2.00332e-05
1.89693e-05
1.98831e-05
2.21681e-05
2.4529e-05
2.66644e-05
3.02112e-05
2.29427e-05
1.86403e-05
2.34954e-05
5.35941e-05
5.94579e-05
5.00087e-05
2.61368e-05
1.81402e-05
1.81402e-05
1.81402e-05
1.81402e-05
1.81402e-05
1.81402e-05
1.81402e-05
1.81402e-05
1.81402e-05
1.81402e-05
1.81402e-05
1.81402e-05
1.81402e-05
1.81402e-05
1.81402e-05
1.81402e-05
1.81402e-05
1.81402e-05
1.81402e-05
1.81402e-05
1.81402e-05
1.81402e-05
1.81402e-05
1.81402e-05
1.81402e-05
1.81402e-05
1.81402e-05
1.81402e-05
1.81402e-05
1.81402e-05
1.81402e-05
1.81402e-05
1.81402e-05
1.81402e-05
1.81402e-05
1.81402e-05
1.81402e-05
1.81402e-05
1.81402e-05
1.81402e-05
1.81402e-05
1.81402e-05
1.81402e-05
1.81402e-05
1.81402e-05
1.81402e-05
1.81402e-05
1.81402e-05
1.81402e-05
1.81402e-05
1.81402e-05
1.81402e-05
1.81402e-05
1.81402e-05
1.81404e-05
1.81405e-05
1.81404e-05
1.81403e-05
1.81403e-05
1.81404e-05
1.81413e-05
1.81439e-05
1.81459e-05
1.81674e-05
1.82491e-05
1.84759e-05
1.91823e-05
2.04163e-05
2.0624e-05
1.96837e-05
1.87325e-05
1.84809e-05
1.82872e-05
1.82248e-05
1.82691e-05
1.82959e-05
1.82591e-05
1.81762e-05
1.81431e-05
1.81403e-05
1.81402e-05
1.81402e-05
1.8141e-05
1.81524e-05
1.81932e-05
1.82579e-05
1.82919e-05
1.84324e-05
2.20603e-05
2.83675e-05
2.8932e-05
3.02811e-05
2.41242e-05
1.85659e-05
1.81988e-05
1.97729e-05
4.02803e-05
5.41891e-05
4.69749e-05
2.34033e-05
1.81402e-05
1.81402e-05
1.81402e-05
1.81402e-05
1.81402e-05
1.81402e-05
1.81402e-05
1.81402e-05
1.81402e-05
1.81402e-05
1.81402e-05
1.81402e-05
1.81402e-05
1.81402e-05
1.81402e-05
1.81402e-05
1.81402e-05
1.81402e-05
1.81402e-05
1.81402e-05
1.81402e-05
1.81402e-05
1.81402e-05
1.81402e-05
1.81402e-05
1.81402e-05
1.81402e-05
1.81402e-05
1.81402e-05
1.81402e-05
1.81402e-05
1.81402e-05
1.81402e-05
1.81402e-05
1.81402e-05
1.81402e-05
1.81402e-05
1.81402e-05
1.81402e-05
1.81402e-05
1.81402e-05
1.81402e-05
1.81402e-05
1.81402e-05
1.81402e-05
1.81402e-05
1.81402e-05
1.81402e-05
1.81402e-05
1.81402e-05
1.81402e-05
1.81402e-05
1.81402e-05
1.81402e-05
1.81402e-05
1.81402e-05
1.81402e-05
1.81402e-05
1.81402e-05
1.81402e-05
1.81402e-05
1.81402e-05
1.81406e-05
1.81469e-05
1.81972e-05
1.83828e-05
1.90007e-05
2.03517e-05
2.06326e-05
2.03016e-05
2.01432e-05
1.95895e-05
1.85381e-05
1.81787e-05
1.81543e-05
1.8153e-05
1.81489e-05
1.81439e-05
1.81409e-05
1.81402e-05
1.81402e-05
1.81402e-05
1.81403e-05
1.81405e-05
1.81416e-05
1.81441e-05
1.81478e-05
1.8215e-05
1.95588e-05
2.64761e-05
3.01125e-05
2.88056e-05
2.29669e-05
1.87451e-05
1.81765e-05
1.82511e-05
2.02035e-05
2.57374e-05
2.95192e-05
1.91325e-05
1.81402e-05
1.81402e-05
1.81402e-05
1.81402e-05
1.81402e-05
1.81402e-05
1.81402e-05
1.81402e-05
1.81402e-05
1.81402e-05
1.81402e-05
1.81402e-05
1.81402e-05
1.81402e-05
1.81402e-05
1.81402e-05
1.81402e-05
1.81402e-05
1.81402e-05
1.81402e-05
1.81402e-05
1.81402e-05
1.81402e-05
1.81402e-05
1.81402e-05
1.81402e-05
1.81402e-05
1.81402e-05
1.81402e-05
1.81402e-05
1.81402e-05
1.81402e-05
1.81402e-05
1.81402e-05
1.81402e-05
1.81402e-05
1.81402e-05
1.81402e-05
1.81402e-05
1.81402e-05
1.81402e-05
1.81402e-05
1.81402e-05
1.81402e-05
1.81402e-05
1.81402e-05
1.81402e-05
1.81402e-05
1.81402e-05
1.81402e-05
1.81402e-05
1.81402e-05
1.81402e-05
1.81402e-05
1.81402e-05
1.81402e-05
1.81402e-05
1.81402e-05
1.81402e-05
1.81402e-05
1.81402e-05
1.81402e-05
1.81403e-05
1.81422e-05
1.8162e-05
1.82385e-05
1.85113e-05
1.94328e-05
2.06144e-05
2.14392e-05
2.13333e-05
2.04496e-05
1.87572e-05
1.81882e-05
1.81432e-05
1.81406e-05
1.81404e-05
1.81403e-05
1.81402e-05
1.81402e-05
1.81402e-05
1.81402e-05
1.81402e-05
1.81402e-05
1.81402e-05
1.81403e-05
1.81409e-05
1.81581e-05
1.85185e-05
2.09293e-05
2.37674e-05
1.87751e-05
1.81765e-05
1.81425e-05
1.81408e-05
1.81505e-05
1.82397e-05
1.84118e-05
1.88155e-05
1.82326e-05
1.81402e-05
1.81402e-05
1.81402e-05
1.81402e-05
1.81402e-05
1.81402e-05
1.81402e-05
1.81402e-05
1.81402e-05
1.81402e-05
1.81402e-05
1.81402e-05
1.81402e-05
1.81402e-05
1.81402e-05
1.81402e-05
1.81402e-05
1.81402e-05
1.81402e-05
1.81402e-05
1.81402e-05
1.81402e-05
1.81402e-05
1.81402e-05
1.81402e-05
1.81402e-05
1.81402e-05
1.81402e-05
1.81402e-05
1.81402e-05
1.81402e-05
1.81402e-05
1.81402e-05
1.81402e-05
1.81402e-05
1.81402e-05
1.81402e-05
1.81402e-05
1.81402e-05
1.81402e-05
1.81402e-05
1.81402e-05
1.81402e-05
1.81402e-05
1.81402e-05
1.81402e-05
1.81402e-05
1.81402e-05
1.81402e-05
1.81402e-05
1.81402e-05
1.81402e-05
1.81402e-05
1.81402e-05
1.81402e-05
1.81402e-05
1.81402e-05
1.81402e-05
1.81402e-05
1.81402e-05
1.81402e-05
1.81402e-05
1.81409e-05
1.81498e-05
1.82066e-05
1.84202e-05
1.90384e-05
2.00916e-05
2.12143e-05
2.11782e-05
2.06539e-05
1.94049e-05
1.83829e-05
1.81581e-05
1.81411e-05
1.81402e-05
1.81402e-05
1.81402e-05
1.81402e-05
1.81402e-05
1.81402e-05
1.81402e-05
1.81402e-05
1.81402e-05
1.81402e-05
1.81402e-05
1.81402e-05
1.8141e-05
1.8149e-05
1.82117e-05
1.84785e-05
1.81841e-05
1.81455e-05
1.8141e-05
1.81403e-05
1.81403e-05
1.81422e-05
1.81445e-05
1.81564e-05
1.81418e-05
1.81402e-05
1.81402e-05
1.81402e-05
1.81402e-05
1.81402e-05
1.81402e-05
1.81402e-05
1.81402e-05
1.81402e-05
1.81402e-05
1.81402e-05
1.81402e-05
1.81402e-05
1.81402e-05
1.81402e-05
1.81402e-05
1.81402e-05
1.81402e-05
1.81402e-05
1.81402e-05
1.81402e-05
1.81402e-05
1.81402e-05
1.81402e-05
1.81402e-05
1.81402e-05
1.81402e-05
1.81402e-05
1.81402e-05
1.81402e-05
1.81402e-05
1.81402e-05
1.81402e-05
1.81402e-05
1.81402e-05
1.81402e-05
1.81402e-05
1.81402e-05
1.81402e-05
1.81402e-05
1.81402e-05
1.81402e-05
1.81402e-05
1.81402e-05
1.81402e-05
1.81402e-05
1.81402e-05
1.81402e-05
1.81402e-05
1.81402e-05
1.81402e-05
1.81402e-05
1.81402e-05
1.81402e-05
1.81402e-05
1.81402e-05
1.81402e-05
1.81402e-05
1.81402e-05
1.81402e-05
1.81402e-05
1.81402e-05
1.81402e-05
1.81406e-05
1.81434e-05
1.81781e-05
1.83623e-05
1.90233e-05
1.90482e-05
1.86147e-05
1.8335e-05
1.82002e-05
1.81533e-05
1.81417e-05
1.81402e-05
1.81402e-05
1.81402e-05
1.81402e-05
1.81402e-05
1.81402e-05
1.81402e-05
1.81402e-05
1.81402e-05
1.81402e-05
1.81402e-05
1.81402e-05
1.81402e-05
1.81402e-05
1.81403e-05
1.81405e-05
1.81407e-05
1.81403e-05
1.81402e-05
1.81402e-05
1.81402e-05
1.81402e-05
1.81402e-05
1.81402e-05
1.81405e-05
1.81402e-05
)
;

boundaryField
{
    AXIS
    {
        type            empty;
    }
    OUTLET
    {
        type            calculated;
        value           nonuniform List<scalar> 
50
(
1.84718e-05
1.91289e-05
2.05623e-05
2.24412e-05
2.45092e-05
2.66321e-05
2.8737e-05
3.08984e-05
3.32627e-05
3.59708e-05
3.89073e-05
4.1788e-05
4.36893e-05
4.43178e-05
4.45248e-05
4.48455e-05
4.54235e-05
4.61581e-05
4.7185e-05
4.86468e-05
5.07627e-05
5.3593e-05
5.65942e-05
6.02248e-05
6.55519e-05
6.96312e-05
7.00092e-05
6.57833e-05
5.908e-05
5.37093e-05
5.01395e-05
4.91882e-05
4.93812e-05
5.00457e-05
5.19455e-05
5.29922e-05
5.23551e-05
5.1818e-05
1.81402e-05
1.81402e-05
1.81402e-05
1.81402e-05
1.81402e-05
2.96681e-05
1.81402e-05
2.34033e-05
1.91325e-05
1.82326e-05
1.81418e-05
1.81402e-05
)
;
    }
    COFLOW
    {
        type            calculated;
        value           nonuniform List<scalar> 
30
(
1.81402e-05
1.81402e-05
1.81402e-05
1.81402e-05
1.81402e-05
1.81402e-05
1.81402e-05
1.81402e-05
1.81402e-05
1.81402e-05
1.81402e-05
1.81402e-05
1.81402e-05
1.81402e-05
1.81402e-05
1.81402e-05
1.81402e-05
1.81402e-05
1.81402e-05
1.81402e-05
1.81402e-05
1.81402e-05
1.81402e-05
1.81402e-05
1.81402e-05
1.81402e-05
1.81402e-05
1.81402e-05
1.81402e-05
1.81402e-05
)
;
    }
    PILOT
    {
        type            calculated;
        value           nonuniform List<scalar> 10(6.29694e-05 7.00978e-05 7.09103e-05 7.09186e-05 7.09187e-05 7.09187e-05 7.09187e-05 7.09185e-05 7.09036e-05 6.99048e-05);
    }
    FUEL
    {
        type            calculated;
        value           nonuniform List<scalar> 10(1.81402e-05 1.81402e-05 1.81402e-05 1.81402e-05 1.81402e-05 1.81402e-05 1.81402e-05 1.81402e-05 1.81402e-05 1.81402e-05);
    }
    WALL
    {
        type            calculated;
        value           nonuniform List<scalar> 
100
(
1.81402e-05
1.81402e-05
1.81402e-05
1.81402e-05
1.81402e-05
1.81402e-05
1.81402e-05
1.81402e-05
1.81402e-05
1.81402e-05
1.81402e-05
1.81402e-05
1.81402e-05
1.81402e-05
1.81402e-05
1.81402e-05
1.81402e-05
1.81402e-05
1.81402e-05
1.81402e-05
1.81402e-05
1.81402e-05
1.81402e-05
1.81402e-05
1.81402e-05
1.81402e-05
1.81402e-05
1.81402e-05
1.81402e-05
1.81402e-05
1.81402e-05
1.81402e-05
1.81402e-05
1.81402e-05
1.81402e-05
1.81402e-05
1.81402e-05
1.81402e-05
1.81402e-05
1.81402e-05
1.81402e-05
1.81402e-05
1.81402e-05
1.81402e-05
1.81402e-05
1.81402e-05
1.81402e-05
1.81402e-05
1.81402e-05
1.81402e-05
1.81402e-05
1.81402e-05
1.81402e-05
1.81402e-05
1.81402e-05
1.81402e-05
1.81402e-05
1.81402e-05
1.81402e-05
1.81402e-05
1.81402e-05
1.81402e-05
1.81402e-05
1.81406e-05
1.81434e-05
1.81781e-05
1.83623e-05
1.90233e-05
1.90482e-05
1.86147e-05
1.8335e-05
1.82002e-05
1.81533e-05
1.81417e-05
1.81402e-05
1.81402e-05
1.81402e-05
1.81402e-05
1.81402e-05
1.81402e-05
1.81402e-05
1.81402e-05
1.81402e-05
1.81402e-05
1.81402e-05
1.81402e-05
1.81402e-05
1.81402e-05
1.81403e-05
1.81405e-05
1.81407e-05
1.81403e-05
1.81402e-05
1.81402e-05
1.81402e-05
1.81402e-05
1.81402e-05
1.81402e-05
1.81405e-05
1.81402e-05
)
;
    }
    front
    {
        type            wedge;
    }
    back
    {
        type            wedge;
    }
}


// ************************************************************************* //
