/*--------------------------------*- C++ -*----------------------------------*\
| =========                 |                                                 |
| \\      /  F ield         | OpenFOAM: The Open Source CFD Toolbox           |
|  \\    /   O peration     | Version:  2.3.0                                 |
|   \\  /    A nd           | Web:      www.OpenFOAM.org                      |
|    \\/     M anipulation  |                                                 |
\*---------------------------------------------------------------------------*/
FoamFile
{
    version     2.0;
    format      ascii;
    class       volScalarField;
    location    "0.02";
    object      varZ;
}
// * * * * * * * * * * * * * * * * * * * * * * * * * * * * * * * * * * * * * //

dimensions      [0 0 0 0 0 0 0];

internalField   nonuniform List<scalar> 
5000
(
3.98132e-25
3.97822e-24
2.73554e-23
1.58969e-22
7.61923e-22
2.92407e-21
7.72867e-21
1.37872e-20
1.32445e-20
8.63426e-21
4.93104e-21
2.88103e-21
2.57943e-21
6.48295e-21
2.47981e-20
8.78546e-20
2.17376e-19
3.50245e-19
3.31544e-19
3.27045e-19
4.92952e-19
1.03915e-18
2.58017e-18
7.60566e-18
2.72231e-17
1.10546e-16
4.7672e-16
1.95389e-15
6.62686e-15
1.50477e-14
1.8418e-14
1.23227e-14
8.71671e-15
2.10324e-14
1.13853e-13
6.06544e-13
2.59399e-12
9.55524e-12
3.62318e-11
1.37798e-10
5.08519e-10
1.76394e-09
5.72035e-09
1.68634e-08
3.99928e-08
7.44386e-08
1.23369e-07
1.90496e-07
2.70669e-07
3.61274e-07
3.67609e-07
3.0853e-07
2.38755e-07
1.72372e-07
1.19463e-07
9.29918e-08
1.07366e-07
1.71252e-07
3.29248e-07
6.89611e-07
1.34826e-06
2.30213e-06
3.51817e-06
4.92745e-06
6.47117e-06
7.99139e-06
9.27536e-06
1.01708e-05
1.01016e-05
8.62984e-06
6.64696e-06
4.68909e-06
2.9914e-06
1.20418e-06
5.33369e-07
5.29123e-07
6.29307e-07
8.08723e-07
1.04391e-06
1.32204e-06
1.62303e-06
1.91934e-06
2.17433e-06
2.27846e-06
2.08331e-06
1.69541e-06
1.2899e-06
9.41923e-07
6.63291e-07
4.65169e-07
3.55343e-07
3.26892e-07
3.62606e-07
4.51695e-07
6.21637e-07
8.84734e-07
1.09372e-06
1.18493e-06
1.24128e-06
1.33531e-06
4.67738e-23
3.2159e-22
2.13136e-21
1.28906e-20
7.06616e-20
2.91225e-19
9.96813e-19
2.37469e-18
2.81271e-18
1.87175e-18
9.27342e-19
4.23906e-19
2.46723e-19
3.96506e-19
1.53937e-18
6.3882e-18
1.73219e-17
2.97715e-17
2.67905e-17
2.31332e-17
3.02081e-17
6.00259e-17
1.45078e-16
4.17148e-16
1.49771e-15
6.36998e-15
2.9666e-14
1.40033e-13
5.28671e-13
1.31071e-12
1.69126e-12
1.08807e-12
5.29145e-13
4.27284e-13
1.20626e-12
5.49837e-12
2.27655e-11
7.78758e-11
2.37357e-10
7.5512e-10
2.80004e-09
1.05074e-08
3.68227e-08
1.12066e-07
2.83535e-07
6.16631e-07
1.19248e-06
2.08884e-06
3.48548e-06
6.22593e-06
8.32344e-06
7.37971e-06
5.4599e-06
3.76949e-06
2.51934e-06
1.18751e-06
6.40058e-07
8.67052e-07
1.78092e-06
3.64786e-06
6.43514e-06
1.00565e-05
1.4656e-05
2.03664e-05
2.71682e-05
3.45412e-05
4.18911e-05
4.93088e-05
5.83703e-05
6.39969e-05
6.15398e-05
4.6255e-05
2.13986e-05
6.71161e-06
2.413e-06
2.27257e-06
2.78014e-06
4.12134e-06
6.04495e-06
8.1827e-06
1.02828e-05
1.23199e-05
1.46171e-05
1.71945e-05
1.8197e-05
1.75708e-05
1.43931e-05
9.09309e-06
5.52336e-06
3.18413e-06
1.44411e-06
1.0513e-06
1.13313e-06
1.49039e-06
2.3519e-06
3.76014e-06
4.45454e-06
4.36742e-06
3.92121e-06
3.98072e-06
9.71446e-21
5.10189e-20
2.24375e-19
1.01687e-18
4.98388e-18
2.07254e-17
7.50663e-17
2.0884e-16
3.04089e-16
2.53355e-16
1.41486e-16
6.12561e-17
3.05083e-17
2.94137e-17
9.00503e-17
3.77602e-16
1.10884e-15
1.97999e-15
1.77104e-15
1.6104e-15
2.42166e-15
5.21552e-15
1.28246e-14
3.55991e-14
1.19502e-13
4.74565e-13
2.16767e-12
9.25267e-12
3.19467e-11
7.53863e-11
9.76704e-11
6.5106e-11
3.08837e-11
1.61775e-11
1.49792e-11
3.28028e-11
9.95309e-11
3.04593e-10
8.68953e-10
2.47858e-09
8.89971e-09
3.21324e-08
1.09578e-07
3.43552e-07
8.98026e-07
2.02238e-06
3.94911e-06
6.81915e-06
1.08211e-05
1.67244e-05
2.57684e-05
3.35586e-05
3.29041e-05
2.57765e-05
1.22671e-05
3.15336e-06
1.74176e-06
2.48727e-06
5.14477e-06
9.81442e-06
1.5949e-05
2.32288e-05
3.18937e-05
4.19805e-05
5.32486e-05
6.51514e-05
7.74479e-05
8.9816e-05
0.000103809
0.000125041
0.000133892
0.000123287
7.95305e-05
2.55131e-05
7.56966e-06
6.32192e-06
7.38339e-06
1.03283e-05
1.4388e-05
1.85177e-05
2.22133e-05
2.54578e-05
2.86242e-05
3.22884e-05
3.70383e-05
4.12363e-05
4.13567e-05
3.80097e-05
2.63105e-05
1.11268e-05
4.13394e-06
2.89127e-06
3.08201e-06
4.07446e-06
6.25672e-06
9.60792e-06
1.2104e-05
1.21011e-05
1.07212e-05
1.00211e-05
1.06235e-18
7.94664e-18
3.80359e-17
1.21751e-16
3.66634e-16
1.22464e-15
4.28376e-15
1.42509e-14
2.57573e-14
2.89946e-14
2.07348e-14
8.52909e-15
4.04218e-15
2.81439e-15
6.02244e-15
2.40108e-14
7.10302e-14
1.29645e-13
1.19689e-13
1.0587e-13
1.47801e-13
3.0339e-13
7.23043e-13
1.86947e-12
5.64068e-12
2.03696e-11
8.7106e-11
3.60737e-10
1.22854e-09
2.91473e-09
3.84125e-09
2.58204e-09
1.208e-09
5.8353e-10
3.56476e-10
3.61194e-10
6.03663e-10
1.3233e-09
3.20501e-09
7.87763e-09
2.59805e-08
9.22843e-08
3.11439e-07
9.50994e-07
2.37555e-06
4.89279e-06
8.62567e-06
1.34341e-05
1.90723e-05
2.58462e-05
3.44979e-05
4.69873e-05
5.64287e-05
5.34922e-05
3.44541e-05
9.7901e-06
4.14505e-06
5.28662e-06
9.70606e-06
1.71599e-05
2.62565e-05
3.62847e-05
4.76715e-05
6.07347e-05
7.60306e-05
9.45164e-05
0.000117682
0.000144315
0.000175849
0.000217021
0.000243059
0.000235212
0.000193666
9.70711e-05
2.30762e-05
1.14303e-05
1.18816e-05
1.47202e-05
1.95766e-05
2.48309e-05
2.95724e-05
3.37235e-05
3.76212e-05
4.17526e-05
4.67161e-05
5.35133e-05
6.1057e-05
6.17507e-05
5.63725e-05
3.72603e-05
1.41598e-05
6.67651e-06
6.59228e-06
7.93934e-06
1.13246e-05
1.64759e-05
2.13061e-05
2.19869e-05
2.03811e-05
1.84198e-05
3.56784e-17
3.19142e-16
1.98985e-15
8.91133e-15
3.52739e-14
1.29721e-13
4.7405e-13
1.63735e-12
3.45754e-12
5.25325e-12
4.52072e-12
1.88729e-12
8.36586e-13
4.08829e-13
3.96492e-13
1.16218e-12
3.4839e-12
6.48004e-12
6.10215e-12
5.77115e-12
8.64972e-12
1.81108e-11
4.23507e-11
1.01527e-10
2.66901e-10
8.20918e-10
3.01794e-09
1.11332e-08
3.49876e-08
8.17127e-08
1.13971e-07
8.02126e-08
3.78975e-08
1.8068e-08
9.91018e-09
7.23076e-09
7.16991e-09
8.88032e-09
1.3753e-08
2.66929e-08
6.61468e-08
2.1304e-07
6.98879e-07
1.96941e-06
4.48319e-06
8.46968e-06
1.38684e-05
2.03471e-05
2.74667e-05
3.54159e-05
4.44357e-05
5.57849e-05
7.11218e-05
7.28795e-05
5.79431e-05
2.18012e-05
7.91229e-06
8.75583e-06
1.40008e-05
2.34174e-05
3.48614e-05
4.71702e-05
6.11577e-05
7.85331e-05
0.000102454
0.000137149
0.000187188
0.000243092
0.000300233
0.000357726
0.000391258
0.000385206
0.000347586
0.000246235
8.08837e-05
2.09438e-05
1.67601e-05
1.84005e-05
2.30902e-05
2.9415e-05
3.57306e-05
4.15171e-05
4.70389e-05
5.28315e-05
5.94097e-05
6.74234e-05
7.87648e-05
8.83436e-05
8.73385e-05
7.53933e-05
4.33061e-05
1.68909e-05
1.27837e-05
1.39634e-05
1.80724e-05
2.48307e-05
3.18849e-05
3.36801e-05
3.19467e-05
2.84109e-05
1.74614e-15
1.25674e-14
9.16387e-14
5.87473e-13
3.11612e-12
1.37405e-11
5.32864e-11
1.77905e-10
3.62826e-10
5.37568e-10
4.59705e-10
2.02088e-10
8.93587e-11
4.11082e-11
2.98647e-11
6.37957e-11
1.8086e-10
3.34606e-10
3.17283e-10
2.82892e-10
3.87266e-10
7.75606e-10
1.77996e-09
4.01837e-09
9.3571e-09
2.39986e-08
7.09763e-08
2.18059e-07
6.17241e-07
1.481e-06
2.44274e-06
1.96275e-06
9.60798e-07
4.52309e-07
2.31076e-07
1.45705e-07
1.16731e-07
1.06625e-07
1.01767e-07
1.09862e-07
1.61226e-07
4.37564e-07
1.33313e-06
3.44879e-06
7.2772e-06
1.28613e-05
1.99691e-05
2.8183e-05
3.68826e-05
4.64159e-05
5.70111e-05
6.86898e-05
8.5355e-05
9.21729e-05
8.05762e-05
3.79774e-05
1.29382e-05
1.27337e-05
1.79961e-05
2.88792e-05
4.23977e-05
5.69467e-05
7.46892e-05
0.000100468
0.000141735
0.000204859
0.000291441
0.000368272
0.000426863
0.000469275
0.000487294
0.000484443
0.000463239
0.000396492
0.000218922
5.5628e-05
2.37344e-05
2.35006e-05
2.73547e-05
3.50498e-05
4.42289e-05
5.33376e-05
6.22583e-05
7.15376e-05
8.16286e-05
9.25869e-05
0.000105673
0.000121405
0.000125018
0.000119136
9.18741e-05
4.40964e-05
2.32317e-05
2.30516e-05
2.65747e-05
3.39509e-05
4.27385e-05
4.61697e-05
4.44985e-05
3.96438e-05
2.52499e-13
1.30873e-12
5.07733e-12
2.28815e-11
1.13996e-10
5.25885e-10
2.11985e-09
7.06632e-09
1.52952e-08
2.56171e-08
2.59218e-08
1.18413e-08
5.27026e-09
2.35495e-09
1.50019e-09
2.7146e-09
7.03733e-09
1.26368e-08
1.2272e-08
9.89596e-09
1.06706e-08
1.76913e-08
3.7643e-08
8.05256e-08
1.69448e-07
3.71496e-07
9.0647e-07
2.21159e-06
5.32261e-06
1.46284e-05
3.71599e-05
4.0996e-05
2.25106e-05
1.01589e-05
4.78865e-06
2.42768e-06
1.42755e-06
1.05296e-06
7.66405e-07
4.58855e-07
4.61798e-07
8.67976e-07
2.22592e-06
5.24123e-06
1.03944e-05
1.76103e-05
2.66323e-05
3.7074e-05
4.804e-05
5.99999e-05
7.34886e-05
8.6635e-05
0.000104085
0.000115907
0.000107184
6.02289e-05
2.04311e-05
1.73762e-05
2.22198e-05
3.40698e-05
4.98204e-05
6.77993e-05
9.24314e-05
0.000132785
0.000201508
0.000298194
0.000401963
0.000465397
0.000495446
0.000509728
0.000516507
0.000515896
0.000508235
0.000477992
0.000384327
0.000162689
4.18136e-05
3.16046e-05
3.46074e-05
4.37063e-05
5.69285e-05
7.13337e-05
8.59559e-05
0.000100719
0.000115136
0.000128501
0.000141631
0.000155943
0.000161901
0.000158935
0.000139463
8.51083e-05
4.00333e-05
3.45117e-05
3.72155e-05
4.47233e-05
5.46451e-05
5.92602e-05
5.75856e-05
5.1574e-05
2.71301e-11
1.23438e-10
2.84515e-10
9.68131e-10
4.39578e-09
1.87158e-08
6.83789e-08
2.10116e-07
4.52076e-07
8.56238e-07
1.17693e-06
6.39238e-07
2.98666e-07
1.33553e-07
6.74166e-08
7.58996e-08
1.66784e-07
3.03327e-07
3.21827e-07
2.57997e-07
2.39236e-07
3.17193e-07
5.79571e-07
1.12147e-06
2.03586e-06
3.55763e-06
6.03003e-06
1.05404e-05
2.11625e-05
5.75475e-05
0.000152897
0.000277466
0.000266532
0.000171542
5.37548e-05
1.99186e-05
1.07277e-05
5.27756e-06
2.94317e-06
1.55959e-06
1.25386e-06
1.70171e-06
3.39526e-06
7.1759e-06
1.36351e-05
2.26602e-05
3.40722e-05
4.77204e-05
6.23946e-05
7.87771e-05
9.81327e-05
0.000114185
0.000131803
0.000147658
0.000142474
9.68314e-05
3.55866e-05
2.38284e-05
2.77047e-05
3.98982e-05
5.86473e-05
8.23378e-05
0.000117949
0.000179601
0.000282257
0.000399972
0.000478221
0.000503101
0.000510305
0.000517881
0.000522739
0.00052454
0.000520781
0.000506452
0.000456095
0.000283906
7.55541e-05
4.31489e-05
4.55351e-05
5.6512e-05
7.4795e-05
9.6084e-05
0.000117212
0.000135745
0.000149185
0.000158747
0.000167583
0.000176851
0.000179201
0.000176322
0.000164083
0.0001217
6.40829e-05
4.89429e-05
5.10804e-05
5.9219e-05
7.07332e-05
7.53127e-05
7.29679e-05
6.45863e-05
2.75968e-09
1.60142e-08
2.14558e-08
2.56817e-08
8.09272e-08
3.09593e-07
1.06718e-06
3.14271e-06
6.88509e-06
1.52238e-05
3.40455e-05
2.86834e-05
1.40479e-05
6.29759e-06
2.89878e-06
1.8307e-06
2.71299e-06
5.14556e-06
6.81061e-06
5.41635e-06
4.34629e-06
3.92842e-06
4.62887e-06
6.64584e-06
1.13494e-05
1.91382e-05
2.8585e-05
4.08061e-05
6.67285e-05
0.000133063
0.00027064
0.000397819
0.000412118
0.000385425
0.000336252
0.00020614
5.331e-05
1.73343e-05
9.38284e-06
4.98187e-06
3.07184e-06
3.45729e-06
5.3399e-06
9.81946e-06
1.77209e-05
2.89334e-05
4.34046e-05
6.15635e-05
8.23103e-05
0.000107109
0.000137567
0.000156923
0.000172792
0.00018889
0.000186751
0.00015355
6.97742e-05
3.38999e-05
3.58582e-05
4.79986e-05
7.05937e-05
0.000102045
0.000152305
0.000241345
0.000373585
0.000474814
0.000505617
0.000500421
0.000478301
0.000448616
0.000456293
0.000484975
0.0005034
0.000497837
0.000466106
0.000350593
0.000115464
5.88983e-05
6.07116e-05
7.45459e-05
9.89179e-05
0.000126084
0.000147851
0.00016029
0.000165342
0.000168998
0.000173497
0.000180009
0.000182632
0.000180645
0.000172406
0.000142756
8.81925e-05
6.65455e-05
6.82852e-05
7.81519e-05
9.25861e-05
9.67123e-05
9.29132e-05
7.9749e-05
2.19789e-07
2.19118e-06
3.42339e-06
2.22851e-06
2.37264e-06
4.04188e-06
1.00053e-05
2.73881e-05
6.08231e-05
0.000113908
0.000226137
0.000345051
0.000300324
0.000165553
3.45811e-05
1.09612e-05
1.34411e-05
2.87273e-05
6.52368e-05
7.15923e-05
5.82921e-05
3.4757e-05
2.27657e-05
2.6493e-05
4.19817e-05
7.01867e-05
0.00010003
0.000127541
0.00016943
0.000266727
0.00040461
0.000450766
0.000439756
0.000410364
0.000366783
0.0003054
0.000196456
7.3317e-05
2.67199e-05
1.2228e-05
6.49758e-06
6.6442e-06
8.59846e-06
1.37219e-05
2.31996e-05
3.69854e-05
5.52431e-05
7.9861e-05
0.000110955
0.0001508
0.000196363
0.000216314
0.000227
0.000236112
0.000233407
0.000209802
0.0001137
4.75553e-05
4.68147e-05
5.96912e-05
8.78008e-05
0.000129062
0.000197714
0.000316154
0.00045509
0.000503455
0.000493923
0.000449391
0.000341548
0.000275246
0.000285439
0.000329811
0.000420203
0.000470329
0.000445781
0.00034435
0.000127656
7.58456e-05
7.95487e-05
9.90147e-05
0.000128679
0.000152525
0.000163617
0.000166585
0.000167288
0.000167539
0.000168758
0.000172343
0.000175924
0.000175353
0.000168187
0.000142998
9.96156e-05
8.3885e-05
8.69944e-05
0.000101555
0.000121556
0.000125802
0.000119921
9.86551e-05
6.63923e-05
0.000238103
0.000332737
0.000326173
0.000254485
0.000172137
0.000178663
0.000273052
0.000420461
0.000434273
0.000358574
0.000316283
0.000336002
0.000301939
0.000153982
4.5311e-05
4.46117e-05
7.0811e-05
0.00014817
0.00023298
0.000221496
0.000146779
7.88795e-05
8.24554e-05
0.000120505
0.000203028
0.000295368
0.000355058
0.000404667
0.000470206
0.000487176
0.000473225
0.000447956
0.000412564
0.00036601
0.000312931
0.000260408
0.000181067
8.58437e-05
3.17491e-05
1.24932e-05
1.16921e-05
1.36367e-05
1.93302e-05
3.03993e-05
4.70426e-05
7.04436e-05
0.000106214
0.000154921
0.000210793
0.000257442
0.000274846
0.00028227
0.000282674
0.000277028
0.000248579
0.000145156
6.10095e-05
5.95366e-05
7.59184e-05
0.000112186
0.000165589
0.000255575
0.000398353
0.000506131
0.00050271
0.00045892
0.000315944
0.000188702
0.000169696
0.000181413
0.000222568
0.0003175
0.000415089
0.000409726
0.00030942
0.000128295
9.42912e-05
0.000102332
0.000128219
0.000154639
0.000163379
0.000163423
0.000162409
0.000161902
0.000162145
0.000163254
0.000166031
0.000167744
0.000166767
0.000158864
0.000133194
0.000104671
0.000101167
0.00010815
0.000129813
0.00015554
0.000160642
0.000153208
0.000122125
9.14797e-06
3.80252e-05
7.96725e-05
0.000192002
0.000312389
0.000305799
0.000306047
0.000320827
0.000297509
0.000181052
0.000168443
0.000228658
0.000292683
0.000275579
0.000183433
9.01195e-05
9.18301e-05
0.000139299
0.000251601
0.000344187
0.000340184
0.000263335
0.000160309
0.000166411
0.000243425
0.000398464
0.000519128
0.000537043
0.000529555
0.000502055
0.000467405
0.000465219
0.000463245
0.000450015
0.000407822
0.000330701
0.000273418
0.000239139
0.000175743
8.4454e-05
2.81113e-05
1.93308e-05
2.11674e-05
2.72521e-05
4.0366e-05
6.14137e-05
9.37767e-05
0.000149636
0.000222342
0.00026989
0.000288564
0.000299508
0.000308866
0.000309095
0.000301207
0.000270044
0.000153021
7.2214e-05
7.37595e-05
9.77575e-05
0.00014572
0.000213743
0.000324929
0.000474355
0.000528051
0.000501531
0.000395028
0.000200044
0.000127991
0.000127449
0.000138987
0.000173348
0.000250491
0.000353365
0.000357606
0.000257075
0.000126142
0.000114642
0.000128797
0.000153865
0.000163903
0.000163683
0.000161971
0.000160457
0.000160382
0.000160601
0.000160791
0.000160454
0.000158942
0.000154141
0.000141267
0.00012196
0.000117552
0.000120971
0.000135383
0.000158986
0.000181516
0.000186822
0.000180502
0.000146751
1.17386e-06
6.45491e-06
1.94744e-05
5.54641e-05
0.000151282
0.000219772
0.000231076
0.000176915
9.31525e-05
7.27075e-05
0.000110554
0.000235848
0.000310966
0.000272144
0.000183421
0.000152718
0.000175792
0.000263774
0.000373363
0.000402431
0.000385225
0.000301733
0.000243324
0.000274691
0.000400499
0.00052514
0.00054559
0.000532691
0.000506832
0.000459336
0.000444325
0.00046087
0.000467534
0.000455767
0.000412495
0.000298614
0.000223238
0.000220728
0.000209367
0.00015806
6.63218e-05
3.144e-05
3.18711e-05
3.77514e-05
5.30792e-05
8.04451e-05
0.000129931
0.000215647
0.000283316
0.000292443
0.0002868
0.000292955
0.00029925
0.000304529
0.000298128
0.000267605
0.000149104
8.40241e-05
9.10994e-05
0.000127069
0.00019112
0.000275559
0.000399936
0.000528782
0.000545374
0.00050365
0.000340303
0.000146804
0.000107606
0.000109633
0.000122893
0.000153581
0.000217515
0.000300633
0.000296466
0.000200484
0.000131589
0.000134825
0.000153925
0.00016628
0.000166352
0.000163635
0.000162001
0.000161837
0.000161672
0.000161212
0.000160454
0.000158385
0.000153376
0.000144479
0.000135043
0.000132685
0.000137655
0.000149852
0.000165912
0.000179125
0.000190524
0.000194654
0.000190233
0.000166887
1.50989e-07
1.01321e-06
3.76931e-06
1.06391e-05
2.83525e-05
5.62111e-05
6.60322e-05
3.83368e-05
2.7873e-05
3.77435e-05
7.79064e-05
0.000182124
0.000318791
0.000320964
0.000283909
0.000279222
0.000311174
0.000369764
0.000415261
0.000426376
0.000415323
0.000370988
0.000369346
0.00042009
0.000487358
0.000510744
0.000496351
0.000457442
0.000414527
0.000394851
0.000407436
0.000439962
0.000456312
0.000449819
0.000400806
0.000270198
0.000185036
0.000185398
0.000194573
0.000179397
0.000116379
5.33241e-05
4.65259e-05
5.17581e-05
7.06202e-05
0.000111527
0.000195203
0.000292753
0.000297983
0.0002636
0.00020267
0.000207146
0.000237561
0.000281172
0.000286345
0.000256563
0.000140533
9.78168e-05
0.000112878
0.000165268
0.000249921
0.000348874
0.000474059
0.000566542
0.000566065
0.000514115
0.00031879
0.000125947
9.78121e-05
0.000102149
0.000118537
0.000152336
0.000211064
0.000257303
0.000235571
0.000158899
0.00014337
0.000156502
0.000171356
0.000172464
0.000172057
0.000173299
0.000176502
0.000179038
0.000178565
0.000176233
0.000172833
0.000169945
0.000166946
0.000161547
0.000157598
0.000159575
0.000170072
0.000179468
0.000187052
0.000191224
0.000190738
0.000190797
0.000188894
0.000175559
2.14015e-08
1.4849e-07
5.41221e-07
1.43466e-06
3.48605e-06
6.49619e-06
8.69289e-06
8.20231e-06
1.11301e-05
2.02514e-05
4.28648e-05
9.79383e-05
0.000202278
0.000308743
0.000316693
0.000318928
0.000323265
0.000327797
0.000354594
0.00042141
0.0004391
0.000434472
0.000436932
0.000444737
0.000444504
0.000410652
0.000357568
0.000329737
0.000329442
0.000346949
0.000375171
0.000406805
0.000442976
0.000470687
0.000432305
0.000280768
0.000175023
0.000167543
0.000179905
0.000177073
0.000147195
8.19384e-05
6.38064e-05
6.99066e-05
9.77509e-05
0.000168062
0.000291537
0.000321244
0.000270544
0.000152887
0.000111521
0.00012068
0.000156671
0.000225769
0.000263085
0.000235452
0.00013119
0.00011347
0.000141304
0.000215402
0.000320799
0.000427427
0.00053936
0.000594561
0.000588078
0.000533002
0.000328846
0.000124056
9.34262e-05
9.86756e-05
0.000120084
0.000161723
0.000207277
0.000213908
0.000178403
0.000148282
0.000158237
0.000179809
0.000189893
0.00019389
0.000199276
0.000210032
0.000226831
0.000237034
0.000236804
0.000230657
0.000218988
0.00020704
0.000198504
0.000191125
0.000186018
0.000185054
0.000186676
0.000193596
0.00021589
0.000240076
0.000230443
0.000208324
0.000193317
0.000178786
3.84985e-09
2.42516e-08
9.43446e-08
2.69154e-07
6.36079e-07
1.2295e-06
2.07496e-06
3.46164e-06
6.82138e-06
1.38608e-05
2.69675e-05
5.1588e-05
0.000102673
0.000182192
0.00023906
0.000244485
0.000225467
0.000205248
0.000233382
0.000313115
0.000381056
0.000403288
0.000399674
0.000369553
0.000305963
0.000262107
0.000250638
0.000264934
0.00029357
0.000319066
0.000340577
0.000371277
0.000426036
0.000495771
0.000515656
0.000430475
0.000232805
0.000163359
0.000169286
0.000170419
0.00014952
9.65908e-05
8.14811e-05
9.2546e-05
0.000142111
0.000259777
0.000358512
0.000325308
0.000170215
7.83174e-05
7.81144e-05
9.17088e-05
0.000124007
0.000187533
0.000235003
0.000203809
0.000126675
0.000130318
0.000180148
0.000278773
0.000395912
0.000499881
0.000586951
0.000616647
0.000609394
0.000560412
0.000386599
0.00014483
9.18988e-05
9.54606e-05
0.000117369
0.000159272
0.000179229
0.000169064
0.000150236
0.000155643
0.000187099
0.000218316
0.000232781
0.000242857
0.000258424
0.000289142
0.000337112
0.000366371
0.000366548
0.000351461
0.000317887
0.000273514
0.000235933
0.000210868
0.000194041
0.000193988
0.000208566
0.000248816
0.000369448
0.000428324
0.000380954
0.000278212
0.000202592
0.000183531
7.6853e-09
5.43484e-08
2.19447e-07
5.73232e-07
1.11397e-06
1.88209e-06
3.04495e-06
4.90803e-06
8.00246e-06
1.40184e-05
2.35209e-05
3.57331e-05
5.08656e-05
7.13171e-05
9.45694e-05
0.000103093
9.85493e-05
0.000103713
0.000129231
0.000184639
0.00024737
0.000286806
0.000270147
0.000221291
0.00018897
0.00019322
0.000214325
0.000240415
0.000263569
0.000279757
0.000297953
0.00033608
0.00040947
0.000498561
0.000555256
0.000560963
0.000424177
0.000188665
0.00015667
0.000158145
0.000140119
0.000101596
9.94434e-05
0.000125496
0.000217987
0.000371262
0.00039217
0.000283411
9.31916e-05
5.8468e-05
6.68024e-05
9.33819e-05
0.000132788
0.000188853
0.000209881
0.000167281
0.000129506
0.000153571
0.000232086
0.000350143
0.000467098
0.000556997
0.0006179
0.000635171
0.000628527
0.000585902
0.000441456
0.000190692
9.4007e-05
9.18573e-05
0.000103709
0.000129508
0.00014135
0.000143107
0.000151223
0.000180643
0.000240297
0.000279582
0.000299797
0.000320485
0.00035999
0.000440615
0.000553207
0.000613861
0.000616738
0.00059646
0.000540272
0.000439374
0.000321355
0.000244335
0.00023072
0.000239294
0.000294975
0.000450195
0.00060756
0.000593265
0.000464512
0.000295505
0.000200955
0.000190441
5.36999e-08
3.36163e-07
1.15931e-06
2.53657e-06
4.46614e-06
6.79979e-06
9.65042e-06
1.42923e-05
2.18978e-05
3.21077e-05
3.80604e-05
3.92251e-05
4.10144e-05
4.51907e-05
5.12522e-05
5.75101e-05
6.41944e-05
7.32684e-05
8.62883e-05
0.000107367
0.000132804
0.000149852
0.000145991
0.000141408
0.000151615
0.000173408
0.000192385
0.000206512
0.000220272
0.000234032
0.000256698
0.000306269
0.000393005
0.000471807
0.000529639
0.000587296
0.000566015
0.000308976
0.000152183
0.000136365
0.000120499
0.00010939
0.000122934
0.000183522
0.00032825
0.000449125
0.000416092
0.000217558
6.19479e-05
5.17992e-05
6.29708e-05
0.000100839
0.000151545
0.000190092
0.000184827
0.00014025
0.000141697
0.000190063
0.000298996
0.000423951
0.000527734
0.000596135
0.00063921
0.000651583
0.000646014
0.000608133
0.000486447
0.00026935
0.000112533
9.19662e-05
9.66695e-05
0.000111168
0.000128264
0.00014467
0.000172651
0.000235512
0.000312384
0.000357393
0.000391301
0.000443059
0.000538216
0.000683198
0.000814913
0.000866473
0.000869036
0.000854689
0.000810484
0.000702128
0.000526199
0.000383931
0.000361997
0.000389705
0.000521623
0.000685133
0.000724133
0.000658047
0.000455981
0.00026171
0.000197753
0.000198626
3.79124e-07
2.05353e-06
6.13856e-06
1.18971e-05
1.85678e-05
2.50041e-05
3.12656e-05
3.92153e-05
5.08311e-05
6.25867e-05
6.71456e-05
6.70889e-05
6.45051e-05
6.17312e-05
6.22298e-05
6.56835e-05
7.08375e-05
7.64686e-05
8.22967e-05
8.87079e-05
9.66219e-05
0.00010409
0.000111338
0.000122863
0.000138531
0.000152809
0.000156368
0.000161576
0.000173945
0.000189971
0.00021879
0.000276363
0.000357375
0.000407736
0.000448601
0.000506581
0.000595681
0.000465666
0.000187114
0.000134308
0.000123024
0.000128891
0.000169078
0.000274648
0.00044727
0.00050064
0.000436442
0.000183338
5.60864e-05
4.92441e-05
5.82092e-05
9.21913e-05
0.000150558
0.000174528
0.000153524
0.000137658
0.000160852
0.000246144
0.000375247
0.000491087
0.000571289
0.000621961
0.000655108
0.000666329
0.000662736
0.000630641
0.000531422
0.000354342
0.000174825
0.000112784
0.000109413
0.00011757
0.00013753
0.000169718
0.000226457
0.000313883
0.000400637
0.000462954
0.000533926
0.000640065
0.000769651
0.000880217
0.000943912
0.000961364
0.000962437
0.00095186
0.000929247
0.000879235
0.000760634
0.000628254
0.00059937
0.000626672
0.000723474
0.000779941
0.000764315
0.000673962
0.00043904
0.000243149
0.000201845
0.000210361
2.72328e-06
1.25773e-05
3.13354e-05
4.67737e-05
5.63741e-05
6.3333e-05
6.95724e-05
7.618e-05
8.28732e-05
8.63887e-05
8.66724e-05
8.63645e-05
8.58654e-05
8.54476e-05
8.50842e-05
8.46554e-05
8.42716e-05
8.36318e-05
8.39332e-05
8.58182e-05
8.94085e-05
9.45659e-05
0.000101736
0.000111689
0.00011752
0.000117532
0.000115396
0.0001199
0.000133555
0.000151121
0.000183547
0.000240558
0.000302819
0.000336801
0.00036625
0.000399062
0.000502095
0.000540177
0.000303205
0.000161877
0.000148779
0.000174927
0.000250172
0.000394493
0.000534856
0.000539719
0.000458099
0.000185101
6.3401e-05
5.23798e-05
5.65837e-05
7.50555e-05
0.000118544
0.000134916
0.000131315
0.000144968
0.000199587
0.000323386
0.000452432
0.000542567
0.00059847
0.000637948
0.000665988
0.00067982
0.00067923
0.000657053
0.000583419
0.000442695
0.000263489
0.000162602
0.000142789
0.000149254
0.000176807
0.000229159
0.000309117
0.000413079
0.000520902
0.000620936
0.000732456
0.000835713
0.000906997
0.000951149
0.000955857
0.000951237
0.000944973
0.000941546
0.000937052
0.000921065
0.00087724
0.000816383
0.000794421
0.000799175
0.000810096
0.000802443
0.000770968
0.000666597
0.000439544
0.000249589
0.000212017
0.000228597
7.75825e-06
3.25577e-05
5.42383e-05
6.49778e-05
7.48083e-05
8.63078e-05
9.14464e-05
9.1587e-05
8.91007e-05
8.48831e-05
8.18533e-05
8.06644e-05
8.08076e-05
8.09994e-05
8.1294e-05
8.14713e-05
8.08927e-05
8.02202e-05
8.05133e-05
8.18564e-05
8.44528e-05
8.80039e-05
9.17131e-05
9.32246e-05
9.02575e-05
8.68481e-05
8.64303e-05
9.14917e-05
0.000104
0.000119532
0.000148282
0.000192572
0.000234672
0.00025763
0.000279822
0.000308054
0.000383407
0.000524672
0.000490726
0.000269244
0.00023757
0.000278143
0.000373497
0.000518815
0.00057578
0.000566805
0.000490088
0.00022731
8.87414e-05
6.87201e-05
6.90123e-05
7.68584e-05
9.6597e-05
0.000116074
0.000133918
0.000171882
0.000276127
0.000414175
0.000519809
0.000575669
0.000611564
0.000642051
0.000669994
0.000691256
0.000698546
0.000690256
0.000647836
0.000547018
0.000387668
0.000263337
0.000221444
0.000224746
0.000259518
0.000327836
0.000424795
0.000551936
0.000692643
0.000805047
0.000902642
0.000936863
0.000926873
0.000893964
0.000832049
0.000798669
0.000796274
0.00080563
0.000821597
0.000839172
0.000853331
0.000851442
0.000842569
0.000822583
0.000795593
0.000758658
0.000712891
0.000654595
0.000491183
0.000285436
0.000230044
0.000257354
9.35776e-07
5.69596e-06
1.13005e-05
1.71301e-05
2.50069e-05
3.34993e-05
3.72182e-05
3.85838e-05
3.91551e-05
4.03239e-05
4.29635e-05
4.6651e-05
5.04591e-05
5.43624e-05
5.84446e-05
6.16664e-05
6.28729e-05
6.45259e-05
6.6539e-05
6.9105e-05
7.34215e-05
7.7335e-05
7.75474e-05
7.57792e-05
7.25664e-05
7.18927e-05
7.30581e-05
7.72004e-05
8.61037e-05
9.65046e-05
0.000114376
0.000139613
0.000162592
0.000173256
0.000188437
0.000212823
0.000274011
0.000420922
0.000555112
0.000478208
0.000432614
0.000457313
0.000512494
0.000550137
0.000574962
0.000577274
0.000519261
0.000304195
0.000149822
0.000109226
0.00010014
9.72138e-05
0.000107599
0.000128025
0.000167271
0.000247359
0.000383984
0.000506895
0.000562349
0.000586016
0.000610536
0.000638873
0.000670251
0.000699532
0.000721241
0.000730183
0.000717429
0.000660653
0.000541026
0.000416
0.000356575
0.000355954
0.00039547
0.000474799
0.000588951
0.000739891
0.000880808
0.000936438
0.000932977
0.000891614
0.000793
0.000658137
0.000612425
0.000615357
0.000630916
0.000652496
0.000668151
0.000687403
0.000712621
0.000748103
0.000753507
0.00073993
0.000688295
0.000653032
0.000654957
0.000647271
0.00055835
0.000352371
0.000260982
0.00030451
5.58767e-08
4.53036e-07
1.07569e-06
1.97344e-06
3.26717e-06
4.80901e-06
6.17665e-06
7.62023e-06
9.23805e-06
1.11192e-05
1.35889e-05
1.63303e-05
1.90139e-05
2.24572e-05
2.73364e-05
3.29738e-05
3.77104e-05
4.38231e-05
5.11385e-05
5.922e-05
6.78355e-05
7.22326e-05
7.15942e-05
6.89589e-05
6.72085e-05
6.75971e-05
6.9231e-05
7.29762e-05
7.87352e-05
8.40995e-05
9.04542e-05
9.85566e-05
0.000106676
0.000111353
0.000120382
0.00013616
0.00017412
0.000272502
0.000413021
0.000517139
0.000514145
0.000507338
0.000507104
0.000514352
0.000531244
0.000568554
0.000539724
0.000407146
0.000265206
0.000205657
0.000176507
0.000152418
0.000153616
0.000189091
0.000264095
0.000374815
0.000513985
0.000559281
0.000564667
0.00057707
0.000596422
0.00062747
0.000669149
0.000708033
0.000739961
0.000767074
0.000771926
0.000753693
0.000697606
0.000608903
0.000548352
0.000544815
0.000589659
0.000678463
0.000798366
0.000918494
0.000942891
0.000908424
0.000795721
0.000582241
0.000445345
0.000413267
0.000419496
0.000447949
0.000473289
0.000486671
0.000491488
0.000500704
0.000516231
0.000548344
0.00055286
0.000542933
0.000530583
0.000543075
0.000597838
0.000644891
0.000607551
0.000436542
0.000317755
0.000380283
3.57187e-09
3.13416e-08
8.75594e-08
1.90643e-07
3.71458e-07
6.41467e-07
9.50751e-07
1.32362e-06
1.78449e-06
2.38909e-06
3.27141e-06
4.63943e-06
6.20442e-06
9.16814e-06
1.55369e-05
2.54643e-05
3.86188e-05
5.25061e-05
6.66399e-05
7.75054e-05
8.12096e-05
8.04943e-05
7.55051e-05
6.94359e-05
6.92825e-05
7.0634e-05
7.24193e-05
7.45577e-05
7.74938e-05
8.08456e-05
8.13106e-05
8.08859e-05
8.19108e-05
8.40055e-05
8.92661e-05
9.9874e-05
0.000121988
0.000171489
0.000246087
0.000352705
0.000403615
0.000414842
0.000425378
0.000434706
0.000458461
0.000517517
0.000539292
0.000492987
0.00040403
0.000356226
0.000323343
0.000277683
0.000282156
0.00033348
0.000422824
0.000527639
0.000570579
0.000544002
0.000532093
0.000538936
0.000565925
0.000615743
0.000672372
0.00071749
0.000751966
0.000782612
0.000795002
0.000792603
0.000789425
0.00077993
0.000760309
0.000768128
0.000818752
0.000898346
0.000953456
0.000932488
0.000802893
0.00053144
0.000322709
0.000259535
0.000252556
0.00025899
0.000282787
0.000316773
0.000330829
0.000334461
0.000334443
0.00033602
0.000339506
0.00035041
0.00036157
0.000374966
0.000397263
0.000442988
0.00052744
0.000635322
0.000652785
0.000538097
0.000412444
0.000487558
2.30903e-10
2.20919e-09
7.1502e-09
1.85188e-08
4.26607e-08
8.2355e-08
1.32027e-07
2.07573e-07
3.42634e-07
6.04302e-07
1.14094e-06
2.9019e-06
7.63523e-06
1.66521e-05
3.09242e-05
4.98443e-05
7.20347e-05
9.21045e-05
0.000103723
0.000103855
9.74768e-05
8.70604e-05
7.86737e-05
7.87516e-05
8.41036e-05
8.97293e-05
9.23552e-05
9.24511e-05
9.03366e-05
8.71805e-05
8.25446e-05
7.7978e-05
7.62545e-05
7.7269e-05
8.11456e-05
8.9617e-05
0.000107808
0.000139722
0.000179527
0.000229268
0.000270106
0.000300813
0.000333963
0.000363872
0.000393604
0.000443284
0.000512051
0.000519374
0.000495292
0.00047282
0.000449985
0.000431924
0.000451433
0.00049173
0.000550433
0.000583336
0.000519347
0.00044677
0.000439107
0.000469624
0.000530715
0.000606025
0.00067484
0.000722677
0.000754281
0.000781383
0.000783896
0.000789939
0.000808203
0.000840043
0.000870693
0.000897213
0.000921848
0.000916241
0.000816348
0.000501703
0.000260646
0.000190048
0.000178833
0.000181486
0.000189612
0.000202285
0.000219046
0.000236517
0.000247691
0.000254485
0.000258953
0.000262955
0.000267524
0.000274175
0.000283442
0.000297497
0.000322165
0.000369691
0.000445682
0.000569682
0.000674061
0.00063714
0.000531761
0.000595966
1.48042e-11
1.4486e-10
5.36855e-10
1.58951e-09
4.11847e-09
9.10424e-09
1.98829e-08
4.64443e-08
1.25397e-07
4.01609e-07
1.30475e-06
4.16237e-06
1.24978e-05
2.95289e-05
5.62131e-05
8.80168e-05
0.000115333
0.000125487
0.000123813
0.000111686
9.4733e-05
8.62565e-05
8.90765e-05
9.90756e-05
0.000112739
0.000120915
0.000125499
0.000128395
0.000130925
0.000134206
0.000132138
0.000126885
0.000120618
0.000118316
0.000116851
0.000117087
0.000122952
0.000139936
0.000168941
0.00020307
0.00023867
0.000274277
0.000306473
0.000333074
0.000358388
0.000391423
0.000445408
0.000501046
0.000509259
0.000505542
0.000499007
0.00049955
0.000519007
0.000570294
0.000548884
0.000448005
0.000312067
0.000287696
0.000318074
0.000391587
0.000486712
0.000583328
0.000659438
0.000703082
0.000695222
0.000663133
0.00060036
0.000595053
0.000620713
0.000675568
0.000710142
0.000698441
0.000588421
0.000384208
0.000220427
0.00015223
0.00014024
0.000142486
0.000151433
0.000163931
0.000176126
0.000188717
0.000201575
0.000213497
0.000223787
0.000232226
0.000238604
0.000243862
0.000249437
0.000255503
0.00026378
0.000276077
0.000294031
0.000324356
0.000373469
0.000472401
0.000635662
0.000689506
0.00064067
0.00067095
8.73663e-13
8.87192e-12
3.75345e-11
1.27636e-10
4.18225e-10
1.76223e-09
9.04158e-09
3.71441e-08
1.40126e-07
5.02925e-07
1.73941e-06
5.76566e-06
1.77566e-05
4.27741e-05
8.06487e-05
0.000118645
0.000138347
0.000135173
0.000119621
9.66223e-05
8.72858e-05
9.33081e-05
0.000110371
0.000127447
0.00014005
0.000149612
0.000160106
0.000171908
0.000184988
0.000200503
0.00020519
0.000201553
0.000191127
0.000180771
0.000169685
0.000161527
0.000160592
0.000169599
0.000195213
0.0002285
0.000267526
0.000301943
0.00032303
0.000337116
0.000354148
0.000375594
0.000404437
0.000435754
0.000460929
0.000475278
0.000482396
0.000497058
0.000502094
0.000440794
0.00028031
0.000178892
0.000154046
0.000168608
0.000216056
0.000305144
0.000424519
0.000533197
0.000592018
0.0005734
0.000497435
0.00039791
0.000300122
0.000269176
0.000264101
0.000256949
0.000223193
0.000170032
0.00013584
0.00011774
0.000116269
0.000127351
0.000148298
0.000168111
0.000182793
0.000193106
0.000200187
0.000206823
0.000213388
0.000221229
0.000235292
0.000251544
0.000267014
0.000281798
0.000296325
0.000297932
0.000293831
0.000291528
0.000295684
0.000306363
0.000335253
0.000397152
0.000519599
0.000636388
0.000665048
0.000677242
4.69134e-14
4.90626e-13
2.36968e-12
1.01983e-11
6.41819e-11
6.39705e-10
5.71328e-09
2.92613e-08
1.19009e-07
4.44409e-07
1.58389e-06
5.4203e-06
1.76826e-05
4.65833e-05
9.16484e-05
0.00013129
0.00013949
0.000128782
0.000100007
7.97715e-05
8.68965e-05
0.000110619
0.000134221
0.000145026
0.000153525
0.000166959
0.000185936
0.000209298
0.000234974
0.000259308
0.000269134
0.000265174
0.000251592
0.000233431
0.000214647
0.000202535
0.000200424
0.000215925
0.000252614
0.000289558
0.000320667
0.00034586
0.000370904
0.000381573
0.000384419
0.00038533
0.000399289
0.000418169
0.000432532
0.00043801
0.000422891
0.000381393
0.000250644
0.000138403
0.000100424
9.77896e-05
0.000103414
0.000115834
0.000142907
0.000218156
0.00034699
0.000438028
0.000417766
0.000344117
0.000235669
0.000154599
0.000112111
8.79466e-05
8.02548e-05
7.89051e-05
7.98015e-05
8.67231e-05
0.000105101
0.000132223
0.000159942
0.000180534
0.000194167
0.000206219
0.000222027
0.000241255
0.000259463
0.000276607
0.000293672
0.000318661
0.00036078
0.000404809
0.000437788
0.00046963
0.000509082
0.000506981
0.000479569
0.000423217
0.000384009
0.00036784
0.000367632
0.00037309
0.000402578
0.000504266
0.000600219
0.000652329
2.25007e-15
2.46423e-14
1.53781e-13
1.35971e-12
2.10176e-11
3.16956e-10
3.44819e-09
2.58291e-08
1.1487e-07
4.52177e-07
1.67231e-06
5.87169e-06
1.94957e-05
5.17213e-05
9.76981e-05
0.00013017
0.000131933
0.000107475
7.1042e-05
6.82315e-05
9.33034e-05
0.000129663
0.000144765
0.000148778
0.000156656
0.000175851
0.000205826
0.00024235
0.000277728
0.000304051
0.000312565
0.000306867
0.000289781
0.000265631
0.000243605
0.000233509
0.000239931
0.000274373
0.000307354
0.000321795
0.000330818
0.000351719
0.000393604
0.000416649
0.000417633
0.000409247
0.000406583
0.000406485
0.000394666
0.000348957
0.000235551
0.000129051
7.99267e-05
7.52026e-05
8.47369e-05
0.000100032
0.00010423
0.000101997
0.000113688
0.000159429
0.000269012
0.000269905
0.000206231
0.000131661
8.42787e-05
6.30043e-05
5.81465e-05
5.89233e-05
6.5049e-05
7.72463e-05
9.76639e-05
0.000128778
0.000166332
0.000190853
0.000197708
0.000206391
0.000231121
0.000275529
0.000341093
0.00040438
0.00044724
0.000476223
0.000498356
0.000525676
0.000562748
0.000601219
0.000632619
0.000662197
0.000705964
0.000732166
0.000725967
0.000685456
0.000619818
0.000550188
0.000517837
0.000459632
0.000417163
0.000431459
0.000481362
0.000576653
1.00389e-16
1.31273e-15
1.6075e-14
3.42919e-13
7.58682e-12
1.22998e-10
1.48268e-09
1.3661e-08
7.46147e-08
3.13906e-07
1.21512e-06
4.44879e-06
1.53241e-05
4.46635e-05
8.94249e-05
0.000117635
0.000111085
7.57688e-05
4.45033e-05
5.55943e-05
9.9208e-05
0.000136685
0.000139316
0.000135998
0.000147509
0.000177875
0.000220794
0.000269926
0.000308805
0.000331139
0.000336127
0.000328109
0.000307148
0.000280895
0.000262656
0.000262737
0.000285386
0.000297478
0.000293356
0.000263545
0.00024867
0.000286853
0.000395015
0.000427999
0.000435406
0.000423276
0.00039896
0.000365369
0.000282548
0.000160632
8.60587e-05
6.72862e-05
6.93344e-05
7.64382e-05
9.27185e-05
0.000121143
0.000123477
0.000113396
0.000118329
0.000149743
0.000183965
0.00013743
8.45382e-05
6.06371e-05
5.44375e-05
5.68589e-05
6.80109e-05
8.69063e-05
0.000114245
0.000140715
0.000171348
0.00019613
0.000200043
0.000200174
0.000211415
0.000254865
0.000355834
0.000475747
0.00055121
0.00057928
0.000593208
0.000604384
0.000616518
0.000630943
0.000649977
0.00067871
0.000710128
0.00074425
0.000788648
0.000836896
0.00085111
0.000838636
0.000813198
0.000771682
0.000767063
0.000714377
0.000552937
0.000433498
0.000432352
0.00049011
5.30773e-18
1.21091e-16
3.44247e-15
1.02232e-13
2.37163e-12
4.12446e-11
5.58081e-10
5.98891e-09
4.44918e-08
2.06552e-07
8.3079e-07
3.10976e-06
1.08857e-05
3.4842e-05
7.43941e-05
9.14813e-05
7.66705e-05
3.55585e-05
2.44709e-05
4.53384e-05
0.000102242
0.000131258
0.000122811
0.000115053
0.000129446
0.000171785
0.000229683
0.000288119
0.000325949
0.000342593
0.000345302
0.00033395
0.00030947
0.000288122
0.000282707
0.000291776
0.000295783
0.000266777
0.000202244
0.000145096
0.000127789
0.000189806
0.00036806
0.000420594
0.000432265
0.000409902
0.000352225
0.000247936
0.000136079
8.94447e-05
7.78361e-05
7.28157e-05
7.16556e-05
7.88642e-05
9.9215e-05
0.000134115
0.000144173
0.000130941
0.000126074
0.00013952
0.000119324
8.19188e-05
6.32345e-05
6.35395e-05
6.92803e-05
8.60987e-05
0.000119057
0.000161832
0.000189122
0.000204154
0.000203405
0.000195283
0.000183842
0.00019843
0.000260181
0.000426527
0.000565578
0.000613429
0.000619112
0.000620987
0.00062351
0.000628089
0.000634719
0.000646314
0.000665861
0.000694184
0.000732203
0.000779792
0.000836685
0.000893795
0.000930284
0.000927937
0.000926602
0.00091649
0.000915519
0.000886862
0.000753705
0.000519271
0.000416827
0.000427939
5.75257e-19
2.27601e-17
8.14484e-16
2.48644e-14
6.12594e-13
1.13084e-11
1.59785e-10
1.8106e-09
1.65937e-08
9.99755e-08
4.32112e-07
1.68445e-06
6.12951e-06
2.0982e-05
5.07587e-05
6.26101e-05
5.15306e-05
1.99517e-05
1.45747e-05
3.33687e-05
9.14683e-05
0.000119725
0.000108211
9.89668e-05
0.000108302
0.00015505
0.000232147
0.000296011
0.000332468
0.000346562
0.000348045
0.000332403
0.000311692
0.000302584
0.00030197
0.000300418
0.000262207
0.000188406
0.000105942
6.11514e-05
4.985e-05
9.03663e-05
0.000298902
0.000397135
0.000412177
0.000354056
0.00025491
0.00016062
0.000121642
0.000110847
0.000112856
9.40187e-05
7.27774e-05
7.37773e-05
9.70017e-05
0.000138526
0.000158438
0.000143728
0.000130067
0.000119007
9.60261e-05
7.99553e-05
7.91748e-05
8.2434e-05
9.90834e-05
0.000136674
0.000183507
0.000210599
0.000215875
0.00020868
0.000188409
0.000172087
0.000191878
0.000263235
0.000456814
0.000616216
0.000633177
0.000602214
0.000562924
0.000537411
0.000530872
0.000534028
0.000548503
0.000578454
0.000623666
0.000678558
0.000740537
0.000813646
0.000887321
0.000941921
0.000979759
0.000989596
0.000991416
0.000986757
0.00097682
0.000954255
0.000882019
0.000650128
0.000439782
0.000409222
1.04827e-19
4.34838e-18
1.5685e-16
5.03593e-15
1.31118e-13
2.40742e-12
3.33979e-11
3.96562e-10
4.2191e-09
3.39164e-08
1.73723e-07
7.25711e-07
2.79935e-06
1.00279e-05
2.66155e-05
3.19903e-05
2.4943e-05
8.49808e-06
8.38534e-06
2.40999e-05
7.65344e-05
0.000112367
0.000105003
9.23784e-05
8.80023e-05
0.000126691
0.000220411
0.000297292
0.000333841
0.000347729
0.000348857
0.000337138
0.000326102
0.000320324
0.000305511
0.000269327
0.000192137
0.000106164
4.98335e-05
2.85625e-05
2.16835e-05
2.79664e-05
0.000145246
0.000341763
0.000385309
0.000329486
0.000238061
0.000175991
0.000158301
0.000190314
0.000201144
0.000145277
7.73389e-05
6.41465e-05
8.29088e-05
0.000135745
0.000168853
0.000153668
0.000135158
0.00012565
0.000120188
9.78269e-05
9.24128e-05
0.000103605
0.000140474
0.000190382
0.000217293
0.00022472
0.000232294
0.000213793
0.000199347
0.000231643
0.00030966
0.000509375
0.00065312
0.000625856
0.000539408
0.000430809
0.000386274
0.000385516
0.000392744
0.00041764
0.000465856
0.000533932
0.000606824
0.000686837
0.000777765
0.000867037
0.000935571
0.000973154
0.000996281
0.00101106
0.00101112
0.00100695
0.000992214
0.000963539
0.000900353
0.000715133
0.000468667
0.000412604
1.54842e-20
6.52269e-19
2.39734e-17
7.78628e-16
1.95362e-14
3.24574e-13
4.09053e-12
4.87444e-11
5.7697e-10
5.82608e-09
4.11751e-08
1.88791e-07
7.73652e-07
2.9117e-06
7.33628e-06
7.7411e-06
5.70618e-06
2.48494e-06
3.50248e-06
1.25524e-05
4.52898e-05
9.14135e-05
9.76609e-05
8.94033e-05
7.09905e-05
9.51034e-05
0.000198354
0.00028144
0.000322061
0.000343279
0.000348838
0.000346283
0.00033405
0.000316267
0.000280347
0.000206041
0.000116428
5.46071e-05
2.91198e-05
1.97719e-05
1.348e-05
1.13627e-05
2.10113e-05
0.000134441
0.000319401
0.000330849
0.000280613
0.000242238
0.000249949
0.000285036
0.000279001
0.000208416
8.9136e-05
5.57792e-05
6.95025e-05
0.00011984
0.000173247
0.000167469
0.000154312
0.000157632
0.000141125
0.000100668
0.000102546
0.00013383
0.000185549
0.000216084
0.000219458
0.000273659
0.000378301
0.000412109
0.000415287
0.000497899
0.000610327
0.000680963
0.000620362
0.000457855
0.000325521
0.000266968
0.000265139
0.00027593
0.000306727
0.000365461
0.000444542
0.000533918
0.000636089
0.000745136
0.000842727
0.000907089
0.000954245
0.000981819
0.000988029
0.000991154
0.000989344
0.000983914
0.000963011
0.000920344
0.000853413
0.000677799
0.000478072
0.000423843
1.7195e-21
7.18332e-20
2.55707e-18
7.52879e-17
1.60038e-15
2.3241e-14
2.90486e-13
3.90213e-12
5.45021e-11
6.62948e-10
5.71358e-09
3.48739e-08
1.54536e-07
4.67695e-07
8.65421e-07
8.94772e-07
6.56419e-07
4.36697e-07
9.81458e-07
4.00638e-06
1.53768e-05
4.25334e-05
6.51135e-05
6.13659e-05
4.7633e-05
6.36043e-05
0.000169211
0.00026028
0.000298228
0.000326608
0.000336899
0.000337197
0.000321032
0.000284623
0.000209063
0.000114812
5.82811e-05
4.24633e-05
4.3741e-05
4.65747e-05
2.41195e-05
1.011e-05
6.15503e-06
1.33513e-05
7.36448e-05
0.000211737
0.000268313
0.000276724
0.000298172
0.000314374
0.000299724
0.000239095
0.000102398
4.84449e-05
5.70412e-05
9.83953e-05
0.00016509
0.000188863
0.000188443
0.000182699
0.000144725
9.62664e-05
0.000112078
0.000164731
0.000206005
0.000200454
0.000244847
0.000412636
0.000585684
0.000644439
0.000653839
0.000687935
0.000696761
0.000606537
0.000403094
0.000252032
0.000185282
0.000170587
0.000178713
0.000208953
0.00026911
0.000355863
0.000462828
0.000580627
0.00070428
0.000811714
0.00087642
0.000909866
0.000935046
0.000970869
0.000983538
0.000984157
0.000969149
0.000922764
0.000668588
0.00058659
0.000570446
0.000534297
0.000476343
0.000451693
1.32212e-22
4.96426e-21
1.47863e-19
3.51676e-18
6.55892e-17
9.89845e-16
1.40295e-14
2.26444e-13
3.75047e-12
5.27706e-11
5.25625e-10
3.72552e-09
1.73071e-08
4.80476e-08
7.87455e-08
8.1276e-08
6.20171e-08
5.55629e-08
1.76388e-07
8.18376e-07
3.19562e-06
8.62525e-06
1.55634e-05
1.84525e-05
1.78659e-05
3.04839e-05
0.000119002
0.000224666
0.000251385
0.000274478
0.00029887
0.000302687
0.000267524
0.000195629
0.000117629
7.09614e-05
5.89709e-05
7.75568e-05
9.10986e-05
9.03005e-05
5.78318e-05
2.45439e-05
7.47487e-06
2.83978e-06
7.24447e-06
3.29211e-05
9.54141e-05
0.000151894
0.000221213
0.000266961
0.000256537
0.000194999
8.67212e-05
4.00752e-05
4.49506e-05
7.45765e-05
0.000140962
0.000194621
0.000207123
0.000185703
0.000105227
8.68743e-05
0.000123996
0.000180473
0.000189354
0.00019097
0.000313564
0.00051538
0.000658013
0.000714985
0.000724511
0.000693906
0.000581749
0.000374295
0.000207757
0.000129504
0.000104293
0.000104598
0.000121586
0.000171865
0.000259292
0.00036707
0.000484125
0.000612538
0.000747516
0.00084206
0.000823598
0.000805992
0.000837619
0.000929991
0.000990895
0.000992535
0.000881126
0.000732043
0.00025934
0.000228509
0.000274687
0.00037588
0.000444353
0.000473794
5.17384e-24
1.59622e-22
4.05311e-21
9.78219e-20
2.12307e-18
3.61743e-17
6.0532e-16
1.14475e-14
2.17848e-13
3.41006e-12
3.76842e-11
2.95096e-10
1.38863e-09
3.68123e-09
5.79523e-09
5.974e-09
4.7167e-09
5.29828e-09
2.03557e-08
1.01387e-07
4.09607e-07
1.08531e-06
2.01948e-06
2.81451e-06
3.81338e-06
9.62387e-06
4.53063e-05
0.000157647
0.000217266
0.000225097
0.000218509
0.000196711
0.000153988
0.000103437
6.78558e-05
5.64236e-05
6.13872e-05
8.97709e-05
0.000109533
0.000104254
7.78983e-05
3.87709e-05
1.16947e-05
2.39552e-06
1.49752e-06
4.00104e-06
1.25375e-05
3.10815e-05
7.21342e-05
0.000123269
0.000119664
9.35726e-05
5.15479e-05
3.09945e-05
3.54808e-05
5.88444e-05
0.000113464
0.000181737
0.000192042
0.000137607
6.56329e-05
7.98215e-05
0.000136888
0.000174968
0.000170223
0.00021691
0.000366618
0.000551574
0.000659118
0.000689036
0.000676831
0.000566265
0.000369831
0.000194293
9.95702e-05
6.39538e-05
5.55945e-05
5.86919e-05
8.34301e-05
0.000150446
0.000259074
0.000368274
0.00047932
0.000614567
0.000762133
0.000734021
0.000609534
0.000611952
0.000722025
0.000864342
0.00095197
0.000973169
0.000516667
0.000197772
6.51876e-05
8.75208e-05
0.000148549
0.00026113
0.000380698
0.000481531
9.51717e-26
2.95669e-24
8.51634e-23
2.40722e-21
6.08837e-20
1.19659e-18
2.28411e-17
4.77536e-16
9.95406e-15
1.67523e-13
2.06886e-12
1.75075e-11
8.11337e-11
2.15197e-10
3.41096e-10
3.5672e-10
2.92643e-10
3.78699e-10
1.6557e-09
8.76425e-09
3.66074e-08
1.03941e-07
2.20513e-07
3.6035e-07
5.96806e-07
2.10599e-06
1.03453e-05
4.36125e-05
0.000113231
0.000172091
0.000184748
0.000169983
0.000148011
0.000116875
8.7017e-05
7.08953e-05
7.81557e-05
9.93851e-05
0.000114436
0.000106459
8.0145e-05
4.19884e-05
1.37882e-05
2.8856e-06
6.02933e-07
7.6579e-07
2.10653e-06
5.65091e-06
1.35369e-05
2.31903e-05
3.09994e-05
3.24282e-05
2.80649e-05
2.30831e-05
2.78312e-05
4.87346e-05
0.000100904
0.000168235
0.000160313
7.57036e-05
4.63535e-05
8.07511e-05
0.000145305
0.000161349
0.000160722
0.000234557
0.000391292
0.000546308
0.000599168
0.000599827
0.000533045
0.000380685
0.000211257
9.83976e-05
4.90567e-05
3.09852e-05
2.61436e-05
2.98062e-05
5.60035e-05
0.000130919
0.00022814
0.000283676
0.00036288
0.000504866
0.000580195
0.000438371
0.000334336
0.000420721
0.000626236
0.000663418
0.000655457
0.000601117
0.000260887
5.1439e-05
2.07025e-05
4.98495e-05
0.000144989
0.000276628
0.000396736
0.000503354
1.41838e-27
4.89951e-26
1.61404e-24
5.31458e-23
1.57473e-21
3.55349e-20
7.44911e-19
1.68758e-17
3.75925e-16
6.8868e-15
9.62412e-14
8.17516e-13
3.79448e-12
1.02646e-11
1.63519e-11
1.73777e-11
1.47505e-11
2.12682e-11
1.03006e-10
5.76741e-10
2.56332e-09
8.15564e-09
1.98853e-08
3.73171e-08
7.08828e-08
2.74058e-07
1.51067e-06
6.60399e-06
2.26906e-05
5.12212e-05
8.94303e-05
0.000117067
0.000126126
0.000119171
0.000112745
0.000106339
0.000109457
0.000109078
9.82151e-05
7.3187e-05
4.11791e-05
1.80811e-05
6.22056e-06
1.70797e-06
3.38373e-07
2.05096e-07
4.28312e-07
1.13551e-06
2.66619e-06
5.20338e-06
9.51493e-06
1.50927e-05
1.56206e-05
1.56703e-05
2.1372e-05
4.21906e-05
9.82008e-05
0.000149742
0.000118538
4.0601e-05
3.65224e-05
7.85149e-05
0.000142999
0.000163419
0.000178956
0.000240586
0.000373077
0.00049104
0.000511909
0.000460906
0.000362292
0.000231888
0.000121643
6.01875e-05
3.29802e-05
1.81751e-05
1.15923e-05
1.34903e-05
3.41294e-05
0.000100214
0.000158751
0.000173119
0.000231799
0.000338938
0.000289785
0.000125595
0.00013242
0.000285384
0.000492347
0.000366999
0.000282773
0.000234572
7.65377e-05
1.68479e-05
1.20743e-05
4.59943e-05
0.000164998
0.000347162
0.000453648
0.000534691
1.9443e-29
7.56672e-28
2.85638e-26
1.07555e-24
3.60351e-23
8.91189e-22
1.95993e-20
4.64526e-19
1.10309e-17
2.25937e-16
3.35716e-15
2.89245e-14
1.41971e-13
3.86893e-13
6.24878e-13
6.79662e-13
6.01123e-13
9.39543e-13
4.94255e-12
2.95956e-11
1.4367e-10
5.16465e-10
1.41322e-09
2.9351e-09
6.01322e-09
2.40181e-08
1.47632e-07
7.20305e-07
2.54398e-06
6.10106e-06
1.35872e-05
2.52903e-05
4.21302e-05
5.51727e-05
6.15664e-05
6.95796e-05
6.63027e-05
5.70605e-05
4.09878e-05
2.24807e-05
1.0796e-05
4.93221e-06
2.05331e-06
7.52146e-07
1.9776e-07
6.23121e-08
1.008e-07
2.68227e-07
7.05891e-07
1.72284e-06
5.08329e-06
8.65776e-06
8.86567e-06
1.03479e-05
1.75851e-05
4.16497e-05
9.87883e-05
0.000126047
7.53811e-05
2.02228e-05
2.41641e-05
6.74702e-05
0.000133804
0.000165476
0.000190641
0.000243195
0.000346358
0.000423682
0.00041232
0.000321072
0.000229678
0.000148779
8.99829e-05
5.53417e-05
3.27235e-05
1.56033e-05
6.98363e-06
5.44314e-06
1.64351e-05
5.45891e-05
8.32158e-05
7.951e-05
0.000106749
0.000143516
8.501e-05
2.29454e-05
4.12138e-05
0.000157372
0.000316636
0.000168543
0.00011395
7.17792e-05
3.37245e-05
2.6942e-05
1.36213e-05
6.47272e-05
0.000134952
0.000390242
0.000526523
0.000590929
2.45078e-31
1.07072e-29
4.55242e-28
1.89672e-26
6.89253e-25
1.8049e-23
4.07183e-22
1.02243e-20
2.65613e-19
5.75479e-18
9.01115e-17
8.52294e-16
4.27492e-15
1.17691e-14
1.9509e-14
2.1656e-14
2.00347e-14
3.37967e-14
1.95239e-13
1.26465e-12
6.67023e-12
2.62838e-11
7.72724e-11
1.69316e-10
3.58456e-10
1.45605e-09
9.95273e-09
5.45097e-08
2.08455e-07
5.25822e-07
1.11689e-06
2.13438e-06
3.59533e-06
5.49123e-06
7.25147e-06
8.93006e-06
7.04423e-06
4.81154e-06
2.99859e-06
1.79739e-06
1.04726e-06
6.09705e-07
3.58076e-07
1.93539e-07
7.87298e-08
2.04859e-08
2.6139e-08
7.17087e-08
2.54076e-07
8.97841e-07
2.26387e-06
2.88081e-06
3.65987e-06
7.57315e-06
2.06763e-05
5.55379e-05
0.000101315
9.82892e-05
4.40026e-05
9.46344e-06
1.05024e-05
3.06494e-05
8.51192e-05
0.000143386
0.000190562
0.000254605
0.000332041
0.000361801
0.000300787
0.000224055
0.00016898
0.00012765
9.37538e-05
6.94407e-05
4.51363e-05
2.00266e-05
5.84869e-06
2.15154e-06
5.86855e-06
2.03832e-05
3.18396e-05
2.58062e-05
2.82754e-05
3.42808e-05
2.33905e-05
1.52204e-05
1.79714e-05
6.64536e-05
0.000178674
0.00011922
6.06957e-05
3.37808e-05
2.76922e-05
3.32786e-05
1.48022e-05
9.33001e-05
0.000248542
0.000518758
0.000652517
0.00074796
2.7905e-33
1.34506e-31
6.26585e-30
2.79767e-28
1.08579e-26
3.01416e-25
6.81718e-24
1.78412e-22
4.91154e-21
1.13647e-19
1.99763e-18
1.96464e-17
1.01614e-16
2.91996e-16
4.97668e-16
5.66693e-16
5.48486e-16
9.90611e-16
6.21151e-15
4.29463e-14
2.41911e-13
1.01759e-12
3.12752e-12
7.05809e-12
1.5123e-11
6.22415e-11
4.71643e-10
2.82671e-09
1.161e-08
3.02028e-08
6.34873e-08
1.19299e-07
1.87789e-07
2.62459e-07
3.26831e-07
3.68107e-07
2.73291e-07
1.74373e-07
1.03468e-07
6.08139e-08
3.65346e-08
2.26066e-08
1.45626e-08
9.42624e-09
5.75028e-09
3.46871e-09
5.50412e-09
1.68308e-08
6.07078e-08
2.04054e-07
4.48841e-07
6.98323e-07
1.85999e-06
6.74806e-06
2.43091e-05
5.89657e-05
8.04851e-05
5.75765e-05
1.57838e-05
3.48211e-06
4.12718e-06
9.11877e-06
2.46367e-05
6.20573e-05
0.00013519
0.000228012
0.000280998
0.000241598
0.000166591
0.000119075
9.38442e-05
8.34501e-05
8.13289e-05
7.22125e-05
5.10045e-05
2.59307e-05
6.69276e-06
1.1731e-06
1.63855e-06
5.20301e-06
8.52829e-06
6.57048e-06
3.48422e-06
2.70135e-06
9.15662e-06
2.63698e-05
3.39283e-05
5.18726e-05
6.46472e-05
6.71828e-05
6.08833e-05
3.59089e-05
3.65164e-05
3.62069e-05
1.24104e-05
0.000104398
0.000373737
0.000550643
0.000716808
0.000724032
2.81143e-35
1.45377e-33
7.23104e-32
3.37357e-30
1.36878e-28
3.96822e-27
9.12261e-26
2.4637e-24
7.1683e-23
1.82033e-21
3.45916e-20
3.43472e-19
1.90068e-18
5.6754e-18
1.00792e-17
1.19494e-17
1.20856e-17
2.37348e-17
1.62049e-16
1.18157e-15
7.0056e-15
3.0855e-14
9.74221e-14
2.22969e-13
4.80138e-13
2.00669e-12
1.64602e-11
1.03539e-10
4.41255e-10
1.15113e-09
2.37602e-09
4.33173e-09
6.21834e-09
7.72667e-09
8.73503e-09
9.53888e-09
6.75265e-09
4.08348e-09
2.3061e-09
1.35139e-09
8.45067e-10
5.58786e-10
3.77165e-10
2.49179e-10
1.56811e-10
1.25929e-10
3.87023e-10
1.72309e-09
5.63128e-09
1.30427e-08
2.58981e-08
9.23974e-08
5.73089e-07
2.84814e-06
1.2343e-05
3.48987e-05
3.49568e-05
2.00374e-05
4.66377e-06
1.49456e-06
2.28577e-06
5.26293e-06
1.16966e-05
2.80646e-05
8.09055e-05
0.000176746
0.00022982
0.000172097
7.43923e-05
4.35868e-05
2.83501e-05
2.10642e-05
2.27292e-05
2.79696e-05
2.97325e-05
2.42169e-05
8.22598e-06
9.0761e-07
3.6658e-07
7.59787e-07
1.35905e-06
7.79737e-07
3.73056e-07
2.00786e-06
1.57749e-05
3.8896e-05
4.59723e-05
3.92853e-05
1.92311e-05
2.60626e-05
4.58081e-05
4.20113e-05
5.22844e-05
4.16007e-05
9.47789e-06
9.02764e-05
0.000454121
0.000570243
0.000710192
0.000546745
2.43095e-37
1.32019e-35
6.88165e-34
3.3041e-32
1.34515e-30
3.96165e-29
9.64822e-28
2.70077e-26
8.32213e-25
2.24189e-23
4.56378e-22
4.73488e-21
2.77797e-20
8.43632e-20
1.58377e-19
1.97293e-19
2.10342e-19
4.46492e-19
3.28611e-18
2.49081e-17
1.54156e-16
6.99686e-16
2.25176e-15
5.22735e-15
1.13727e-14
4.79182e-14
4.14057e-13
2.62127e-12
1.13875e-11
2.98159e-11
5.95355e-11
1.04234e-10
1.35231e-10
1.50659e-10
1.575e-10
1.64269e-10
1.1259e-10
6.52324e-11
3.62569e-11
2.18441e-11
1.43066e-11
9.86661e-12
6.82325e-12
4.53716e-12
2.88825e-12
2.71999e-12
1.01937e-11
4.75882e-11
1.55699e-10
3.71654e-10
1.25017e-09
1.00825e-08
7.63662e-08
4.58562e-07
1.98763e-06
4.66545e-06
3.73938e-06
1.82817e-06
8.15983e-07
5.75379e-07
1.63075e-06
5.51577e-06
8.62386e-06
1.19784e-05
2.75084e-05
7.21422e-05
0.000125872
0.000111264
7.84429e-05
5.02708e-05
1.68726e-05
4.72737e-06
5.48636e-06
7.70997e-06
1.07752e-05
1.0533e-05
6.38262e-06
9.52816e-07
6.02332e-08
3.57493e-08
5.42141e-08
3.43383e-08
1.09175e-07
1.6531e-06
1.25752e-05
3.14729e-05
3.89263e-05
1.87033e-05
8.42753e-06
1.61341e-05
4.06753e-05
4.93847e-05
7.68441e-05
4.58982e-05
6.32787e-06
6.59785e-05
0.000498118
0.000588252
0.000663801
0.000240912
1.73465e-39
9.59904e-38
5.08565e-36
2.43318e-34
1.00353e-32
3.05569e-31
7.74884e-30
2.25552e-28
7.25305e-27
2.0664e-25
4.43613e-24
4.98956e-23
3.20326e-22
1.00792e-21
1.97994e-21
2.55545e-21
2.84951e-21
6.65813e-21
5.29064e-20
4.1826e-19
2.70329e-18
1.26659e-17
4.13363e-17
9.65105e-17
2.10629e-16
8.77578e-16
7.65319e-15
4.73899e-14
2.05658e-13
5.39847e-13
1.02268e-12
1.6844e-12
1.96479e-12
1.97506e-12
1.86215e-12
1.83307e-12
1.23371e-12
7.20075e-13
4.0681e-13
2.50643e-13
1.68932e-13
1.18616e-13
8.19546e-14
5.39745e-14
3.46519e-14
3.84203e-14
1.67811e-13
8.17425e-13
2.84131e-12
8.53397e-12
4.58417e-11
3.64981e-10
2.594e-09
1.81118e-08
7.99387e-08
1.68757e-07
1.25815e-07
6.12274e-08
3.45782e-08
5.8313e-08
2.96978e-07
1.06791e-06
1.44892e-06
1.67002e-06
3.34129e-06
8.6787e-06
1.77848e-05
2.29706e-05
3.24667e-05
2.90575e-05
1.02577e-05
1.73893e-06
1.50044e-06
2.10169e-06
3.40219e-06
3.7308e-06
2.55933e-06
5.67701e-07
3.31159e-08
2.1489e-09
1.4826e-09
1.79606e-09
2.20862e-08
3.44885e-07
2.83816e-06
9.05505e-06
1.35678e-05
5.8328e-06
1.23839e-05
3.01021e-05
5.05379e-05
6.97923e-05
0.00010286
3.79886e-05
4.17785e-06
5.41434e-05
0.000476551
0.000580425
0.000480337
0.000128865
1.00514e-41
5.51451e-40
2.91033e-38
1.3763e-36
5.86663e-35
1.80444e-33
5.07634e-32
1.6118e-30
5.66274e-29
1.68072e-27
3.61983e-26
4.08954e-25
2.86131e-24
8.96055e-24
1.88181e-23
2.4789e-23
2.95351e-23
7.62377e-23
6.54976e-22
5.33129e-21
3.55981e-20
1.6844e-19
5.53697e-19
1.29391e-18
2.84515e-18
1.15511e-17
1.00293e-16
6.0773e-16
2.60176e-15
6.76623e-15
1.2061e-14
1.84542e-14
1.9889e-14
1.87863e-14
1.63775e-14
1.46522e-14
9.77051e-15
5.89001e-15
3.46595e-15
2.21356e-15
1.51798e-15
1.06894e-15
7.33925e-16
4.79304e-16
3.13055e-16
4.1834e-16
2.1118e-15
1.07329e-14
4.04061e-14
1.49055e-13
9.11127e-13
6.9005e-12
4.65986e-11
3.25751e-10
1.39753e-09
2.77123e-09
2.0137e-09
1.08895e-09
7.28104e-10
1.32632e-09
5.53366e-09
1.89072e-08
3.21023e-08
1.87832e-07
7.75893e-07
2.63237e-06
8.34041e-06
1.86988e-05
2.0502e-05
1.25914e-05
4.76064e-06
2.74634e-06
1.13649e-06
6.29496e-07
8.18666e-07
9.25221e-07
6.81488e-07
1.95028e-07
1.49063e-08
6.32049e-10
5.27068e-11
2.90198e-10
5.79263e-09
8.55976e-08
3.73377e-07
8.28214e-07
1.06235e-06
2.03966e-06
2.93502e-05
8.41093e-05
9.02007e-05
0.000103135
4.91012e-05
3.31325e-06
5.25597e-07
1.77027e-05
0.000311492
0.000527939
0.000427897
6.81969e-05
4.63621e-44
2.50502e-42
1.29056e-40
6.2183e-39
2.66935e-37
8.85891e-36
2.91416e-34
1.06201e-32
3.74172e-31
1.09494e-29
2.14284e-28
2.3427e-27
1.66891e-26
5.41806e-26
1.22217e-25
1.69721e-25
2.21916e-25
6.69838e-25
6.25509e-24
5.26706e-23
3.57589e-22
1.68123e-21
5.47895e-21
1.26892e-20
2.77059e-20
1.10049e-19
9.5253e-19
5.67567e-18
2.35042e-17
5.87571e-17
9.68678e-17
1.36601e-16
1.3698e-16
1.25062e-16
1.02796e-16
8.49892e-17
5.45193e-17
3.33109e-17
2.07009e-17
1.39715e-17
9.89421e-18
7.05371e-18
4.84588e-18
3.17307e-18
2.1727e-18
3.67067e-18
2.07036e-17
1.07883e-16
4.30072e-16
1.73275e-15
1.05586e-14
7.65162e-14
4.82268e-13
3.01408e-12
1.15545e-11
2.28976e-11
1.81549e-11
1.18345e-11
9.71354e-12
1.82572e-11
6.48371e-11
2.98535e-10
2.75239e-09
5.21234e-08
4.45506e-07
1.90113e-06
6.7993e-06
1.79323e-05
2.0437e-05
1.76096e-05
1.62453e-05
1.16852e-05
3.19095e-06
2.93984e-07
8.66777e-08
7.39887e-08
4.93853e-08
2.11364e-08
3.89067e-09
1.55271e-10
5.69224e-12
3.25877e-11
4.37374e-10
2.44134e-09
9.73229e-09
2.74352e-08
5.36668e-08
5.33668e-07
1.05197e-05
6.77626e-05
0.000101163
9.11887e-05
3.95793e-05
4.85077e-06
2.81592e-07
1.21845e-06
2.69015e-05
0.000102796
0.000172246
1.27993e-05
1.74205e-46
9.09946e-45
4.78547e-43
2.24613e-41
1.05289e-39
3.67996e-38
1.52004e-36
5.63593e-35
2.04836e-33
5.25137e-32
9.8432e-31
9.57879e-30
7.33972e-29
2.34463e-28
6.05975e-28
8.41029e-28
1.2305e-27
4.04115e-27
4.17366e-26
3.57102e-25
2.57867e-24
1.20191e-23
4.02592e-23
9.03317e-23
1.96169e-22
7.40122e-22
6.26463e-21
3.58473e-20
1.42695e-19
3.42511e-19
5.31612e-19
6.93138e-19
6.4882e-19
5.57022e-19
4.20486e-19
3.15477e-19
1.99217e-19
1.29438e-19
9.0391e-20
6.76305e-20
5.0265e-20
3.65845e-20
2.53817e-20
1.68006e-20
1.21249e-20
2.482e-20
1.50988e-19
8.1846e-19
3.4094e-18
1.40186e-17
8.1782e-17
5.68866e-16
3.36249e-15
1.74775e-14
5.68354e-14
1.08796e-13
1.06731e-13
8.92042e-14
8.85207e-14
1.76726e-13
1.66656e-12
4.25914e-11
1.03245e-09
1.5688e-08
1.71652e-07
7.71659e-07
2.92385e-06
1.03344e-05
2.01514e-05
2.70814e-05
2.61746e-05
1.87588e-05
4.93522e-06
3.81543e-07
2.29782e-08
2.62949e-09
1.20318e-09
4.92881e-10
1.28659e-10
2.18822e-11
8.54569e-13
1.72696e-12
1.28174e-11
7.15226e-11
2.97608e-10
8.17583e-10
5.19334e-09
1.28658e-07
2.75604e-06
2.11669e-05
4.41655e-05
4.86328e-06
2.72055e-07
1.73526e-08
6.67826e-09
1.24876e-07
1.25317e-06
3.49917e-06
1.05706e-05
1.36706e-06
4.93733e-49
2.54788e-47
1.29518e-45
6.63927e-44
3.15968e-42
1.49312e-40
6.74286e-39
2.99698e-37
9.36608e-36
2.18109e-34
2.902e-33
2.39568e-32
1.53181e-31
5.06667e-31
1.49258e-30
2.63805e-30
4.45362e-30
1.79395e-29
1.97029e-28
1.79436e-27
1.32753e-26
6.33581e-26
2.11249e-25
4.68158e-25
9.84372e-25
3.54556e-24
2.86579e-23
1.59014e-22
6.01769e-22
1.34887e-21
1.89564e-21
2.17603e-21
1.8402e-21
1.44439e-21
9.97549e-22
7.12953e-22
4.70454e-22
3.4386e-22
2.76712e-22
2.30908e-22
1.8528e-22
1.42636e-22
1.03423e-22
7.11921e-23
5.54922e-23
1.35789e-22
8.76596e-22
4.92212e-21
2.10209e-20
8.4847e-20
4.5949e-19
3.00576e-18
1.66112e-17
7.49129e-17
2.10796e-16
3.97658e-16
4.64387e-16
5.28974e-16
4.38137e-15
1.93175e-13
7.7083e-12
2.36941e-10
5.21534e-09
7.64099e-08
5.26435e-07
2.2268e-06
7.16059e-06
1.57768e-05
2.51404e-05
2.47845e-05
2.03966e-05
1.0135e-05
1.92975e-06
1.42267e-07
6.80848e-09
2.52387e-10
1.82809e-11
5.92965e-12
1.53322e-12
2.84587e-13
3.84639e-14
1.71484e-14
1.17025e-13
7.39341e-13
3.57811e-12
1.31023e-11
2.10688e-10
6.07278e-09
6.42355e-08
5.22395e-07
2.49628e-06
3.21482e-07
3.90801e-08
5.98431e-09
4.96575e-10
1.62011e-09
2.45218e-08
5.65848e-08
2.44094e-07
2.44306e-08
1.08755e-51
5.65197e-50
3.90511e-48
1.63456e-46
1.26229e-44
5.08788e-43
3.51416e-41
9.40985e-40
3.71337e-38
3.61082e-37
5.75719e-36
2.59033e-35
1.87236e-34
4.69716e-34
2.06924e-33
3.65102e-33
1.07346e-32
4.18372e-32
6.33509e-31
4.96698e-30
4.58054e-29
1.92525e-28
7.37275e-28
1.48051e-27
3.36548e-27
1.09283e-26
8.68278e-26
4.3412e-25
1.51718e-24
3.10646e-24
4.1196e-24
4.36994e-24
3.29641e-24
2.34327e-24
1.49483e-24
1.03524e-24
7.3561e-25
6.19556e-25
5.79002e-25
5.56389e-25
5.02181e-25
4.21708e-25
3.2751e-25
2.41186e-25
2.02299e-25
5.30039e-25
3.5435e-24
2.07137e-23
9.07705e-23
3.57554e-22
1.82924e-21
1.15269e-20
6.24964e-20
2.59607e-19
7.00659e-19
1.34898e-18
2.01385e-18
5.0537e-18
1.74109e-16
8.59928e-15
3.64333e-13
1.27395e-11
2.87548e-10
3.36066e-09
2.53884e-08
2.99318e-07
1.75456e-06
7.0287e-06
7.21204e-06
3.74956e-06
1.53161e-06
4.71823e-07
1.02762e-07
1.21418e-08
3.36416e-10
6.46042e-12
1.90856e-13
3.96661e-14
1.01443e-14
2.14475e-15
3.64857e-16
1.55651e-16
1.07338e-15
8.18035e-15
5.65969e-14
5.30721e-13
5.87661e-12
6.03484e-11
4.42272e-10
2.13715e-09
3.33433e-09
4.62499e-10
5.49967e-11
1.47576e-11
1.21741e-11
5.81037e-11
4.69165e-10
6.63802e-10
5.21066e-09
7.51101e-10
)
;

boundaryField
{
    AXIS
    {
        type            empty;
    }
    OUTLET
    {
        type            zeroGradient;
    }
    COFLOW
    {
        type            fixedValue;
        value           uniform 0;
    }
    PILOT
    {
        type            fixedValue;
        value           uniform 0;
    }
    FUEL
    {
        type            fixedValue;
        value           uniform 0;
    }
    WALL
    {
        type            zeroGradient;
    }
    front
    {
        type            wedge;
    }
    back
    {
        type            wedge;
    }
}


// ************************************************************************* //
