/*--------------------------------*- C++ -*----------------------------------*\
| =========                 |                                                 |
| \\      /  F ield         | OpenFOAM: The Open Source CFD Toolbox           |
|  \\    /   O peration     | Version:  2.3.0                                 |
|   \\  /    A nd           | Web:      www.OpenFOAM.org                      |
|    \\/     M anipulation  |                                                 |
\*---------------------------------------------------------------------------*/
FoamFile
{
    version     2.0;
    format      ascii;
    class       volScalarField;
    location    "0.02";
    object      Z;
}
// * * * * * * * * * * * * * * * * * * * * * * * * * * * * * * * * * * * * * //

dimensions      [0 0 0 0 0 0 0];

internalField   nonuniform List<scalar> 
5000
(
1
1
1
1
1
1
1
1
1
1
1
1
1
1
1
1
1
1
1
1
1
1
1
1
1
1
1
1
1
1
1
1
1
1
1
1
1
1
1
1
1
0.999999
0.999996
0.999988
0.999971
0.999946
0.999906
0.999851
0.999788
0.999719
0.999709
0.999757
0.999814
0.999867
0.999908
0.999926
0.999909
0.999849
0.999698
0.999358
0.998745
0.997861
0.996753
0.995447
0.993936
0.992295
0.990693
0.989482
0.989419
0.991004
0.993123
0.995144
0.997024
0.998962
0.999487
0.999467
0.999349
0.999152
0.998899
0.998601
0.998277
0.997957
0.997678
0.997565
0.997775
0.998193
0.998631
0.999008
0.999311
0.999523
0.999657
0.999705
0.99968
0.999608
0.999469
0.999261
0.999107
0.999045
0.999006
0.998942
1
1
1
1
1
1
1
1
1
1
1
1
1
1
1
1
1
1
1
1
1
1
1
1
1
1
1
1
1
1
1
1
1
1
1
1
1
1
1
0.999999
0.999998
0.999992
0.999972
0.999915
0.999784
0.999522
0.999048
0.99827
0.997035
0.994635
0.992754
0.99371
0.995411
0.996903
0.997976
0.999015
0.999437
0.999206
0.998325
0.996566
0.993901
0.990363
0.985736
0.979781
0.972413
0.964191
0.955805
0.946914
0.936625
0.932975
0.936588
0.954158
0.980416
0.994587
0.997804
0.997755
0.99706
0.99551
0.993398
0.991074
0.988778
0.986536
0.98399
0.981187
0.980227
0.980995
0.984534
0.990305
0.994203
0.996801
0.998688
0.999104
0.99904
0.998746
0.998015
0.996841
0.996301
0.996384
0.996798
0.996819
1
1
1
1
1
1
1
1
1
1
1
1
1
1
1
1
1
1
1
1
1
1
1
1
1
1
1
1
1
1
1
1
1
1
1
1
1
1
0.999999
0.999998
0.999993
0.999976
0.999917
0.999736
0.999309
0.998416
0.996804
0.994248
0.990421
0.984348
0.974691
0.967106
0.96813
0.975865
0.989128
0.997257
0.998442
0.997704
0.9951
0.990454
0.984179
0.976501
0.96708
0.955806
0.943054
0.929887
0.917171
0.905433
0.892401
0.874676
0.871274
0.883673
0.929778
0.980188
0.993505
0.993706
0.99211
0.98852
0.983963
0.979446
0.975431
0.971923
0.968511
0.964557
0.959538
0.95586
0.956083
0.960277
0.973312
0.989245
0.996321
0.997569
0.997422
0.996612
0.994818
0.992068
0.990039
0.990043
0.991166
0.992015
1
1
1
1
1
1
1
1
1
1
1
1
1
1
1
1
1
1
1
1
1
1
1
1
1
1
1
1
0.999999
0.999999
0.999998
0.999999
1
1
1
1
1
0.999999
0.999998
0.999994
0.99998
0.99993
0.999764
0.999264
0.998098
0.995941
0.992584
0.98805
0.982461
0.975338
0.965611
0.951281
0.941815
0.945638
0.966641
0.99116
0.996194
0.99498
0.990428
0.982691
0.973014
0.962031
0.9493
0.934816
0.918876
0.901645
0.882621
0.862895
0.839358
0.806542
0.793718
0.802936
0.845003
0.929676
0.982683
0.988496
0.987423
0.983657
0.978095
0.972493
0.967595
0.963354
0.959389
0.955216
0.950216
0.943443
0.937197
0.937283
0.94391
0.964693
0.987662
0.994582
0.994661
0.993564
0.990818
0.986666
0.982743
0.982151
0.98337
0.985343
1
1
1
1
1
1
1
1
1
1
1
1
1
1
1
1
1
1
1
1
1
1
1
1
1
1
0.999999
0.999995
0.999986
0.999967
0.999956
0.999969
0.999985
0.999993
0.999995
0.999996
0.999996
0.999994
0.999991
0.999981
0.99995
0.999833
0.999445
0.998391
0.996215
0.992615
0.987529
0.981185
0.973985
0.965681
0.955747
0.942337
0.924738
0.923373
0.940852
0.979272
0.992571
0.991567
0.985986
0.976038
0.963751
0.950227
0.935001
0.917546
0.896509
0.869257
0.831814
0.789854
0.744527
0.693384
0.674162
0.684
0.728069
0.83059
0.949332
0.981827
0.982737
0.980187
0.974561
0.967978
0.961832
0.956329
0.951117
0.945722
0.939695
0.932319
0.922179
0.915753
0.91764
0.931326
0.963482
0.986741
0.989883
0.988902
0.985575
0.980179
0.974526
0.972995
0.974257
0.977491
1
1
1
1
1
1
1
1
0.999999
0.999999
0.999999
1
1
1
1
1
1
1
1
1
1
0.999999
0.999999
0.999998
0.999995
0.999988
0.999968
0.999906
0.99974
0.999396
0.999058
0.999271
0.999643
0.999826
0.999903
0.999929
0.999936
0.999935
0.999935
0.999925
0.99988
0.999648
0.998906
0.997081
0.993658
0.988475
0.981615
0.973393
0.964406
0.954329
0.942686
0.928806
0.908636
0.901513
0.915604
0.962753
0.987728
0.987678
0.98192
0.970329
0.955836
0.940239
0.92246
0.89973
0.866825
0.817313
0.747613
0.680532
0.632732
0.600505
0.590153
0.594395
0.618442
0.705303
0.866657
0.964801
0.977414
0.976186
0.971038
0.963062
0.954503
0.946367
0.93854
0.930599
0.922277
0.913429
0.90283
0.891848
0.890835
0.89748
0.92499
0.966473
0.982028
0.981959
0.978964
0.972966
0.965954
0.963221
0.964442
0.968748
1
1
1
1
1
0.999999
0.999996
0.999988
0.999978
0.999968
0.999971
0.999986
0.999993
0.999997
0.999998
0.999997
0.999994
0.99999
0.99999
0.999992
0.999992
0.999988
0.999977
0.999954
0.99991
0.999818
0.999585
0.998968
0.997509
0.993282
0.98487
0.985001
0.992084
0.99642
0.998284
0.999004
0.999282
0.999397
0.99952
0.999689
0.999671
0.999321
0.998167
0.995524
0.990851
0.984063
0.975242
0.964612
0.952974
0.939851
0.924557
0.908342
0.886065
0.873845
0.885962
0.940738
0.981039
0.983256
0.977785
0.964981
0.948308
0.930092
0.907673
0.874499
0.819437
0.738118
0.648087
0.595491
0.578727
0.573809
0.571558
0.571113
0.579815
0.614391
0.732811
0.903464
0.966771
0.969444
0.965358
0.955863
0.943856
0.931647
0.919878
0.90875
0.898599
0.889583
0.880612
0.871656
0.869493
0.872526
0.890028
0.935217
0.969366
0.972934
0.97057
0.964175
0.956061
0.952648
0.95397
0.959413
1
0.999999
0.999999
0.999997
0.999989
0.999961
0.999882
0.999694
0.999428
0.99914
0.999059
0.999473
0.999732
0.999869
0.99993
0.999932
0.999872
0.999782
0.99977
0.999813
0.999831
0.999794
0.999657
0.999378
0.998938
0.998234
0.99709
0.994928
0.98959
0.969666
0.91073
0.847602
0.866089
0.92463
0.974933
0.988948
0.994465
0.997187
0.998172
0.998952
0.999115
0.998734
0.997266
0.993901
0.987969
0.97937
0.968002
0.953669
0.937358
0.918211
0.895212
0.874922
0.850881
0.835745
0.846366
0.906263
0.969145
0.977534
0.972723
0.959143
0.939762
0.917403
0.887171
0.836976
0.749804
0.647248
0.581613
0.57305
0.589026
0.619145
0.627192
0.615768
0.600192
0.609616
0.651479
0.797923
0.941112
0.959532
0.956237
0.945429
0.929505
0.912742
0.897918
0.886543
0.878874
0.873738
0.868683
0.863144
0.862484
0.864951
0.8745
0.907929
0.951434
0.961627
0.959559
0.952234
0.942489
0.939339
0.941311
0.94908
0.999981
0.999947
0.999934
0.999917
0.9998
0.999414
0.998364
0.995989
0.992356
0.986805
0.978691
0.984599
0.99222
0.996269
0.998098
0.998698
0.998169
0.996573
0.995772
0.996552
0.997187
0.997493
0.997181
0.996205
0.994038
0.990535
0.986319
0.980471
0.966544
0.925878
0.823455
0.700845
0.692856
0.725929
0.784202
0.903042
0.978409
0.99073
0.994152
0.996667
0.997856
0.997511
0.99584
0.991754
0.984335
0.97337
0.958376
0.938195
0.913664
0.883222
0.846521
0.822399
0.799712
0.785688
0.79508
0.85189
0.943395
0.968876
0.965337
0.951416
0.928909
0.901031
0.859604
0.784972
0.666564
0.578836
0.574034
0.599778
0.670233
0.753862
0.756238
0.735535
0.674961
0.634724
0.655718
0.737636
0.90644
0.946029
0.943609
0.931178
0.91136
0.892338
0.88062
0.874978
0.872064
0.870243
0.868282
0.865313
0.86418
0.86565
0.871686
0.893491
0.933152
0.947539
0.945662
0.93684
0.924607
0.921651
0.924812
0.936891
0.998508
0.994846
0.993602
0.995014
0.995025
0.993015
0.986352
0.971235
0.94072
0.881412
0.757206
0.728026
0.791199
0.91488
0.980795
0.99342
0.991658
0.980693
0.958759
0.959058
0.967057
0.978536
0.986078
0.984602
0.977834
0.965594
0.952778
0.939909
0.916446
0.851917
0.721224
0.627736
0.635924
0.680726
0.743907
0.810567
0.89521
0.964267
0.985054
0.992188
0.995495
0.99529
0.993464
0.988591
0.979312
0.965177
0.945084
0.915748
0.876949
0.829501
0.781398
0.758108
0.740801
0.730414
0.737663
0.783479
0.898
0.955858
0.954688
0.940622
0.914343
0.879358
0.822392
0.717416
0.59064
0.565097
0.592912
0.689923
0.813351
0.859095
0.854336
0.831636
0.76912
0.685776
0.683989
0.751199
0.897913
0.93259
0.928986
0.913358
0.892072
0.877789
0.874504
0.874637
0.875245
0.875505
0.87506
0.873261
0.871048
0.871267
0.87613
0.893735
0.923779
0.933426
0.930519
0.918512
0.902278
0.898743
0.903337
0.92183
0.539786
0.517983
0.541247
0.656868
0.834782
0.921662
0.919035
0.864671
0.725248
0.524462
0.452454
0.482338
0.529916
0.674763
0.896807
0.976282
0.974863
0.95234
0.885302
0.83016
0.847175
0.906131
0.954793
0.955703
0.943537
0.916569
0.887051
0.861468
0.823085
0.732561
0.598073
0.565524
0.60306
0.687063
0.761979
0.813615
0.852212
0.903388
0.954677
0.981603
0.991654
0.991798
0.989829
0.984018
0.972471
0.95421
0.92649
0.881957
0.821692
0.764737
0.732361
0.716657
0.701745
0.690853
0.697838
0.730338
0.851415
0.940283
0.941616
0.926299
0.89461
0.850123
0.772385
0.638836
0.549241
0.565114
0.647182
0.812002
0.894209
0.901814
0.896524
0.877941
0.829015
0.743592
0.725708
0.785638
0.90009
0.919417
0.912667
0.894131
0.878963
0.876272
0.876896
0.878513
0.87923
0.879052
0.87845
0.87693
0.876095
0.876856
0.882434
0.900094
0.918253
0.919662
0.913888
0.897432
0.877769
0.8731
0.878356
0.903723
0.291442
0.309793
0.340893
0.422627
0.619264
0.744946
0.74765
0.64702
0.464787
0.361653
0.37157
0.440047
0.582082
0.718723
0.887237
0.952545
0.946701
0.900323
0.787369
0.701942
0.714883
0.777697
0.889944
0.907399
0.885546
0.832432
0.779056
0.738957
0.68722
0.589094
0.495927
0.490104
0.536371
0.613607
0.697906
0.790985
0.835982
0.858691
0.899132
0.952328
0.983189
0.986545
0.984416
0.977382
0.962303
0.937114
0.895959
0.826903
0.757433
0.724087
0.720586
0.71408
0.706326
0.694829
0.697833
0.726445
0.841416
0.928039
0.927972
0.907866
0.867703
0.810227
0.708614
0.566419
0.530078
0.570733
0.724335
0.880719
0.918324
0.918418
0.912705
0.89667
0.858569
0.78849
0.774998
0.829058
0.901321
0.906089
0.895776
0.880793
0.876923
0.877602
0.879353
0.880342
0.880326
0.880016
0.879655
0.87984
0.880871
0.88426
0.8932
0.905761
0.907859
0.904858
0.893639
0.87706
0.860904
0.856355
0.861348
0.884642
0.273051
0.278427
0.288822
0.316693
0.390754
0.471745
0.480344
0.387058
0.320836
0.316539
0.345555
0.446591
0.643314
0.833688
0.909725
0.916529
0.88801
0.784182
0.647731
0.638209
0.675514
0.779723
0.858877
0.853131
0.797141
0.710381
0.638527
0.587857
0.531364
0.455543
0.407498
0.408761
0.446265
0.53041
0.66436
0.813247
0.863304
0.863718
0.871492
0.905381
0.961288
0.978246
0.976372
0.968056
0.948354
0.912823
0.84889
0.75678
0.722563
0.738796
0.778521
0.778003
0.758043
0.719671
0.708531
0.735785
0.847906
0.917473
0.912926
0.883714
0.830232
0.755658
0.634146
0.513501
0.512432
0.577594
0.782531
0.912049
0.927502
0.926039
0.918727
0.903029
0.87019
0.819736
0.819363
0.866174
0.897948
0.894286
0.882005
0.876328
0.876756
0.878777
0.879578
0.879402
0.879264
0.879412
0.879799
0.881098
0.884285
0.890153
0.896505
0.897968
0.894149
0.884813
0.873517
0.866065
0.858636
0.852903
0.855191
0.871347
0.271243
0.272188
0.274467
0.279066
0.289312
0.303534
0.307292
0.29212
0.287868
0.293149
0.314817
0.384003
0.560124
0.769333
0.838331
0.825779
0.750276
0.602394
0.555285
0.611304
0.721241
0.794831
0.804449
0.764576
0.660563
0.556222
0.485265
0.438767
0.397824
0.358875
0.341025
0.348837
0.394794
0.500597
0.681907
0.842203
0.883435
0.88186
0.877335
0.888075
0.930668
0.964403
0.96424
0.954752
0.927779
0.872804
0.771832
0.709841
0.729708
0.806911
0.874013
0.87024
0.843017
0.784218
0.736194
0.757592
0.860301
0.906309
0.894916
0.851855
0.778526
0.684529
0.554078
0.475073
0.492302
0.58159
0.808137
0.922074
0.931434
0.928879
0.919685
0.901139
0.86946
0.84389
0.854318
0.888047
0.891517
0.88211
0.874178
0.87439
0.87501
0.874395
0.872349
0.870412
0.870468
0.871618
0.873462
0.875012
0.876821
0.880367
0.88246
0.880477
0.871502
0.86537
0.86516
0.865333
0.864474
0.861555
0.858806
0.866832
0.271031
0.271168
0.271478
0.272025
0.27312
0.274646
0.275644
0.27484
0.275449
0.278023
0.287453
0.321134
0.41135
0.566862
0.655508
0.635632
0.537174
0.446851
0.455831
0.541857
0.656597
0.712749
0.69562
0.614386
0.489874
0.404943
0.357533
0.330629
0.310838
0.293342
0.286954
0.300611
0.357372
0.478806
0.684767
0.85145
0.889019
0.889304
0.88316
0.886501
0.908865
0.946125
0.94836
0.935917
0.894699
0.803481
0.693716
0.701375
0.792353
0.907162
0.927256
0.920092
0.897114
0.842898
0.775336
0.787593
0.875227
0.89381
0.871435
0.807826
0.709151
0.59798
0.478237
0.444331
0.471993
0.580373
0.810766
0.923023
0.932942
0.930007
0.918468
0.895055
0.870214
0.867072
0.882746
0.891229
0.882929
0.870646
0.867036
0.865878
0.863671
0.858784
0.852052
0.848787
0.848968
0.850911
0.854168
0.857133
0.858946
0.86086
0.862336
0.862547
0.862447
0.864127
0.863709
0.861413
0.862395
0.863385
0.862304
0.865298
0.270999
0.270985
0.270929
0.270797
0.270695
0.270602
0.270331
0.269472
0.268452
0.266983
0.26781
0.278001
0.310334
0.369769
0.420669
0.409527
0.361959
0.341799
0.357098
0.418108
0.501436
0.54729
0.518243
0.423627
0.335699
0.298026
0.276366
0.261228
0.248731
0.238905
0.239249
0.26155
0.327228
0.432731
0.588928
0.776609
0.877935
0.891084
0.887799
0.8892
0.903709
0.932129
0.931577
0.909754
0.84064
0.707775
0.654927
0.721548
0.885566
0.9456
0.945513
0.935724
0.912324
0.863383
0.805973
0.82334
0.882649
0.880202
0.838047
0.747211
0.624819
0.505222
0.422211
0.418791
0.454723
0.573532
0.777475
0.914011
0.933198
0.931247
0.920968
0.89792
0.88495
0.88821
0.892353
0.887119
0.868549
0.854959
0.849695
0.845534
0.839151
0.829401
0.819474
0.816484
0.817559
0.822372
0.830148
0.839293
0.847779
0.85342
0.858431
0.865881
0.866287
0.857569
0.834037
0.810312
0.818848
0.843577
0.859086
0.862867
0.270953
0.270769
0.270388
0.269725
0.268859
0.267847
0.266454
0.264185
0.260969
0.255849
0.251039
0.251051
0.258604
0.27403
0.28693
0.285614
0.275052
0.269
0.273488
0.299766
0.339316
0.358172
0.329335
0.27767
0.246911
0.234307
0.219315
0.20363
0.1942
0.192039
0.199134
0.229609
0.292483
0.356012
0.430388
0.572353
0.782494
0.882693
0.893363
0.894531
0.908013
0.921384
0.912544
0.869154
0.753708
0.619994
0.636286
0.789589
0.938281
0.955621
0.95144
0.936229
0.906895
0.857537
0.828447
0.855817
0.881408
0.8607
0.790116
0.670041
0.530741
0.425154
0.388427
0.397273
0.445455
0.567266
0.741048
0.888718
0.931089
0.932318
0.926749
0.913783
0.90422
0.898968
0.890795
0.871783
0.844183
0.828881
0.821064
0.813991
0.803603
0.787243
0.769169
0.762831
0.764572
0.773716
0.790715
0.814889
0.842266
0.861539
0.863972
0.860967
0.849326
0.813248
0.735419
0.721287
0.758753
0.822279
0.856233
0.858431
0.270633
0.269561
0.267851
0.265334
0.262478
0.259661
0.256482
0.252299
0.246775
0.23837
0.229514
0.225478
0.227264
0.232071
0.234539
0.232499
0.225621
0.217447
0.214698
0.219867
0.230094
0.231488
0.219592
0.205672
0.19531
0.184297
0.164386
0.150094
0.148537
0.152754
0.166799
0.199337
0.248603
0.277436
0.308613
0.378514
0.568405
0.824952
0.889769
0.901197
0.909867
0.908183
0.881804
0.799873
0.638408
0.563226
0.629788
0.858349
0.954125
0.958201
0.952877
0.93354
0.895668
0.853278
0.850561
0.875798
0.871349
0.828617
0.72168
0.577473
0.439416
0.372845
0.364841
0.380548
0.440101
0.562527
0.709424
0.843031
0.916842
0.929153
0.927178
0.918832
0.907244
0.895515
0.876588
0.84438
0.81171
0.795058
0.785015
0.773355
0.752974
0.717794
0.678394
0.661787
0.66245
0.675357
0.705338
0.753038
0.806756
0.83823
0.840493
0.832221
0.78787
0.697912
0.617959
0.634145
0.729688
0.825625
0.85446
0.852652
0.268211
0.262674
0.255648
0.246834
0.23922
0.23424
0.230216
0.224797
0.216515
0.203734
0.191734
0.186455
0.187954
0.191142
0.191744
0.188672
0.181102
0.172853
0.167831
0.168187
0.170751
0.170779
0.168071
0.162253
0.150105
0.132638
0.113021
0.108546
0.112675
0.122554
0.138664
0.166426
0.198875
0.206562
0.217214
0.2526
0.370615
0.693478
0.866397
0.894495
0.899098
0.882358
0.823189
0.693678
0.524451
0.518315
0.645126
0.889566
0.955734
0.958505
0.953604
0.935782
0.895434
0.866123
0.874795
0.878095
0.855556
0.773933
0.632789
0.478252
0.37
0.342436
0.343429
0.365214
0.436469
0.554346
0.679597
0.794724
0.882759
0.914563
0.917277
0.912194
0.899372
0.878814
0.847808
0.80765
0.773608
0.755213
0.738769
0.712665
0.667446
0.600911
0.539338
0.517141
0.517756
0.534726
0.575038
0.641605
0.715554
0.762172
0.765217
0.745486
0.67016
0.55815
0.507523
0.55989
0.719458
0.83162
0.850579
0.84433
0.247845
0.223872
0.203416
0.185304
0.178713
0.179195
0.178069
0.172652
0.161755
0.146503
0.135201
0.131974
0.134281
0.137385
0.138144
0.136733
0.132116
0.128579
0.127493
0.129064
0.132352
0.133039
0.130488
0.121412
0.103687
0.0865946
0.0775524
0.0789237
0.0876043
0.0986286
0.112701
0.132584
0.149283
0.146709
0.149224
0.167819
0.242794
0.498922
0.784388
0.862338
0.862722
0.822734
0.724459
0.556114
0.436829
0.471249
0.651753
0.891219
0.945068
0.950626
0.948627
0.938849
0.913538
0.895953
0.889384
0.872962
0.819221
0.691963
0.527969
0.390425
0.326001
0.317901
0.322318
0.353563
0.434397
0.543855
0.647833
0.745212
0.835162
0.883607
0.894351
0.89062
0.874443
0.845824
0.807367
0.764467
0.728749
0.701674
0.666749
0.613043
0.538109
0.454897
0.397069
0.383793
0.387243
0.408176
0.447563
0.506847
0.57487
0.630075
0.635056
0.610275
0.524435
0.427583
0.408639
0.495731
0.708082
0.828861
0.843942
0.831817
0.0301236
0.0553579
0.0715016
0.0810879
0.0886443
0.0966204
0.0967627
0.092797
0.0843187
0.0755563
0.0724852
0.0734903
0.0763381
0.0791123
0.0819484
0.0850296
0.0862922
0.0882224
0.0904611
0.0933381
0.0962775
0.0956021
0.0901895
0.0794081
0.0655776
0.0575369
0.0562344
0.06
0.0699657
0.0784395
0.0876614
0.0982338
0.10223
0.0968362
0.0974431
0.107551
0.150954
0.311671
0.600989
0.759501
0.768505
0.705794
0.576158
0.409597
0.363377
0.420807
0.638646
0.867854
0.92462
0.934563
0.93483
0.931534
0.918689
0.902212
0.884526
0.8473
0.746794
0.583346
0.419079
0.326374
0.292845
0.290836
0.300671
0.344736
0.430949
0.525533
0.608972
0.690219
0.773035
0.829296
0.848958
0.847214
0.829556
0.797022
0.756335
0.711
0.664459
0.616061
0.551771
0.47165
0.382553
0.307385
0.275033
0.27355
0.28135
0.303316
0.333212
0.372907
0.419725
0.469503
0.474952
0.451002
0.374777
0.318863
0.321698
0.430928
0.676054
0.815841
0.833062
0.811904
0.00200039
0.00703443
0.01199
0.0167073
0.0211041
0.0250861
0.0260576
0.0257193
0.0251736
0.0256247
0.0276768
0.0308139
0.034302
0.0380697
0.0422237
0.0458898
0.0478478
0.0508407
0.0536205
0.0561762
0.058866
0.0578443
0.0542842
0.049534
0.0447549
0.0432121
0.0440744
0.048602
0.0564393
0.0606147
0.064089
0.0661954
0.0637708
0.0585212
0.0590955
0.0652055
0.0872475
0.165939
0.346263
0.556673
0.588628
0.513096
0.385637
0.297185
0.299175
0.373112
0.599309
0.819881
0.886248
0.902024
0.906173
0.910201
0.905606
0.888594
0.852881
0.779027
0.635782
0.453206
0.325699
0.276745
0.258612
0.260374
0.281558
0.340668
0.422738
0.49561
0.558817
0.625997
0.699692
0.755444
0.780418
0.780998
0.764303
0.732057
0.689637
0.633303
0.562283
0.483722
0.392177
0.298631
0.225027
0.187059
0.181712
0.186228
0.197922
0.214092
0.229413
0.248982
0.273198
0.305074
0.307444
0.289147
0.245166
0.233199
0.249908
0.363828
0.618378
0.786906
0.814202
0.778518
0.000122902
0.000635855
0.00127589
0.00202742
0.00292198
0.00388479
0.00472717
0.00550314
0.00622679
0.00711223
0.00837935
0.00991063
0.0115529
0.0135964
0.0162573
0.0195355
0.0229925
0.0263915
0.0297785
0.033573
0.0373541
0.0394506
0.0392468
0.0382705
0.0367907
0.0367959
0.0380881
0.0413424
0.04549
0.04588
0.0452208
0.0424775
0.0386631
0.0355305
0.0363028
0.0404725
0.0515716
0.0823679
0.146516
0.270159
0.318494
0.278867
0.235858
0.227591
0.24848
0.323138
0.526343
0.742102
0.817297
0.840627
0.850879
0.863941
0.863028
0.834544
0.769011
0.660489
0.488634
0.32457
0.249446
0.226744
0.220904
0.230875
0.268507
0.335422
0.401887
0.448969
0.491008
0.543916
0.610542
0.665791
0.693203
0.695212
0.67916
0.646018
0.594264
0.513184
0.408155
0.301243
0.206416
0.141034
0.114246
0.109984
0.112883
0.1227
0.132104
0.138675
0.142768
0.148919
0.156859
0.169921
0.170839
0.165721
0.15955
0.166362
0.195466
0.298975
0.538679
0.735467
0.781268
0.723774
7.73283e-06
4.82328e-05
0.000115434
0.000220022
0.000379442
0.000584386
0.000800612
0.00103203
0.00127048
0.00155999
0.00196595
0.0026029
0.00349482
0.00466528
0.00704518
0.011288
0.0171989
0.0243496
0.0311523
0.0368704
0.0390147
0.0388909
0.0369615
0.0345697
0.0340856
0.034462
0.0353375
0.0368912
0.0379253
0.037129
0.0347935
0.031009
0.027815
0.0268805
0.027581
0.0302121
0.0366183
0.0508904
0.0748568
0.11274
0.139887
0.14933
0.16179
0.179505
0.206592
0.266339
0.428297
0.625996
0.705449
0.734444
0.749596
0.771438
0.764395
0.71741
0.624702
0.494498
0.325421
0.212673
0.178956
0.176216
0.183845
0.211837
0.261773
0.322426
0.36278
0.381432
0.399546
0.433927
0.491606
0.550534
0.582417
0.583905
0.563975
0.521542
0.446846
0.328305
0.201593
0.113469
0.0755118
0.0645484
0.0633893
0.0652143
0.0713577
0.0799982
0.0836832
0.0848619
0.0851932
0.0861279
0.087842
0.0915893
0.0948587
0.0992179
0.106308
0.123446
0.154879
0.23944
0.439972
0.653909
0.719334
0.638438
4.77345e-07
3.54045e-06
9.98658e-06
2.27998e-05
4.6682e-05
8.0556e-05
0.000115382
0.00015673
0.000219784
0.000351435
0.000589217
0.0012352
0.00320076
0.00693342
0.0128157
0.0205836
0.0295059
0.0381124
0.0449328
0.0461069
0.043919
0.0391578
0.0346527
0.0332052
0.0334284
0.0340128
0.0348375
0.0356932
0.0356643
0.0346942
0.0320081
0.0279768
0.0249777
0.0247496
0.0253486
0.0273619
0.0326174
0.042299
0.0561132
0.0745876
0.0912456
0.107221
0.125952
0.146433
0.169947
0.213276
0.325854
0.473865
0.544877
0.578629
0.597368
0.616836
0.594408
0.531301
0.429709
0.302828
0.175018
0.124384
0.121439
0.132698
0.158498
0.198812
0.248415
0.291582
0.300867
0.292621
0.285642
0.297882
0.335594
0.388258
0.422993
0.420438
0.388611
0.322417
0.214654
0.103454
0.0582516
0.0460741
0.0438881
0.0444388
0.0463102
0.0493047
0.0532985
0.0575073
0.0602142
0.0618745
0.0630129
0.0641039
0.0653714
0.0672312
0.069859
0.0740783
0.0814745
0.0969968
0.121996
0.185123
0.335212
0.541191
0.618616
0.524445
2.90929e-08
2.34595e-07
7.71001e-07
2.03819e-06
4.70656e-06
8.90498e-06
1.50804e-05
2.89057e-05
6.13569e-05
0.000173147
0.000545239
0.00171862
0.00513218
0.0121746
0.0231433
0.0361886
0.0481136
0.0542013
0.0543195
0.0495646
0.0405845
0.0346599
0.0328986
0.0339831
0.036057
0.0384642
0.0403426
0.0414605
0.0420892
0.0429505
0.0427506
0.0417161
0.0397118
0.038642
0.0377932
0.0373036
0.0387783
0.0434959
0.0536903
0.0673885
0.082485
0.0978294
0.112838
0.128037
0.145059
0.172409
0.236442
0.324494
0.372994
0.397765
0.41344
0.425542
0.393236
0.324964
0.226243
0.124973
0.0760798
0.0714913
0.0801108
0.102273
0.137058
0.179798
0.220936
0.23407
0.219671
0.191322
0.164963
0.161524
0.171917
0.190815
0.205468
0.187669
0.137515
0.0791906
0.0470958
0.036079
0.0342888
0.0348465
0.0366423
0.0394305
0.0422748
0.0452177
0.0481859
0.0509896
0.0534432
0.0554269
0.0569634
0.0582587
0.0596064
0.0611881
0.0634314
0.0670036
0.0721726
0.0814301
0.096845
0.138139
0.236817
0.408445
0.485751
0.401561
1.66487e-09
1.45735e-08
5.58702e-08
1.69865e-07
4.52101e-07
1.21969e-06
4.32279e-06
1.6108e-05
5.8901e-05
0.000209234
0.000720985
0.00239173
0.00738031
0.0176997
0.0331814
0.0493422
0.0594688
0.058916
0.0523629
0.0401995
0.0320866
0.0322523
0.0351094
0.0399871
0.0450522
0.0496873
0.0548011
0.0599156
0.064885
0.070418
0.0715715
0.070019
0.0660938
0.0620898
0.0574754
0.0536071
0.0524914
0.0555038
0.0656417
0.0791815
0.0940179
0.106314
0.116092
0.12538
0.13801
0.155779
0.184408
0.223765
0.248204
0.264124
0.270595
0.25802
0.204669
0.129342
0.0659474
0.043438
0.040329
0.0435367
0.0538752
0.0763553
0.112734
0.151793
0.171311
0.159857
0.128633
0.0968005
0.0707108
0.060849
0.0589471
0.0575533
0.0476247
0.0371773
0.0310045
0.0280707
0.0281065
0.0305906
0.0351305
0.0394225
0.0426988
0.045079
0.0468871
0.0486726
0.0502062
0.0522417
0.0556872
0.0596332
0.0634961
0.0670306
0.0701615
0.0704263
0.0695693
0.0694812
0.0710081
0.0748193
0.0836384
0.104078
0.153606
0.267416
0.338792
0.296111
9.23708e-11
8.61871e-10
3.80333e-09
1.32754e-08
4.91544e-08
2.98388e-07
2.36119e-06
1.21394e-05
4.95564e-05
0.000185433
0.000661282
0.00226242
0.00737536
0.0192198
0.0376342
0.0547282
0.0599044
0.0554591
0.0411727
0.0285768
0.0292059
0.0342959
0.0417003
0.0466377
0.0516074
0.0585557
0.0669948
0.0760151
0.0852861
0.0939714
0.097498
0.095965
0.0906585
0.0834142
0.0754967
0.0699512
0.0688873
0.0747975
0.087651
0.0988526
0.107159
0.115583
0.128637
0.140347
0.148236
0.157086
0.172785
0.189483
0.197288
0.193223
0.16107
0.110613
0.0603235
0.0334459
0.0283952
0.0295334
0.0311068
0.0333954
0.038838
0.0548689
0.0877452
0.114075
0.10641
0.0831572
0.0536667
0.0362619
0.0267235
0.0213552
0.0198674
0.0196765
0.0199103
0.021273
0.0252816
0.0311876
0.0377137
0.042581
0.0455363
0.0480964
0.0515421
0.0560854
0.060685
0.0651547
0.0696506
0.0761736
0.0871474
0.0989111
0.108146
0.117294
0.126029
0.123957
0.114955
0.100108
0.0908552
0.087165
0.0873755
0.0903775
0.102831
0.144675
0.200022
0.217569
5.23523e-12
5.16671e-11
2.6453e-10
1.26688e-09
9.99886e-09
1.26908e-07
1.39586e-06
1.07603e-05
4.80922e-05
0.000189639
0.000701489
0.00246022
0.00815395
0.0212656
0.0398542
0.053983
0.0555548
0.0444097
0.0263475
0.0219966
0.0287316
0.0398888
0.0457704
0.0488468
0.0539357
0.0631619
0.0748642
0.0878311
0.100486
0.110341
0.114354
0.112636
0.106513
0.0972516
0.0881431
0.083702
0.0864869
0.0954168
0.0999402
0.100231
0.0988598
0.107448
0.136334
0.1589
0.16703
0.170836
0.173058
0.173798
0.157357
0.115666
0.0623461
0.0316948
0.022558
0.0229331
0.0271068
0.0332531
0.0341468
0.0323448
0.0335955
0.042379
0.0684151
0.0684517
0.0506246
0.0327282
0.0213704
0.0162812
0.0150982
0.0151886
0.0163462
0.018879
0.023341
0.0302849
0.0390966
0.0450567
0.0466232
0.048315
0.0538919
0.064161
0.0799569
0.0973381
0.109613
0.117774
0.124058
0.131768
0.142498
0.153447
0.163094
0.172544
0.185351
0.191709
0.188638
0.174569
0.153826
0.133565
0.123669
0.109444
0.101839
0.107676
0.12511
0.16063
3.25548e-13
3.39666e-12
2.14751e-11
1.80188e-10
2.98733e-09
4.88804e-08
6.00829e-07
5.62364e-06
3.12162e-05
0.00013178
0.000510428
0.00186764
0.00642733
0.0184167
0.036292
0.047777
0.0448091
0.0291761
0.0149085
0.017343
0.0298214
0.0421209
0.0445282
0.0454525
0.0520545
0.0640886
0.0789414
0.0960607
0.110612
0.120005
0.123356
0.121495
0.11451
0.104569
0.0971849
0.0960965
0.0984023
0.0975977
0.0844786
0.0690204
0.0630849
0.0801985
0.139816
0.169018
0.177551
0.177055
0.164827
0.140404
0.0920115
0.0449685
0.0231051
0.0195532
0.0207461
0.023671
0.0304702
0.0422402
0.0435256
0.0382278
0.0360361
0.0432042
0.0513163
0.0387001
0.0239896
0.0168421
0.0144625
0.0146162
0.0168053
0.020772
0.0266001
0.0328199
0.0401001
0.0465315
0.0474145
0.0467011
0.0484314
0.0594655
0.0842782
0.117346
0.139824
0.147611
0.151077
0.153557
0.156664
0.160268
0.164738
0.172101
0.181881
0.193611
0.20905
0.227598
0.236358
0.233183
0.226186
0.2132
0.207131
0.181574
0.133651
0.106239
0.107843
0.126742
2.20004e-14
2.50772e-13
2.3323e-12
4.14331e-11
9.41203e-10
1.64144e-08
2.23403e-07
2.41775e-06
1.83462e-05
8.63017e-05
0.000348271
0.0013049
0.00456617
0.0144401
0.0300228
0.036031
0.0294379
0.0128779
0.00765337
0.0134407
0.0305316
0.0400567
0.0384809
0.036626
0.0432315
0.0597244
0.0802269
0.10095
0.115994
0.124316
0.126963
0.124857
0.117004
0.108445
0.104874
0.103323
0.0947015
0.0760192
0.048906
0.0313785
0.0272476
0.0499223
0.132011
0.165598
0.174281
0.166653
0.132556
0.0804866
0.038696
0.0245078
0.0215604
0.0206982
0.0210087
0.0241009
0.0326998
0.0469413
0.0512324
0.0456148
0.0405937
0.0436009
0.0383261
0.0260913
0.0180883
0.0170748
0.0180477
0.0212034
0.0281614
0.0381028
0.0447188
0.0486885
0.0485623
0.0462848
0.0421676
0.0442829
0.0586757
0.103297
0.144579
0.160101
0.160032
0.157775
0.156105
0.156018
0.157461
0.15981
0.162867
0.17053
0.182729
0.199414
0.223528
0.252642
0.27773
0.280557
0.283827
0.285535
0.294207
0.27893
0.213414
0.131185
0.103514
0.107016
1.51628e-15
2.11863e-14
3.64364e-13
1.00497e-11
2.40798e-10
4.42371e-09
6.2465e-08
7.12496e-07
6.63103e-06
4.11064e-05
0.000178758
0.000698609
0.00254373
0.0087003
0.0204755
0.0244132
0.0197601
0.00736298
0.00441687
0.00972854
0.0269292
0.0354584
0.0318128
0.028788
0.0333325
0.0513596
0.0790478
0.102703
0.117766
0.125733
0.128058
0.126086
0.119425
0.113517
0.107066
0.0958318
0.0736033
0.0438833
0.0216541
0.0121675
0.0102001
0.023576
0.0971999
0.150761
0.160754
0.134161
0.0844307
0.0458009
0.0334678
0.0301245
0.0298061
0.0247701
0.0200539
0.0218194
0.0314371
0.0484532
0.0568278
0.0506244
0.0439437
0.040692
0.0327723
0.0254676
0.021963
0.022156
0.0250581
0.0330569
0.0440205
0.0506715
0.0518251
0.0499797
0.0444006
0.0384894
0.0416798
0.0583763
0.108735
0.16103
0.164598
0.151906
0.134353
0.121704
0.116824
0.117269
0.120291
0.127152
0.138518
0.155828
0.176974
0.206145
0.248228
0.293391
0.330631
0.339317
0.346733
0.352745
0.360699
0.347118
0.295643
0.182173
0.109476
0.102102
1.05353e-16
2.2073e-15
6.4673e-14
1.98123e-12
5.00922e-11
9.12454e-10
1.26359e-08
1.50733e-07
1.62235e-06
1.33359e-05
6.95529e-05
0.000292246
0.00113212
0.00407361
0.0106091
0.0124474
0.00963936
0.00313683
0.00253132
0.00692904
0.0222226
0.0325862
0.0294717
0.0250808
0.024709
0.0398393
0.0727629
0.100279
0.116378
0.125383
0.127834
0.126654
0.120346
0.112033
0.0991991
0.0754283
0.0452158
0.0215673
0.0098534
0.00615653
0.00470255
0.00610349
0.0377796
0.115636
0.139773
0.11607
0.073125
0.0505899
0.0442973
0.0525085
0.0541253
0.0370571
0.0201341
0.018501
0.0260275
0.0473453
0.0610925
0.0547338
0.0470631
0.0436524
0.0412826
0.0308625
0.0256671
0.0272517
0.0347261
0.0462091
0.0527927
0.0544431
0.0554784
0.0505097
0.0434428
0.0495515
0.0665689
0.119877
0.17136
0.160974
0.128406
0.0939499
0.0803552
0.078203
0.0795631
0.0843995
0.0942248
0.109907
0.129724
0.153994
0.188982
0.233836
0.283996
0.337711
0.389715
0.405069
0.41173
0.406814
0.395116
0.370532
0.31678
0.208861
0.116311
0.103088
8.21693e-18
2.65683e-16
9.40027e-15
2.9568e-13
7.17611e-12
1.18506e-10
1.49513e-09
1.79431e-08
2.15133e-07
2.20606e-06
1.57941e-05
7.42344e-05
0.000306489
0.001146
0.00283024
0.00297567
0.00219295
0.000905613
0.00102656
0.00355963
0.0128674
0.0260412
0.0267941
0.0237142
0.0183667
0.0282416
0.0635494
0.0921932
0.109576
0.121847
0.125407
0.124877
0.117474
0.103806
0.0805558
0.0501213
0.0244898
0.0112369
0.00651113
0.00481381
0.00321084
0.00265064
0.00460278
0.0320591
0.097653
0.110234
0.0879401
0.0726126
0.0752048
0.0856016
0.080665
0.0544995
0.0221049
0.0156014
0.0210878
0.0409775
0.0628592
0.0605173
0.0551359
0.0561674
0.0491655
0.031164
0.0283106
0.0339305
0.0454285
0.0528105
0.0531765
0.0658842
0.0906007
0.096167
0.0920995
0.111115
0.150626
0.181214
0.156079
0.102717
0.0667949
0.0525455
0.051197
0.053154
0.0588654
0.0698874
0.0865283
0.107828
0.136647
0.17579
0.222522
0.262165
0.302159
0.356571
0.420885
0.443793
0.439912
0.423177
0.357506
0.297366
0.247258
0.177291
0.116851
0.106524
6.71415e-19
2.71294e-17
9.45397e-16
2.66606e-14
5.63184e-13
8.19689e-12
1.03429e-10
1.40844e-09
1.99674e-08
2.46216e-07
2.14626e-06
1.32987e-05
5.92678e-05
0.000179201
0.000328681
0.000339571
0.000247792
0.000151084
0.0002702
0.00108912
0.0042046
0.0116503
0.0171964
0.0156919
0.0117145
0.0178721
0.0524928
0.0824135
0.0974223
0.112576
0.118433
0.118481
0.106485
0.0830202
0.051583
0.0252323
0.0141584
0.0113582
0.0135701
0.0144398
0.00730836
0.00284969
0.00155391
0.00297679
0.016093
0.0556271
0.0801787
0.0822338
0.0884577
0.0916786
0.0859358
0.0636055
0.0249039
0.0131196
0.0169061
0.0321866
0.0591438
0.0694559
0.0688739
0.0659881
0.0499296
0.0278106
0.0299079
0.0406116
0.0504042
0.0485245
0.0588265
0.101667
0.148044
0.163822
0.166886
0.180054
0.184001
0.148032
0.0868263
0.0496186
0.03514
0.0320161
0.0334951
0.0388015
0.0494921
0.0660777
0.0881032
0.117897
0.158411
0.205955
0.242687
0.266308
0.289332
0.349268
0.430996
0.445396
0.411998
0.327558
0.143607
0.121846
0.128469
0.128318
0.118537
0.116727
4.25031e-20
1.6699e-18
4.97067e-17
1.17958e-15
2.25102e-14
3.4576e-13
4.95253e-12
8.10485e-11
1.3611e-09
1.94122e-08
1.95264e-07
1.39807e-06
6.51958e-06
1.81108e-05
2.9607e-05
3.04932e-05
2.3072e-05
1.7875e-05
4.57818e-05
0.000209945
0.000833251
0.00221682
0.00386922
0.00433512
0.00415973
0.00848553
0.0355725
0.0686231
0.0767749
0.086011
0.096964
0.0975481
0.0770264
0.049269
0.0273428
0.0181639
0.0169668
0.0240392
0.0285359
0.0280709
0.017654
0.00733669
0.00216809
0.00072804
0.00161095
0.00706481
0.0235168
0.0389723
0.0593603
0.0718363
0.0676935
0.0484713
0.0206934
0.0105889
0.012835
0.0231222
0.0486195
0.0701203
0.0749872
0.0659134
0.033995
0.0232521
0.0314513
0.0444959
0.0457771
0.0455473
0.0761009
0.130065
0.171487
0.188944
0.191438
0.179324
0.13879
0.0785933
0.0400483
0.0239077
0.0191881
0.0193187
0.0222871
0.0307587
0.0459233
0.066269
0.0913838
0.12596
0.174216
0.222167
0.212898
0.206943
0.228772
0.302549
0.388502
0.39939
0.32494
0.183805
0.0481117
0.0463925
0.0595545
0.0890429
0.112396
0.122581
1.51598e-21
4.9592e-20
1.30246e-18
3.27216e-17
7.27263e-16
1.25554e-14
2.12739e-13
4.07346e-12
7.84058e-11
1.24206e-09
1.38511e-08
1.09363e-07
5.16759e-07
1.37179e-06
2.15797e-06
2.21827e-06
1.72742e-06
1.60494e-06
5.14091e-06
2.52202e-05
0.000101923
0.000265568
0.000476593
0.000636107
0.000871715
0.00275753
0.0131802
0.0465789
0.0649459
0.0664555
0.062485
0.0540701
0.0392811
0.0252397
0.0176628
0.0154722
0.0185118
0.0279356
0.0341902
0.0324886
0.023933
0.0116001
0.00344106
0.000723192
0.000367966
0.000904839
0.00285345
0.00698425
0.0163089
0.028387
0.0274553
0.0215824
0.0123883
0.00811023
0.00980928
0.0173564
0.0370352
0.0637631
0.0675482
0.0458155
0.018933
0.0213394
0.0339476
0.0426062
0.0406259
0.0512104
0.0889511
0.139783
0.168964
0.176417
0.167962
0.131929
0.0774212
0.0376779
0.0184424
0.0116078
0.0101006
0.0107251
0.0148725
0.0258829
0.0440339
0.064551
0.0892045
0.12603
0.180217
0.171688
0.13319
0.139063
0.189258
0.273038
0.296136
0.279722
0.123048
0.0418301
0.0130857
0.0174806
0.0281053
0.054432
0.092781
0.118998
2.97464e-23
9.45131e-22
2.7754e-20
8.05209e-19
2.07885e-17
4.13831e-16
7.99843e-15
1.68955e-13
3.55703e-12
6.05238e-11
7.53992e-10
6.42863e-09
2.99134e-08
7.94769e-08
1.2593e-07
1.31239e-07
1.05123e-07
1.10807e-07
4.07744e-07
2.1204e-06
8.81944e-06
2.44689e-05
5.01682e-05
7.94884e-05
0.000136802
0.000606751
0.00303309
0.01276
0.033162
0.050508
0.0528259
0.0478377
0.0401148
0.0305936
0.0232733
0.0198334
0.0226982
0.0300117
0.0354106
0.0328234
0.0245538
0.0126406
0.0040514
0.000882712
0.000173446
0.000187433
0.000481426
0.00126995
0.00297655
0.00509585
0.00683479
0.00766288
0.00685648
0.00595738
0.00752397
0.0138407
0.0314106
0.055613
0.0523726
0.0236389
0.0127926
0.0207691
0.0359665
0.0387521
0.0377421
0.0547911
0.0946903
0.132274
0.14482
0.138698
0.117724
0.0792055
0.0415944
0.0186756
0.00924489
0.00578545
0.00472936
0.00540052
0.00965491
0.0216734
0.0379525
0.0481437
0.0638036
0.095021
0.11315
0.0855803
0.0657512
0.0913076
0.155788
0.169923
0.155294
0.123388
0.0564412
0.0115672
0.00456045
0.0102299
0.0281789
0.0566513
0.0955679
0.116024
5.18779e-25
1.66341e-23
5.36117e-22
1.78162e-20
5.36205e-19
1.22524e-17
2.59665e-16
5.93542e-15
1.33509e-13
2.47062e-12
3.4813e-11
2.97818e-10
1.38793e-09
3.76114e-09
5.98943e-09
6.34076e-09
5.21977e-09
6.04841e-09
2.47955e-08
1.36098e-07
6.00131e-07
1.86083e-06
4.40001e-06
8.07418e-06
1.61448e-05
7.66866e-05
0.000439935
0.00193858
0.00661764
0.014919
0.0259062
0.0335603
0.0348937
0.0329518
0.0313877
0.0302755
0.0316619
0.0323408
0.0295012
0.0217046
0.0122448
0.00538947
0.0018472
0.000517485
0.000107593
5.27328e-05
0.000100107
0.000259052
0.000606774
0.00120269
0.00221981
0.00375603
0.00398318
0.00403219
0.0056687
0.0116273
0.0291043
0.0465172
0.0360535
0.0121188
0.00983875
0.0198156
0.0353167
0.0393873
0.0417948
0.0552779
0.0859617
0.111443
0.11335
0.0963092
0.0732921
0.0456773
0.023475
0.0116706
0.00666549
0.00368645
0.00224173
0.00242665
0.00569252
0.01615
0.0261508
0.0286581
0.0380226
0.0569999
0.0488052
0.0233165
0.0243447
0.0578044
0.105871
0.0770256
0.0584439
0.0504906
0.0172674
0.00456362
0.00310801
0.0103225
0.0345321
0.0714445
0.107341
0.101493
8.85716e-27
2.79934e-25
9.70385e-24
3.61731e-22
1.22446e-20
3.06354e-19
6.80138e-18
1.62587e-16
3.89755e-15
8.05845e-14
1.20708e-12
1.04672e-11
5.158e-11
1.40785e-10
2.27244e-10
2.46196e-10
2.10267e-10
2.62062e-10
1.1674e-09
6.83785e-09
3.28265e-08
1.15036e-07
3.06575e-07
6.26523e-07
1.35585e-06
6.49303e-06
4.20387e-05
0.000207552
0.00073003
0.00172919
0.0038269
0.00705329
0.0116353
0.0150569
0.0168609
0.0194908
0.0187275
0.016312
0.011849
0.00659024
0.00322112
0.00148723
0.000622717
0.000232351
6.39879e-05
1.73154e-05
2.46062e-05
6.26505e-05
0.00016485
0.000425514
0.00129232
0.00221655
0.00225953
0.00264625
0.0046047
0.0111562
0.0281563
0.0369819
0.0217187
0.00591733
0.00661621
0.0165612
0.0323059
0.039388
0.0444142
0.0550125
0.0765556
0.0918272
0.0835216
0.0622757
0.0439334
0.0282757
0.0171868
0.0109906
0.00695255
0.00339695
0.00151053
0.000968314
0.00270152
0.00869471
0.0134817
0.0127791
0.0163602
0.0214503
0.0136188
0.00471597
0.00776474
0.0292145
0.0621035
0.0352217
0.0245211
0.0164624
0.00798593
0.00776346
0.00367697
0.0170739
0.0334956
0.089232
0.130458
0.0922153
1.44394e-28
4.39144e-27
1.58606e-25
6.40141e-24
2.3373e-22
6.18354e-21
1.40754e-19
3.56425e-18
9.34149e-17
2.04163e-15
3.22192e-14
3.06604e-13
1.54355e-12
4.25537e-12
7.04842e-12
7.79144e-12
6.93774e-12
9.26263e-12
4.53354e-11
2.87012e-10
1.49398e-09
5.74922e-09
1.653e-08
3.57959e-08
7.99938e-08
3.82981e-07
2.75813e-06
1.5262e-05
5.79832e-05
0.000143563
0.000299084
0.000564342
0.000951691
0.00145022
0.00193349
0.00244738
0.00196058
0.00135884
0.000859122
0.000523149
0.000310714
0.000185757
0.000112812
6.23095e-05
2.6292e-05
6.41996e-06
6.74568e-06
1.73472e-05
6.20338e-05
0.000218788
0.000560281
0.000709821
0.000904022
0.00190951
0.00528686
0.0147786
0.0283083
0.0275423
0.0121961
0.00286038
0.00321369
0.00800522
0.0199139
0.0328646
0.0430449
0.0565903
0.07008
0.0734412
0.0564969
0.0407059
0.0304815
0.023242
0.0176024
0.0136778
0.00987345
0.0049135
0.00138252
0.000428046
0.000953348
0.00322963
0.0051126
0.00415082
0.00437283
0.00516284
0.00374385
0.00376304
0.00437324
0.0123794
0.0345016
0.0254951
0.013087
0.00818273
0.0073602
0.00911869
0.00395322
0.0248208
0.0600173
0.122842
0.137624
0.0723748
2.16658e-30
6.21381e-29
2.24887e-27
9.47883e-26
3.67517e-24
1.02941e-22
2.34857e-21
6.19633e-20
1.71968e-18
4.01282e-17
7.10619e-16
7.02977e-15
3.6485e-14
1.04968e-13
1.7874e-13
2.02632e-13
1.88413e-13
2.6795e-13
1.42248e-12
9.60835e-12
5.33558e-11
2.19647e-10
6.62418e-10
1.48161e-09
3.34108e-09
1.59822e-08
1.27168e-07
7.67445e-07
3.12153e-06
7.94188e-06
1.6296e-05
3.02373e-05
4.78441e-05
6.77421e-05
8.63037e-05
0.000100284
7.58582e-05
4.92025e-05
2.97217e-05
1.7892e-05
1.11132e-05
7.16236e-06
4.80354e-06
3.20879e-06
2.00592e-06
1.18215e-06
1.4702e-06
4.10919e-06
1.47097e-05
4.8604e-05
0.000104816
0.000167545
0.00045766
0.00168855
0.00615233
0.0155236
0.021705
0.0154087
0.00421332
0.00109604
0.00136169
0.00268047
0.00654822
0.0149122
0.0301242
0.0488262
0.0556905
0.0440027
0.0288186
0.0201806
0.0156815
0.01403
0.0142564
0.013639
0.0111345
0.00651117
0.00186852
0.000275923
0.000281284
0.000833875
0.00137762
0.00106294
0.00057405
0.000550056
0.00254082
0.00775845
0.00924629
0.0129968
0.0147711
0.016304
0.0143964
0.00880567
0.00998201
0.00986437
0.00326538
0.0277224
0.104677
0.135623
0.135309
0.0445566
2.93811e-32
7.7634e-31
2.69902e-29
1.14901e-27
4.62504e-26
1.35118e-24
3.13301e-23
8.52746e-22
2.50027e-20
6.39914e-19
1.22476e-17
1.22274e-16
6.78831e-16
2.02913e-15
3.59978e-15
4.24859e-15
4.11733e-15
6.32281e-15
3.66528e-14
2.61236e-13
1.52629e-12
6.59187e-12
2.04781e-11
4.65441e-11
1.05135e-10
5.0461e-10
4.3261e-09
2.7308e-08
1.14969e-07
2.92942e-07
5.89865e-07
1.06172e-06
1.53313e-06
1.95015e-06
2.28275e-06
2.58464e-06
1.86847e-06
1.15242e-06
6.67434e-07
4.06466e-07
2.66937e-07
1.85196e-07
1.2981e-07
8.79839e-08
5.60244e-08
4.01402e-08
9.14018e-08
3.83321e-07
1.25298e-06
2.91336e-06
5.86381e-06
2.16144e-05
0.00013768
0.00069808
0.00305802
0.0089303
0.00893132
0.0050904
0.00118459
0.000494293
0.000843858
0.00211817
0.00432084
0.00790957
0.0185442
0.0376166
0.0455725
0.0323904
0.0140917
0.00829419
0.00518932
0.0037507
0.00406191
0.00552601
0.00700798
0.00613827
0.00244594
0.000260135
7.04317e-05
0.000132935
0.000227165
0.000132122
7.71283e-05
0.000585147
0.00460211
0.0111925
0.0131415
0.011221
0.00543541
0.00709403
0.0119293
0.0107712
0.013987
0.0112593
0.00245786
0.0217676
0.133596
0.143973
0.136232
0.0334348
3.5157e-34
8.47646e-33
2.71644e-31
1.13443e-29
4.53988e-28
1.34561e-26
3.30397e-25
9.31799e-24
2.89249e-22
7.8497e-21
1.60905e-19
1.67781e-18
9.87403e-18
3.00088e-17
5.62699e-17
6.97601e-17
7.1204e-17
1.17508e-16
7.35921e-16
5.45467e-15
3.32661e-14
1.48304e-13
4.70553e-13
1.08632e-12
2.47039e-12
1.18272e-11
1.06358e-10
6.73419e-10
2.88522e-09
7.38133e-09
1.43961e-08
2.48895e-08
3.2454e-08
3.72145e-08
4.06065e-08
4.41313e-08
3.09854e-08
1.84135e-08
1.06285e-08
6.75965e-09
4.68505e-09
3.38112e-09
2.41101e-09
1.63365e-09
1.0394e-09
8.20825e-10
2.30504e-09
1.03391e-08
3.41512e-08
8.27961e-08
2.86767e-07
2.3712e-06
1.81119e-05
0.000109264
0.000479452
0.00113999
0.000912032
0.000447908
0.000205539
0.000188512
0.000621419
0.00220274
0.00350102
0.00429796
0.00725774
0.0160017
0.0260155
0.0229342
0.0166492
0.0113955
0.00406406
0.00106776
0.0011391
0.00167798
0.00296664
0.00317909
0.00205097
0.000318554
1.70985e-05
6.73247e-06
9.56847e-06
6.61661e-06
3.09692e-05
0.000475042
0.00360442
0.00904239
0.0111843
0.00532824
0.00244776
0.00455354
0.0111936
0.0130592
0.021248
0.0124446
0.00156848
0.0133052
0.133072
0.167001
0.138046
0.0272678
3.60933e-36
7.85457e-35
2.18419e-33
8.46252e-32
3.38519e-30
1.03541e-28
2.6462e-27
7.75746e-26
2.5117e-24
7.20502e-23
1.55704e-21
1.75989e-20
1.13317e-19
3.56765e-19
6.99903e-19
8.98875e-19
9.57169e-19
1.7257e-18
1.17403e-17
9.08519e-17
5.78762e-16
2.66732e-15
8.59682e-15
1.99834e-14
4.54389e-14
2.13054e-13
1.92619e-12
1.18916e-11
5.08511e-11
1.30625e-10
2.42221e-10
3.94168e-10
4.61386e-10
4.77923e-10
4.72275e-10
4.87071e-10
3.3759e-10
2.04071e-10
1.21453e-10
7.98829e-11
5.70362e-11
4.16449e-11
2.94454e-11
1.96325e-11
1.24427e-11
1.10043e-11
3.72647e-11
1.7781e-10
6.30881e-10
1.94628e-09
1.07843e-08
8.67386e-08
6.19097e-07
4.32663e-06
1.92611e-05
4.09869e-05
3.0759e-05
1.52645e-05
9.66847e-06
2.10918e-05
0.000115322
0.000419522
0.000602786
0.000681535
0.00103808
0.00215513
0.00409478
0.00537311
0.00763724
0.00692971
0.00247354
0.000435928
0.000369607
0.000515626
0.00105216
0.00124586
0.000898629
0.000214143
1.22471e-05
6.09344e-07
2.86446e-07
4.40026e-07
6.30464e-06
9.87141e-05
0.00081005
0.00257986
0.00386908
0.00166785
0.00355423
0.00850397
0.0139667
0.0192473
0.0288114
0.0102591
0.00100091
0.0115284
0.126091
0.162796
0.106369
0.0178901
3.15762e-38
6.1502e-37
1.4115e-35
4.88563e-34
1.97991e-32
6.10175e-31
1.72855e-29
5.5253e-28
1.95378e-26
5.83628e-25
1.26503e-23
1.43579e-22
1.00752e-21
3.15639e-21
6.61973e-21
8.67484e-21
9.84199e-21
1.94779e-20
1.44242e-19
1.15024e-18
7.57301e-18
3.52866e-17
1.14712e-16
2.6713e-16
6.10111e-16
2.76223e-15
2.47831e-14
1.49311e-13
6.2985e-13
1.60643e-12
2.80995e-12
4.2515e-12
4.59053e-12
4.46335e-12
4.08091e-12
3.84072e-12
2.65883e-12
1.68149e-12
1.05592e-12
7.23262e-13
5.23142e-13
3.80486e-13
2.65766e-13
1.74849e-13
1.11236e-13
1.14224e-13
4.71199e-13
2.39201e-12
9.28906e-12
3.53171e-11
2.19282e-10
1.66507e-09
1.12599e-08
7.85681e-08
3.38801e-07
6.76803e-07
4.98777e-07
2.79647e-07
2.15233e-07
4.81265e-07
2.12559e-06
7.34047e-06
1.14079e-05
5.40134e-05
0.000216809
0.000670266
0.00210281
0.00467862
0.00512175
0.00313802
0.00118724
0.000680305
0.000292793
0.000168259
0.000256653
0.00031011
0.000236657
7.16612e-05
5.71298e-06
2.38486e-07
1.43074e-08
8.12844e-08
1.64201e-06
2.42459e-05
0.000105449
0.00023435
0.000302079
0.000583025
0.00826268
0.0237108
0.025242
0.0290106
0.0130032
0.000851048
0.000116459
0.00332321
0.0623887
0.129544
0.0912407
0.0113125
2.27317e-40
4.04233e-39
7.39244e-38
2.27698e-36
9.02427e-35
2.98955e-33
9.89299e-32
3.62804e-30
1.28623e-28
3.78746e-27
7.45736e-26
8.18799e-25
5.84985e-24
1.8995e-23
4.27822e-23
5.90803e-23
7.32061e-23
1.68208e-22
1.36817e-21
1.12995e-20
7.56698e-20
3.50697e-19
1.13154e-18
2.61373e-18
5.9119e-18
2.59646e-17
2.3145e-16
1.36802e-15
5.58576e-15
1.37273e-14
2.22626e-14
3.10728e-14
3.11862e-14
2.9272e-14
2.52223e-14
2.20072e-14
1.47965e-14
9.63524e-15
6.47017e-15
4.68172e-15
3.46913e-15
2.53361e-15
1.75993e-15
1.1548e-15
7.56752e-16
9.627e-16
4.71212e-15
2.4879e-14
1.02718e-13
4.23995e-13
2.59555e-12
1.87977e-11
1.18596e-10
7.38854e-10
2.84352e-09
5.68809e-09
4.62112e-09
3.17091e-09
2.98997e-09
6.60325e-09
2.44373e-08
1.02863e-07
7.35357e-07
1.32579e-05
0.000113337
0.000483795
0.00173159
0.00454163
0.00514014
0.00443519
0.00410048
0.00294236
0.000795156
7.64889e-05
2.80781e-05
2.55014e-05
1.72037e-05
7.35878e-06
1.45309e-06
5.87067e-08
1.99794e-09
9.20473e-09
1.22498e-07
6.85567e-07
2.73704e-06
7.74076e-06
1.5208e-05
0.000148817
0.00287889
0.0187678
0.0285311
0.0248963
0.0103141
0.00121268
7.2206e-05
0.000220567
0.00422648
0.0168996
0.0268567
0.00200021
1.34052e-42
2.1759e-41
3.3691e-40
8.5992e-39
3.57145e-37
1.23958e-35
5.14504e-34
1.91908e-32
7.01696e-31
1.80975e-29
3.4118e-28
3.33279e-27
2.56095e-26
8.18038e-26
2.11099e-25
2.91205e-25
4.01853e-25
1.0011e-24
9.08068e-24
7.6245e-23
5.43354e-22
2.49849e-21
8.29479e-21
1.85754e-20
4.16795e-20
1.72419e-19
1.49922e-18
8.49478e-18
3.33792e-17
7.89472e-17
1.20823e-16
1.56091e-16
1.46137e-16
1.28657e-16
1.01536e-16
8.06078e-17
5.40003e-17
3.8078e-17
2.89967e-17
2.31269e-17
1.7809e-17
1.31789e-17
9.19703e-18
6.07257e-18
4.13612e-18
6.41533e-18
3.53763e-17
1.95821e-16
8.44291e-16
3.53464e-15
2.05939e-14
1.43009e-13
8.47445e-13
4.40103e-12
1.44118e-11
2.80131e-11
2.84568e-11
2.5155e-11
2.80316e-11
6.13451e-11
4.70732e-10
1.08849e-08
2.59961e-07
3.94159e-06
4.34134e-05
0.000195534
0.000741454
0.00261801
0.00510124
0.00688751
0.00665572
0.00474967
0.00123706
9.5467e-05
5.87802e-06
8.08706e-07
4.0718e-07
1.66849e-07
4.37651e-08
7.55488e-09
3.06204e-10
4.8273e-10
3.58042e-09
2.00043e-08
8.35303e-08
2.29742e-07
1.45822e-06
3.56542e-05
0.0007558
0.00577825
0.0121645
0.00127333
7.21662e-05
4.57849e-06
1.28018e-06
2.03871e-05
0.000197968
0.0005417
0.00135461
0.000183853
5.91645e-45
9.18296e-44
1.16666e-42
2.70152e-41
1.07823e-39
5.0207e-38
2.27582e-36
1.01706e-34
3.19801e-33
7.49153e-32
1.00215e-30
8.30175e-30
5.31886e-29
1.75914e-28
5.17215e-28
9.08115e-28
1.43639e-27
4.37913e-27
4.26726e-26
3.81602e-25
2.78694e-24
1.3134e-23
4.34419e-23
9.61611e-23
2.08395e-22
8.16587e-22
6.7641e-21
3.71298e-20
1.38898e-19
3.0745e-19
4.2695e-19
4.86103e-19
4.10972e-19
3.29808e-19
2.37476e-19
1.80421e-19
1.2843e-19
1.03798e-19
9.12044e-20
8.02648e-20
6.60413e-20
5.13149e-20
3.72431e-20
2.54687e-20
1.85131e-20
3.50304e-20
2.11781e-19
1.21766e-18
5.36477e-18
2.19607e-17
1.18621e-16
7.75801e-16
4.31548e-15
1.95786e-14
5.60141e-14
1.08253e-13
1.31411e-13
1.54229e-13
1.13995e-12
4.86769e-11
1.93901e-09
5.95814e-08
1.31167e-06
1.91278e-05
0.000131997
0.000558534
0.00180852
0.00399163
0.00639614
0.00631743
0.00518568
0.00256039
0.000483852
3.56676e-05
1.71024e-06
6.4853e-08
5.64563e-09
1.94724e-09
5.06655e-10
9.47593e-11
1.27266e-11
4.9099e-12
3.25607e-11
2.06355e-10
1.0042e-09
3.71319e-09
5.9816e-08
1.68257e-06
1.7581e-05
0.000142306
0.000675449
8.73032e-05
1.05732e-05
1.62709e-06
1.37018e-07
2.68483e-07
3.91595e-06
8.53851e-06
3.22791e-05
3.26618e-06
2.08861e-47
3.31631e-46
4.70565e-45
7.259e-44
4.36086e-42
1.70978e-40
1.18237e-38
3.1832e-37
1.26432e-35
1.23624e-34
1.98253e-33
8.93706e-33
6.47373e-32
1.62175e-31
7.13228e-31
1.24684e-30
3.41345e-30
1.00713e-29
1.36738e-28
1.0527e-27
9.58955e-27
3.98225e-26
1.51431e-25
3.0395e-25
7.10631e-25
2.49009e-24
2.02533e-23
1.00133e-22
3.46441e-22
7.01748e-22
9.21206e-22
9.70272e-22
7.3126e-22
5.29146e-22
3.50384e-22
2.59208e-22
2.02463e-22
1.91312e-22
1.94491e-22
1.9511e-22
1.79057e-22
1.50926e-22
1.16933e-22
8.5381e-23
6.68482e-23
1.3865e-22
8.77656e-22
5.25025e-21
2.3667e-20
9.45011e-20
4.8382e-19
3.06098e-18
1.6795e-17
7.08179e-17
1.96284e-16
3.89243e-16
5.98372e-16
1.40613e-15
4.29855e-14
2.15873e-12
9.14432e-11
3.19821e-09
7.21893e-08
8.43404e-07
6.36837e-06
7.5313e-05
0.000442638
0.00177764
0.00182847
0.000949398
0.000388239
0.000119344
2.5951e-05
3.0369e-06
8.37269e-08
1.61864e-09
5.39965e-11
1.25607e-11
3.25704e-12
6.94088e-13
1.18039e-13
4.52147e-14
2.98682e-13
2.28765e-12
1.59851e-11
1.49449e-10
1.64463e-09
1.67465e-08
1.21973e-07
5.86384e-07
9.09418e-07
1.26605e-07
1.51036e-08
3.9422e-09
2.5569e-09
9.23261e-09
7.47281e-08
9.72039e-08
6.94297e-07
9.99459e-08
)
;

boundaryField
{
    AXIS
    {
        type            empty;
    }
    OUTLET
    {
        type            inletOutlet;
        inletValue      uniform 0;
        value           nonuniform List<scalar> 
50
(
0.998942
0.996819
0.992015
0.985343
0.977491
0.968748
0.959413
0.94908
0.936891
0.92183
0.903723
0.884642
0.871347
0.866832
0.865298
0.862867
0.858431
0.852652
0.84433
0.831817
0.811904
0.778518
0.723774
0.638438
0.524445
0.401561
0.296111
0.217569
0.16063
0.126742
0.107016
0.102102
0.103088
0.106524
0.116727
0.122581
0.118998
0.116024
0
0
0
0
0
0.0272678
0
0.0113125
0.00200021
0.000183853
3.26618e-06
9.99459e-08
)
;
    }
    COFLOW
    {
        type            fixedValue;
        value           uniform 0;
    }
    PILOT
    {
        type            fixedValue;
        value           uniform 0.271;
    }
    FUEL
    {
        type            fixedValue;
        value           uniform 1;
    }
    WALL
    {
        type            zeroGradient;
    }
    front
    {
        type            wedge;
    }
    back
    {
        type            wedge;
    }
}


// ************************************************************************* //
