/*--------------------------------*- C++ -*----------------------------------*\
| =========                 |                                                 |
| \\      /  F ield         | OpenFOAM: The Open Source CFD Toolbox           |
|  \\    /   O peration     | Version:  2.3.0                                 |
|   \\  /    A nd           | Web:      www.OpenFOAM.org                      |
|    \\/     M anipulation  |                                                 |
\*---------------------------------------------------------------------------*/
FoamFile
{
    version     2.0;
    format      ascii;
    class       volScalarField;
    location    "0.01";
    object      alphaSgs;
}
// * * * * * * * * * * * * * * * * * * * * * * * * * * * * * * * * * * * * * //

dimensions      [1 -1 -1 0 0 0 0];

internalField   nonuniform List<scalar> 
5000
(
8.41572e-08
7.49631e-08
3.13255e-08
3.41092e-08
1.19773e-08
8.22499e-09
1.95504e-08
1.63021e-08
2.2151e-08
2.90278e-08
4.57942e-08
2.73886e-08
1.32907e-08
3.06645e-08
3.10801e-08
4.20063e-08
4.37339e-08
2.3136e-08
3.72909e-08
5.27406e-08
2.32792e-08
4.56904e-08
1.5987e-08
2.71297e-08
5.68824e-08
2.98334e-08
3.04583e-08
3.509e-08
2.12659e-08
2.80696e-08
2.26424e-08
6.73809e-09
1.45229e-08
7.1901e-09
2.21311e-08
1.26815e-08
2.1942e-08
2.94042e-08
3.00089e-08
3.10108e-08
4.42921e-08
3.42743e-08
5.91338e-09
1.9119e-08
2.00074e-08
1.56846e-08
1.41885e-08
2.70755e-08
3.32237e-08
3.00936e-08
4.39118e-08
4.33103e-08
3.61414e-08
2.5764e-08
5.40117e-08
5.48519e-08
2.20542e-08
2.60075e-08
4.83598e-08
5.45289e-08
3.87226e-08
4.90655e-08
3.71645e-08
3.12304e-08
3.10686e-08
2.04687e-08
2.13256e-08
2.02443e-08
2.0483e-08
2.20111e-08
1.62373e-08
9.52726e-09
1.65168e-08
5.89438e-08
8.14696e-08
3.01841e-09
3.61862e-09
1.25905e-08
3.66734e-08
2.65277e-08
1.76214e-08
5.65017e-08
2.07862e-08
1.25985e-08
4.82792e-09
6.44333e-09
9.30442e-09
1.28428e-08
2.03045e-08
2.70217e-08
3.54064e-08
1.12078e-07
2.35076e-08
8.26842e-09
8.27661e-09
4.29676e-09
1.86621e-09
9.17625e-10
7.57421e-10
1.16359e-10
4.49281e-07
2.02465e-07
1.35056e-07
1.13139e-07
8.69786e-08
4.89119e-08
3.5669e-08
8.42336e-08
3.42046e-08
4.75761e-08
7.16599e-08
6.23606e-08
2.89946e-08
2.37336e-08
4.98816e-08
6.62102e-08
4.67926e-08
2.63248e-08
3.35751e-08
3.63809e-08
3.60905e-08
7.69482e-08
5.48784e-09
3.95027e-08
8.09313e-08
1.42095e-07
8.97316e-09
5.40309e-08
6.42717e-08
7.28172e-08
7.90003e-08
7.83604e-08
3.71392e-08
5.4786e-08
7.11309e-08
3.51782e-08
5.76753e-08
7.69783e-08
5.88544e-08
5.05657e-08
3.30126e-08
4.92612e-08
3.53742e-08
4.02466e-08
3.81076e-08
3.53565e-08
5.06977e-08
5.34788e-09
5.3825e-08
4.97012e-08
2.92468e-08
2.46222e-08
4.57583e-08
7.30877e-08
8.63086e-08
8.7436e-08
6.48314e-08
7.19367e-08
9.22654e-08
1.20245e-07
8.86556e-08
1.0185e-07
1.03688e-07
1.05624e-07
1.05346e-07
7.41096e-08
4.69477e-08
4.47382e-08
5.29915e-08
5.22534e-08
5.17727e-08
2.74769e-08
6.18055e-08
1.53371e-07
2.31743e-07
2.72182e-08
2.82675e-08
1.65641e-08
3.58223e-08
5.08669e-08
5.5435e-08
9.80524e-08
8.62884e-08
2.80065e-08
2.34161e-08
3.01823e-08
2.86787e-08
3.04683e-08
4.53516e-08
5.33939e-08
2.89028e-07
1.17675e-07
1.18337e-07
3.16407e-08
1.91543e-08
1.27082e-08
5.86214e-09
2.37234e-09
2.19284e-09
3.1306e-10
2.15248e-07
1.20948e-07
9.87468e-08
3.31971e-08
5.9374e-08
3.52717e-08
4.60677e-08
1.16379e-07
1.04516e-07
1.18786e-07
1.18882e-07
1.03717e-07
1.15199e-07
1.16047e-07
4.76751e-08
2.34412e-08
1.89869e-08
5.0789e-08
1.17583e-08
1.13418e-07
1.40784e-07
8.03273e-08
4.54063e-08
5.83421e-08
4.96908e-08
1.3462e-07
1.0354e-07
1.03755e-07
7.50685e-08
9.48507e-08
7.03243e-08
9.21971e-08
8.87072e-08
1.08688e-07
1.24173e-07
6.33461e-08
1.14834e-07
1.47834e-07
2.32906e-07
2.6434e-07
2.78899e-07
2.92542e-07
2.69476e-07
2.00392e-07
1.67722e-07
1.37637e-07
1.24443e-07
4.78638e-08
8.17536e-08
5.71895e-08
2.16222e-08
3.59864e-08
3.68983e-08
8.51047e-08
1.27928e-07
3.05475e-07
2.40152e-07
2.5434e-07
2.10871e-07
1.53821e-07
7.53138e-08
6.93891e-08
7.30298e-08
1.38932e-07
1.5504e-07
1.51198e-07
7.43238e-08
5.35833e-08
4.37063e-08
3.7828e-08
5.89597e-08
7.28726e-08
1.24837e-07
2.64049e-07
3.82681e-07
9.58632e-08
6.15752e-08
2.71348e-08
4.36507e-08
4.55518e-08
5.7e-08
1.27789e-07
1.08135e-07
6.62262e-08
6.0271e-08
8.67655e-08
5.33341e-08
4.82584e-08
8.39754e-08
1.20189e-07
3.58691e-07
2.5559e-07
1.53681e-07
4.28667e-08
3.23162e-08
2.12377e-08
1.07119e-08
4.22155e-09
3.78563e-09
6.59783e-10
7.94174e-07
2.7852e-07
1.41336e-07
2.02182e-07
6.19883e-08
8.84351e-08
1.46732e-07
1.97953e-07
2.28287e-07
2.71347e-07
1.86602e-07
2.24704e-08
6.77114e-08
1.06999e-07
7.50584e-08
1.62559e-07
8.37631e-08
4.34009e-08
1.00959e-07
1.22019e-07
8.79365e-08
7.18977e-08
1.04889e-07
1.44901e-07
1.90948e-07
3.61051e-07
1.47889e-07
1.21127e-07
1.21698e-07
1.60387e-07
1.7285e-07
1.28853e-07
6.54963e-08
8.96947e-08
1.15924e-07
5.1643e-08
1.12344e-07
1.4294e-07
2.1701e-07
3.04475e-07
3.41646e-07
2.28922e-07
1.84531e-07
1.30327e-07
1.05246e-07
1.36914e-07
1.95057e-07
2.2278e-07
2.62816e-07
2.44906e-07
6.70535e-08
3.80038e-08
4.38396e-08
1.31537e-07
2.07936e-07
4.91126e-07
4.72647e-07
5.05432e-07
4.2828e-07
2.92048e-07
6.84808e-08
4.08022e-08
3.0328e-08
5.35371e-08
1.32308e-07
4.15057e-07
4.38626e-07
2.16323e-07
1.8499e-07
1.09773e-07
8.84703e-08
8.55739e-08
2.46585e-07
3.053e-07
5.77518e-07
4.1942e-07
8.55282e-08
2.61976e-08
2.22341e-08
2.60255e-08
3.79752e-08
6.77718e-08
7.14019e-08
7.39512e-08
7.61706e-08
1.08484e-07
8.71985e-08
6.06263e-08
1.11057e-07
1.51096e-07
1.13698e-07
6.6877e-07
1.82308e-07
5.99718e-08
4.8229e-08
2.98052e-08
1.60751e-08
6.18522e-09
5.44069e-09
1.29692e-09
6.31289e-07
2.58206e-07
1.82597e-07
1.75988e-07
9.83265e-08
9.95048e-08
8.92246e-08
1.01251e-07
2.36767e-07
4.40259e-08
8.02588e-08
2.05123e-07
2.78236e-07
2.20698e-07
9.18237e-08
4.11239e-08
8.28508e-08
8.98361e-08
3.00057e-08
1.55734e-07
1.95821e-07
2.47112e-07
6.78342e-08
9.60765e-08
1.87967e-07
3.20031e-07
2.04263e-07
2.33864e-07
1.85904e-07
2.41443e-07
2.67206e-07
2.05291e-07
6.82021e-08
9.09529e-08
1.21523e-07
1.24748e-07
1.94321e-07
2.72452e-07
3.27278e-07
3.66227e-07
2.93892e-07
1.57184e-07
5.77713e-08
4.63513e-08
6.16717e-08
9.11495e-08
1.02464e-07
1.9023e-07
3.47709e-07
4.59913e-07
3.91639e-07
2.0927e-07
7.83627e-08
9.1302e-08
2.26001e-07
4.227e-07
7.42009e-07
8.95972e-07
7.65718e-07
5.90381e-07
1.43807e-07
4.24462e-08
2.16345e-08
2.86892e-08
5.62548e-08
1.15876e-07
5.4178e-07
9.71211e-07
1.08817e-06
4.72279e-07
3.66628e-07
1.63896e-07
2.76739e-07
4.12426e-07
7.16672e-07
6.63047e-07
1.68852e-07
1.36862e-08
1.25763e-08
1.31801e-08
2.18274e-08
3.80079e-08
4.09291e-08
5.3148e-08
6.75e-08
1.07503e-07
8.69765e-08
7.38371e-08
1.45047e-07
1.55024e-07
1.12262e-07
9.77363e-07
1.42503e-07
6.76099e-08
6.29662e-08
3.81748e-08
2.06693e-08
8.38436e-09
7.32842e-09
2.23711e-09
3.64674e-07
2.75755e-07
2.12285e-07
4.04404e-07
3.73869e-07
3.1513e-07
2.71527e-07
2.33765e-07
2.94636e-07
3.18676e-07
3.95203e-07
5.29192e-07
4.95289e-07
2.40279e-07
1.75493e-07
2.07323e-07
1.64353e-07
1.32458e-07
1.7288e-07
1.9508e-07
2.44346e-07
2.60936e-07
3.03e-07
3.32494e-07
3.43246e-07
4.2774e-07
3.71371e-07
2.59474e-07
2.16367e-07
2.75017e-07
3.69464e-07
2.44418e-07
1.40637e-07
1.0021e-07
1.72238e-07
1.28176e-07
1.89504e-07
2.65366e-07
3.67938e-07
5.16145e-07
3.73566e-07
1.45738e-07
9.40127e-08
8.91202e-08
1.19971e-07
1.31355e-07
7.54053e-08
5.77017e-08
2.25791e-07
4.43896e-07
5.75628e-07
5.48394e-07
3.04736e-07
2.15529e-07
2.83996e-07
2.58428e-07
7.97337e-07
1.20306e-06
1.37753e-06
1.03737e-06
2.39204e-07
5.03972e-08
1.79478e-08
2.41062e-08
3.10508e-08
4.03337e-08
9.76227e-08
3.20727e-07
9.7543e-07
1.27224e-06
1.32431e-06
1.05555e-06
7.42779e-07
7.71753e-07
8.18684e-07
9.10115e-07
4.43585e-07
2.70472e-08
1.22076e-08
1.00637e-08
1.26677e-08
2.80824e-08
2.01134e-08
2.86734e-08
5.13489e-08
9.70196e-08
9.2217e-08
8.91603e-08
1.87907e-07
1.6884e-07
1.40157e-07
1.37577e-06
1.13156e-07
9.20353e-08
7.7127e-08
4.64842e-08
2.53162e-08
1.10829e-08
9.45518e-09
3.55278e-09
9.33638e-07
3.88047e-07
1.34809e-07
4.6347e-08
1.59584e-07
2.0804e-07
2.19484e-07
2.29986e-07
2.22844e-07
2.69971e-07
2.55423e-07
3.49281e-08
2.37802e-07
1.06061e-07
7.63413e-08
1.53295e-07
2.60088e-07
3.08744e-07
9.79002e-08
1.39627e-07
2.5264e-07
3.79978e-07
4.48839e-07
3.22911e-07
5.00559e-07
5.55851e-07
1.54217e-07
1.72554e-07
1.34253e-07
3.79669e-07
6.3878e-07
6.6414e-07
2.79655e-07
2.99915e-07
3.34648e-07
3.35999e-07
3.68255e-07
4.31407e-07
5.20168e-07
6.309e-07
4.59123e-07
1.38034e-07
9.2476e-08
7.88741e-08
1.00469e-07
1.11525e-07
1.1677e-07
4.97387e-08
8.443e-08
2.37985e-07
4.38934e-07
4.93633e-07
4.30465e-07
3.36626e-07
3.14871e-07
4.0282e-07
7.28241e-07
1.17186e-06
1.61178e-06
1.30201e-06
6.78312e-07
5.36299e-08
1.97931e-08
2.5126e-08
3.04067e-08
3.31718e-08
3.88826e-08
4.29564e-08
1.9909e-07
6.21145e-07
1.09536e-06
1.55226e-06
1.82656e-06
1.48232e-06
1.251e-06
1.19444e-06
6.89748e-07
5.92094e-08
2.21613e-08
1.32259e-08
1.68867e-08
3.60175e-08
1.50887e-08
2.19005e-08
5.33162e-08
9.02941e-08
9.1366e-08
1.10366e-07
2.45467e-07
1.59432e-07
1.51049e-07
1.06411e-06
1.39351e-07
1.1167e-07
8.98978e-08
5.44633e-08
3.01504e-08
1.37871e-08
1.19237e-08
5.41123e-09
8.16229e-07
8.59035e-08
4.68764e-07
5.99272e-07
2.02185e-07
4.7152e-07
3.90918e-07
6.26176e-07
9.71228e-07
6.34796e-08
3.23613e-07
4.50156e-07
3.84574e-07
3.4489e-07
3.6932e-07
4.54835e-07
1.30181e-07
1.48375e-07
1.5838e-07
1.34659e-07
2.12616e-07
7.42096e-07
1.0703e-06
4.79367e-07
4.58641e-07
5.53479e-07
3.96778e-07
1.19036e-07
6.50079e-08
9.78028e-08
2.09381e-07
1.25823e-06
9.8098e-07
4.81314e-07
2.14953e-06
1.26566e-06
9.15702e-07
6.03905e-07
6.24031e-07
8.44457e-07
6.15425e-07
2.00859e-07
6.44765e-08
4.49283e-08
6.34151e-08
8.59831e-08
9.65328e-08
7.33819e-08
3.67276e-08
4.74378e-08
5.26407e-08
1.5017e-07
1.89531e-07
1.71327e-07
1.57411e-07
1.54666e-07
3.46854e-07
7.48109e-07
1.75884e-06
1.60513e-06
1.15705e-06
2.27727e-08
1.36381e-08
1.89406e-08
2.91951e-08
2.87263e-08
2.88237e-08
3.7344e-08
1.93211e-07
3.50979e-07
5.29132e-07
8.72686e-07
1.82283e-06
1.90506e-06
1.71499e-06
1.53336e-06
1.11552e-06
9.77082e-08
3.93565e-08
1.87302e-08
1.9655e-08
3.8608e-08
1.60123e-08
3.3755e-08
6.60003e-08
9.81637e-08
1.03753e-07
1.42929e-07
3.59483e-07
5.29381e-07
1.37731e-07
9.80396e-07
2.06124e-07
1.28778e-07
1.01973e-07
6.29295e-08
3.53765e-08
1.6869e-08
1.47055e-08
6.79618e-09
4.82153e-07
1.718e-07
1.03701e-07
5.33597e-07
3.35406e-07
1.70745e-07
1.26708e-07
2.35348e-07
3.39613e-07
8.06459e-08
2.49471e-07
4.60912e-07
6.17269e-07
4.69695e-07
3.84099e-07
9.71369e-07
6.62361e-07
1.5349e-07
1.22125e-07
1.79402e-07
1.52456e-07
1.40815e-07
2.15934e-06
1.61748e-06
9.34844e-07
4.10874e-07
6.03924e-07
3.45556e-07
1.5183e-07
1.33738e-07
9.84736e-08
1.174e-07
7.12327e-07
1.00553e-06
1.7239e-06
2.29197e-06
2.33319e-06
2.16206e-06
8.76482e-07
1.14602e-06
8.05312e-07
3.85387e-07
9.26841e-08
6.19705e-08
6.1621e-08
7.78061e-08
1.16925e-07
8.41832e-08
2.30744e-08
1.14554e-08
2.44725e-08
2.66015e-08
3.73114e-08
5.95576e-08
8.03342e-08
1.1171e-07
2.11197e-07
2.07193e-07
1.073e-06
1.98746e-06
1.29866e-06
3.04436e-08
1.51969e-08
1.20692e-08
2.24279e-08
2.34404e-08
1.87878e-08
3.29629e-08
1.35558e-07
2.34109e-07
1.19563e-07
3.21256e-07
9.95599e-07
1.67264e-06
2.47987e-06
1.61628e-06
2.08395e-06
1.67959e-07
7.09726e-08
2.29307e-08
2.48438e-08
4.79549e-08
2.24288e-08
4.6489e-08
8.51151e-08
1.1356e-07
1.17017e-07
1.77878e-07
3.9852e-07
1.09587e-06
2.16785e-07
9.82403e-07
2.74529e-07
1.34523e-07
1.15368e-07
7.22142e-08
4.09025e-08
2.01819e-08
1.73296e-08
8.56155e-09
2.24167e-06
1.96083e-07
5.87652e-07
2.06037e-07
1.82081e-07
2.48804e-07
2.43514e-07
8.26421e-08
1.79972e-06
1.18205e-06
5.66432e-07
7.70956e-07
5.38047e-07
3.17537e-07
2.23058e-07
3.55018e-07
1.66538e-06
1.14578e-06
6.6263e-07
4.14964e-07
1.66123e-07
1.52185e-07
1.34102e-07
1.43334e-06
2.09712e-06
1.76635e-06
1.3917e-06
1.54791e-07
1.25805e-07
9.63054e-08
8.5706e-08
7.47403e-08
2.64994e-07
4.3399e-07
9.03417e-07
1.25828e-06
1.60845e-06
2.69385e-06
2.27152e-06
2.0575e-06
1.69745e-06
4.76938e-07
1.27122e-07
6.92796e-08
7.28218e-08
9.86838e-08
9.40388e-08
6.26485e-08
1.95192e-08
3.87573e-08
8.07761e-08
1.14644e-07
1.45201e-07
1.84736e-07
2.63857e-07
2.21974e-07
3.21825e-07
2.70337e-07
6.87064e-07
1.731e-06
1.22775e-06
7.67119e-08
5.15832e-09
8.69885e-09
1.89315e-08
1.9312e-08
1.56934e-08
1.16314e-08
1.51696e-07
2.39329e-07
1.27661e-07
1.57653e-07
4.12116e-07
1.39359e-06
2.2097e-06
1.94704e-06
3.09853e-06
2.67064e-07
1.16009e-07
2.93661e-08
3.278e-08
5.36813e-08
2.71462e-08
4.72629e-08
1.09254e-07
1.32431e-07
1.46731e-07
2.29232e-07
4.22508e-07
5.19431e-07
4.69054e-07
8.12114e-07
2.74559e-07
1.6566e-07
1.33037e-07
8.237e-08
4.64522e-08
2.33438e-08
1.98572e-08
9.45876e-09
3.10391e-07
9.92106e-07
1.28082e-06
1.46384e-06
1.00386e-06
8.32431e-07
5.07234e-07
5.89537e-07
5.81269e-07
1.33027e-06
1.58908e-06
1.49048e-06
5.22418e-07
3.25597e-07
3.16813e-07
3.76401e-07
5.47421e-07
8.40846e-07
6.50285e-07
7.36101e-07
3.58358e-07
3.9232e-07
3.52367e-07
1.29857e-06
6.62521e-07
1.42764e-06
1.26432e-06
3.72507e-07
1.5996e-07
9.71873e-08
9.2759e-08
9.36921e-08
1.30555e-07
2.93637e-07
1.60816e-07
4.32802e-07
1.15571e-06
1.26646e-06
2.32905e-06
2.15229e-06
2.21251e-06
4.19634e-07
1.35843e-07
7.61647e-08
7.34182e-08
8.79364e-08
1.30452e-07
1.42703e-08
6.71708e-08
1.50503e-07
2.2244e-07
2.71799e-07
2.66028e-07
3.90715e-07
6.64024e-07
6.11141e-07
6.37339e-07
5.64903e-07
7.9463e-07
1.51747e-06
1.09859e-06
1.69701e-07
1.33728e-09
7.6003e-09
1.60623e-08
1.62949e-08
1.25923e-08
1.94783e-08
6.29563e-08
1.73238e-07
1.594e-07
1.18769e-07
1.96488e-07
1.717e-07
1.63693e-06
1.60666e-06
3.08273e-06
6.10324e-07
1.11998e-07
3.16552e-08
4.0091e-08
6.20799e-08
3.71246e-08
4.72097e-08
1.31579e-07
1.5282e-07
1.78274e-07
2.84592e-07
5.01224e-07
4.68232e-07
5.11024e-07
6.38173e-07
2.75877e-07
1.94798e-07
1.45734e-07
9.20308e-08
5.19112e-08
2.6552e-08
2.22037e-08
1.10405e-08
7.96552e-07
4.05287e-07
5.79737e-07
5.8121e-07
4.91957e-07
4.49579e-07
3.42687e-07
6.12714e-07
6.31083e-07
8.52034e-07
1.245e-06
9.11596e-07
4.14787e-07
3.47548e-07
3.47389e-07
3.83817e-07
6.64251e-07
6.38227e-07
6.7487e-07
8.68688e-07
5.45871e-07
5.77597e-07
7.82032e-07
5.08784e-07
6.17648e-07
1.12863e-06
1.46814e-06
8.63742e-07
2.05833e-07
1.00323e-07
1.07332e-07
1.29174e-07
1.54633e-07
3.31337e-07
5.5542e-07
5.42869e-07
6.92465e-07
5.69564e-07
1.98229e-06
2.65754e-06
2.67117e-06
1.97766e-07
1.49378e-07
6.55492e-08
8.1777e-08
9.91961e-08
8.8611e-08
2.45966e-07
3.45389e-07
4.5653e-07
4.65733e-07
4.6367e-07
5.29547e-07
9.74966e-07
1.08975e-06
1.14394e-06
8.52309e-07
7.06725e-07
6.21676e-07
1.32246e-06
1.0336e-06
2.72113e-07
9.889e-09
1.10417e-08
1.76065e-08
1.84963e-08
2.14344e-08
2.25426e-08
3.13276e-08
1.96374e-08
1.2988e-07
7.70758e-08
1.42538e-07
2.12855e-07
6.22804e-07
1.85995e-06
1.31394e-06
1.10305e-06
9.16138e-08
3.31911e-08
4.81472e-08
6.82203e-08
4.65122e-08
5.75643e-08
1.5394e-07
1.74307e-07
2.28562e-07
3.46866e-07
6.77477e-07
1.3567e-07
2.01059e-06
7.06559e-07
2.97755e-07
2.26571e-07
1.53966e-07
1.01077e-07
5.71144e-08
2.9692e-08
2.46529e-08
1.3649e-08
7.11944e-09
1.82306e-07
1.33531e-07
3.11419e-08
1.46077e-07
1.35995e-07
3.90183e-07
4.5951e-07
5.60388e-07
5.19892e-07
6.10869e-07
5.82205e-07
4.60079e-07
2.04922e-07
3.74861e-07
4.7434e-07
6.61435e-07
3.91327e-07
5.16652e-07
4.11182e-07
4.71665e-07
7.1528e-07
7.94225e-07
9.58077e-07
1.10968e-06
1.53866e-06
1.20677e-06
8.62465e-07
2.45741e-07
1.36711e-07
1.74845e-07
1.73854e-07
2.81021e-07
5.16185e-07
4.85802e-07
7.46591e-07
7.14734e-07
8.82053e-07
1.16766e-06
2.04094e-06
1.64803e-06
7.02829e-07
1.9222e-07
1.00701e-07
9.32025e-08
1.0613e-07
2.98968e-07
5.02877e-07
6.66804e-07
6.51266e-07
6.2119e-07
6.19764e-07
9.39247e-07
1.34467e-06
1.31098e-06
1.24268e-06
9.48909e-07
9.99066e-07
5.93794e-07
1.1538e-06
8.43732e-07
2.52379e-07
1.77289e-08
1.71104e-08
2.3053e-08
3.39833e-08
2.75285e-08
3.25592e-08
3.34124e-08
3.42084e-08
1.12248e-07
1.72484e-07
1.51047e-07
1.95315e-07
3.92179e-07
2.07675e-06
1.18693e-06
1.5296e-06
1.67818e-07
4.17654e-08
5.89177e-08
8.20968e-08
9.42935e-08
7.21102e-08
1.74477e-07
1.94306e-07
2.76629e-07
3.95516e-07
7.04053e-07
1.3017e-07
2.65632e-06
8.11083e-07
3.19472e-07
2.47268e-07
1.63318e-07
1.09731e-07
6.24313e-08
3.34996e-08
2.75854e-08
1.68211e-08
3.68995e-07
2.71112e-08
2.40607e-07
1.93544e-07
1.3739e-07
1.86479e-07
2.16123e-07
2.97959e-07
2.85194e-07
4.5238e-07
1.11991e-07
1.54904e-07
1.85264e-07
2.62202e-07
3.46603e-07
3.34403e-07
2.51791e-07
1.20172e-07
2.3372e-07
9.20547e-08
3.84964e-07
7.91605e-07
7.07594e-07
9.21932e-07
1.04582e-06
1.67017e-06
1.0932e-06
5.82801e-07
2.58447e-07
1.77749e-07
1.84404e-07
2.90993e-07
3.87475e-07
6.02962e-07
6.84313e-07
8.87135e-07
7.55675e-07
1.02867e-06
1.1184e-06
1.6049e-06
1.37317e-06
6.89541e-07
2.13729e-07
1.22103e-07
1.27422e-07
3.28706e-07
6.23008e-07
6.61367e-07
7.70946e-07
7.18655e-07
7.82237e-07
5.89496e-07
9.42512e-07
1.04546e-06
1.18942e-06
1.17567e-06
1.0737e-06
1.05978e-06
1.22333e-06
1.07596e-06
6.74027e-07
1.5289e-07
2.60595e-08
2.4262e-08
4.14633e-08
5.90117e-08
2.78152e-08
9.97328e-08
2.32991e-07
2.99687e-07
3.07012e-07
1.92077e-07
1.31371e-07
2.09036e-07
4.40588e-07
2.64093e-06
1.82801e-06
2.20033e-06
2.80467e-07
6.44664e-08
7.64265e-08
7.99793e-08
1.05391e-07
8.07845e-08
1.97218e-07
2.12405e-07
3.47474e-07
4.20725e-07
6.76931e-07
1.398e-07
2.65633e-06
8.42824e-07
3.18138e-07
2.63326e-07
1.73818e-07
1.1866e-07
6.81397e-08
3.79269e-08
3.06273e-08
1.8606e-08
8.90456e-09
7.29546e-08
6.34222e-08
4.89247e-09
9.35805e-09
2.11055e-08
1.44491e-07
1.44553e-07
2.14053e-07
2.13598e-07
1.29196e-07
1.60007e-07
2.19421e-07
2.91557e-07
2.85193e-07
2.44453e-07
1.99745e-07
7.71784e-08
7.21783e-08
1.6038e-07
3.47919e-07
5.6516e-07
6.59611e-07
7.72968e-07
9.28e-07
6.88989e-07
8.05977e-07
3.84497e-07
2.61922e-07
2.01123e-07
2.59421e-07
4.88668e-07
4.13959e-07
5.75748e-07
6.17147e-07
1.09757e-06
8.12322e-07
7.68534e-07
1.18611e-06
1.42923e-06
8.94693e-07
5.92017e-07
2.28787e-07
1.3058e-07
2.15817e-07
4.15087e-07
5.90865e-07
7.42018e-07
6.37221e-07
4.94547e-07
4.26697e-07
3.40387e-07
8.81168e-07
7.74753e-07
1.39253e-06
1.10248e-06
1.00567e-06
1.20418e-06
1.45822e-06
1.07482e-06
5.76305e-07
1.35976e-07
1.50593e-08
4.19502e-08
7.43659e-08
6.00592e-08
9.08451e-08
3.35363e-07
4.20934e-07
3.61709e-07
2.08621e-07
8.40204e-08
1.00657e-07
1.78292e-07
5.04647e-07
2.05077e-06
2.12567e-06
2.67221e-06
3.9135e-07
9.67075e-08
8.94726e-08
1.10783e-07
6.24541e-08
8.22851e-08
2.15442e-07
2.5785e-07
4.04978e-07
4.75598e-07
8.23509e-07
1.8026e-07
2.65607e-06
7.96444e-07
3.32899e-07
2.83224e-07
1.85564e-07
1.27774e-07
7.4382e-08
4.22759e-08
3.36204e-08
2.13361e-08
1.16778e-07
8.74025e-08
6.4405e-08
9.56665e-08
1.25975e-07
1.13618e-07
1.07765e-07
1.28583e-07
1.65724e-07
1.78826e-07
1.77696e-07
1.96758e-07
2.60027e-07
2.65453e-07
1.87588e-07
1.72902e-07
1.28645e-07
4.53423e-08
2.5265e-08
4.94787e-08
2.81321e-07
4.24869e-07
5.08388e-07
6.82207e-07
7.01223e-07
6.51751e-07
5.77535e-07
3.69092e-07
1.81337e-07
2.97772e-07
5.79399e-07
4.9764e-07
4.15416e-07
4.72623e-07
7.65914e-07
1.03221e-06
8.97781e-07
8.55861e-07
9.77315e-07
1.18317e-06
9.80791e-07
5.15212e-07
2.35554e-07
1.42821e-07
3.06777e-07
3.93958e-07
5.68578e-07
4.70697e-07
3.37827e-07
2.67665e-07
1.43638e-07
3.42089e-07
6.53284e-07
7.97755e-07
1.31088e-06
1.21644e-06
8.75553e-07
1.01326e-06
9.4226e-07
7.77784e-07
3.72559e-07
8.02424e-08
2.77136e-08
6.77345e-08
8.08804e-08
1.0166e-07
3.68535e-07
5.51542e-07
4.32976e-07
1.91463e-07
4.57264e-08
1.64597e-08
6.78655e-08
2.12414e-07
8.33951e-07
2.10083e-06
2.33e-06
2.18115e-06
3.13784e-07
1.16025e-07
1.06623e-07
9.41572e-08
7.18909e-08
7.15168e-08
2.3465e-07
3.23119e-07
4.78231e-07
6.31287e-07
1.32342e-06
3.40494e-07
2.67019e-06
6.25435e-07
3.44161e-07
2.98611e-07
1.97898e-07
1.36431e-07
8.02432e-08
4.5687e-08
3.67285e-08
2.31423e-08
8.46968e-08
4.76379e-08
4.13514e-09
1.41362e-08
3.53653e-09
5.61065e-08
7.99608e-08
9.74051e-08
1.19728e-07
1.16591e-07
9.83141e-08
8.5585e-08
1.47323e-07
2.1318e-07
1.95459e-07
1.91959e-07
1.38803e-07
8.3636e-08
1.06881e-07
1.60819e-07
2.90687e-07
3.52954e-07
4.01698e-07
4.83175e-07
3.23244e-07
2.94202e-07
3.44925e-07
3.4345e-07
4.03366e-07
6.47726e-07
7.51073e-07
4.96289e-07
4.71672e-07
5.06723e-07
7.79161e-07
8.33403e-07
9.77874e-07
9.32243e-07
8.91397e-07
8.61389e-07
6.82959e-07
3.90184e-07
2.06565e-07
1.85539e-07
2.50955e-07
3.25828e-07
3.72887e-07
2.4973e-07
1.6966e-07
1.81747e-07
2.24997e-07
2.69003e-07
4.28212e-07
7.97201e-07
1.05824e-06
1.01415e-06
8.59358e-07
4.14573e-07
4.72012e-07
3.91828e-07
2.36873e-07
6.59009e-08
4.74525e-08
8.20949e-08
1.06053e-07
3.56302e-07
4.45621e-07
5.10663e-07
2.04999e-07
5.81365e-08
6.18607e-08
2.54239e-08
6.35167e-08
4.39998e-07
1.13902e-06
2.3786e-06
2.30495e-06
1.32788e-06
2.49186e-07
1.16777e-07
9.74201e-08
1.54063e-07
3.63357e-08
7.47766e-08
2.5601e-07
4.41386e-07
5.63681e-07
5.83313e-07
3.49543e-06
4.21133e-07
1.93233e-06
6.09877e-07
3.74409e-07
3.15155e-07
2.11163e-07
1.44253e-07
8.51063e-08
4.84956e-08
3.98277e-08
2.4795e-08
2.00212e-07
6.80665e-08
1.18084e-07
1.61948e-08
4.56689e-08
1.14006e-07
1.42176e-07
1.44684e-07
1.56625e-07
1.08729e-07
7.03893e-08
9.7266e-08
1.87235e-07
2.37431e-07
2.18244e-07
1.92381e-07
1.44804e-07
1.03508e-07
1.12294e-07
1.66476e-07
2.81497e-07
3.37424e-07
3.21221e-07
2.7549e-07
1.00571e-07
2.41413e-07
2.22175e-07
4.38489e-07
5.90471e-07
7.89338e-07
6.24883e-07
4.87134e-07
4.59639e-07
5.08919e-07
5.30467e-07
6.95267e-07
1.15577e-06
7.01584e-07
6.0446e-07
5.09435e-07
4.16587e-07
3.06029e-07
1.66216e-07
1.48098e-07
2.22939e-07
3.49994e-07
3.06701e-07
1.59948e-07
1.11674e-07
4.36922e-08
1.93828e-07
2.79221e-07
2.73242e-07
4.97987e-07
9.01379e-07
1.14196e-06
1.38742e-06
4.64632e-07
1.89157e-07
2.73032e-07
2.49039e-07
9.42532e-08
7.05886e-08
1.36712e-07
3.22211e-07
5.44684e-07
4.83854e-07
1.43118e-07
7.67339e-08
1.80729e-07
9.93213e-08
2.99424e-08
1.10494e-07
5.7292e-07
1.89232e-06
2.43773e-06
2.0012e-06
6.66584e-07
1.83104e-07
1.08378e-07
1.14593e-07
9.85743e-08
7.84714e-08
1.00366e-07
3.23795e-07
5.16681e-07
6.6008e-07
9.57669e-07
1.9485e-06
1.30682e-06
1.71448e-06
6.79731e-07
4.022e-07
3.29139e-07
2.24791e-07
1.5206e-07
8.92353e-08
5.15517e-08
4.37645e-08
2.54636e-08
2.29072e-07
6.43759e-08
1.4235e-07
1.90783e-07
1.78056e-07
2.21873e-07
2.14326e-07
2.08518e-07
1.81429e-07
1.46847e-07
1.31418e-07
1.51175e-07
2.20663e-07
2.79197e-07
2.51796e-07
2.23468e-07
1.8143e-07
1.58293e-07
1.8479e-07
2.35063e-07
3.13661e-07
3.35666e-07
2.86023e-07
2.08147e-07
2.01894e-07
2.58074e-07
4.54624e-07
6.27907e-07
7.50621e-07
6.61193e-07
6.10923e-07
4.85896e-07
4.45707e-07
4.66273e-07
4.28601e-07
6.19878e-07
9.56121e-07
7.15332e-07
3.94502e-07
2.72288e-07
2.63558e-07
2.51042e-07
1.37743e-07
2.19078e-07
3.92231e-07
3.99246e-07
2.63371e-07
1.55869e-07
1.28414e-07
1.93123e-07
2.46868e-07
3.0269e-07
2.23277e-07
2.28327e-07
3.73689e-07
8.10118e-07
1.0236e-06
6.30295e-07
5.55669e-07
3.04297e-07
2.44081e-07
8.373e-08
1.3554e-07
3.65106e-07
5.29208e-07
4.61477e-07
7.0885e-08
4.67792e-08
1.44015e-07
2.20152e-07
1.20682e-07
1.69007e-08
2.47293e-07
6.70927e-07
2.31283e-06
1.89847e-06
1.60166e-06
5.43227e-07
1.35448e-07
1.08991e-07
9.14396e-08
1.33696e-07
1.46484e-07
7.06905e-08
3.01899e-07
8.15324e-07
8.38078e-07
9.35197e-07
2.12058e-07
2.61459e-06
1.82863e-06
7.51862e-07
4.42987e-07
3.46591e-07
2.38853e-07
1.58509e-07
9.28826e-08
5.56062e-08
4.86296e-08
2.60895e-08
4.31967e-07
4.90176e-07
5.73419e-07
4.95657e-07
3.88409e-07
3.7697e-07
3.46404e-07
3.22829e-07
3.09085e-07
3.12905e-07
2.97296e-07
2.99129e-07
3.23871e-07
3.09533e-07
2.8028e-07
2.54141e-07
2.11066e-07
2.08803e-07
2.42086e-07
3.05585e-07
3.77197e-07
3.25226e-07
2.15974e-07
1.52178e-07
1.27165e-07
1.68705e-07
3.30749e-07
5.00647e-07
5.59133e-07
5.38933e-07
5.4038e-07
4.68997e-07
4.35923e-07
4.39742e-07
3.77864e-07
4.05605e-07
5.7281e-07
7.13503e-07
4.18425e-07
2.01159e-07
2.30425e-07
1.83386e-07
1.65157e-07
4.37649e-07
4.9512e-07
4.00369e-07
2.6014e-07
1.7142e-07
1.43722e-07
1.05571e-07
1.95841e-07
2.72283e-07
2.67743e-07
2.70522e-07
2.50874e-07
4.54692e-07
5.74529e-07
5.94009e-07
5.55293e-07
2.39023e-07
2.32301e-07
1.57595e-07
4.9117e-07
5.54046e-07
4.79531e-07
1.74406e-07
5.87135e-08
9.41659e-08
1.79508e-07
2.63732e-07
1.04094e-07
2.23491e-07
3.74548e-07
7.23681e-07
2.13987e-06
1.19102e-06
1.13489e-06
3.68938e-07
1.37108e-07
1.00058e-07
1.02316e-07
9.26011e-08
2.4469e-07
4.40077e-07
7.75721e-07
1.05038e-06
1.20153e-06
8.43391e-07
2.33132e-07
4.77358e-06
1.67902e-06
7.5632e-07
4.72255e-07
3.62817e-07
2.49925e-07
1.64368e-07
9.62787e-08
5.98537e-08
5.20188e-08
2.84985e-08
7.41583e-07
8.74302e-07
8.60246e-07
6.59752e-07
5.52957e-07
5.00101e-07
4.84065e-07
4.77067e-07
4.75227e-07
4.40728e-07
4.02715e-07
3.7169e-07
3.59582e-07
3.60371e-07
3.47011e-07
3.3147e-07
3.22061e-07
3.47928e-07
4.0559e-07
4.4399e-07
3.79555e-07
2.76604e-07
1.80785e-07
1.20673e-07
6.34384e-08
1.14089e-07
2.94525e-07
4.28462e-07
4.77868e-07
4.74758e-07
4.91288e-07
4.46793e-07
4.30102e-07
4.38445e-07
3.55158e-07
3.41297e-07
3.89691e-07
2.80638e-07
2.8335e-07
1.98062e-07
2.54856e-07
2.24065e-07
5.44438e-07
6.15036e-07
5.57406e-07
3.94852e-07
2.6684e-07
1.8099e-07
1.51958e-07
2.07403e-07
2.33976e-07
2.89345e-07
2.69284e-07
3.03932e-07
2.71339e-07
2.71081e-07
1.39526e-07
2.08759e-07
1.68224e-07
2.62506e-07
3.9805e-07
6.2714e-07
7.45673e-07
4.83969e-07
2.21797e-07
1.94429e-07
1.17905e-07
1.28645e-07
2.4003e-07
5.56695e-08
1.41314e-07
2.02491e-07
3.49529e-07
7.08187e-07
2.21697e-06
1.43694e-06
1.08675e-06
3.68726e-07
1.77886e-07
1.05106e-07
1.45027e-07
1.63749e-07
5.0265e-07
1.14572e-07
4.74649e-07
1.42293e-06
7.41307e-07
5.22011e-06
3.80537e-07
4.24623e-06
1.57413e-06
7.97973e-07
5.29955e-07
4.03381e-07
2.78439e-07
1.80346e-07
1.06409e-07
6.74913e-08
5.81955e-08
3.3486e-08
7.39112e-07
7.41619e-07
6.48859e-07
5.4161e-07
5.78387e-07
5.79058e-07
5.92312e-07
5.88124e-07
5.57611e-07
4.88259e-07
4.22284e-07
3.90418e-07
3.82152e-07
3.70305e-07
3.56569e-07
3.74269e-07
3.64185e-07
4.1008e-07
4.07624e-07
3.49883e-07
2.66277e-07
2.33797e-07
1.53264e-07
7.80388e-08
2.97118e-08
6.96382e-08
1.88817e-07
3.16634e-07
3.4867e-07
3.47826e-07
3.45617e-07
3.22566e-07
3.29817e-07
3.65007e-07
3.2413e-07
3.2096e-07
2.84809e-07
2.05747e-07
2.05153e-07
1.26282e-07
2.75578e-07
5.3933e-07
6.68474e-07
6.24435e-07
4.27692e-07
3.13829e-07
2.23327e-07
1.59784e-07
1.54207e-07
1.82063e-07
2.26447e-07
2.71637e-07
3.10828e-07
3.1877e-07
3.43442e-07
2.55188e-07
1.41811e-07
6.72971e-08
7.42444e-08
3.93102e-07
5.69472e-07
6.47686e-07
4.72789e-07
2.29238e-07
1.99949e-07
2.24434e-07
9.80677e-08
2.2234e-07
2.55187e-07
2.64245e-07
1.29325e-07
2.61938e-07
3.29912e-07
6.88365e-07
2.01538e-06
1.76964e-06
1.31448e-06
3.38415e-07
1.79195e-07
1.62288e-07
2.92072e-07
3.09521e-07
1.37772e-06
1.82527e-06
8.92532e-07
1.8593e-06
1.03757e-06
7.1724e-06
3.11653e-06
3.27855e-06
1.35047e-06
8.65337e-07
5.73111e-07
4.44597e-07
3.07475e-07
1.96298e-07
1.1721e-07
7.60155e-08
6.48012e-08
3.66295e-08
2.73481e-09
3.64702e-07
2.93054e-07
2.33999e-07
2.32161e-07
2.01358e-07
2.12695e-07
1.96555e-07
2.37928e-07
2.28116e-07
2.15823e-07
2.1513e-07
2.1858e-07
1.82709e-07
1.55677e-07
1.7039e-07
2.01395e-07
2.22645e-07
2.23393e-07
2.07376e-07
2.81992e-07
2.6375e-07
1.38393e-07
5.26039e-08
1.32224e-08
6.1563e-08
1.61601e-07
2.54667e-07
2.7258e-07
2.54367e-07
2.52628e-07
2.38561e-07
2.52714e-07
2.81914e-07
2.6748e-07
2.8537e-07
2.58522e-07
2.24874e-07
2.35368e-07
3.71321e-07
4.93618e-07
6.79797e-07
5.94365e-07
4.41546e-07
3.11852e-07
2.10246e-07
1.69854e-07
1.4431e-07
1.6356e-07
2.24049e-07
2.83351e-07
3.30273e-07
4.38069e-07
4.35882e-07
4.57232e-07
3.23284e-07
1.94711e-07
8.70135e-08
1.28121e-07
3.48797e-07
4.62991e-07
4.22402e-07
2.9702e-07
2.01856e-07
2.23535e-07
2.63244e-07
2.12364e-07
2.66322e-07
3.06512e-07
3.6841e-07
7.9585e-08
1.62211e-07
2.62881e-07
6.61909e-07
2.0516e-06
1.76335e-06
1.43403e-06
2.50135e-07
1.59497e-07
8.36674e-08
4.39811e-07
8.96382e-07
2.6812e-06
2.43889e-06
8.3491e-07
2.85614e-06
8.61194e-08
2.3684e-06
6.00785e-06
2.349e-06
1.27614e-06
8.94701e-07
6.17427e-07
4.88264e-07
3.35412e-07
2.15061e-07
1.31075e-07
8.65317e-08
7.20252e-08
3.91198e-08
7.81503e-08
3.60143e-07
2.95594e-07
2.69509e-07
2.48995e-07
2.39675e-07
2.14289e-07
2.05893e-07
1.9452e-07
1.61092e-07
1.1597e-07
4.45091e-08
4.1834e-08
8.87981e-08
8.94568e-08
1.45491e-07
8.54439e-08
1.26643e-07
1.5509e-07
3.02351e-07
3.75555e-07
2.05298e-07
7.31679e-08
3.06382e-08
1.70182e-08
3.53844e-08
9.23388e-08
1.53115e-07
1.88245e-07
1.95499e-07
1.97128e-07
1.84846e-07
2.01112e-07
2.20334e-07
2.29541e-07
2.38356e-07
2.28736e-07
2.09926e-07
2.45308e-07
3.56338e-07
4.43948e-07
3.9505e-07
3.68146e-07
2.51043e-07
1.88041e-07
1.36404e-07
1.44121e-07
1.48144e-07
1.85587e-07
2.45127e-07
3.1149e-07
4.78975e-07
5.24508e-07
6.58579e-07
5.39192e-07
3.0248e-07
1.13793e-07
1.20342e-07
2.75852e-07
4.17846e-07
4.16913e-07
3.79182e-07
2.81722e-07
2.38887e-07
3.14431e-07
3.98512e-07
3.11262e-07
3.01104e-07
2.49436e-07
1.36654e-07
1.46007e-07
2.32545e-07
3.65001e-07
7.79351e-07
2.05134e-06
1.97149e-06
1.39386e-06
2.39384e-07
1.19609e-07
1.4898e-07
6.09655e-07
1.06915e-06
2.30994e-06
6.28812e-07
2.07908e-06
3.98876e-06
7.50759e-06
6.06833e-06
4.26962e-06
1.86898e-06
1.25066e-06
9.36773e-07
6.63208e-07
5.31971e-07
3.63846e-07
2.35181e-07
1.46472e-07
9.67308e-08
8.24919e-08
4.64676e-08
2.91441e-07
2.73269e-07
7.8836e-08
2.86084e-07
2.60848e-07
2.45647e-07
2.08051e-07
1.64816e-07
1.16829e-07
5.64655e-08
5.76018e-08
3.52062e-08
3.47781e-08
1.36274e-07
1.12934e-07
1.32537e-07
9.19368e-08
1.36121e-07
2.43374e-07
4.31772e-07
2.33724e-07
1.50221e-07
4.6163e-08
2.32152e-08
2.00553e-08
3.99472e-08
7.65619e-08
1.19798e-07
1.48656e-07
1.60484e-07
1.78198e-07
1.75206e-07
1.92345e-07
2.00014e-07
2.05161e-07
2.30265e-07
2.01812e-07
1.6794e-07
1.72367e-07
2.35929e-07
2.34005e-07
2.14339e-07
2.09786e-07
1.84026e-07
1.39803e-07
6.79131e-08
1.46058e-07
1.82688e-07
2.65985e-07
3.50354e-07
4.70386e-07
6.51238e-07
7.53297e-07
7.19375e-07
4.22838e-07
1.83618e-07
1.49138e-07
3.29549e-07
3.84262e-07
4.218e-07
3.87781e-07
3.45737e-07
3.44968e-07
4.08167e-07
4.27438e-07
4.29678e-07
4.33594e-07
4.75793e-07
3.49065e-07
2.77928e-07
3.48735e-08
2.04785e-07
3.83657e-07
9.19863e-07
1.98287e-06
2.18846e-06
1.15111e-06
2.32914e-07
1.2753e-07
3.32226e-07
1.00871e-06
2.26682e-08
2.63545e-06
2.9171e-06
3.02616e-06
8.62341e-06
1.13016e-05
5.84904e-06
2.66041e-06
1.79087e-06
1.2738e-06
9.7984e-07
7.08266e-07
5.74204e-07
3.93587e-07
2.57508e-07
1.63835e-07
1.10711e-07
9.6933e-08
5.41775e-08
4.99157e-08
2.4092e-07
2.23981e-07
2.13533e-07
1.37771e-07
3.1411e-08
1.49529e-07
5.0625e-08
2.38777e-08
2.42356e-08
2.59248e-08
6.22929e-08
1.18197e-07
6.54239e-08
1.02815e-07
1.17524e-07
1.23499e-07
1.63692e-07
4.66298e-07
3.15739e-07
3.71009e-07
2.74128e-07
6.39617e-08
2.3241e-08
3.69877e-08
4.7841e-08
6.5399e-08
9.93682e-08
1.36708e-07
1.63391e-07
1.89253e-07
1.89863e-07
2.0934e-07
2.06198e-07
2.14493e-07
2.15106e-07
1.70755e-07
1.01668e-07
6.45813e-08
8.65326e-08
1.02731e-07
1.3676e-07
1.70049e-07
1.61366e-07
1.42273e-07
1.12236e-07
1.72489e-07
2.56829e-07
3.31648e-07
4.92276e-07
7.19816e-07
7.98011e-07
7.97906e-07
5.21222e-07
2.85304e-07
2.5493e-07
2.8035e-07
4.27498e-07
2.8221e-07
3.4383e-07
3.87254e-07
4.35046e-07
4.00947e-07
5.75133e-07
7.04637e-07
6.2328e-07
5.37131e-07
6.13766e-07
2.68391e-07
2.07188e-07
9.93488e-08
3.10708e-07
5.51019e-07
1.09483e-06
1.8437e-06
2.16261e-06
1.10177e-06
2.72228e-07
2.49077e-07
7.86523e-07
2.01036e-06
3.20628e-06
5.09895e-06
3.26756e-07
6.17678e-06
7.49393e-06
8.88707e-06
4.49181e-06
1.96815e-06
1.76039e-06
1.28346e-06
1.02091e-06
7.53299e-07
6.18263e-07
4.25317e-07
2.81519e-07
1.83687e-07
1.26021e-07
1.13535e-07
6.37296e-08
1.57972e-07
4.83647e-08
3.85492e-08
1.63144e-07
1.48679e-07
1.2781e-07
7.26191e-08
6.14953e-08
1.25368e-08
1.14648e-08
1.19911e-08
5.07118e-08
9.88133e-08
7.21926e-08
4.60799e-08
6.72493e-08
5.59739e-08
2.96549e-07
4.35817e-07
4.35462e-07
3.13033e-07
4.19442e-07
1.82812e-07
9.93983e-08
5.34312e-08
5.17925e-08
7.12091e-08
1.1905e-07
1.66737e-07
1.82118e-07
2.26003e-07
2.37815e-07
2.47366e-07
2.29506e-07
2.38548e-07
2.4339e-07
1.84397e-07
7.56066e-08
5.76191e-09
3.63454e-08
8.33165e-08
1.37352e-07
2.15381e-07
2.10598e-07
1.86195e-07
7.11822e-08
2.38203e-07
3.29124e-07
5.2375e-07
8.56176e-07
7.73224e-07
8.33767e-07
6.5889e-07
3.93827e-07
2.90865e-07
2.45603e-07
2.55563e-07
2.93983e-07
3.67142e-07
4.40248e-07
3.59423e-07
3.52615e-07
7.85349e-07
1.05511e-06
1.12487e-06
8.5088e-07
6.45008e-07
4.57965e-07
2.40668e-07
2.11455e-07
2.80814e-07
4.74215e-07
6.79004e-07
1.13769e-06
1.76025e-06
1.99987e-06
1.1499e-06
3.60634e-07
3.30568e-07
1.71999e-06
8.72661e-08
4.25462e-06
4.81016e-06
4.25514e-06
1.51218e-05
9.77329e-06
5.46251e-06
2.70011e-06
1.84442e-06
1.71496e-06
1.28787e-06
1.06421e-06
8.03331e-07
6.61499e-07
4.57128e-07
3.04625e-07
2.00114e-07
1.39537e-07
1.30624e-07
7.03686e-08
2.87213e-08
8.06448e-08
9.7947e-08
1.06534e-07
4.1974e-08
4.70041e-08
6.8439e-08
3.36842e-08
1.37559e-08
1.29268e-08
2.12056e-08
7.96479e-08
6.01085e-08
3.13526e-08
7.2379e-09
3.56623e-08
1.83908e-07
4.48047e-07
2.30789e-07
1.41819e-07
5.31472e-07
1.73428e-07
2.26628e-07
1.86817e-07
8.27287e-08
5.73798e-08
1.59285e-07
1.59604e-07
1.75949e-07
2.11809e-07
2.65771e-07
2.42263e-07
2.3393e-07
2.26738e-07
2.71643e-07
2.61757e-07
1.81385e-07
9.24146e-08
3.69625e-08
4.74109e-08
1.05532e-07
2.0505e-07
2.96937e-07
3.22e-07
2.51993e-07
2.88416e-07
3.18185e-07
5.13304e-07
9.27702e-07
8.42071e-07
8.15728e-07
7.76575e-07
4.73901e-07
3.42126e-07
3.20068e-07
3.69498e-07
1.70192e-07
4.54749e-07
3.53332e-07
3.77511e-07
7.18453e-07
1.00066e-06
1.34741e-06
1.37129e-06
9.55527e-07
6.33017e-07
3.46286e-07
4.64264e-07
1.5411e-07
3.18976e-07
5.94756e-07
6.63291e-07
7.71499e-07
1.12381e-06
1.61536e-06
1.79285e-06
1.19473e-06
4.29581e-07
3.42336e-07
1.7271e-06
3.06986e-06
1.45685e-05
6.30756e-06
1.31227e-06
7.20485e-06
5.32468e-06
3.03448e-06
2.31224e-06
1.80327e-06
1.68819e-06
1.30305e-06
1.1114e-06
8.58223e-07
7.03287e-07
4.84914e-07
3.26068e-07
2.17657e-07
1.53361e-07
1.50027e-07
7.66117e-08
3.60145e-08
3.92281e-08
6.09909e-08
8.68664e-08
4.47104e-08
6.60568e-08
8.57507e-08
4.94656e-08
1.16114e-08
1.77775e-08
2.44712e-08
1.2043e-07
5.21189e-08
2.31029e-08
1.89162e-08
1.69761e-08
3.31942e-07
1.29723e-07
1.10947e-07
1.3168e-07
1.63869e-07
2.85045e-07
2.89186e-07
2.05196e-07
1.95418e-07
1.43272e-07
1.82777e-07
1.42485e-07
2.09127e-07
2.73265e-07
2.65949e-07
2.35798e-07
2.42647e-07
2.30002e-07
2.76745e-07
2.40176e-07
1.95031e-07
1.44097e-07
1.07595e-07
1.08381e-07
1.74602e-07
2.88082e-07
4.26282e-07
4.02549e-07
3.49286e-07
3.64023e-07
4.97354e-07
8.26878e-07
1.40935e-06
9.33779e-07
1.03706e-06
5.65807e-07
4.56495e-07
3.8053e-07
2.94992e-07
3.13946e-07
3.73508e-07
3.98665e-07
7.35149e-07
1.02198e-06
1.43585e-06
1.49484e-06
1.11223e-06
7.77317e-07
7.03652e-07
5.74372e-07
6.8769e-07
6.3213e-07
4.2419e-07
9.05801e-07
9.1772e-07
6.15917e-07
7.44563e-07
1.0957e-06
1.50089e-06
1.76782e-06
1.24417e-06
5.4194e-07
8.95188e-07
3.28477e-06
3.35189e-06
7.85942e-06
1.92452e-07
1.27776e-06
6.22969e-06
1.71518e-06
2.02252e-06
2.10209e-06
1.75016e-06
1.66413e-06
1.31993e-06
1.15982e-06
9.10758e-07
7.42188e-07
5.14712e-07
3.48403e-07
2.37438e-07
1.70672e-07
1.74042e-07
8.65673e-08
2.4844e-08
1.80783e-08
4.64273e-08
6.76643e-08
4.04727e-08
5.31252e-08
9.7013e-08
7.28495e-08
2.34205e-08
2.27419e-08
1.14964e-08
2.57523e-08
2.3009e-07
8.09405e-08
1.74003e-08
4.66766e-08
1.86223e-07
7.5982e-08
9.08861e-08
1.14741e-07
1.75242e-07
2.96627e-07
3.92606e-07
1.08435e-07
1.99525e-07
9.54431e-08
1.38213e-07
1.51285e-07
2.74262e-07
2.2626e-07
2.27941e-07
1.81781e-07
2.0329e-07
2.83489e-07
2.7509e-07
2.71109e-07
2.86046e-07
2.344e-07
1.4049e-07
1.33224e-07
2.02084e-07
4.18609e-07
5.02331e-07
4.91685e-07
3.7853e-07
4.68577e-07
5.43071e-07
1.30071e-06
1.46145e-06
1.12258e-06
9.2405e-07
5.58362e-07
4.72299e-07
3.58598e-07
3.19329e-07
5.44773e-07
6.25016e-07
8.02491e-07
1.3041e-06
1.585e-06
1.39829e-06
9.82463e-07
6.80729e-07
6.62639e-07
5.82953e-07
6.14537e-07
7.97399e-07
1.37623e-06
1.48243e-06
1.61534e-06
7.69738e-07
5.80404e-07
8.65665e-07
1.12513e-06
1.41565e-06
1.63584e-06
1.38824e-06
3.74231e-07
1.03881e-06
3.65237e-06
3.22554e-06
2.38039e-06
1.611e-06
3.90792e-07
2.72558e-06
3.12963e-06
2.32736e-06
2.0699e-06
1.75341e-06
1.66989e-06
1.35777e-06
1.19376e-06
9.56728e-07
7.76896e-07
5.44836e-07
3.6879e-07
2.57094e-07
1.89757e-07
1.99545e-07
9.81527e-08
5.73944e-08
1.83905e-08
2.18449e-08
7.40744e-08
4.21063e-08
5.70428e-08
9.59355e-08
7.26135e-08
4.03696e-08
1.48542e-08
2.97973e-08
7.94525e-08
2.08037e-07
1.85956e-07
4.40374e-08
3.95686e-08
6.05337e-08
5.4762e-08
1.15037e-07
7.35705e-08
1.86468e-07
2.69007e-07
9.88566e-08
1.77039e-07
2.15625e-07
7.65168e-08
1.01031e-07
2.5483e-07
2.41837e-07
2.01694e-07
2.59592e-07
2.29166e-07
3.24341e-07
3.5655e-07
3.67062e-07
4.31912e-07
4.55404e-07
2.77131e-07
1.55712e-07
1.96951e-07
2.57351e-07
6.31829e-07
4.451e-07
4.7845e-07
3.05363e-07
3.11795e-07
6.54272e-07
1.87504e-06
1.26935e-06
1.64149e-06
8.18905e-07
6.32898e-07
4.05632e-07
4.10176e-07
4.5226e-07
6.44392e-07
1.76259e-06
2.47946e-06
1.40541e-06
1.24826e-06
9.61711e-07
6.8423e-07
7.21933e-07
6.49309e-07
8.11232e-07
7.24178e-07
1.12906e-06
1.68808e-06
2.17703e-06
1.74228e-06
1.78068e-06
1.21708e-06
1.33464e-06
1.34789e-06
1.40677e-06
1.45157e-06
1.08967e-06
6.53675e-07
1.30181e-06
2.29832e-07
2.75548e-06
3.85975e-06
7.91995e-07
7.87375e-07
2.37543e-06
1.98877e-06
1.93062e-06
1.93624e-06
1.71263e-06
1.70716e-06
1.38448e-06
1.23055e-06
9.93762e-07
8.19516e-07
5.76254e-07
3.96792e-07
2.80642e-07
2.12129e-07
2.27828e-07
1.13656e-07
2.72196e-08
1.38416e-08
4.90335e-08
7.02123e-08
4.45646e-08
5.34353e-08
1.02982e-07
9.46316e-08
3.94133e-08
1.00759e-08
3.02218e-08
5.78729e-08
5.50721e-08
7.06958e-08
4.34591e-08
4.26715e-08
4.26921e-08
4.86941e-08
7.08661e-08
8.85181e-08
2.61193e-07
6.94927e-08
9.88112e-08
1.638e-07
1.95135e-07
4.01146e-08
7.07196e-08
2.30102e-07
2.2899e-07
3.11371e-07
1.71738e-07
1.81727e-07
3.23638e-07
3.63898e-07
4.95788e-07
5.74725e-07
4.92751e-07
3.48921e-07
2.66077e-07
2.37503e-07
3.48566e-07
6.69045e-07
4.3368e-07
2.65594e-07
2.23846e-07
9.44409e-08
1.04901e-06
1.95993e-06
1.35197e-06
1.53983e-06
8.39904e-07
5.77477e-07
3.80212e-07
4.02842e-07
5.98533e-07
2.15033e-06
2.86653e-06
1.42199e-06
1.38715e-06
1.19558e-06
9.21762e-07
8.26388e-07
7.64283e-07
6.61194e-07
8.85714e-07
1.02899e-06
2.05716e-06
2.80912e-06
2.29149e-06
2.31814e-06
1.50176e-06
1.47824e-06
1.40063e-06
1.17103e-06
9.24251e-07
1.03681e-06
1.37992e-06
1.37322e-06
2.72913e-06
7.08452e-06
3.58439e-06
1.15979e-07
2.13112e-06
1.20657e-06
2.42667e-06
2.31577e-06
1.94797e-06
1.94845e-06
1.69508e-06
1.71163e-06
1.41001e-06
1.25764e-06
1.02724e-06
8.38065e-07
5.98906e-07
4.27664e-07
3.06313e-07
2.38796e-07
2.54578e-07
1.25731e-07
8.99464e-08
1.22869e-08
2.06123e-08
7.91529e-08
2.92592e-08
6.23728e-08
1.08384e-07
8.27412e-08
3.9602e-08
6.10864e-09
1.2737e-08
3.43967e-08
4.42145e-08
3.63933e-08
3.30159e-08
4.43211e-08
4.39407e-08
2.97865e-08
4.1431e-08
4.45501e-08
1.69673e-07
5.90661e-07
2.24373e-07
4.8346e-08
8.01909e-08
4.16455e-08
1.23649e-07
2.79399e-07
3.12769e-07
2.55376e-07
8.61188e-08
1.79975e-07
2.73414e-07
3.85926e-07
5.44196e-07
2.61192e-07
3.89586e-07
4.91477e-07
4.58756e-07
2.98266e-07
4.74382e-07
4.83006e-07
2.94195e-07
2.39709e-07
1.52842e-07
1.99443e-08
1.4322e-06
1.64265e-06
2.05821e-06
1.38599e-06
5.93848e-07
5.68764e-07
3.46108e-07
3.66895e-07
1.54691e-06
3.11294e-06
1.17751e-06
1.79645e-06
1.35216e-06
1.06595e-06
1.01728e-06
9.18221e-07
8.39967e-07
7.22287e-07
1.31293e-06
2.25287e-06
2.67835e-06
3.15986e-06
2.26654e-06
2.09975e-06
2.28938e-06
6.553e-07
7.92522e-07
6.91047e-07
7.68281e-07
1.11718e-06
1.78698e-06
2.60838e-06
2.42725e-06
5.58943e-06
9.62102e-06
1.98569e-06
3.22631e-07
1.11029e-06
2.27998e-06
1.91569e-06
1.88292e-06
1.89874e-06
1.74114e-06
1.66975e-06
1.47643e-06
1.27228e-06
1.04043e-06
8.45416e-07
6.14985e-07
4.53174e-07
3.33925e-07
2.63242e-07
2.84856e-07
1.37958e-07
6.07114e-08
1.37981e-08
5.46743e-08
8.47708e-08
4.63188e-08
6.3133e-08
1.10013e-07
8.17165e-08
2.84081e-08
6.28382e-09
6.45678e-09
1.23946e-08
1.66645e-08
1.86408e-08
1.36204e-08
2.39748e-08
2.78587e-08
2.07292e-08
2.33194e-08
6.03669e-08
5.4934e-08
2.76749e-08
3.04544e-07
4.01145e-07
1.82358e-07
8.35301e-08
2.44177e-07
3.76417e-07
2.82515e-07
2.4433e-07
4.70056e-08
1.82712e-07
3.71857e-07
4.59224e-07
4.29655e-07
2.90166e-07
6.02352e-07
3.217e-07
5.15884e-07
6.11004e-07
6.26508e-07
4.72818e-07
2.42121e-07
2.91065e-07
1.61512e-07
6.63391e-09
1.57346e-06
7.14122e-07
2.37981e-06
1.2069e-06
5.25773e-07
4.60797e-07
3.87075e-07
3.97653e-07
2.82634e-06
1.92978e-06
1.75366e-06
1.59336e-06
1.19557e-06
1.36417e-06
1.08407e-06
7.66752e-07
7.59372e-07
1.01969e-06
1.99508e-06
2.01452e-06
2.41936e-06
2.08563e-06
2.04455e-06
1.98832e-06
1.43165e-06
3.60478e-07
3.24235e-07
1.89915e-07
8.48168e-07
1.15496e-06
3.18068e-06
4.89955e-06
9.83183e-06
5.91686e-06
7.64217e-06
9.46467e-07
1.6564e-06
1.36578e-06
2.34765e-06
2.04768e-06
1.9431e-06
1.9189e-06
1.74667e-06
1.64504e-06
1.43209e-06
1.31077e-06
1.05638e-06
8.69153e-07
6.44035e-07
4.68506e-07
3.60084e-07
2.95054e-07
3.21868e-07
1.53779e-07
8.4448e-08
1.3262e-08
3.20757e-08
9.30452e-08
2.64372e-08
7.25358e-08
1.44635e-07
6.55786e-08
2.01333e-08
6.82203e-09
1.14259e-08
1.81031e-08
1.83658e-08
1.3899e-08
1.0515e-08
1.51366e-08
2.47289e-08
6.75868e-09
1.71721e-08
3.87423e-08
1.18368e-07
1.49391e-07
1.81279e-07
1.32673e-07
8.3737e-08
4.26313e-08
1.90018e-07
4.36196e-07
3.92158e-07
1.34228e-07
4.65461e-08
4.01487e-07
5.79021e-07
4.04851e-07
1.04069e-07
1.57391e-07
1.0206e-07
2.93294e-07
6.32323e-07
1.01939e-06
7.85798e-07
4.68631e-07
1.907e-07
2.26692e-07
2.36722e-07
2.61903e-07
1.27345e-06
1.06893e-06
2.59839e-06
1.0189e-06
4.45756e-07
3.09405e-07
1.79021e-07
1.22135e-06
2.97127e-06
7.24043e-07
2.07687e-06
1.46364e-06
1.2354e-06
1.50069e-06
9.4405e-07
7.37958e-07
8.29412e-07
1.22268e-06
1.91358e-06
1.9709e-06
3.40135e-06
2.12187e-06
1.42354e-06
1.74715e-06
1.66254e-06
1.43984e-06
1.3712e-06
5.8947e-07
1.0528e-06
5.05458e-07
5.67552e-06
6.27342e-06
8.84041e-06
6.36544e-06
5.26853e-06
8.84061e-07
1.60826e-06
1.20636e-06
1.91213e-06
1.95118e-06
1.91163e-06
1.89844e-06
1.7119e-06
1.63951e-06
1.36271e-06
1.27761e-06
1.07255e-06
9.02032e-07
6.72562e-07
4.99621e-07
3.82648e-07
3.30058e-07
3.61578e-07
1.62348e-07
4.97948e-08
1.22795e-08
5.54316e-08
1.01314e-07
2.35896e-08
1.03049e-07
1.3134e-07
7.69545e-08
3.31691e-08
5.2485e-09
6.23853e-09
8.55318e-09
8.10518e-09
4.7019e-09
6.83616e-09
6.02369e-09
6.41008e-09
1.33153e-08
4.56047e-09
2.41204e-09
2.66461e-08
4.63205e-08
1.39278e-07
4.15405e-08
2.30881e-08
5.81718e-08
2.2018e-07
1.8027e-07
5.71663e-07
5.43052e-07
1.55193e-07
7.10001e-07
1.82441e-07
1.23376e-06
6.90192e-07
9.76024e-07
7.47745e-07
8.07412e-07
1.26534e-06
1.16299e-06
1.07652e-06
6.16658e-07
2.11941e-07
2.48513e-07
4.47443e-07
6.91548e-07
6.2649e-07
1.57762e-06
3.56923e-06
8.50229e-07
3.3787e-07
3.69654e-07
1.71652e-07
2.93162e-07
2.40779e-06
1.87819e-06
2.92358e-06
1.19202e-06
1.3229e-06
1.29972e-06
7.49449e-07
6.43774e-07
6.14255e-07
1.12258e-06
1.79497e-06
1.09273e-06
1.45198e-06
1.50199e-06
8.38587e-07
8.26592e-07
8.3278e-07
1.63362e-06
1.65534e-06
5.6499e-07
1.00087e-06
1.8912e-06
5.28585e-06
1.09466e-05
1.04445e-05
6.59369e-06
3.02109e-06
8.90002e-07
1.66841e-06
1.38185e-06
2.01583e-06
1.97321e-06
1.92867e-06
1.81446e-06
1.66527e-06
1.51846e-06
1.37174e-06
1.21882e-06
1.07689e-06
9.11872e-07
7.06166e-07
5.26269e-07
4.16756e-07
3.61047e-07
3.97632e-07
1.79758e-07
1.47866e-08
9.56254e-09
3.95733e-08
1.07397e-07
2.18702e-08
1.19815e-07
1.48451e-07
7.69284e-08
2.95777e-08
8.67018e-09
1.15125e-08
1.02002e-08
1.13928e-08
1.27542e-08
1.13153e-08
7.93487e-09
9.54718e-09
1.15103e-08
1.14209e-08
1.02667e-08
6.45774e-09
1.45502e-08
5.47093e-09
4.96658e-08
6.665e-08
6.84801e-08
2.12372e-07
2.90049e-07
3.21852e-07
7.33756e-07
4.6792e-07
1.12366e-07
4.59067e-07
2.06122e-07
9.67656e-07
1.15122e-06
1.14286e-06
1.51511e-06
2.27066e-06
2.14806e-06
1.48104e-06
8.55576e-07
3.86301e-07
2.52826e-07
3.49073e-07
7.70513e-07
6.64058e-07
1.59047e-06
3.48188e-06
1.3403e-06
3.02671e-07
3.8158e-07
1.38089e-07
9.74062e-07
3.30509e-06
3.66544e-06
3.78939e-06
1.51641e-06
1.26722e-06
1.09189e-06
7.01358e-07
4.86135e-07
2.84543e-07
1.10003e-06
9.41568e-07
5.92422e-07
3.0145e-06
1.15434e-06
4.40735e-07
9.91593e-07
5.40424e-07
1.46994e-06
3.0054e-06
1.91648e-06
7.38311e-06
2.57715e-06
1.99596e-07
1.69787e-06
1.06946e-05
1.72467e-06
2.26236e-06
7.13381e-07
1.27899e-06
1.20375e-06
1.78853e-06
1.79822e-06
1.81033e-06
1.69502e-06
1.54958e-06
1.45557e-06
1.30787e-06
1.21108e-06
1.08964e-06
9.08355e-07
7.34791e-07
5.56764e-07
4.5848e-07
3.94084e-07
4.18926e-07
1.88358e-07
1.16622e-08
1.57036e-08
7.59043e-08
1.25952e-07
1.78011e-08
1.58494e-07
1.74603e-07
1.03844e-07
5.83072e-08
1.54963e-08
2.53291e-08
2.48082e-08
2.12151e-08
2.03342e-08
1.66409e-08
1.99517e-08
1.57089e-08
9.95541e-09
1.37411e-08
3.38199e-08
1.74061e-08
1.66958e-08
2.00471e-08
2.25908e-08
6.41456e-08
2.29469e-07
3.31337e-07
3.80937e-07
4.3426e-07
6.01335e-07
2.13646e-06
1.73041e-07
4.21278e-07
6.88004e-07
1.29932e-06
1.39842e-06
1.13483e-06
2.04262e-06
3.27365e-06
3.25946e-06
2.24119e-06
9.12371e-07
4.80365e-07
2.76756e-07
2.42241e-07
5.11441e-07
1.29574e-06
8.12473e-07
3.44666e-06
1.06493e-06
5.73754e-07
3.23277e-07
2.30782e-07
1.11682e-07
4.45507e-06
5.42908e-06
5.34512e-06
1.91155e-06
1.32256e-06
1.37073e-06
1.19542e-06
7.65101e-07
3.99213e-07
2.38096e-06
4.02251e-06
2.29245e-06
3.34401e-06
4.48882e-06
2.37329e-06
1.70249e-06
2.24012e-06
2.25645e-06
1.98773e-07
6.2416e-06
2.27585e-06
9.04598e-07
2.75858e-05
1.04906e-06
5.90007e-06
2.00257e-06
7.27038e-07
8.85392e-07
1.38014e-06
1.29463e-06
1.74688e-06
1.67342e-06
1.67722e-06
1.54703e-06
1.44243e-06
1.3605e-06
1.28629e-06
1.20579e-06
1.08792e-06
9.34759e-07
7.29911e-07
5.97886e-07
4.77525e-07
4.16848e-07
4.37386e-07
1.98301e-07
2.69725e-08
1.84816e-08
1.00755e-07
1.53286e-07
2.04336e-08
2.18509e-07
2.09609e-07
1.18984e-07
4.88906e-08
4.71336e-08
5.07332e-08
5.3636e-08
4.92232e-08
5.23371e-08
4.39834e-08
3.70022e-08
1.38097e-08
4.88351e-08
1.81079e-08
2.27887e-08
8.61464e-08
1.83159e-07
9.45945e-08
4.31562e-08
6.19121e-08
7.27751e-08
2.79783e-07
3.77151e-07
3.02193e-07
1.9197e-09
1.50258e-07
2.89733e-07
1.21074e-07
6.06911e-07
1.06324e-06
1.51292e-06
2.30664e-06
1.65808e-06
1.72112e-06
2.15361e-06
1.6696e-06
6.91006e-07
3.40199e-07
2.52977e-07
1.95577e-07
4.38649e-07
8.57044e-07
9.691e-07
1.6254e-06
1.31768e-06
7.7951e-07
5.56471e-07
4.47341e-07
4.08746e-07
3.40143e-06
4.47935e-06
6.40112e-06
1.97499e-06
1.25894e-06
1.30909e-06
1.43906e-06
6.66788e-07
1.32174e-06
2.28513e-06
2.60264e-06
1.33678e-06
1.10332e-06
1.17767e-06
2.49781e-06
6.33081e-07
7.26381e-07
1.34475e-07
1.79881e-06
5.16198e-06
3.83405e-06
2.73429e-05
4.03649e-05
2.78984e-06
1.16611e-05
8.75471e-07
9.38206e-07
8.48412e-07
1.08519e-06
1.31512e-06
1.57548e-06
1.49394e-06
1.52199e-06
1.40989e-06
1.33642e-06
1.30065e-06
1.25397e-06
1.20832e-06
1.10385e-06
9.37043e-07
7.52928e-07
5.92967e-07
5.16712e-07
4.33913e-07
4.70668e-07
2.03215e-07
5.08549e-08
4.84359e-08
1.50394e-07
1.60503e-07
5.18417e-08
2.18903e-07
2.46605e-07
2.09904e-07
6.20771e-08
6.94583e-08
3.886e-08
3.4524e-08
6.17059e-08
6.78416e-08
4.25029e-08
1.39868e-08
2.68254e-08
1.97645e-08
6.16646e-08
4.72061e-08
4.36808e-08
1.30756e-07
1.34849e-07
6.48332e-08
1.16e-07
1.64946e-07
2.23744e-07
3.36387e-07
2.36204e-07
2.97604e-07
1.41686e-07
1.30303e-07
2.7458e-07
4.53149e-07
7.95393e-07
1.87287e-06
1.16056e-06
7.91628e-07
8.67747e-07
6.96014e-07
7.02591e-07
2.49967e-07
2.17826e-07
2.17043e-07
2.2482e-07
4.93696e-07
7.82283e-07
5.2555e-07
7.96226e-07
2.55323e-06
8.39389e-07
4.44323e-07
5.03817e-07
4.01559e-07
2.81094e-06
2.05596e-06
4.26593e-06
2.48356e-06
2.0804e-06
3.03359e-06
1.98356e-06
1.00596e-06
7.58311e-07
4.79079e-07
6.09976e-06
1.87109e-06
6.5618e-08
4.95506e-06
5.1635e-07
9.2773e-07
7.65612e-06
8.3581e-06
1.8217e-06
2.00561e-06
4.84573e-06
5.22396e-05
2.98308e-06
1.47048e-05
3.24079e-06
2.29083e-06
1.48403e-06
1.32958e-06
1.60639e-06
1.53844e-06
1.5882e-06
1.44339e-06
1.41974e-06
1.35008e-06
1.31315e-06
1.27351e-06
1.25405e-06
1.19673e-06
1.11243e-06
9.31457e-07
7.47348e-07
6.08111e-07
5.46942e-07
4.73622e-07
5.12704e-07
2.28115e-07
8.04726e-08
5.7719e-08
1.8044e-07
2.09035e-07
8.36688e-08
2.38913e-07
2.44805e-07
1.78008e-07
1.27932e-07
4.57594e-08
7.43112e-08
5.60381e-08
7.86746e-08
5.0748e-08
5.84986e-08
3.84841e-08
7.54897e-08
8.78108e-08
6.97749e-08
3.7174e-08
5.58629e-08
8.84386e-08
7.66846e-08
4.81176e-08
1.2352e-07
1.70374e-07
2.34461e-07
2.115e-07
2.96219e-07
2.61282e-07
3.41814e-07
1.21849e-07
3.87797e-07
9.94548e-08
3.73425e-07
1.81708e-07
6.39497e-07
5.03309e-07
6.06906e-07
5.96531e-07
5.78279e-07
5.86021e-07
6.44827e-07
2.60721e-07
2.74876e-07
3.13209e-07
4.2853e-07
1.0438e-06
1.79921e-06
6.27566e-07
1.46204e-06
5.90144e-07
3.59623e-07
8.71351e-07
3.55323e-06
5.98632e-07
2.62352e-06
1.06402e-06
1.42862e-06
6.74091e-06
1.9347e-06
1.1863e-06
1.19524e-06
1.96699e-06
6.39705e-06
2.9454e-06
4.58596e-07
5.81579e-06
4.81222e-06
1.09284e-06
1.22054e-05
9.03854e-07
2.78495e-06
1.87107e-06
8.41764e-06
2.85045e-06
2.54435e-05
7.42079e-07
3.47106e-06
2.10218e-06
1.39351e-06
1.51764e-06
1.60564e-06
1.56229e-06
1.54034e-06
1.4191e-06
1.37808e-06
1.31016e-06
1.29638e-06
1.27298e-06
1.25151e-06
1.16883e-06
1.05369e-06
9.06646e-07
7.46161e-07
5.89463e-07
5.50045e-07
5.16891e-07
5.53482e-07
2.41239e-07
9.12543e-08
8.75981e-08
2.1546e-07
2.10039e-07
4.78591e-08
2.62435e-07
2.64017e-07
2.31057e-07
1.59512e-07
3.22255e-08
3.19371e-08
3.08341e-08
8.09405e-08
4.8752e-08
6.21193e-08
4.8884e-08
9.37982e-08
5.32017e-08
5.44433e-08
4.80753e-08
8.54958e-08
7.79258e-08
9.28744e-08
6.78076e-08
1.31345e-07
1.65326e-07
1.42867e-07
1.24896e-07
1.83959e-07
9.49698e-08
2.31275e-07
1.00042e-07
3.05425e-07
4.41359e-07
3.24301e-07
4.33679e-07
4.7815e-07
5.85451e-07
4.43066e-07
2.45061e-07
2.46542e-07
5.75284e-07
4.63066e-07
2.73275e-07
2.58148e-07
2.87621e-07
4.48295e-07
2.7564e-07
8.19539e-07
1.65488e-06
4.72866e-07
5.57509e-07
4.1194e-07
1.51888e-06
9.9104e-07
3.13994e-06
2.5215e-06
2.38483e-06
2.72943e-06
1.92655e-07
6.61164e-06
3.64281e-06
2.69727e-06
6.8022e-06
1.00499e-06
2.29417e-06
8.61349e-06
8.31006e-06
7.76056e-06
2.55593e-06
1.23505e-05
1.68801e-05
4.15167e-06
5.09316e-05
6.43239e-07
8.92945e-06
1.3258e-05
2.07275e-06
4.15671e-06
1.78956e-06
1.91762e-06
1.91203e-06
1.83653e-06
1.73211e-06
1.60984e-06
1.44986e-06
1.37025e-06
1.31974e-06
1.29492e-06
1.26822e-06
1.22438e-06
1.12338e-06
9.96577e-07
8.43806e-07
7.13214e-07
5.941e-07
5.35818e-07
5.03696e-07
5.52113e-07
2.7544e-07
2.85864e-07
1.1804e-07
2.40722e-07
2.19128e-07
3.94266e-08
2.1993e-07
2.23784e-07
1.75985e-07
1.60568e-07
1.12274e-07
9.25151e-08
4.81804e-08
1.32936e-07
3.21528e-08
5.80204e-08
7.54195e-08
1.11336e-07
7.50869e-08
6.48754e-08
4.95406e-08
7.24845e-08
9.83722e-08
1.04099e-07
1.05141e-07
5.22721e-08
9.15206e-08
9.52801e-08
1.11325e-07
1.60521e-07
1.41628e-07
1.74671e-07
1.20511e-07
1.84203e-07
1.33958e-07
1.5356e-07
1.4454e-07
3.30471e-07
3.63133e-07
4.5909e-07
3.48436e-07
3.17063e-07
3.08001e-07
2.61286e-07
2.21815e-07
1.76705e-07
2.01914e-07
2.31618e-07
3.18136e-07
4.71394e-07
8.67214e-07
1.04541e-06
3.94565e-07
5.21657e-07
2.32495e-07
1.10508e-06
2.21832e-06
2.27496e-06
1.34636e-06
1.1796e-06
4.45015e-06
2.76612e-08
6.41281e-06
5.82631e-06
1.15518e-05
5.9055e-06
9.56324e-06
1.90533e-06
1.69751e-05
1.64553e-05
1.11576e-05
1.31308e-05
1.55143e-05
5.00436e-06
7.9393e-05
8.54454e-06
1.47887e-07
6.36802e-06
6.02451e-06
3.34861e-06
2.08993e-06
2.23593e-06
1.81052e-06
1.84385e-06
1.69934e-06
1.57137e-06
1.43239e-06
1.35323e-06
1.28821e-06
1.25035e-06
1.22027e-06
1.16698e-06
1.03655e-06
9.3298e-07
8.10819e-07
6.94579e-07
6.12507e-07
5.6097e-07
4.89189e-07
5.8479e-07
2.55291e-07
5.97096e-08
1.28758e-07
2.55776e-07
1.75946e-07
1.70498e-07
2.81511e-07
2.38188e-07
1.7638e-07
1.18712e-07
3.3265e-08
5.04065e-08
3.68365e-08
6.96444e-08
4.21802e-08
5.52272e-08
4.93864e-08
8.93661e-08
7.30775e-08
6.15005e-08
3.54075e-08
7.08745e-08
8.04793e-08
8.35482e-08
6.51088e-08
6.73139e-08
6.15876e-08
7.78837e-08
8.68816e-08
9.70099e-08
8.82707e-08
1.02881e-07
1.19064e-07
1.2255e-07
1.8314e-07
1.6937e-07
1.795e-07
2.03422e-07
2.14609e-07
1.83472e-07
1.9002e-07
2.26417e-07
2.41291e-07
2.44262e-07
2.36316e-07
2.69431e-07
2.35923e-07
3.39989e-07
2.34658e-07
3.93971e-07
5.7069e-07
5.81763e-07
7.03034e-07
6.50025e-07
1.4337e-06
1.66967e-06
7.27136e-07
2.58663e-06
4.51168e-06
1.46732e-06
2.95214e-06
7.28536e-07
3.84523e-06
6.64673e-06
5.63773e-06
1.15149e-05
3.4357e-06
6.73937e-06
1.37233e-05
2.31075e-07
4.77045e-06
1.05221e-05
1.83729e-05
2.42156e-06
2.22499e-05
6.75045e-08
3.63484e-06
7.67886e-06
1.71068e-06
3.64915e-06
2.64624e-06
2.23003e-06
2.0444e-06
1.92984e-06
1.73135e-06
1.59092e-06
1.41104e-06
1.3054e-06
1.25761e-06
1.2171e-06
1.15587e-06
1.07333e-06
9.73917e-07
8.65663e-07
7.91767e-07
7.00487e-07
6.1713e-07
5.9779e-07
5.31907e-07
6.04134e-07
3.59308e-07
1.22744e-07
1.02641e-07
2.48049e-07
2.34745e-07
6.28245e-08
1.57175e-07
1.70519e-07
1.18268e-07
1.24899e-07
9.53393e-08
9.33813e-08
6.47298e-08
1.08089e-07
4.56074e-08
6.81977e-08
5.28281e-08
9.37601e-08
6.88554e-08
5.79333e-08
9.85711e-08
9.28407e-08
7.88629e-08
6.07769e-08
5.67824e-08
5.56939e-08
7.13919e-08
7.12859e-08
7.27292e-08
6.22757e-08
5.12478e-08
5.36925e-08
6.56959e-08
6.25178e-08
7.10189e-08
8.48119e-08
8.08147e-08
1.32465e-07
1.46969e-07
1.831e-07
1.72879e-07
1.53858e-07
1.68585e-07
1.80081e-07
1.85911e-07
1.83685e-07
1.94588e-07
2.15929e-07
2.55432e-07
2.43684e-07
4.01041e-07
2.09273e-07
2.26876e-07
3.3574e-07
2.19329e-07
1.15759e-06
3.17985e-06
5.86806e-07
4.08071e-07
1.91674e-06
2.38847e-06
6.23487e-07
1.40825e-06
1.14538e-06
3.26737e-09
1.71715e-06
5.02905e-07
5.0548e-06
2.67518e-06
5.8899e-06
2.07163e-06
5.75816e-06
5.32062e-06
1.21926e-06
1.2328e-05
4.07412e-06
1.46996e-07
3.75474e-06
1.73156e-06
3.56876e-06
2.94097e-06
2.0703e-06
1.7886e-06
1.71367e-06
1.52358e-06
1.4124e-06
1.31428e-06
1.26514e-06
1.21798e-06
1.16444e-06
1.10159e-06
1.02725e-06
9.29726e-07
8.54549e-07
7.82119e-07
7.32406e-07
6.59776e-07
6.18162e-07
5.8887e-07
6.3503e-07
3.00313e-07
3.23434e-08
6.02181e-08
9.16321e-08
2.97947e-08
1.11984e-07
1.34807e-07
1.15702e-07
5.87701e-08
1.37672e-07
6.36371e-08
1.2846e-07
6.10199e-08
1.00533e-07
5.18512e-08
4.93102e-08
7.43108e-08
8.78891e-08
6.51311e-08
5.26749e-08
5.15753e-08
4.67044e-08
5.56663e-08
4.74313e-08
5.80203e-08
7.45773e-08
8.55232e-08
8.73352e-08
7.34503e-08
8.77197e-08
5.90039e-08
6.76387e-08
7.2431e-08
7.07211e-08
8.89015e-08
9.91141e-08
1.01613e-07
1.09667e-07
9.86734e-08
1.033e-07
1.25304e-07
1.63324e-07
1.99703e-07
2.3143e-07
2.44005e-07
2.21021e-07
1.9234e-07
3.10935e-07
2.07124e-07
2.95371e-07
2.81385e-07
2.67234e-07
4.03528e-07
6.7169e-07
5.25669e-07
7.36435e-07
1.38908e-06
1.17847e-06
1.49153e-06
1.29854e-06
7.38731e-07
3.26274e-07
7.67938e-06
4.64888e-06
2.88616e-06
1.04634e-07
2.64639e-06
6.6683e-06
5.3073e-06
3.47224e-06
5.44072e-06
5.70186e-06
4.67042e-06
3.49569e-06
9.67719e-06
2.16036e-07
5.67055e-06
2.73197e-06
2.79824e-06
5.46622e-06
3.14308e-06
1.85606e-06
1.75135e-06
1.56036e-06
1.4713e-06
1.38789e-06
1.3403e-06
1.28966e-06
1.25649e-06
1.204e-06
1.12512e-06
1.04144e-06
9.68494e-07
8.74509e-07
8.04297e-07
7.38084e-07
6.75501e-07
6.30003e-07
5.93063e-07
6.25801e-07
4.89103e-07
2.54881e-07
4.08542e-08
8.15653e-08
4.97279e-08
3.59686e-08
4.78584e-08
4.05962e-08
5.61809e-08
6.51259e-08
4.76455e-08
3.8173e-08
5.58386e-08
5.24731e-08
6.33463e-08
6.29405e-08
5.08532e-08
3.44797e-08
4.9576e-08
3.94885e-08
4.36704e-08
4.16171e-08
5.1007e-08
5.49212e-08
5.51644e-08
5.55131e-08
4.40389e-08
4.01198e-08
4.49304e-08
5.18318e-08
6.78638e-08
6.80808e-08
6.5451e-08
5.94398e-08
5.31517e-08
4.8818e-08
4.69006e-08
6.04021e-08
7.16347e-08
8.799e-08
9.22791e-08
9.27909e-08
1.07589e-07
1.07085e-07
1.27608e-07
1.41901e-07
1.54128e-07
1.67723e-07
1.82081e-07
1.792e-07
1.94721e-07
2.27328e-07
1.73435e-07
2.219e-07
4.7497e-07
3.8173e-07
1.63795e-06
3.81937e-07
5.6598e-07
1.42595e-06
1.77213e-07
2.69622e-06
5.39221e-08
7.18798e-06
2.72835e-06
8.81677e-07
6.72418e-06
1.86884e-05
1.28371e-06
2.26972e-06
3.47083e-06
2.18874e-06
6.81791e-06
7.04522e-07
4.81717e-06
2.04234e-07
3.12935e-07
1.43043e-06
4.10548e-07
1.42431e-06
1.72566e-06
1.75097e-06
1.67091e-06
1.6625e-06
1.51738e-06
1.52453e-06
1.44001e-06
1.45846e-06
1.40251e-06
1.33753e-06
1.24217e-06
1.15177e-06
1.05024e-06
9.57908e-07
8.59064e-07
8.01204e-07
7.32081e-07
6.82289e-07
6.49573e-07
6.37396e-07
2.206e-07
5.49532e-08
4.18121e-08
2.36134e-08
6.20538e-08
1.03484e-07
2.73594e-08
3.05853e-08
6.95977e-08
1.10669e-07
8.41757e-08
1.05408e-07
6.74736e-08
4.08903e-08
4.74594e-08
4.07317e-08
4.97162e-08
3.28658e-08
4.8022e-08
2.74708e-08
2.63846e-08
2.79359e-08
2.69817e-08
2.7419e-08
2.99237e-08
3.66588e-08
4.13853e-08
5.19055e-08
5.80351e-08
6.13576e-08
5.72588e-08
5.10576e-08
4.90053e-08
4.37157e-08
4.28191e-08
4.66652e-08
5.39824e-08
5.28323e-08
5.27832e-08
6.02961e-08
8.1558e-08
8.93291e-08
1.09065e-07
1.25257e-07
1.38522e-07
1.8657e-07
1.72756e-07
2.65686e-07
1.68587e-07
2.83533e-07
1.65977e-07
3.07842e-07
1.77132e-07
4.34572e-07
2.27392e-07
7.43659e-07
2.03162e-07
6.64642e-07
3.72459e-07
3.47018e-07
4.12063e-07
3.48584e-07
2.74631e-06
5.50973e-07
2.09866e-06
6.51969e-08
4.68816e-06
4.40305e-05
3.34622e-06
5.83195e-06
9.8874e-07
4.5313e-06
1.58087e-06
1.5184e-07
3.99047e-06
3.13966e-07
3.67792e-06
8.46537e-07
3.03431e-06
1.62344e-06
2.1971e-06
1.74641e-06
1.87932e-06
1.82642e-06
1.84749e-06
1.84807e-06
1.8672e-06
1.77493e-06
1.6712e-06
1.56099e-06
1.44465e-06
1.30743e-06
1.16746e-06
1.03513e-06
9.20571e-07
7.97631e-07
7.02334e-07
6.55761e-07
5.96967e-07
5.52985e-07
3.81724e-07
1.23039e-07
6.90976e-08
4.72934e-08
7.89102e-08
2.22828e-08
5.21687e-08
1.04413e-07
9.31819e-08
5.51681e-08
8.62047e-08
8.81354e-08
5.78797e-08
6.81968e-08
3.54077e-08
3.62142e-08
4.86861e-08
4.34341e-08
6.15116e-08
5.85982e-08
5.12273e-08
4.69826e-08
5.11858e-08
5.03811e-08
5.70548e-08
5.0629e-08
5.1263e-08
5.06278e-08
5.32076e-08
5.03633e-08
5.02489e-08
5.4622e-08
5.67049e-08
5.88123e-08
6.00016e-08
5.69756e-08
5.24151e-08
4.57408e-08
4.58113e-08
7.35246e-08
3.70678e-08
3.99611e-08
6.21894e-08
8.05337e-08
6.91334e-08
7.143e-08
5.37897e-08
6.51753e-08
1.04091e-07
8.09441e-08
3.55326e-07
1.05009e-07
5.39895e-07
1.1888e-07
7.80188e-07
1.34525e-07
1.26433e-06
1.80505e-07
9.24545e-07
4.65949e-07
7.43036e-07
9.42958e-07
2.8102e-06
2.54207e-06
1.11838e-06
3.48347e-06
1.91694e-06
1.24038e-05
5.20312e-06
2.63175e-06
1.42978e-06
7.94329e-07
1.44438e-06
1.12856e-07
1.59208e-06
4.95029e-07
1.56895e-06
9.35404e-07
1.90767e-06
1.47184e-06
2.0746e-06
2.00229e-06
2.27316e-06
2.21971e-06
2.22175e-06
2.28196e-06
2.17768e-06
2.23377e-06
2.14167e-06
2.04815e-06
1.8112e-06
1.59756e-06
1.3842e-06
1.25203e-06
1.13875e-06
1.00411e-06
9.089e-07
8.47127e-07
8.35502e-07
7.69797e-07
1.71885e-07
1.51969e-10
1.778e-09
3.42415e-09
1.19023e-08
1.26048e-08
8.9239e-09
7.20811e-09
1.00209e-08
8.89398e-09
1.37375e-08
4.59198e-09
1.89672e-08
9.94199e-09
2.58331e-08
4.61899e-08
6.3344e-08
5.98403e-08
6.50542e-08
5.2029e-08
3.7511e-08
4.69809e-08
5.60199e-08
5.36322e-08
6.19996e-08
6.25551e-08
5.11924e-08
3.33135e-08
2.46891e-08
2.87318e-08
4.06092e-08
4.32932e-08
4.49128e-08
4.04037e-08
3.98177e-08
3.78436e-08
3.61822e-08
3.48271e-08
3.35391e-08
2.8957e-08
2.21758e-08
2.60932e-08
3.36111e-08
3.82659e-08
3.65552e-08
2.95301e-08
3.81805e-08
1.86362e-08
7.1579e-08
3.81377e-08
1.37922e-07
8.58541e-08
1.94135e-07
3.10601e-07
3.94688e-07
4.36158e-07
5.91089e-07
3.61553e-07
7.18339e-07
4.71562e-07
9.73062e-07
7.16149e-07
2.721e-07
2.47909e-07
2.032e-08
5.77166e-07
2.36086e-08
9.30001e-07
1.49958e-06
1.78176e-06
4.05666e-06
2.29765e-06
4.37996e-06
3.00279e-06
5.38964e-06
3.65688e-06
6.80591e-06
3.89424e-06
6.04084e-06
4.02591e-06
5.56678e-06
4.16051e-06
4.8286e-06
4.82689e-06
5.18203e-06
4.96048e-06
5.12031e-06
4.83812e-06
4.43673e-06
3.75876e-06
3.57791e-06
3.24944e-06
2.82322e-06
2.21453e-06
1.68895e-06
1.47609e-06
1.57894e-06
1.57035e-06
1.57589e-06
1.39266e-06
1.12894e-06
)
;

boundaryField
{
    AXIS
    {
        type            empty;
    }
    OUTLET
    {
        type            calculated;
        value           nonuniform List<scalar> 
50
(
1.55942e-32
6.56247e-33
7.28138e-33
8.62089e-33
1.06232e-32
1.34896e-32
1.75567e-32
1.95565e-32
2.22077e-32
2.24798e-32
2.43688e-32
2.8914e-32
3.52754e-32
3.8839e-32
4.75641e-32
5.77522e-32
6.5591e-32
6.8151e-32
7.37541e-32
8.53401e-32
9.48022e-32
9.22867e-32
9.10856e-32
9.63265e-32
1.03655e-31
1.10579e-31
1.12634e-31
1.14252e-31
1.23024e-31
1.32791e-31
1.43367e-31
1.44952e-31
1.45302e-31
1.45779e-31
1.40281e-31
1.3785e-31
1.33383e-31
1.25339e-31
1.16172e-31
1.12198e-31
1.10639e-31
1.09155e-31
9.70407e-32
1.09811e-31
9.44108e-32
1.31996e-31
6.65872e-32
9.00281e-32
3.90776e-32
2.66589e-31
)
;
    }
    COFLOW
    {
        type            calculated;
        value           nonuniform List<scalar> 
30
(
8.12751e-30
5.82779e-30
1.78317e-30
6.22777e-31
2.18107e-30
1.64026e-30
2.37651e-30
2.47138e-30
2.50597e-30
2.59458e-30
2.3709e-30
2.24348e-30
1.71467e-30
1.35091e-30
6.20716e-31
3.14907e-31
8.72909e-32
3.14034e-32
4.70893e-32
1.45376e-31
2.16496e-31
4.16574e-31
6.04411e-31
8.63084e-31
9.45732e-31
1.17143e-30
6.94228e-31
7.33587e-31
3.18145e-31
1.69931e-32
)
;
    }
    PILOT
    {
        type            calculated;
        value           nonuniform List<scalar> 10(5.30643e-30 1.32814e-29 5.30258e-30 4.49746e-30 3.27364e-30 2.62727e-30 5.38532e-30 3.10992e-30 3.51659e-30 8.04818e-30);
    }
    FUEL
    {
        type            calculated;
        value           nonuniform List<scalar> 10(2.74462e-29 1.55197e-28 1.92427e-29 8.8523e-29 3.31134e-29 1.14638e-29 4.16021e-29 2.18227e-29 6.9827e-29 1.36172e-28);
    }
    WALL
    {
        type            zeroGradient;
    }
    front
    {
        type            wedge;
    }
    back
    {
        type            wedge;
    }
}


// ************************************************************************* //
