/*--------------------------------*- C++ -*----------------------------------*\
| =========                 |                                                 |
| \\      /  F ield         | OpenFOAM: The Open Source CFD Toolbox           |
|  \\    /   O peration     | Version:  2.3.0                                 |
|   \\  /    A nd           | Web:      www.OpenFOAM.org                      |
|    \\/     M anipulation  |                                                 |
\*---------------------------------------------------------------------------*/
FoamFile
{
    version     2.0;
    format      ascii;
    class       volScalarField;
    location    "0.01";
    object      chi;
}
// * * * * * * * * * * * * * * * * * * * * * * * * * * * * * * * * * * * * * //

dimensions      [0 0 -1 0 0 0 0];

internalField   nonuniform List<scalar> 
5000
(
6.3294e-23
1.13071e-22
6.72222e-23
9.12507e-23
5.68814e-23
5.23697e-23
1.98401e-22
3.08512e-22
9.02703e-22
2.7534e-21
1.10039e-20
1.57158e-20
2.06827e-20
7.85292e-20
1.3181e-19
2.03349e-19
3.28095e-19
7.03207e-19
6.35122e-18
3.19937e-17
2.83702e-17
4.33996e-17
9.41981e-18
1.45588e-17
1.02363e-16
2.08554e-16
1.03873e-15
3.5894e-15
6.55975e-15
1.90854e-14
2.50838e-14
1.45877e-14
9.90453e-14
1.42259e-13
1.51774e-12
2.78702e-12
1.5213e-11
6.17618e-11
1.77828e-10
4.73018e-10
1.60494e-09
2.56544e-09
9.20114e-10
4.58988e-09
6.21144e-09
4.8923e-09
4.43087e-09
6.83492e-09
7.06269e-09
5.59258e-09
8.70054e-09
1.11237e-08
1.24279e-08
1.14599e-08
2.32372e-08
1.77433e-08
5.81609e-09
4.75684e-09
7.3893e-09
9.27837e-09
9.58813e-09
1.86239e-08
1.97727e-08
2.03095e-08
1.94126e-08
1.14454e-08
1.1435e-08
1.15904e-08
1.5194e-08
2.48141e-08
2.94318e-08
4.23407e-08
1.43479e-07
7.24855e-07
2.2152e-06
2.63431e-06
1.71059e-05
7.62049e-05
0.000238649
0.000548807
0.00106726
0.00185888
0.00269187
0.00234873
0.000634838
0.00100306
0.00455896
0.00543143
0.0493323
1.98863
19.9037
0.000803466
3.79824e-07
2.7318e-10
1.31243e-12
1.17665e-14
8.12507e-17
6.4161e-19
7.87267e-21
1.72614e-23
5.13036e-21
2.03075e-20
2.39793e-20
3.09605e-20
3.46145e-20
2.00511e-20
1.78854e-20
5.42609e-20
4.34024e-20
1.64519e-19
6.59486e-19
1.67734e-18
2.3347e-18
4.63659e-18
1.37321e-17
1.55841e-17
1.24296e-17
2.64386e-17
2.16817e-16
1.02082e-15
2.02718e-15
3.73299e-15
1.71452e-16
6.87425e-16
3.39019e-15
2.37101e-14
7.52564e-15
1.39705e-13
5.08718e-13
1.01054e-12
1.74603e-12
2.32447e-12
2.57326e-12
9.29512e-12
3.25023e-11
4.28103e-11
2.24804e-10
9.07279e-10
1.98393e-09
4.67347e-09
8.29566e-09
3.04134e-08
5.4284e-08
1.2924e-07
2.42983e-07
3.04268e-07
3.09326e-07
1.02505e-07
1.6478e-07
1.15349e-07
8.10275e-08
9.85641e-08
2.41608e-07
5.10061e-07
5.97322e-07
4.11133e-07
2.1185e-07
1.44116e-07
1.3789e-07
1.95201e-07
2.5134e-07
5.05666e-07
8.64778e-07
1.19768e-06
1.14478e-06
7.01642e-07
3.92026e-07
3.37546e-07
4.18527e-07
5.69826e-07
7.5893e-07
8.25528e-07
1.58289e-06
3.95931e-06
8.27602e-06
1.07824e-05
4.15788e-05
0.000158882
0.00050546
0.00125589
0.00255957
0.00457284
0.00688033
0.00984392
0.01688
0.0267964
0.0249369
0.0236547
0.0795923
2.05399
16.182
0.00331741
1.10851e-06
8.4689e-10
4.10699e-12
4.68346e-14
3.34496e-16
2.12151e-18
2.83762e-20
5.69752e-23
1.50274e-19
6.74202e-19
1.28721e-18
9.66314e-19
2.25156e-18
1.69681e-18
2.67245e-18
4.75738e-18
1.03117e-17
3.44639e-17
9.03828e-17
3.05226e-16
1.1837e-15
2.60611e-15
1.38341e-15
7.56679e-16
4.87489e-16
2.98032e-15
3.89944e-15
1.94958e-13
5.46416e-13
3.05567e-13
8.13591e-14
6.55451e-14
7.68139e-14
7.35805e-13
2.39252e-12
8.24677e-12
1.97558e-11
4.16271e-11
4.41371e-11
6.7587e-11
1.14602e-10
2.97625e-10
6.3596e-10
8.02284e-10
3.28036e-09
9.64252e-09
3.38731e-08
9.7769e-08
3.6058e-07
1.57106e-06
8.13925e-06
4.03033e-05
0.000132723
0.00022774
0.000174119
9.36732e-05
4.98281e-05
2.6097e-05
1.55067e-05
1.79129e-05
3.58376e-05
8.57769e-05
0.000119333
8.33941e-05
3.90557e-05
1.96352e-05
1.08739e-05
1.04354e-05
1.83706e-05
5.92757e-05
0.000161543
0.000301437
0.000284034
0.00017595
9.21652e-05
5.79741e-05
4.96144e-05
6.17402e-05
8.90092e-05
0.000101856
8.5802e-05
6.35932e-05
4.98867e-05
3.93557e-05
6.01534e-05
0.000158367
0.00046958
0.00115903
0.00239766
0.00442275
0.00675513
0.00881639
0.0125723
0.0245846
0.0319899
0.0399481
0.135012
3.2017
27.4841
0.00101753
5.34161e-07
6.82021e-10
6.94569e-12
8.26359e-14
6.46344e-16
3.95606e-18
5.0673e-20
1.23269e-22
4.46288e-18
6.06918e-17
1.1229e-16
3.38897e-16
2.9813e-16
6.91719e-16
1.57951e-15
1.25649e-15
1.46263e-15
3.997e-15
8.47873e-15
2.67982e-15
4.30987e-14
1.42279e-13
1.72209e-13
3.15246e-13
1.32827e-13
1.61812e-13
2.03644e-12
1.1208e-11
1.87068e-11
1.68136e-11
1.20618e-11
1.0241e-11
1.60922e-11
9.2011e-11
1.32229e-10
3.90276e-10
1.14941e-09
2.74117e-09
3.39802e-09
2.07441e-09
1.41137e-09
2.99657e-09
5.38638e-09
3.74815e-09
1.33423e-08
3.13017e-08
9.78398e-08
3.07177e-07
1.30961e-06
5.78926e-06
4.08973e-05
0.00023571
0.00102193
0.0034152
0.0077583
0.00859176
0.00723819
0.00244525
0.000614523
0.000479701
0.000636635
0.00150788
0.00535091
0.0102168
0.00674321
0.00246751
0.000657126
0.000194236
0.000212743
0.000698514
0.00346446
0.014334
0.0391056
0.0485647
0.0197791
0.00690333
0.00266265
0.00164464
0.00140896
0.00142008
0.00140945
0.000979039
0.000331693
0.000159165
0.00011156
0.000162945
0.000387144
0.000924409
0.00193034
0.00361786
0.00574971
0.00778159
0.0100512
0.0158489
0.0257311
0.0522864
0.210155
4.86712
17.505
0.000380273
2.71511e-07
5.10457e-10
6.40219e-12
6.86551e-14
5.60679e-16
3.20028e-18
3.92671e-20
1.29223e-22
2.38864e-15
4.14385e-15
9.45151e-15
2.36801e-14
4.79786e-14
1.18742e-13
1.7527e-13
2.11354e-13
2.15107e-13
2.82754e-14
9.21311e-14
8.65588e-13
3.67268e-12
8.49087e-12
6.96604e-12
3.58645e-12
7.21666e-12
1.7289e-11
3.25522e-11
6.52474e-10
2.00618e-09
2.55042e-09
3.22678e-10
3.15241e-10
6.10162e-10
2.66239e-09
6.21164e-09
2.31538e-08
4.94983e-08
1.14058e-07
1.40039e-07
8.18829e-08
2.66912e-08
4.34386e-08
6.79236e-08
7.75714e-08
1.36145e-07
2.57326e-07
4.97134e-07
1.08418e-06
2.9989e-06
1.3652e-05
7.28688e-05
0.000292264
0.000797226
0.00175106
0.0055471
0.0134764
0.0173954
0.0169858
0.00996697
0.00453176
0.00426494
0.00550052
0.0134674
0.0401998
0.0460157
0.0350646
0.0106838
0.00141315
0.000768574
0.00128236
0.00402062
0.0136967
0.051947
0.157979
0.312652
0.330104
0.115199
0.0248041
0.0107228
0.00614736
0.00380373
0.00268815
0.00125305
0.000422383
0.000255797
0.000215711
0.000383157
0.000856525
0.00187734
0.00380357
0.00642809
0.00912214
0.0122666
0.0172942
0.0257655
0.0646392
0.299076
7.81159
3.46091
0.000154123
1.22666e-07
3.61045e-10
5.66671e-12
5.8749e-14
4.88269e-16
2.823e-18
3.4006e-20
1.42379e-22
5.45868e-14
1.38938e-13
5.37178e-13
2.79975e-12
1.08476e-11
2.98076e-11
6.09345e-11
5.64227e-11
4.01306e-11
2.24261e-11
3.20981e-11
1.09662e-10
3.23846e-10
4.86972e-10
8.9665e-10
1.02767e-09
7.19701e-10
1.20282e-09
5.88878e-09
2.68188e-08
8.05459e-08
9.84271e-08
6.64277e-08
4.27369e-08
3.57366e-08
9.38347e-08
2.31617e-07
5.98199e-07
1.50097e-06
3.758e-06
5.4572e-06
2.84739e-06
1.5145e-06
1.45193e-06
2.10364e-06
1.81026e-06
2.07487e-06
2.39695e-06
3.1293e-06
5.04579e-06
7.12776e-06
2.29603e-05
8.96465e-05
0.000280361
0.000671883
0.00127403
0.00221909
0.00756441
0.0213941
0.0357412
0.0447489
0.0385024
0.0362291
0.0408213
0.0671136
0.162386
0.211586
0.186809
0.0795914
0.00960761
0.00182716
0.00173509
0.00325515
0.00831772
0.0235527
0.1013
0.396935
0.960792
1.24295
0.9411
0.333095
0.0565804
0.0249806
0.00917045
0.00364386
0.000970313
0.000534063
0.000354564
0.000477236
0.0009807
0.00221367
0.00482913
0.00854909
0.0124423
0.0173587
0.0242946
0.0331734
0.0586637
0.408313
14.1911
0.663981
6.04065e-05
4.79277e-08
2.37571e-10
3.37257e-12
3.47874e-14
2.92709e-16
1.84878e-18
2.21739e-20
1.1696e-22
1.23678e-11
1.19062e-11
1.43997e-11
2.72327e-11
4.63449e-10
1.97696e-09
4.61108e-09
5.15726e-09
2.62306e-09
1.36888e-09
1.14408e-09
2.67403e-10
1.03538e-08
1.60941e-08
3.05547e-08
5.62852e-08
5.37125e-08
9.07094e-08
8.91452e-08
8.71963e-07
3.77317e-06
7.36042e-06
4.16583e-06
1.90711e-06
1.58079e-06
2.44996e-06
3.14172e-06
1.89248e-05
8.86557e-05
0.000370413
0.000654035
0.000422832
0.000198405
0.000150969
0.000134747
0.000106432
9.1677e-05
7.48751e-05
5.38665e-05
3.40204e-05
2.86964e-05
4.2806e-05
0.000135539
0.00043949
0.00130401
0.00327994
0.00603731
0.00968024
0.0226835
0.0505918
0.102928
0.157566
0.185987
0.232678
0.345716
0.616059
0.954896
0.909808
0.512922
0.0722469
0.00537188
0.00344705
0.0045737
0.011299
0.0310574
0.0857202
0.251124
0.778693
1.17718
1.54879
1.53678
0.96591
0.329145
0.0760377
0.0222147
0.00275425
0.000838886
0.000581466
0.000705334
0.0013468
0.00300555
0.00667197
0.0119353
0.0173733
0.0245448
0.0346529
0.0450374
0.075776
0.605728
19.8219
0.12571
2.03882e-05
1.91678e-08
1.18601e-10
1.6868e-12
1.84374e-14
1.67281e-16
1.17964e-18
1.5333e-20
1.03757e-22
4.45732e-10
3.44096e-10
3.35451e-09
1.51114e-08
3.92254e-08
3.67808e-07
1.05451e-06
1.73444e-06
1.05537e-06
1.24664e-07
1.4053e-07
2.76524e-07
9.27406e-07
4.08492e-06
1.35808e-05
1.6671e-05
6.11317e-06
5.60748e-06
1.53683e-05
9.36762e-05
0.000481557
0.00143518
0.000966714
0.000382107
0.000148444
8.14112e-05
0.000112319
0.000344025
0.0027318
0.023085
0.15882
0.15297
0.0714998
0.0394299
0.0246152
0.00917052
0.00416328
0.00217714
0.00104652
0.000284038
0.000110848
0.000118836
0.000299208
0.00103947
0.00359509
0.0107928
0.024142
0.0363804
0.0471465
0.0804229
0.151644
0.269337
0.399729
0.576669
0.841189
1.16222
1.76626
1.93018
1.74109
0.446743
0.0248215
0.00764176
0.00830086
0.0192655
0.0565446
0.156239
0.371336
0.855129
1.6061
1.76174
2.61213
4.38109
4.89575
2.2646
0.271099
0.0182775
0.00159435
0.000974309
0.00107127
0.00191351
0.00417348
0.00925934
0.0166372
0.0242227
0.0348244
0.0501843
0.0618681
0.102195
0.883655
23.6663
0.0285976
7.73479e-06
9.09353e-09
6.28326e-11
9.64271e-13
1.16074e-14
1.15214e-16
9.05659e-19
1.24851e-20
8.89052e-23
4.81925e-07
8.56651e-07
5.08162e-07
1.67106e-06
1.04858e-05
8.545e-05
0.00043365
0.000996585
0.000637076
0.000201995
9.39374e-05
0.000108363
0.000365324
0.00177473
0.00819818
0.0160239
0.00842937
0.00442397
0.00409413
0.00897976
0.0332808
0.305127
0.550676
0.192912
0.0541056
0.0162092
0.00353042
0.00351791
0.0127657
0.0890144
0.655381
3.38316
6.32635
8.61578
9.17004
5.90151
0.799924
0.133578
0.0250261
0.00206235
0.000373733
0.000387163
0.000784121
0.00254763
0.00884634
0.0276247
0.0674916
0.112046
0.143718
0.175176
0.23234
0.335506
0.508118
0.817223
1.07746
0.941479
0.840133
0.923777
1.46513
1.28502
0.0992041
0.0181433
0.0180067
0.0361494
0.103815
0.284614
0.723487
1.92373
4.70971
6.61632
9.029
15.8897
22.6642
19.7758
6.06644
0.154521
0.00544703
0.00186419
0.00171612
0.00271191
0.00582527
0.0131766
0.0239816
0.034718
0.050534
0.0744076
0.0857837
0.132166
1.26397
24.6249
0.00801314
3.30486e-06
5.32001e-09
3.83588e-11
6.85964e-13
8.72109e-15
9.00008e-17
7.46275e-19
1.01913e-20
7.72126e-23
0.00113132
0.00619074
0.00416104
0.00270975
0.00474803
0.0193019
0.145184
1.0688
1.61109
0.437031
0.150117
0.0495499
0.0518118
0.199756
2.31486
13.5895
15.4725
8.61787
1.47919
0.432311
0.635816
3.41418
14.9269
16.5734
9.50812
1.16099
0.0412081
0.016924
0.0335033
0.171214
1.05637
4.81058
13.2187
23.2595
25.9175
24.5265
18.8011
8.04955
0.79
0.0156949
0.00167627
0.00127715
0.00207525
0.00606954
0.0213213
0.0722509
0.187912
0.294746
0.339611
0.358017
0.379384
0.441774
0.654946
1.00903
0.678803
0.156932
0.0082182
0.00645703
0.11248
0.986608
0.338916
0.0458747
0.0415243
0.0734738
0.197969
0.564659
1.61767
4.24175
9.73191
17.2981
23.4413
32.5296
40.2028
44.4079
29.4846
2.68169
0.0128417
0.00370838
0.00305563
0.00401834
0.00830711
0.0194282
0.0367268
0.0528303
0.0768146
0.114075
0.119917
0.156263
1.77749
22.7364
0.00268382
1.55822e-06
2.97946e-09
3.20575e-11
5.47236e-13
6.80203e-15
6.89745e-17
5.7302e-19
7.58928e-21
5.41174e-23
204.308
160.42
81.7619
17.8403
10.7827
16.6876
52.6379
107.433
96.2656
47.7991
7.90903
0.75386
0.661044
2.79927
18.8195
50.3256
47.1046
18.7873
7.28728
2.9918
5.10469
17.7063
18.9381
13.7301
19.9062
10.0941
0.640638
0.0754074
0.0988274
0.411296
2.57127
8.81679
18.5724
18.5782
12.8497
6.09608
2.82546
6.66183
5.18157
0.214891
0.0087916
0.00436604
0.00573078
0.0150212
0.0556656
0.209622
0.541648
0.686351
0.592576
0.488588
0.425014
0.546426
0.960595
0.547276
0.0144851
0.141566
0.782225
0.463173
0.0895853
0.18516
0.314795
0.093656
0.0872826
0.159369
0.441155
1.32204
3.46903
7.01063
12.5893
19.6751
24.6856
23.8754
19.1285
21.1178
34.0585
11.2174
0.0535964
0.00831601
0.00564513
0.0063211
0.0123085
0.0297237
0.0586993
0.0840189
0.121654
0.178822
0.166253
0.16959
2.50934
19.0774
0.00102053
7.87997e-07
2.04214e-09
2.74506e-11
4.22694e-13
5.18545e-15
5.10955e-17
4.20473e-19
5.33414e-21
3.87044e-23
3.29569
14.3778
65.9822
82.4558
66.6423
79.5148
82.7898
27.9939
21.475
26.6125
11.2888
5.17478
6.08826
17.6782
53.2861
29.3175
17.5566
11.9222
3.15584
11.4904
25.392
35.5171
4.27911
1.98331
2.16032
5.23787
2.17222
0.236021
0.294916
1.38446
7.14718
20.4332
22.7447
10.8606
3.53816
2.79871
6.21116
2.65432
1.55757
1.2859
0.0379586
0.0144946
0.01744
0.0415295
0.160848
0.615926
1.15096
0.854093
0.583115
0.448915
0.500249
1.09691
0.99342
0.03898
0.724169
1.02557
0.849507
0.681271
0.306008
0.118215
0.124301
0.132669
0.159317
0.351236
1.03262
2.84972
5.77214
9.50447
13.2334
15.8338
15.6303
10.2275
6.33742
4.84317
7.97393
15.3072
0.316399
0.011819
0.00966234
0.0103084
0.0192836
0.0482196
0.0985168
0.139165
0.197707
0.283067
0.228836
0.18455
3.48555
13.3688
0.000441843
4.38043e-07
1.47831e-09
2.26342e-11
3.10452e-13
3.85843e-15
3.72453e-17
3.04913e-19
3.76401e-21
2.98151e-23
0.0870577
1.14288
9.56616
39.605
54.049
33.2639
8.31015
4.16089
8.38921
30.9391
37.8722
25.8085
29.8954
58.5789
46.5697
11.1371
14.0637
25.0181
34.4608
43.6005
52.5876
16.2155
4.83114
10.6873
13.4324
6.55175
0.630231
0.309943
0.944474
4.9748
18.7924
32.3575
13.1872
5.17967
3.89041
9.31929
5.07107
2.44312
0.785863
0.662077
0.199031
0.0447089
0.0520992
0.125579
0.5175
1.66951
1.62129
0.873054
0.621079
0.693152
1.46542
2.42691
1.04581
0.266452
0.884841
0.260622
0.206292
0.215771
0.203171
0.140281
0.0430397
0.147445
0.266017
0.763351
2.25491
5.0589
8.48797
12.6858
14.9355
12.3239
7.86199
3.86123
2.29185
1.36568
2.51346
7.34377
0.862094
0.0126465
0.0145283
0.0162919
0.0308559
0.0814515
0.173843
0.239256
0.328822
0.413729
0.305861
0.208352
4.90444
5.05918
0.000209569
2.57725e-07
1.09609e-09
1.81454e-11
2.40373e-13
3.00411e-15
2.87809e-17
2.39673e-19
2.89012e-21
2.48011e-23
0.0013303
0.0238299
0.220253
0.728787
1.15811
0.808705
0.577329
0.740336
2.50425
15.3661
50.9312
60.2644
62.2887
45.703
9.84142
4.21742
7.99574
27.6087
48.4913
45.7377
22.1995
9.04918
11.9388
5.41499
0.256014
0.702375
0.0111164
0.786991
4.00969
15.1731
39.7986
24.0702
5.7684
3.94712
7.59127
7.60798
0.424208
0.389738
0.237834
0.190561
0.228242
0.101422
0.135379
0.407544
1.76202
3.85769
2.61236
1.80987
1.72068
2.47918
4.62197
3.90806
2.0288
0.59925
0.112444
0.0215372
0.0328359
0.0823468
0.14482
0.105129
0.00867034
0.145749
0.505726
1.71511
4.40009
8.03604
12.6909
17.4822
13.4339
6.07555
2.82285
1.47403
0.622347
0.854404
3.15633
5.35939
1.10919
0.0129282
0.0184559
0.023317
0.0489118
0.140525
0.316525
0.422738
0.553047
0.557361
0.398193
0.261666
7.79416
1.2286
9.56732e-05
1.50958e-07
8.42963e-10
1.52197e-11
1.99977e-13
2.48841e-15
2.35667e-17
1.99207e-19
2.30155e-21
1.9224e-23
2.3417e-05
0.000681485
0.004956
0.0154863
0.0308008
0.0467745
0.0645208
0.10841
0.381743
2.41251
9.64861
22.5962
18.3173
6.08282
1.57606
1.65399
2.83368
7.98979
13.1957
10.6651
5.43774
6.8672
19.6819
11.0366
0.391867
0.0139533
0.973218
4.82909
15.2986
42.1547
44.1575
8.89534
3.40175
3.73988
10.7886
6.23981
0.0939147
0.11548
0.102097
0.102454
0.114045
0.161149
0.336748
1.38713
5.08915
7.38736
5.96291
5.30414
5.86282
7.65867
9.08781
6.71692
5.66382
3.24792
0.231577
0.00742422
0.00795731
0.0453227
0.0962288
0.0173983
0.0351033
0.283019
1.21073
3.64608
7.45433
12.926
19.7826
17.8134
5.61934
1.35302
0.725502
0.406912
0.289331
1.64391
6.34854
7.65942
0.865877
0.0119681
0.0194254
0.0304442
0.0773035
0.246307
0.581946
0.763362
0.921969
0.744719
0.510548
0.327245
16.799
0.263962
4.04069e-05
8.66386e-08
6.83051e-10
1.27299e-11
1.62965e-13
1.97985e-15
1.84449e-17
1.54769e-19
1.71412e-21
1.36739e-23
6.98192e-06
0.000189
0.00122492
0.00404085
0.00891444
0.0151625
0.0252515
0.0408336
0.0762463
0.268359
0.846332
1.63885
2.06859
1.08192
0.913189
1.1335
1.29319
1.9525
2.43038
2.1094
2.24455
6.4607
25.8254
40.6641
16.0683
8.56654
10.9848
22.857
52.3613
64.0882
17.3454
3.01681
2.1307
4.62672
14.977
7.47277
0.111371
0.0613026
0.0866533
0.0742494
0.0699123
0.257812
1.03338
4.34939
10.6223
12.9931
13.0589
13.6971
15.1127
16.3442
13.5196
11.7577
12.9246
14.1739
6.31953
0.192366
0.00531119
0.0138011
0.00824516
0.0195252
0.180309
0.925651
2.97333
6.71602
12.8317
22.073
22.9124
7.5303
0.433909
0.0689697
0.0295188
0.0972752
1.04251
4.6725
9.46381
7.80274
0.486922
0.0090819
0.0176495
0.0392812
0.124063
0.41981
0.998657
1.32972
1.4137
0.96015
0.624092
0.418593
27.3071
0.0529253
1.67871e-05
4.37602e-08
5.06156e-10
9.57467e-12
1.19748e-13
1.404e-15
1.28395e-17
1.05113e-19
1.14969e-21
8.92075e-24
5.10151e-05
0.000897003
0.00500688
0.0170202
0.0405372
0.0746469
0.122836
0.151908
0.150645
0.179779
0.28876
0.526193
0.905494
1.38282
1.57159
1.18934
1.02227
0.931083
0.862426
0.898079
1.59309
5.45935
21.9339
62.6315
64.2419
48.1041
55.6005
77.7761
73.3332
23.3695
3.54082
1.53275
1.53609
4.18407
17.1631
14.1849
0.47246
0.0210781
0.0225907
0.00924932
0.156011
0.775069
3.5297
9.99334
18.7614
19.0273
20.6456
22.752
23.548
20.0536
14.6023
13.0985
14.3372
21.5493
19.163
6.28107
1.1806
0.391708
0.198102
0.257963
0.955343
2.8917
6.40863
12.7235
24.1265
28.1045
9.95035
0.13731
0.00533228
0.138042
0.810518
2.79603
5.6109
8.34204
8.2375
4.90834
0.140173
0.00862601
0.0167986
0.0538643
0.205246
0.7075
1.51463
2.01504
1.74539
1.12095
0.714368
0.646297
36.7152
0.0092176
6.05083e-06
2.76101e-08
3.72775e-10
6.51907e-12
7.92646e-14
8.89479e-16
7.95315e-18
6.36578e-20
6.96072e-22
5.22619e-24
0.00222745
0.0224413
0.105477
0.308119
0.636483
0.975413
0.974433
0.864237
0.781149
0.809815
1.0546
1.69804
2.67115
2.89568
1.94529
1.2567
0.91906
0.660992
0.596386
0.83045
1.72846
4.52621
11.8927
32.3922
77.727
96.7801
89.2072
57.9812
17.9286
3.20716
1.16414
0.995581
1.36246
3.44514
15.2487
27.2714
4.55467
0.125293
0.0204763
0.138716
0.800479
3.21325
9.293
20.4714
26.0363
20.0916
19.1917
19.6885
17.6755
13.1121
9.49536
7.92893
8.05173
13.6966
24.3404
19.6372
7.6716
3.31034
2.09697
2.26093
3.88239
7.26371
13.4488
26.1986
33.7234
11.7937
0.0684811
0.00394152
0.700793
4.05601
8.38857
11.2571
10.963
7.7524
5.05783
2.05082
0.0193682
0.00735628
0.0196764
0.0809361
0.354592
1.15018
1.82511
2.20389
1.51403
0.97009
0.807501
1.24758
29.4674
0.00146286
2.51267e-06
1.88642e-08
2.44111e-10
3.96598e-12
4.74394e-14
5.1177e-16
4.44068e-18
3.52026e-20
3.88691e-22
2.6608e-24
0.0898945
0.570822
2.11401
4.8265
4.55538
3.89344
3.23632
2.77245
2.70991
2.96763
3.80099
4.79773
4.2601
2.58541
1.55753
1.0937
0.832324
0.728082
0.940912
1.39628
2.3773
3.05862
3.32261
5.31125
13.4707
19.7151
12.3723
4.91011
1.64745
0.737481
0.658533
0.755784
1.12702
2.52993
10.5467
36.2865
21.4068
4.40131
1.52684
1.96813
4.16617
9.93494
22.4132
33.9645
23.6416
12.6044
9.87002
9.03603
7.08067
5.25478
3.86808
3.01853
3.07377
5.7052
14.6088
28.2594
24.2635
14.8193
9.46918
8.98793
10.9843
17.0985
29.8117
39.4747
14.2267
0.0719447
0.00281203
0.669539
5.17685
12.3966
15.9212
13.8997
8.86404
4.13275
3.09252
0.998801
0.00495762
0.00776358
0.0276815
0.129115
0.592796
1.59255
1.4191
1.14964
0.728122
0.476955
1.06187
2.86095
6.71829
0.00033002
1.2617e-06
1.1628e-08
1.48179e-10
2.20797e-12
2.57995e-14
2.65394e-16
2.23754e-18
1.79055e-20
1.9812e-22
1.21542e-24
4.04541
11.5542
11.6768
7.69239
5.78777
4.82402
4.53076
4.59792
4.92204
5.47604
5.42364
3.80468
2.21237
1.35645
1.09037
1.0278
1.08183
1.42243
1.79358
2.12683
2.05404
0.983422
0.448954
0.400799
0.443822
0.595691
0.797029
0.487115
0.353264
0.345499
0.380705
0.461003
0.672984
1.47662
5.94965
26.6459
48.7437
21.2113
10.0277
9.62151
14.8727
28.0105
43.3383
31.1103
10.8348
4.61398
3.25685
2.53694
1.85309
1.39366
0.976054
0.687771
0.884913
2.26971
6.9443
19.3693
34.127
36.0952
28.4627
26.574
29.7939
41.1243
44.821
15.921
0.0887768
0.00674093
0.634382
4.32284
10.5673
12.3102
9.51273
5.9113
3.04221
1.51592
2.29426
0.820465
0.00276363
0.0114936
0.0451976
0.210019
0.903416
1.81905
0.79485
0.0359199
0.0655245
0.164057
1.71068
10.5911
0.420376
0.0001026
5.77953e-07
6.0009e-09
7.76951e-11
1.10222e-12
1.2485e-14
1.23551e-16
1.0096e-18
8.14683e-21
8.68119e-23
5.28551e-25
0.65295
1.56644
1.86027
1.59959
1.66688
1.93084
2.24957
2.56869
2.6118
2.23255
1.50197
0.924398
0.669447
0.666868
0.756086
0.953035
1.24559
1.51848
1.47545
1.14357
0.49236
0.117495
0.0394943
0.0401526
0.0595132
0.0929862
0.129001
0.154387
0.163306
0.159377
0.159241
0.182547
0.271373
0.61669
2.39687
11.9727
43.7551
57.9989
39.3442
36.1283
44.6407
53.3436
33.7222
10.5054
2.48794
1.17476
0.711869
0.444954
0.313029
0.232524
0.146577
0.0963609
0.311191
1.31815
4.5386
11.7939
24.8394
39.9759
50.2886
53.068
55.3748
40.7041
9.87183
0.111504
0.0199534
1.07183
4.41369
9.44872
8.70163
4.26889
1.2647
0.66599
0.458274
0.456436
2.06821
1.0072
0.00554075
0.0210596
0.0763251
0.343375
1.24972
1.66945
0.466447
0.0206811
0.0167363
0.160571
1.42701
55.4811
0.0216766
3.01975e-05
2.20482e-07
2.56988e-09
3.46844e-11
4.73947e-13
5.19754e-15
4.88955e-17
3.89034e-19
3.10075e-21
3.17068e-23
1.96684e-25
0.000841869
0.0094171
0.034022
0.0728015
0.123946
0.185082
0.224918
0.229089
0.205153
0.181706
0.124882
0.11348
0.117705
0.135601
0.167846
0.214785
0.282977
0.294967
0.165235
0.0118315
0.00204821
0.0117103
0.0258112
0.0423039
0.0598501
0.0782912
0.0880321
0.085324
0.069697
0.0522535
0.0437997
0.0471106
0.0703745
0.166699
0.625235
2.89382
13.3884
41.3975
60.0221
59.4709
48.2967
24.9862
6.85751
1.43824
0.409451
0.107179
0.0832699
0.0841526
0.115203
0.193249
0.184828
0.00924682
0.355259
1.79275
4.49921
7.81404
12.8733
18.419
25.9948
26.8429
13.8447
1.30823
0.00701371
0.0946629
1.47428
5.25425
8.73013
7.45855
2.38156
0.241157
0.0527996
0.0333102
0.0539342
0.300861
1.97083
1.27343
0.0153222
0.0403832
0.130091
0.562716
1.63821
1.33806
0.447486
0.0908307
0.0370756
0.379833
1.99159
35.4345
0.00129298
6.84844e-06
6.58757e-08
9.76792e-10
1.28219e-11
1.71569e-13
1.81263e-15
1.61992e-17
1.26153e-19
9.96248e-22
9.75018e-24
5.75935e-26
3.00277e-06
7.16732e-05
0.000272304
0.000593564
0.00104311
0.00152654
0.00188386
0.00199549
0.00182301
0.00106343
0.000261134
0.000485726
0.000728876
0.000289484
0.00109393
0.000565046
0.00184803
0.00367959
0.00282544
0.00450719
0.000552705
0.0117828
0.047934
0.0495046
0.052355
0.0515743
0.0446266
0.0333117
0.0211547
0.0147204
0.0141269
0.015456
0.0183128
0.0308861
0.100359
0.407344
1.60555
4.85078
10.1087
11.4483
6.14584
1.68791
0.360695
0.0206683
0.0334746
0.0540759
0.134045
0.259793
0.511121
0.580248
0.00977157
0.146642
1.33102
3.5611
4.11894
3.56477
3.27855
2.88958
1.46587
0.351506
0.00720536
0.021789
0.565735
2.38767
5.51311
6.51459
5.43904
0.98381
0.444988
0.667153
2.33364
1.4863
0.956672
0.885634
2.11348
1.53609
0.0383892
0.0765047
0.217029
0.86624
2.03347
1.07906
0.962171
0.561568
0.214066
1.5898
16.3633
0.479505
0.000190317
1.42336e-06
1.91268e-08
2.98816e-10
3.90706e-12
5.10144e-14
5.16201e-16
4.48467e-18
3.45536e-20
2.69764e-22
2.50003e-24
1.37827e-26
1.26119e-08
3.93377e-07
1.56489e-06
3.50939e-06
5.93325e-06
7.93651e-06
5.66665e-06
9.58868e-06
3.90649e-05
0.000206268
0.00251303
0.0125623
0.0411444
0.0873447
0.113777
0.0873857
0.0421104
0.0264222
0.0216356
0.00053376
0.0315362
0.0296216
0.0126248
0.010755
0.0113476
0.0118893
0.0103952
0.00847791
0.00814554
0.0105086
0.0146043
0.0164099
0.0143412
0.0111045
0.0140028
0.0406383
0.126184
0.221026
0.325261
0.281025
0.0996052
0.00592042
0.0168777
0.0329795
0.134189
0.281529
0.502123
0.823089
0.958393
0.0228971
0.00949183
1.04526
3.88749
3.5667
1.68091
0.717479
0.291557
0.0695323
0.0271305
0.0531776
0.482716
1.70383
3.64881
5.01088
4.6168
1.46854
0.0198603
0.189629
4.61633
5.48169
4.95301
3.52402
1.80909
1.15497
2.25937
1.884
0.0985021
0.142343
0.352798
1.26164
2.86502
1.55032
2.68478
4.17917
1.7766
6.31852
58.1157
0.00627123
2.55967e-05
2.8547e-07
4.69741e-09
7.51074e-11
9.70219e-13
1.23852e-14
1.20893e-16
1.02816e-18
7.86399e-21
5.97583e-23
5.52109e-25
3.07602e-27
5.27973e-10
4.89026e-09
9.13236e-09
2.9605e-08
4.38393e-08
1.81646e-07
2.0821e-06
2.50414e-05
0.000350022
0.00335409
0.0209125
0.066264
0.109956
0.125143
0.115626
0.109686
0.0849932
0.0498575
0.00142495
0.0319932
0.0232528
0.000773873
0.000321937
0.000448891
0.000630628
0.00150505
0.00255092
0.00586188
0.0150783
0.0281312
0.0349909
0.0283717
0.0159743
0.00748346
0.00505899
0.00642105
0.0110622
0.0166829
0.0189831
0.0135218
0.00659943
0.0252283
0.1069
0.268689
0.504961
0.706065
0.892732
0.988873
0.0136093
0.00992475
1.05467
4.16745
3.38785
1.08582
0.241729
0.0681808
0.0129906
0.0431305
0.334038
1.14426
2.33627
3.04493
3.44124
1.53191
0.0646158
0.00960653
5.07981
5.91439
4.33949
2.98598
2.08641
1.34781
0.661714
0.629802
1.96783
2.34502
0.278196
0.267432
0.587092
1.8519
5.4591
5.75731
14.6252
36.816
17.3931
51.3553
0.255748
0.000413789
2.8393e-06
5.55165e-08
9.62617e-10
1.53805e-11
1.96533e-13
2.45414e-15
2.33124e-17
1.95401e-19
1.48677e-21
1.12734e-23
1.04263e-25
5.62359e-28
2.80015e-12
1.34174e-10
3.11661e-10
5.55943e-10
2.95932e-09
6.71842e-08
5.07008e-06
7.29379e-05
0.00103657
0.00940968
0.0435198
0.0694007
0.035348
0.0162342
0.00518314
0.0170272
0.0363242
0.0247345
0.0437441
0.0294286
0.000602907
6.76392e-05
1.3858e-05
3.19609e-05
0.00026354
0.00163969
0.00855453
0.026908
0.0495538
0.0582612
0.046039
0.0242619
0.0100952
0.00446697
0.00313298
0.00315534
0.00328537
0.00539509
0.01533
0.0445267
0.107706
0.241573
0.464939
0.655625
0.701928
0.686679
0.632744
0.0113003
0.012904
1.1621
4.2489
3.25294
0.779477
0.122253
0.0229285
0.00832673
0.10883
0.564171
1.36028
1.72139
1.68801
0.653443
0.0561122
0.0116208
4.41603
5.79114
5.20733
3.40382
1.23551
0.337186
0.210507
0.536519
0.744499
0.653385
1.25584
2.51716
0.751257
0.505263
0.960789
2.84157
17.9684
39.3305
46.7301
30.1423
51.5908
5.3773
0.00173247
2.08079e-05
3.18683e-07
8.94756e-09
1.58074e-10
2.55617e-12
3.23969e-14
3.97581e-16
3.69357e-18
3.0553e-20
2.32689e-22
1.75081e-24
1.6277e-26
8.62447e-29
2.89581e-13
9.21752e-13
2.66272e-12
5.97976e-11
1.52742e-09
7.16223e-08
7.14955e-06
0.000114677
0.00173742
0.0157812
0.0460193
0.00897258
0.0133114
0.0288454
0.000371558
0.000240183
0.0118929
0.0510862
0.0583649
0.00017433
0.00351536
0.0131425
0.00761869
0.00234049
0.00393695
0.0151359
0.043381
0.0639326
0.0710649
0.0541966
0.0259618
0.00913274
0.00359661
0.00253686
0.00321802
0.0064244
0.021873
0.0720502
0.16958
0.318499
0.472623
0.589374
0.56588
0.41159
0.266804
0.185241
0.013808
0.200981
1.3888
3.8273
3.04454
0.643395
0.0816559
0.0146129
0.0104282
0.104366
0.560278
0.952849
1.05251
0.316298
0.0326445
0.0273947
3.90107
5.18431
4.08176
2.35398
1.26232
0.454055
0.20863
1.56522
4.08955
5.53707
3.40177
1.21545
0.598794
2.07126
1.2327
0.916908
1.46829
5.14966
25.9615
16.5732
0.364331
0.0167965
0.0635821
0.00240802
7.35373e-05
1.07909e-06
3.49096e-08
1.12537e-09
2.05712e-11
3.40458e-13
4.31012e-15
5.18296e-17
4.7411e-19
3.86364e-21
2.90191e-23
2.17623e-25
2.05799e-27
1.0246e-29
3.24172e-15
3.01811e-14
2.34944e-13
7.77295e-12
2.01841e-10
1.19032e-08
2.04578e-06
7.99511e-05
0.00132897
0.0157598
0.0370918
0.0109513
0.0367922
0.0714996
0.0787763
0.0110842
0.0329055
0.106255
0.0173657
0.0016365
0.0312568
0.0482827
0.0333682
0.0246199
0.0310673
0.0496654
0.0562104
0.0622925
0.0587573
0.0208133
0.00471331
0.00200916
0.00152429
0.0021404
0.00527262
0.0306345
0.132907
0.287838
0.386699
0.367258
0.286213
0.204326
0.0542681
0.0584945
0.198508
0.013197
0.866546
1.39603
2.71528
2.65948
0.589324
0.0663829
0.0156018
0.00969346
0.060364
0.379232
0.731282
0.399784
0.00456084
0.0952217
2.95687
3.72529
3.03494
1.84308
0.793168
0.238693
0.0868913
0.780611
3.89092
8.59116
10.796
7.33658
3.66039
1.3791
0.193682
1.0717
1.56769
1.4296
1.93752
5.90524
11.6143
0.00979451
0.000477223
3.67078e-05
0.000105837
1.59539e-05
9.46905e-07
6.27236e-08
2.63925e-09
1.04635e-10
2.04818e-12
3.5239e-14
4.52028e-16
5.34833e-18
4.81987e-20
3.90624e-22
2.93658e-24
2.18749e-26
2.11959e-28
9.82784e-31
2.42746e-16
1.57283e-15
2.01524e-14
1.32247e-12
2.6117e-11
2.01917e-09
2.98227e-07
3.95274e-05
0.000791987
0.0123305
0.0296899
0.012887
0.0125909
0.0343214
0.105138
0.117784
0.130057
0.0568785
3.1288e-05
0.0207116
0.0720914
0.0311412
0.0246093
0.0106281
0.0141477
0.0138299
0.0358044
0.0600228
0.00350186
0.00167879
0.00153149
0.00693326
0.00220825
0.00330653
0.0320468
0.13952
0.249774
0.121071
0.0267864
0.0249707
0.0445977
0.00387143
0.251395
1.09904
1.43285
1.58197
1.43178
1.51439
1.85967
0.632635
0.0631833
0.0156989
0.0101069
0.0272557
0.197862
0.578205
0.170254
0.0039098
1.78049
2.50907
1.94865
1.04359
0.512827
0.130314
0.0618094
0.280445
1.91352
7.08923
12.3094
11.9905
6.92972
3.00569
1.86293
1.07621
0.0404706
0.391206
1.5688
1.77202
2.18154
6.64581
2.18
0.000279898
1.28525e-06
4.59149e-07
1.51691e-06
1.41263e-07
1.99042e-08
1.9678e-09
1.06918e-10
5.39158e-12
1.41154e-13
2.70353e-15
3.60647e-17
4.27948e-19
3.87544e-21
3.14215e-23
2.38912e-25
1.79153e-27
1.78584e-29
7.97446e-32
4.91368e-18
3.35983e-17
2.33418e-15
1.53358e-13
6.01026e-12
3.27462e-10
3.81924e-08
7.6208e-06
0.000243266
0.00423661
0.0228363
0.016555
0.0150142
0.00869582
0.0217363
0.051133
0.0381904
0.00334838
0.0053833
0.0683661
0.0336625
0.000950144
0.00767466
0.00861533
0.00384702
0.0185861
0.0700249
0.000563388
0.00225829
0.00686764
0.0493039
0.230854
0.177292
0.0820167
0.112675
0.142078
0.00242775
0.0619511
0.513543
0.418097
0.294682
0.525297
1.22942
1.2524
1.13481
0.907022
0.628884
0.757135
0.680251
0.090294
0.0121072
0.00905613
0.0130835
0.0804243
0.389604
0.0323692
0.263757
1.48349
1.53243
0.71554
0.290352
0.103529
0.0463732
0.0606515
0.435535
2.63064
9.07415
15.2216
11.8489
5.31965
1.72584
0.928564
0.827899
0.860376
0.0448354
0.364317
1.50951
1.74349
2.07659
9.76188
0.222855
6.13518e-05
4.27361e-07
6.59117e-09
1.99263e-08
5.93598e-09
6.46906e-10
5.9331e-11
3.20714e-12
1.32461e-13
5.00183e-15
1.39484e-16
2.09901e-18
2.59287e-20
2.41843e-22
1.97322e-24
1.53758e-26
1.18526e-28
1.22815e-30
5.58256e-33
6.52342e-19
2.88725e-18
1.35334e-16
2.57059e-14
8.60371e-13
6.47034e-11
5.70972e-09
7.04515e-07
4.64576e-05
0.000820174
0.00705204
0.0129445
0.00876564
0.00176679
0.000457722
0.000468309
0.00018899
0.000120627
0.0253252
0.0764864
0.000530175
0.0339711
0.0367748
0.0171816
0.0150625
0.068317
0.000343893
0.0160334
0.0337773
0.0224559
0.274113
0.32085
0.214442
0.107162
0.0358272
0.00298481
0.660195
0.639607
0.437625
0.312859
0.387999
0.667874
0.681662
0.312348
0.246424
0.166048
0.153204
0.403614
0.17451
0.0143361
0.00534589
0.00585456
0.026369
0.20276
0.297076
0.0918715
0.883902
0.804033
0.241251
0.073261
0.0269265
0.0201865
0.0687165
0.384231
2.25785
8.90785
14.7167
9.51322
3.56484
0.475563
0.18099
0.174976
0.217911
0.470743
0.52932
0.485758
1.52575
1.3207
2.05382
12.4839
0.0271399
2.21589e-05
1.07852e-07
3.83289e-09
8.21869e-10
9.75638e-11
1.30502e-11
1.36408e-12
8.6604e-14
3.53204e-15
9.07554e-17
3.25935e-18
8.39796e-20
1.17474e-21
1.15875e-23
9.95637e-26
8.20305e-28
6.94253e-30
8.2701e-32
4.50883e-34
1.45382e-20
1.92852e-19
3.45462e-17
3.1126e-15
1.48883e-13
1.00159e-11
9.05254e-10
3.8548e-08
2.79652e-06
5.15498e-05
0.000469315
0.000679029
0.000269841
5.86993e-05
6.48097e-06
2.04145e-06
2.40759e-06
0.000584007
0.0298322
0.0382519
0.0132517
0.0356694
0.0120972
0.00362403
0.0357605
0.0699478
0.00971608
0.0402891
0.018275
0.140181
0.416813
0.0712389
0.0615707
0.0445692
0.167014
0.627253
0.434022
0.170694
0.216713
0.281399
0.401747
0.423003
0.130975
0.0524819
0.059929
0.0451457
0.0819451
0.225301
0.0339535
0.00324181
0.00210241
0.00685832
0.0684352
0.345167
0.00288074
0.408732
0.572055
0.10085
0.0192269
0.0107356
0.0139029
0.0514112
0.249244
1.48446
7.55876
13.7211
7.82798
1.97142
0.0572337
0.0117457
0.00836076
0.0163958
0.0924449
0.418358
0.767842
0.772113
1.38816
0.632646
1.35931
10.7037
0.00349522
2.93338e-06
1.41067e-07
3.533e-09
2.64506e-10
1.20747e-11
5.72478e-13
3.45576e-14
1.75136e-15
7.81273e-17
2.01431e-18
5.27346e-20
1.50166e-21
3.60433e-23
4.10978e-25
4.53336e-27
4.91013e-29
5.69741e-31
9.05203e-33
6.11642e-35
2.2013e-21
1.20289e-20
1.19587e-18
3.0977e-16
8.48235e-15
1.19037e-12
9.4712e-11
1.40841e-09
1.89139e-08
3.51126e-07
2.50249e-06
2.70849e-06
1.01743e-06
2.27757e-07
5.08722e-08
1.66821e-08
8.15329e-08
6.01616e-05
0.00838513
0.0655787
0.0481234
0.0269973
0.00879152
0.000320989
0.0248401
0.0753056
0.0172729
0.0252628
0.0154754
0.214215
0.523579
0.00140697
0.107575
0.315503
0.495418
0.242773
0.0576851
0.0268685
0.0686613
0.161369
0.171609
0.104566
0.0176685
0.0186659
0.0537783
0.0221789
0.0959899
0.0831209
0.00786684
0.000664833
0.00100096
0.013067
0.16318
0.213021
0.0537192
0.512557
0.0907159
0.00699378
0.00367587
0.0066465
0.0265835
0.128978
0.832826
5.44846
12.4877
6.86053
1.62783
0.0244493
0.0106544
0.0161722
0.0553231
0.0608163
0.179934
0.560486
1.24431
1.26972
0.370739
0.453411
2.35789
3.75993
0.000505616
1.83888e-06
9.83041e-09
1.2536e-09
1.07185e-10
3.75618e-12
1.4681e-13
5.77222e-15
1.99801e-16
6.68184e-18
1.86191e-19
4.59561e-21
9.91462e-23
1.96253e-24
3.20556e-26
4.84379e-28
6.72053e-30
9.19555e-32
1.57457e-33
1.07608e-35
7.48361e-23
9.67809e-22
1.85248e-19
1.75179e-17
7.48311e-16
6.39717e-14
4.21763e-12
5.8612e-11
2.59014e-10
1.49079e-09
7.24823e-09
7.40546e-09
3.29467e-09
1.00296e-09
2.73644e-10
2.35356e-10
3.30572e-09
2.07665e-06
0.000170167
0.00310612
0.0199021
0.0156416
0.00123806
0.00138058
0.00759006
0.0567356
0.0175648
0.0132637
0.00443261
0.101603
0.639192
0.205785
0.272816
0.50469
0.219947
0.0317576
0.0054229
0.00210827
0.00547692
0.0135917
0.0200486
0.0121006
0.00339636
0.0111245
0.0492506
0.0376028
0.0614292
0.0246875
0.00301855
9.30772e-05
0.00137315
0.0324143
0.308437
0.0339485
0.128302
0.267245
0.00428881
0.000920389
0.00145952
0.00861723
0.0511826
0.361369
3.04319
10.6212
6.57715
1.40235
0.0131855
0.142347
0.33728
0.321164
0.365755
0.429075
0.588818
1.0244
1.94476
0.457362
0.0227854
2.64225
17.2165
0.0225883
5.60212e-05
2.23845e-07
1.43756e-08
4.73675e-10
3.30351e-11
1.21288e-12
4.57459e-14
1.68576e-15
5.36065e-17
1.63571e-18
4.26237e-20
1.05551e-21
2.08195e-23
3.84179e-25
5.95228e-27
8.35068e-29
1.13585e-30
1.56162e-32
2.56585e-34
1.68096e-36
2.17852e-24
3.39595e-23
3.76468e-21
5.75393e-19
1.21214e-17
2.15802e-15
1.7564e-13
1.92441e-12
6.56248e-12
1.28451e-11
4.99277e-11
6.9206e-11
4.06489e-11
1.46248e-11
5.1222e-12
5.05788e-12
1.66892e-10
7.94672e-09
5.42778e-07
1.27982e-05
0.000147558
0.000748353
0.00101454
0.000570993
0.00172301
0.0316575
0.043934
0.0069536
0.000241315
0.02767
0.391505
0.498392
0.24595
0.205548
0.0386948
0.00451952
0.000570637
0.000135489
3.94527e-05
0.000462956
0.00093622
0.000991231
0.000761794
0.00414058
0.0298189
0.0448618
0.0194225
0.0131946
0.00359922
3.81887e-05
0.00245479
0.06949
0.376909
0.00433819
0.357504
0.0910674
0.000525486
0.00027167
0.00128516
0.0118334
0.100027
0.995293
6.80378
7.16835
1.16878
0.551538
1.0657
1.64737
1.02216
0.341768
0.320149
0.846569
1.26978
1.62258
1.75609
0.00459872
0.0544475
11.6363
0.0922454
0.000339428
5.15932e-06
3.72896e-08
2.95018e-09
9.27823e-11
6.12622e-12
2.53815e-13
9.56276e-15
3.39193e-16
1.02066e-17
3.00528e-19
7.06407e-21
1.6923e-22
3.32878e-24
5.96033e-26
8.76172e-28
1.18172e-29
1.55832e-31
2.13125e-33
3.43031e-35
2.02938e-37
2.40424e-26
6.3807e-25
1.24554e-22
1.15743e-20
1.97127e-19
6.735e-17
4.48105e-15
7.29965e-14
3.74821e-13
3.37068e-13
7.99939e-13
8.90145e-13
4.75332e-13
2.06768e-13
1.2392e-13
1.14155e-13
1.68246e-12
5.6415e-11
1.11432e-09
3.04759e-08
6.03993e-07
3.61078e-06
5.04464e-06
3.55301e-06
2.49951e-05
0.00314597
0.0289246
0.0185628
0.000342042
0.00317157
0.0597692
0.432882
0.027909
0.187152
0.0909251
0.0121261
0.00133201
0.000894302
0.000434067
6.16705e-05
4.35148e-05
6.69126e-05
0.000101586
0.000682132
0.00730512
0.0328292
0.0073673
0.00607781
0.00795371
5.77058e-05
0.00382288
0.106183
0.340883
0.0135603
0.330109
0.03459
0.000541769
0.000102247
0.00116493
0.0139094
0.152871
1.95537
7.6731
0.00791473
4.05543
6.74153
4.02084
8.19755
6.32691
1.49042
0.857772
1.10716
1.05259
1.325
1.29081
0.0157728
0.0316021
5.29786
0.00101348
1.25499e-05
3.44448e-07
5.86696e-09
5.28406e-10
1.84774e-11
1.11312e-12
4.28412e-14
1.552e-15
4.98906e-17
1.45815e-18
3.89296e-20
9.44605e-22
2.05551e-23
4.03362e-25
6.99501e-27
1.01784e-28
1.33159e-30
1.75903e-32
2.30949e-34
3.60455e-36
2.08017e-38
1.63534e-28
1.16554e-26
1.15566e-24
1.84337e-22
2.79491e-21
1.52333e-18
1.16237e-16
1.82639e-15
9.10132e-15
1.91231e-14
3.98134e-14
3.05568e-14
2.16364e-14
1.40859e-14
7.41145e-15
5.24118e-15
5.01725e-14
1.93159e-12
1.75979e-11
2.25383e-10
1.83265e-09
1.22886e-08
1.55314e-08
2.18727e-08
1.1224e-07
1.44817e-05
0.00140924
0.0108177
0.0109644
0.00597661
0.00684013
0.158083
0.237704
0.000437604
0.111376
0.0592421
0.0114364
0.00429236
0.00236811
0.000675954
1.3812e-05
5.42055e-06
8.33959e-06
5.68241e-05
0.000695325
0.00804792
0.0138439
0.0043822
0.00524287
0.000178263
0.00401221
0.118714
0.36011
0.0130603
0.40739
0.0572946
0.00098205
5.22293e-05
0.000717707
0.0107476
0.160257
2.66379
2.12706
3.31172
8.42673
9.87137
10.2484
14.9663
17.0781
13.8968
2.47122
0.757655
1.14612
2.662
5.18396
0.208362
0.249498
0.59358
0.000287137
1.03851e-06
4.73991e-08
6.697e-10
5.48104e-11
2.24099e-12
1.33643e-13
5.0386e-15
1.80956e-16
5.55834e-18
1.55159e-19
4.07806e-21
9.42358e-23
2.03554e-24
3.90534e-26
6.35698e-28
9.27509e-30
1.2025e-31
1.57488e-33
1.99341e-35
2.89684e-37
1.6085e-39
3.94792e-30
1.64598e-28
2.6802e-26
2.97122e-24
4.05783e-23
3.52408e-20
2.63637e-18
5.12623e-17
4.0219e-16
5.09016e-16
1.48121e-15
1.44285e-15
8.70538e-16
5.25443e-16
2.84451e-16
3.37632e-16
2.64215e-15
1.96371e-14
7.67863e-13
1.39789e-11
5.24047e-11
1.16614e-10
2.29364e-10
2.70207e-10
9.20631e-10
7.54748e-08
6.56342e-06
0.00028646
0.00223565
0.00252676
0.00115166
0.00368476
0.0988047
0.179744
0.0232613
0.0157767
0.0126009
0.00935355
0.00486022
0.00128828
6.20092e-05
6.51033e-07
4.40395e-07
3.61174e-06
5.07933e-05
0.000690155
0.00456184
0.00350387
0.00211706
7.7159e-05
0.00321967
0.0752341
0.41703
0.000332743
0.237227
0.19723
0.00243872
3.91972e-05
0.000411948
0.00748617
0.129932
1.75475
2.23704
3.69299
4.06563
3.23284
7.33491
1.79317
2.45458
10.4109
7.458
2.31216
7.54748
8.76304
4.39893
1.9186
12.2908
0.0234506
3.73039e-05
2.95345e-07
3.43261e-09
1.43561e-10
7.25036e-12
2.41385e-13
1.18826e-14
4.04072e-16
1.3956e-17
4.14458e-19
1.16163e-20
3.02039e-22
7.13892e-24
1.50846e-25
2.80707e-27
4.51058e-29
6.19238e-31
8.3291e-33
1.02606e-34
1.2778e-36
1.77398e-38
9.63912e-41
1.66455e-31
1.84031e-30
3.67707e-28
4.15306e-26
4.73629e-25
6.69791e-22
4.70074e-20
9.02335e-19
6.78425e-18
2.4241e-17
4.03128e-17
3.97155e-17
2.80544e-17
2.08451e-17
1.30162e-17
1.15591e-17
2.1665e-17
2.01128e-15
1.2137e-14
1.50644e-13
5.06424e-12
3.45261e-11
1.99005e-11
9.98967e-12
2.97521e-11
4.99496e-10
4.23211e-08
1.19827e-06
9.26545e-06
1.48108e-05
1.17734e-05
1.04589e-05
8.27417e-05
0.00269416
0.011594
0.018694
0.0103145
0.00420717
0.00126133
0.000293406
6.35806e-05
1.19322e-06
2.87984e-08
3.46371e-08
1.15832e-06
4.18242e-05
0.000426672
0.00109745
0.000409783
5.8251e-05
0.00192117
0.0294
0.267124
0.288643
0.0570263
0.181817
0.00429077
3.3527e-05
0.000367616
0.00719928
0.157447
1.3736
2.45827
1.79875
0.257267
0.0648479
0.038215
0.00104451
0.00145663
0.0654061
8.09317
8.79768
5.22605
1.47247
0.0387237
2.67398
0.0653931
0.000430686
5.98372e-06
1.55514e-08
5.19801e-10
1.48494e-11
5.2868e-13
1.73773e-14
5.94305e-16
1.70475e-17
5.48016e-19
1.57826e-20
4.47278e-22
1.20627e-23
2.93928e-25
6.44323e-27
1.21453e-28
1.95036e-30
2.76215e-32
3.53212e-34
4.66926e-36
5.46709e-38
7.67956e-40
3.87456e-42
4.18032e-33
7.77264e-32
4.9206e-30
4.0686e-28
1.7152e-26
7.37728e-24
6.06752e-22
1.80821e-20
1.06793e-19
4.61911e-19
4.25712e-19
2.63314e-19
4.28154e-19
4.30731e-19
2.30567e-19
7.82023e-20
6.71351e-19
8.98465e-18
5.90829e-16
5.34919e-15
5.04363e-14
4.759e-13
5.80152e-13
3.3529e-13
1.17531e-12
2.53414e-11
6.97765e-10
1.35912e-08
4.79113e-08
8.81532e-08
5.40192e-08
4.2469e-08
1.65708e-07
1.99648e-06
7.28847e-06
5.47969e-05
0.000108814
0.000131979
9.03779e-05
2.77082e-05
3.81152e-06
9.1415e-08
2.10708e-09
1.1971e-09
1.17537e-08
8.03415e-07
5.63862e-05
0.000340078
0.000214454
0.000280517
6.30393e-05
0.00282128
0.0544152
0.164786
0.16343
0.067725
0.00355694
3.51258e-05
0.000384761
0.0034761
0.0241819
0.250399
1.65756
0.0848045
0.436377
0.0144607
0.00127149
0.000188715
1.30872e-05
0.00060612
1.08419
0.628407
0.00763621
0.00376331
0.00992942
0.00087512
2.47494e-05
3.90322e-06
8.68139e-08
3.09796e-09
6.15173e-11
1.54523e-12
4.60874e-14
9.74391e-16
2.15113e-17
4.40029e-19
1.07687e-20
3.08299e-22
1.03066e-23
3.00359e-25
6.8665e-27
1.38204e-28
2.56889e-30
4.03955e-32
5.69784e-34
7.58753e-36
1.03555e-37
1.2444e-39
1.74491e-41
8.8882e-44
8.14639e-35
1.12671e-33
5.24901e-32
3.96623e-30
2.09123e-28
6.52021e-26
5.16366e-24
1.46082e-22
1.51449e-21
1.79963e-21
5.57709e-21
4.84384e-21
7.95339e-21
4.93907e-21
5.59452e-21
4.02321e-21
2.44724e-20
4.21029e-19
7.24069e-18
5.28091e-17
8.86845e-16
4.07058e-15
4.79364e-15
4.3996e-15
2.38078e-14
4.63858e-13
1.29663e-11
1.63276e-10
9.70647e-10
1.25932e-09
1.6972e-09
5.64357e-10
2.57682e-09
2.32429e-09
1.52356e-08
1.85474e-07
7.59707e-07
7.23679e-07
4.39259e-07
1.68575e-07
5.2399e-08
1.59162e-08
1.3382e-09
8.77963e-11
9.65888e-10
4.12156e-08
9.06422e-06
8.92608e-05
0.000196984
0.000110421
1.16948e-05
0.000306095
0.014698
0.0382466
0.0560623
0.0112825
0.00099965
4.24493e-05
0.000131638
0.000416418
0.000133265
0.00275893
0.249842
0.00742284
0.724158
0.0917977
0.00622614
0.00153228
1.3086e-05
0.000199927
0.0259718
0.00524267
0.00658298
0.0018135
0.00428324
7.42792e-06
2.26493e-06
5.10486e-09
1.27519e-09
6.19034e-11
2.43267e-12
7.56474e-14
1.70559e-15
3.30333e-17
6.31763e-19
1.14955e-20
2.39287e-22
5.43697e-24
1.47361e-25
4.7059e-27
1.43456e-28
2.85699e-30
4.15258e-32
5.76726e-34
7.51636e-36
9.47101e-38
1.34068e-39
1.69791e-41
2.2452e-43
1.07945e-45
1.46918e-36
2.20654e-35
5.75462e-34
2.55447e-32
8.41592e-31
4.8252e-28
4.08981e-26
1.50222e-24
1.35981e-23
1.17689e-23
2.05375e-23
2.92392e-23
1.05927e-22
7.45155e-23
9.75765e-23
9.04022e-23
4.18337e-22
2.2609e-21
5.00753e-20
6.78622e-19
1.398e-17
3.71389e-17
6.4908e-17
8.58419e-17
4.05246e-16
5.63579e-15
9.30964e-14
1.21412e-12
8.45288e-12
6.23314e-12
1.79289e-11
7.83858e-12
3.50589e-11
1.02224e-10
1.78123e-10
3.41579e-09
6.79089e-09
7.42533e-09
3.67132e-09
1.08092e-09
4.44978e-10
3.62196e-10
8.77158e-11
7.60578e-12
3.23991e-11
1.84709e-09
2.06403e-07
3.71871e-06
6.29421e-06
3.69505e-06
1.18742e-06
5.26817e-05
0.00301894
0.0122552
0.00747221
0.000680831
0.000143666
7.61604e-06
6.96356e-05
0.000114514
0.000204366
4.53935e-05
0.00181743
1.18869
0.00194069
0.13882
0.0853839
0.0137133
2.7589e-05
2.45311e-06
0.000942524
0.00172052
0.000274812
0.131353
0.000673855
4.1765e-06
1.74637e-07
9.92815e-10
7.56572e-11
1.20028e-12
5.09332e-14
2.14329e-15
5.9712e-17
1.23656e-18
2.74792e-20
5.96022e-22
1.31351e-23
2.79724e-25
5.78894e-27
1.15546e-28
2.21011e-30
3.83576e-32
6.15063e-34
7.95798e-36
9.94979e-38
1.19036e-39
1.46104e-41
1.79528e-43
2.42697e-45
1.30068e-47
4.48181e-38
3.26563e-37
5.9461e-36
1.53126e-34
3.16855e-33
2.21874e-30
1.97961e-28
6.84578e-27
8.76332e-26
2.33926e-25
4.20672e-25
4.68846e-25
2.14581e-24
6.76844e-25
1.35879e-24
2.10956e-24
6.43164e-24
2.54414e-23
4.37284e-22
5.56123e-21
9.51806e-20
3.78532e-19
6.42024e-19
1.46717e-18
1.99336e-18
2.881e-17
5.18024e-16
1.00948e-14
6.72163e-14
9.07142e-14
1.38077e-13
1.20728e-13
2.7546e-13
3.20247e-13
1.14661e-12
1.67258e-11
5.90867e-11
5.51044e-11
4.30065e-11
1.61387e-11
6.05568e-12
2.03135e-12
4.99615e-13
1.20148e-13
7.1135e-13
4.21706e-11
8.59674e-10
9.86742e-09
1.89092e-08
2.06241e-08
2.58146e-08
1.37742e-06
8.37567e-05
0.000840679
0.00045172
6.29678e-05
5.2451e-06
5.17575e-07
6.66691e-06
0.000438116
7.68252e-07
0.000404047
1.24784e-05
0.000288044
0.244194
0.0985326
0.0122131
0.0251981
0.000235842
4.86468e-07
7.3043e-06
0.000443094
4.31363e-06
0.000685391
6.17913e-06
1.18621e-08
7.89765e-09
2.69813e-10
4.72213e-12
8.80056e-14
2.82491e-15
6.63551e-17
1.95148e-18
5.17793e-20
1.35421e-21
3.36119e-23
8.00727e-25
1.72937e-26
3.41539e-28
6.12169e-30
9.97647e-32
1.43512e-33
2.01161e-35
2.61101e-37
3.18298e-39
3.81026e-41
4.45886e-43
4.76541e-45
6.52907e-47
3.00854e-49
7.83831e-41
3.14462e-39
5.33336e-38
6.68442e-37
6.25322e-35
1.26598e-32
9.55836e-31
3.28268e-29
3.01677e-28
3.80133e-28
1.63793e-27
3.31738e-27
1.20362e-26
1.04173e-26
1.60949e-26
1.76016e-26
5.68316e-26
1.73158e-25
2.2542e-24
2.42891e-23
5.56661e-22
1.94581e-21
3.60033e-21
8.04272e-21
2.47636e-20
1.4496e-19
2.6181e-18
4.75751e-17
2.44613e-16
3.49613e-16
5.8446e-16
1.12481e-15
1.91646e-15
4.388e-15
1.22967e-14
1.74051e-13
2.97276e-13
2.60833e-13
1.38434e-13
7.27761e-14
3.70883e-14
1.44342e-14
4.64721e-15
1.6652e-15
2.49126e-14
6.06708e-13
1.35991e-11
7.17011e-11
1.86939e-10
2.09377e-10
5.68732e-10
1.58006e-08
2.25354e-07
4.37739e-06
2.86198e-06
5.49644e-07
2.07766e-07
7.68178e-08
3.34122e-07
7.89601e-05
0.000271019
0.000210904
6.38533e-05
1.36661e-06
0.000117613
0.00476836
0.00430735
0.00645246
1.14079e-05
1.35807e-07
6.3095e-08
5.40423e-06
6.47043e-08
2.5847e-06
7.33872e-10
2.24412e-09
3.70284e-10
4.33911e-12
3.08361e-13
6.38251e-15
1.36277e-16
3.18411e-18
7.35137e-20
1.67565e-21
3.98198e-23
9.24105e-25
2.19352e-26
5.01478e-28
1.04489e-29
1.91557e-31
3.12625e-33
4.64092e-35
6.36131e-37
8.53782e-39
1.05159e-40
1.22446e-42
1.47765e-44
1.56625e-46
1.95653e-48
1.18997e-50
1.13535e-42
1.81953e-41
3.71155e-40
4.49789e-39
8.49886e-38
2.5259e-35
2.5614e-33
8.73673e-32
1.26594e-30
5.19838e-30
1.99071e-29
4.70811e-29
1.56073e-28
1.08522e-28
1.86658e-28
2.02923e-28
6.08586e-28
1.30404e-27
1.13791e-26
3.25525e-25
3.57616e-24
9.07132e-24
1.56833e-23
5.5649e-23
1.75183e-22
1.09288e-21
1.14617e-20
1.69738e-19
6.34322e-19
8.68266e-19
1.53651e-18
4.39236e-18
7.63718e-18
1.35787e-17
4.32324e-17
4.12525e-16
1.0296e-15
9.90169e-16
8.15744e-16
4.2157e-16
1.77119e-16
8.03952e-17
3.17727e-17
1.53273e-17
1.56716e-16
3.93352e-15
6.7343e-14
6.40175e-13
1.28682e-12
2.08953e-12
3.09895e-12
5.88803e-11
1.01877e-09
6.00632e-09
1.81834e-08
1.99351e-08
1.26374e-09
2.94775e-10
8.39424e-09
1.23751e-07
1.7309e-06
2.31785e-06
4.33765e-07
1.41473e-08
3.638e-06
0.00272896
0.00097172
0.00142017
5.44499e-06
6.33174e-08
6.46254e-09
2.61224e-08
4.80276e-10
1.47353e-08
2.55405e-10
9.50574e-13
1.63709e-12
5.03962e-14
7.54486e-15
2.62464e-16
4.84101e-18
9.1393e-20
1.83314e-21
3.2623e-23
6.1658e-25
1.26491e-26
3.32869e-28
9.20937e-30
2.06219e-31
3.36198e-33
5.13769e-35
7.32882e-37
1.01486e-38
1.33042e-40
1.69584e-42
1.977e-44
2.27212e-46
2.51103e-48
2.92117e-50
1.37871e-52
2.21391e-45
6.64263e-44
8.99471e-43
3.24307e-42
5.2118e-40
6.87653e-38
5.47018e-36
1.47969e-34
4.49509e-33
1.37806e-32
1.41877e-31
2.9963e-31
1.0552e-30
9.46291e-31
1.17415e-30
2.17778e-30
4.62749e-30
7.74587e-30
3.88519e-29
6.25236e-28
6.73676e-27
2.5939e-26
6.26009e-26
3.76133e-25
1.5425e-24
6.67476e-24
4.86085e-23
5.18453e-22
2.75943e-21
3.50907e-21
8.53828e-21
2.86619e-20
5.67026e-20
1.1357e-19
2.74223e-19
2.01885e-18
3.48392e-18
3.02586e-18
2.36968e-18
1.82946e-18
1.31168e-18
7.64893e-19
3.72797e-19
1.9511e-19
1.34492e-18
2.57523e-17
6.59434e-16
3.74809e-15
1.57077e-14
1.72315e-14
4.48413e-14
9.9081e-13
1.82394e-11
9.64641e-11
1.11755e-10
1.07133e-10
4.12521e-11
1.90365e-11
4.83487e-11
2.89605e-10
9.30333e-10
5.32447e-08
7.12539e-09
5.06841e-09
9.12143e-08
0.000309704
0.00112433
0.00500733
2.61644e-05
4.4434e-07
1.78411e-08
7.65721e-10
2.22271e-11
7.51553e-11
1.01879e-13
2.78785e-13
1.0728e-14
7.72513e-16
1.03399e-16
3.91292e-18
1.29092e-19
3.64751e-21
5.71999e-23
9.39056e-25
1.58577e-26
2.75211e-28
4.86406e-30
9.63434e-32
2.51621e-33
6.55484e-35
1.04737e-36
1.24778e-38
1.41763e-40
1.61429e-42
1.80203e-44
2.0486e-46
2.40396e-48
2.64242e-50
2.88772e-52
2.1703e-54
1.0125e-46
2.55946e-46
4.9583e-45
3.28476e-44
5.73084e-43
6.60667e-41
4.61339e-39
3.07866e-37
5.04138e-36
3.07831e-35
1.81699e-34
1.30466e-33
3.08652e-33
6.82905e-33
9.61712e-33
1.00562e-32
1.21052e-32
3.66271e-32
1.11177e-31
1.72932e-30
1.82513e-29
7.83981e-29
3.42675e-28
1.92852e-27
6.52384e-27
1.59419e-26
6.77195e-26
7.27042e-25
3.74101e-24
1.13962e-23
3.13805e-23
1.19151e-22
2.31714e-22
3.30702e-22
5.52923e-22
2.89207e-21
6.54427e-21
8.68185e-21
9.3851e-21
7.19721e-21
4.417e-21
2.67932e-21
1.21701e-21
7.3019e-22
4.4636e-21
1.02635e-19
1.79705e-18
1.85338e-17
7.04856e-17
9.9554e-17
2.08134e-16
1.86829e-15
2.7938e-14
4.29565e-13
4.32849e-13
1.25261e-12
1.69476e-13
1.05159e-13
3.2103e-13
4.04037e-13
5.06206e-11
3.41427e-12
1.14449e-10
2.04029e-10
7.56042e-09
5.20713e-06
0.00541592
0.00218368
5.02707e-06
8.98138e-08
1.8073e-09
1.71396e-10
5.17907e-13
2.25766e-13
6.24776e-16
1.00615e-16
3.00173e-17
6.65532e-19
1.77889e-19
1.49798e-20
9.57797e-22
5.18242e-23
2.46027e-24
4.01237e-26
6.57255e-28
1.02219e-29
1.68091e-31
2.61848e-33
4.06497e-35
6.13125e-37
1.22248e-38
2.13168e-40
2.28038e-42
2.26431e-44
2.41485e-46
2.58136e-48
2.82999e-50
3.12722e-52
3.47548e-54
1.27106e-56
8.98601e-50
1.20804e-48
7.21212e-48
1.95647e-46
5.07265e-45
8.66304e-44
6.63605e-42
6.89645e-40
1.681e-38
1.53204e-37
1.76193e-36
6.07571e-36
1.02076e-35
2.30844e-35
3.06484e-35
4.89141e-35
5.80614e-35
1.76112e-34
2.69483e-34
2.55758e-33
2.88818e-32
1.10695e-31
6.12232e-31
4.22293e-30
1.75959e-29
5.62868e-29
2.44805e-28
1.79161e-27
7.60823e-27
1.95772e-26
6.01442e-26
2.74888e-25
5.66699e-25
9.44362e-25
1.72231e-24
8.76662e-24
1.71974e-23
2.23586e-23
2.55079e-23
2.83124e-23
2.05968e-23
1.41549e-23
7.93234e-24
4.34971e-24
2.23102e-23
4.26738e-22
1.12778e-20
7.42389e-20
5.96709e-19
4.87076e-19
1.28687e-18
6.92421e-18
2.08509e-16
7.74988e-16
4.95265e-15
1.09583e-15
2.54624e-15
5.50446e-16
3.83131e-16
3.82364e-15
3.44157e-14
1.47743e-12
9.66938e-14
7.01721e-12
2.57412e-11
6.57561e-08
0.000558378
1.38287e-05
6.82194e-07
3.48182e-09
4.5741e-10
4.23113e-12
1.16688e-14
6.19976e-15
1.16253e-17
6.15722e-18
1.04271e-19
2.80885e-20
1.03201e-21
1.00398e-22
5.19314e-24
3.43951e-25
1.90089e-26
1.02078e-27
3.30032e-29
4.83881e-31
6.91677e-33
9.9614e-35
1.41245e-36
1.95251e-38
2.58342e-40
3.27322e-42
3.9707e-44
4.63504e-46
5.09545e-48
5.53701e-50
6.23513e-52
6.71443e-54
7.21299e-56
5.45578e-58
1.70038e-51
8.31385e-51
7.46022e-50
1.3842e-48
4.20732e-48
3.11825e-46
2.81572e-44
8.61342e-43
8.75365e-42
2.20383e-40
2.94382e-39
1.31631e-38
5.40186e-38
6.1955e-38
1.00706e-37
1.79953e-37
2.92258e-37
8.61461e-37
1.86351e-36
1.07762e-35
9.78278e-35
5.1906e-34
3.57463e-33
2.68351e-32
7.87352e-32
1.99069e-31
4.99641e-31
2.16382e-30
7.20209e-30
2.45783e-29
1.16654e-28
6.75675e-28
1.83441e-27
3.46199e-27
5.32627e-27
1.80058e-26
3.66918e-26
5.75694e-26
9.93829e-26
4.28546e-26
3.11697e-26
2.85973e-26
1.89444e-26
8.02106e-27
2.34658e-26
3.47154e-25
7.70227e-24
2.00414e-22
5.86094e-22
4.64907e-21
1.35992e-21
4.8193e-20
1.28716e-19
6.84024e-18
3.08084e-18
2.87728e-17
3.37539e-18
7.15014e-18
2.07084e-18
1.71757e-17
3.52308e-16
4.52091e-15
1.63901e-15
6.47194e-14
1.93929e-11
4.41695e-10
1.05496e-06
7.10084e-08
5.50169e-09
3.23389e-10
7.26438e-12
3.82647e-13
6.33693e-16
1.81094e-16
1.07049e-18
6.63246e-20
7.81947e-22
7.32615e-23
3.62423e-24
3.54975e-25
2.18917e-26
1.5663e-27
9.08848e-29
5.10547e-30
2.72486e-31
1.26987e-32
3.35741e-34
4.35511e-36
5.6997e-38
6.86674e-40
8.15506e-42
9.57844e-44
1.15386e-45
1.36666e-47
1.5232e-49
1.6919e-51
1.88368e-53
2.21044e-55
2.30844e-57
5.21561e-60
5.22966e-55
2.96092e-53
6.49925e-52
1.51814e-50
7.03102e-50
6.18154e-49
1.0313e-47
4.54142e-46
7.84706e-45
2.50092e-43
1.45855e-42
5.6262e-41
1.27916e-40
7.51706e-40
2.00269e-39
3.35162e-39
5.08344e-39
1.05734e-38
1.52936e-38
4.63628e-38
5.14025e-37
3.47819e-36
2.51117e-35
1.83465e-34
5.45064e-34
9.45527e-34
1.21877e-33
2.71146e-33
1.05909e-32
6.25262e-32
3.24413e-31
2.07262e-30
5.35376e-30
1.059e-29
1.61326e-29
4.86914e-29
1.27254e-28
2.09516e-28
2.17772e-28
1.8608e-28
1.2721e-28
1.02737e-28
6.28857e-29
3.05749e-29
4.93042e-29
1.32647e-27
1.09636e-26
5.54619e-25
1.76977e-24
1.06553e-23
7.28144e-24
9.61337e-23
1.92378e-21
2.32716e-20
8.25833e-20
1.49048e-19
7.83901e-20
8.4881e-20
2.69181e-20
2.54101e-19
3.41529e-18
4.34788e-18
7.13681e-18
2.33844e-17
6.99307e-14
6.5902e-13
1.30772e-09
3.17502e-10
4.68263e-11
7.91095e-12
4.61225e-13
4.64596e-14
1.5786e-15
3.64481e-17
4.29799e-19
1.05557e-20
1.03884e-22
2.43207e-24
4.92962e-26
3.66502e-27
1.65104e-28
1.09575e-29
6.18803e-31
3.6408e-32
1.85414e-33
9.76783e-35
4.47252e-36
1.89873e-37
5.21174e-39
6.27805e-41
7.30599e-43
7.84322e-45
7.556e-47
6.89677e-49
7.0295e-51
8.58944e-53
9.64389e-55
1.0904e-56
1.11096e-58
1.04442e-60
)
;

boundaryField
{
    AXIS
    {
        type            empty;
    }
    OUTLET
    {
        type            zeroGradient;
    }
    COFLOW
    {
        type            calculated;
        value           nonuniform List<scalar> 
30
(
0.274259
0.00106052
4.15446e-06
1.45785e-08
4.73858e-11
2.19085e-13
2.12926e-15
2.71537e-17
2.49151e-19
1.43991e-21
5.39085e-24
1.37571e-26
2.5596e-29
3.60614e-32
3.98872e-35
3.55941e-38
2.54728e-41
1.49414e-44
7.28335e-48
2.85406e-51
8.55249e-55
1.90392e-58
3.01279e-62
3.25096e-66
2.50119e-70
1.26469e-74
4.57708e-79
1.06886e-83
1.68034e-88
2.06663e-93
)
;
    }
    PILOT
    {
        type            calculated;
        value           nonuniform List<scalar> 10(261.413 4.14318 0.0942788 0.00145341 2.46127e-05 6.69239e-06 5.38892e-05 0.00249976 0.110652 5.63532);
    }
    FUEL
    {
        type            calculated;
        value           nonuniform List<scalar> 10(2.00715e-29 7.99492e-29 3.34363e-29 5.4381e-29 4.45445e-24 2.01544e-20 7.89146e-17 8.17985e-12 4.45063e-07 0.00140855);
    }
    WALL
    {
        type            zeroGradient;
    }
    front
    {
        type            wedge;
    }
    back
    {
        type            wedge;
    }
}


// ************************************************************************* //
