/*--------------------------------*- C++ -*----------------------------------*\
| =========                 |                                                 |
| \\      /  F ield         | OpenFOAM: The Open Source CFD Toolbox           |
|  \\    /   O peration     | Version:  2.3.0                                 |
|   \\  /    A nd           | Web:      www.OpenFOAM.org                      |
|    \\/     M anipulation  |                                                 |
\*---------------------------------------------------------------------------*/
FoamFile
{
    version     2.0;
    format      ascii;
    class       volScalarField;
    location    "0.01";
    object      thermo:mu;
}
// * * * * * * * * * * * * * * * * * * * * * * * * * * * * * * * * * * * * * //

dimensions      [1 -1 -1 0 0 0 0];

internalField   nonuniform List<scalar> 
5000
(
1.81402e-05
1.81402e-05
1.81402e-05
1.81402e-05
1.81402e-05
1.81402e-05
1.81402e-05
1.81402e-05
1.81402e-05
1.81402e-05
1.81402e-05
1.81402e-05
1.81402e-05
1.81402e-05
1.81402e-05
1.81402e-05
1.81402e-05
1.81402e-05
1.81402e-05
1.81402e-05
1.81402e-05
1.81402e-05
1.81402e-05
1.81402e-05
1.81402e-05
1.81402e-05
1.81402e-05
1.81402e-05
1.81402e-05
1.81402e-05
1.81402e-05
1.81402e-05
1.81402e-05
1.81402e-05
1.81402e-05
1.81402e-05
1.81402e-05
1.81402e-05
1.81402e-05
1.81402e-05
1.81402e-05
1.81402e-05
1.81403e-05
1.81404e-05
1.81404e-05
1.81405e-05
1.81404e-05
1.81404e-05
1.81404e-05
1.81403e-05
1.81403e-05
1.81404e-05
1.81404e-05
1.81405e-05
1.81405e-05
1.81404e-05
1.81404e-05
1.81403e-05
1.81403e-05
1.81403e-05
1.81404e-05
1.81404e-05
1.81406e-05
1.81406e-05
1.81407e-05
1.81406e-05
1.81406e-05
1.81406e-05
1.81408e-05
1.81411e-05
1.81415e-05
1.81424e-05
1.81441e-05
1.81474e-05
1.81592e-05
1.81969e-05
1.82743e-05
1.83991e-05
1.85741e-05
1.87928e-05
1.90463e-05
1.93409e-05
1.96496e-05
1.99082e-05
2.004e-05
2.02034e-05
2.07844e-05
2.29732e-05
3.00943e-05
4.749e-05
6.93715e-05
2.14734e-05
1.82307e-05
1.81424e-05
1.81402e-05
1.81402e-05
1.81402e-05
1.81402e-05
1.81402e-05
1.81402e-05
1.81402e-05
1.81402e-05
1.81402e-05
1.81402e-05
1.81402e-05
1.81402e-05
1.81402e-05
1.81402e-05
1.81402e-05
1.81402e-05
1.81402e-05
1.81402e-05
1.81402e-05
1.81402e-05
1.81402e-05
1.81402e-05
1.81402e-05
1.81402e-05
1.81402e-05
1.81402e-05
1.81402e-05
1.81402e-05
1.81402e-05
1.81402e-05
1.81402e-05
1.81402e-05
1.81402e-05
1.81402e-05
1.81402e-05
1.81402e-05
1.81402e-05
1.81402e-05
1.81402e-05
1.81402e-05
1.81402e-05
1.81402e-05
1.81402e-05
1.81402e-05
1.81403e-05
1.81404e-05
1.81407e-05
1.81414e-05
1.81427e-05
1.81449e-05
1.81477e-05
1.81492e-05
1.81483e-05
1.81466e-05
1.81452e-05
1.81441e-05
1.81437e-05
1.81444e-05
1.81463e-05
1.81487e-05
1.81492e-05
1.81471e-05
1.81449e-05
1.81434e-05
1.81428e-05
1.81431e-05
1.81447e-05
1.81478e-05
1.81518e-05
1.8155e-05
1.81547e-05
1.81522e-05
1.81499e-05
1.81492e-05
1.81502e-05
1.81526e-05
1.81555e-05
1.8159e-05
1.81649e-05
1.81764e-05
1.81983e-05
1.82732e-05
1.84727e-05
1.88114e-05
1.92932e-05
1.98801e-05
2.05171e-05
2.11913e-05
2.1827e-05
2.2591e-05
2.35628e-05
2.38708e-05
2.38777e-05
2.53473e-05
3.18893e-05
4.79655e-05
6.98558e-05
2.39602e-05
1.82931e-05
1.81437e-05
1.81403e-05
1.81402e-05
1.81402e-05
1.81402e-05
1.81402e-05
1.81402e-05
1.81402e-05
1.81402e-05
1.81402e-05
1.81402e-05
1.81402e-05
1.81402e-05
1.81402e-05
1.81402e-05
1.81402e-05
1.81402e-05
1.81402e-05
1.81402e-05
1.81402e-05
1.81402e-05
1.81402e-05
1.81402e-05
1.81402e-05
1.81402e-05
1.81402e-05
1.81402e-05
1.81402e-05
1.81402e-05
1.81402e-05
1.81402e-05
1.81402e-05
1.81402e-05
1.81402e-05
1.81402e-05
1.81402e-05
1.81402e-05
1.81402e-05
1.81402e-05
1.81402e-05
1.81402e-05
1.81402e-05
1.81402e-05
1.81403e-05
1.81404e-05
1.81407e-05
1.81415e-05
1.81446e-05
1.81548e-05
1.81868e-05
1.82609e-05
1.83672e-05
1.84396e-05
1.84028e-05
1.83366e-05
1.8282e-05
1.82435e-05
1.82215e-05
1.82271e-05
1.82634e-05
1.83269e-05
1.83568e-05
1.83101e-05
1.82552e-05
1.82174e-05
1.8197e-05
1.8199e-05
1.82263e-05
1.82968e-05
1.83989e-05
1.8488e-05
1.84775e-05
1.84065e-05
1.83368e-05
1.82982e-05
1.82886e-05
1.83072e-05
1.834e-05
1.83555e-05
1.83423e-05
1.83204e-05
1.83163e-05
1.84026e-05
1.86919e-05
1.92423e-05
2.00293e-05
2.09754e-05
2.20049e-05
2.30606e-05
2.39878e-05
2.48871e-05
2.61774e-05
2.74391e-05
2.75542e-05
2.84459e-05
3.48563e-05
5.04876e-05
6.81091e-05
2.18074e-05
1.82427e-05
1.81426e-05
1.81402e-05
1.81402e-05
1.81402e-05
1.81402e-05
1.81402e-05
1.81402e-05
1.81402e-05
1.81402e-05
1.81402e-05
1.81402e-05
1.81402e-05
1.81402e-05
1.81402e-05
1.81402e-05
1.81402e-05
1.81402e-05
1.81402e-05
1.81402e-05
1.81402e-05
1.81402e-05
1.81402e-05
1.81402e-05
1.81402e-05
1.81402e-05
1.81402e-05
1.81402e-05
1.81402e-05
1.81402e-05
1.81402e-05
1.81402e-05
1.81402e-05
1.81402e-05
1.81402e-05
1.81402e-05
1.81402e-05
1.81402e-05
1.81402e-05
1.81402e-05
1.81402e-05
1.81403e-05
1.81403e-05
1.81404e-05
1.81406e-05
1.81411e-05
1.8142e-05
1.81447e-05
1.81559e-05
1.81933e-05
1.83155e-05
1.86693e-05
1.9473e-05
2.05434e-05
2.07993e-05
2.0565e-05
1.9934e-05
1.91408e-05
1.86871e-05
1.86418e-05
1.87845e-05
1.93722e-05
2.01747e-05
2.01587e-05
1.96937e-05
1.91105e-05
1.86641e-05
1.84541e-05
1.85151e-05
1.89226e-05
1.99945e-05
2.15932e-05
2.22077e-05
2.17435e-05
2.06372e-05
1.9756e-05
1.92251e-05
1.90519e-05
1.91648e-05
1.93856e-05
1.93365e-05
1.90013e-05
1.86467e-05
1.86726e-05
1.89428e-05
1.96027e-05
2.05935e-05
2.1815e-05
2.3118e-05
2.44346e-05
2.55703e-05
2.65713e-05
2.78903e-05
2.94958e-05
3.0131e-05
3.13687e-05
3.80073e-05
5.29265e-05
6.25398e-05
2.05591e-05
1.82105e-05
1.81418e-05
1.81402e-05
1.81402e-05
1.81402e-05
1.81402e-05
1.81402e-05
1.81402e-05
1.81402e-05
1.81402e-05
1.81402e-05
1.81402e-05
1.81402e-05
1.81402e-05
1.81402e-05
1.81402e-05
1.81402e-05
1.81402e-05
1.81402e-05
1.81402e-05
1.81402e-05
1.81402e-05
1.81402e-05
1.81402e-05
1.81402e-05
1.81402e-05
1.81402e-05
1.81402e-05
1.81402e-05
1.81402e-05
1.81402e-05
1.81402e-05
1.81402e-05
1.81402e-05
1.81402e-05
1.81404e-05
1.81407e-05
1.81411e-05
1.81413e-05
1.81411e-05
1.81412e-05
1.81415e-05
1.81419e-05
1.81422e-05
1.81428e-05
1.81441e-05
1.81469e-05
1.81538e-05
1.81842e-05
1.8283e-05
1.85736e-05
1.92309e-05
2.0382e-05
2.20115e-05
2.35257e-05
2.3726e-05
2.33507e-05
2.20926e-05
2.03879e-05
1.9804e-05
1.99636e-05
2.08125e-05
2.27522e-05
2.41403e-05
2.38635e-05
2.25557e-05
2.03311e-05
1.91491e-05
1.92268e-05
2.00362e-05
2.19859e-05
2.49802e-05
2.81311e-05
2.94556e-05
2.90581e-05
2.70957e-05
2.36243e-05
2.14326e-05
2.07948e-05
2.08205e-05
2.07738e-05
2.03599e-05
1.94823e-05
1.91813e-05
1.93451e-05
1.99586e-05
2.10668e-05
2.25056e-05
2.40514e-05
2.56057e-05
2.69434e-05
2.80596e-05
2.94065e-05
3.11075e-05
3.2081e-05
3.39627e-05
4.09612e-05
5.47866e-05
5.29589e-05
1.97428e-05
1.8186e-05
1.81413e-05
1.81402e-05
1.81402e-05
1.81402e-05
1.81402e-05
1.81402e-05
1.81402e-05
1.81402e-05
1.81402e-05
1.81402e-05
1.81402e-05
1.81402e-05
1.81402e-05
1.81402e-05
1.81402e-05
1.81402e-05
1.81402e-05
1.81402e-05
1.81402e-05
1.81402e-05
1.81402e-05
1.81402e-05
1.81402e-05
1.81402e-05
1.81402e-05
1.81403e-05
1.81406e-05
1.81413e-05
1.81415e-05
1.8141e-05
1.81407e-05
1.81405e-05
1.81407e-05
1.81417e-05
1.81448e-05
1.81517e-05
1.81613e-05
1.81654e-05
1.81604e-05
1.81573e-05
1.81592e-05
1.81619e-05
1.81625e-05
1.81632e-05
1.81642e-05
1.81682e-05
1.81789e-05
1.82251e-05
1.83834e-05
1.88011e-05
1.96263e-05
2.08695e-05
2.25128e-05
2.44564e-05
2.60203e-05
2.62078e-05
2.57619e-05
2.4345e-05
2.27928e-05
2.27099e-05
2.34597e-05
2.57261e-05
2.8759e-05
2.89814e-05
2.79135e-05
2.4474e-05
2.08116e-05
2.03241e-05
2.10282e-05
2.31168e-05
2.63745e-05
3.02052e-05
3.4097e-05
3.71513e-05
3.76589e-05
3.66141e-05
3.25799e-05
2.66828e-05
2.37658e-05
2.28522e-05
2.20589e-05
2.08106e-05
1.99213e-05
1.99454e-05
2.04086e-05
2.15176e-05
2.3118e-05
2.49074e-05
2.67504e-05
2.83358e-05
2.95996e-05
3.10274e-05
3.28064e-05
3.39617e-05
3.63475e-05
4.36205e-05
5.77564e-05
4.3673e-05
1.91511e-05
1.81678e-05
1.81408e-05
1.81402e-05
1.81402e-05
1.81402e-05
1.81402e-05
1.81402e-05
1.81402e-05
1.81402e-05
1.81402e-05
1.81402e-05
1.81402e-05
1.81402e-05
1.81403e-05
1.81405e-05
1.81405e-05
1.81403e-05
1.81403e-05
1.81402e-05
1.81403e-05
1.81404e-05
1.81409e-05
1.81416e-05
1.81416e-05
1.81412e-05
1.81415e-05
1.81439e-05
1.81525e-05
1.81685e-05
1.81784e-05
1.81662e-05
1.81561e-05
1.81505e-05
1.81517e-05
1.81682e-05
1.8216e-05
1.83212e-05
1.84951e-05
1.86009e-05
1.8508e-05
1.84081e-05
1.83762e-05
1.83662e-05
1.83436e-05
1.83306e-05
1.83127e-05
1.82884e-05
1.8266e-05
1.83067e-05
1.85062e-05
1.90167e-05
1.99728e-05
2.13833e-05
2.31657e-05
2.51086e-05
2.71099e-05
2.8834e-05
2.93623e-05
2.92645e-05
2.87616e-05
2.86795e-05
2.94093e-05
3.1793e-05
3.55893e-05
3.65183e-05
3.54653e-05
3.12684e-05
2.43581e-05
2.17825e-05
2.22515e-05
2.42037e-05
2.75835e-05
3.17422e-05
3.6254e-05
4.07964e-05
4.4169e-05
4.43738e-05
4.29015e-05
3.88538e-05
3.31013e-05
2.80124e-05
2.50927e-05
2.27963e-05
2.0949e-05
2.0686e-05
2.10162e-05
2.20578e-05
2.3766e-05
2.57901e-05
2.79495e-05
2.97961e-05
3.12107e-05
3.27346e-05
3.46135e-05
3.58753e-05
3.84624e-05
4.63192e-05
6.21897e-05
3.55907e-05
1.87495e-05
1.81565e-05
1.81406e-05
1.81402e-05
1.81402e-05
1.81402e-05
1.81402e-05
1.81402e-05
1.81402e-05
1.81402e-05
1.81403e-05
1.81404e-05
1.81408e-05
1.81425e-05
1.81473e-05
1.81548e-05
1.81577e-05
1.81513e-05
1.8146e-05
1.81439e-05
1.81446e-05
1.81503e-05
1.81691e-05
1.81996e-05
1.82043e-05
1.81857e-05
1.81821e-05
1.82131e-05
1.83301e-05
1.85683e-05
1.88386e-05
1.87034e-05
1.85042e-05
1.83643e-05
1.83012e-05
1.83516e-05
1.85473e-05
1.91951e-05
2.12304e-05
2.39595e-05
2.35749e-05
2.22128e-05
2.1381e-05
2.07592e-05
1.9909e-05
1.94243e-05
1.91228e-05
1.88509e-05
1.85472e-05
1.8525e-05
1.87263e-05
1.93574e-05
2.05651e-05
2.24368e-05
2.47958e-05
2.71248e-05
2.90774e-05
3.08105e-05
3.24141e-05
3.38294e-05
3.48264e-05
3.55833e-05
3.68136e-05
3.91833e-05
4.27877e-05
4.49892e-05
4.43491e-05
4.05072e-05
3.10499e-05
2.40122e-05
2.39469e-05
2.55729e-05
2.90735e-05
3.36526e-05
3.86406e-05
4.36608e-05
4.78847e-05
4.87774e-05
4.80227e-05
4.56143e-05
4.2439e-05
3.8977e-05
3.37663e-05
2.74791e-05
2.26574e-05
2.14921e-05
2.17453e-05
2.27294e-05
2.45103e-05
2.67529e-05
2.92285e-05
3.13422e-05
3.29083e-05
3.45565e-05
3.65262e-05
3.78205e-05
4.06071e-05
4.89829e-05
6.63018e-05
2.98414e-05
1.85211e-05
1.81504e-05
1.81404e-05
1.81402e-05
1.81402e-05
1.81402e-05
1.81402e-05
1.81402e-05
1.81402e-05
1.81511e-05
1.81567e-05
1.81533e-05
1.81608e-05
1.8201e-05
1.83199e-05
1.85405e-05
1.87332e-05
1.8613e-05
1.84127e-05
1.83239e-05
1.83326e-05
1.84903e-05
1.89134e-05
1.97418e-05
2.02568e-05
1.97455e-05
1.93531e-05
1.93395e-05
1.99166e-05
2.12611e-05
2.53708e-05
2.65234e-05
2.40098e-05
2.17688e-05
2.03612e-05
1.93871e-05
1.96897e-05
2.15479e-05
2.63622e-05
3.43295e-05
4.02569e-05
3.93575e-05
3.82511e-05
3.7284e-05
3.37984e-05
2.79067e-05
2.37238e-05
2.12077e-05
1.93178e-05
1.89426e-05
1.91586e-05
1.99283e-05
2.14924e-05
2.39769e-05
2.7088e-05
3.01369e-05
3.24503e-05
3.42278e-05
3.58858e-05
3.76418e-05
3.93371e-05
4.08529e-05
4.26647e-05
4.52586e-05
4.84941e-05
5.11149e-05
5.10736e-05
4.86009e-05
3.94931e-05
2.79383e-05
2.61235e-05
2.73742e-05
3.0892e-05
3.59625e-05
4.15027e-05
4.69272e-05
5.15563e-05
5.24651e-05
5.0995e-05
4.96343e-05
5.00697e-05
4.97645e-05
4.59538e-05
3.77962e-05
2.70822e-05
2.26326e-05
2.26612e-05
2.35292e-05
2.53455e-05
2.77848e-05
3.0571e-05
3.29575e-05
3.4691e-05
3.64617e-05
3.85311e-05
3.98312e-05
4.27675e-05
5.15365e-05
6.90817e-05
2.59752e-05
1.83881e-05
1.81469e-05
1.81404e-05
1.81402e-05
1.81402e-05
1.81402e-05
1.81402e-05
1.81402e-05
1.81402e-05
1.87473e-05
1.95311e-05
1.92947e-05
1.9092e-05
1.94102e-05
2.05451e-05
2.34841e-05
2.83259e-05
2.95132e-05
2.5805e-05
2.34181e-05
2.16239e-05
2.17902e-05
2.41702e-05
3.11035e-05
3.805e-05
3.76902e-05
3.43365e-05
2.95567e-05
2.70267e-05
2.89733e-05
3.66602e-05
4.48276e-05
4.38711e-05
3.77329e-05
2.92053e-05
2.20725e-05
2.21005e-05
2.44881e-05
3.05098e-05
3.997e-05
4.87294e-05
5.13007e-05
5.40744e-05
5.50331e-05
5.35731e-05
4.9238e-05
3.97434e-05
2.8596e-05
2.11783e-05
1.9715e-05
1.99367e-05
2.08647e-05
2.28725e-05
2.60499e-05
3.00301e-05
3.38917e-05
3.66053e-05
3.83854e-05
3.99284e-05
4.16341e-05
4.33907e-05
4.51975e-05
4.75742e-05
5.01278e-05
5.19419e-05
5.33457e-05
5.33392e-05
5.20624e-05
4.6434e-05
3.38482e-05
2.89455e-05
2.98332e-05
3.32368e-05
3.8602e-05
4.45547e-05
5.03343e-05
5.49368e-05
5.6939e-05
5.80115e-05
5.88391e-05
6.15264e-05
6.34604e-05
6.1476e-05
5.13115e-05
3.63343e-05
2.48926e-05
2.38744e-05
2.45249e-05
2.62946e-05
2.8913e-05
3.20324e-05
3.47303e-05
3.6597e-05
3.84741e-05
4.07063e-05
4.19403e-05
4.4889e-05
5.37483e-05
6.9455e-05
2.34605e-05
1.83095e-05
1.81448e-05
1.81403e-05
1.81402e-05
1.81402e-05
1.81402e-05
1.81402e-05
1.81402e-05
1.81402e-05
6.38704e-05
6.41489e-05
5.30394e-05
3.83831e-05
3.63673e-05
3.90495e-05
4.79466e-05
6.05415e-05
6.22894e-05
5.69231e-05
4.24711e-05
2.95881e-05
2.95099e-05
3.4542e-05
4.44502e-05
5.80593e-05
6.0175e-05
5.75756e-05
4.72968e-05
3.89441e-05
3.9746e-05
4.60634e-05
5.78272e-05
5.95852e-05
5.56383e-05
4.28739e-05
2.94803e-05
2.61692e-05
2.81636e-05
3.44803e-05
4.45218e-05
5.28377e-05
5.92977e-05
6.33021e-05
6.40667e-05
6.30055e-05
6.1109e-05
5.53175e-05
4.28917e-05
2.73378e-05
2.125e-05
2.12788e-05
2.22964e-05
2.47445e-05
2.87196e-05
3.38229e-05
3.866e-05
4.15496e-05
4.30857e-05
4.42304e-05
4.54778e-05
4.6967e-05
4.90264e-05
5.19698e-05
5.26195e-05
5.18745e-05
5.12353e-05
5.18339e-05
5.15512e-05
4.88894e-05
3.87623e-05
3.23684e-05
3.29094e-05
3.61883e-05
4.17721e-05
4.81436e-05
5.38964e-05
5.84027e-05
6.28769e-05
6.51943e-05
6.66495e-05
6.84866e-05
6.92493e-05
6.88902e-05
6.4748e-05
4.61748e-05
2.91959e-05
2.53811e-05
2.57927e-05
2.74126e-05
3.0146e-05
3.36301e-05
3.66751e-05
3.86655e-05
4.06822e-05
4.3067e-05
4.41214e-05
4.69609e-05
5.57131e-05
6.78254e-05
2.17952e-05
1.82587e-05
1.81434e-05
1.81403e-05
1.81402e-05
1.81402e-05
1.81402e-05
1.81402e-05
1.81402e-05
1.81402e-05
7.09563e-05
6.99476e-05
6.8299e-05
5.97235e-05
5.60423e-05
5.89607e-05
6.69086e-05
6.92282e-05
6.92453e-05
6.28834e-05
4.67261e-05
3.94038e-05
3.98102e-05
4.48279e-05
5.82655e-05
6.74944e-05
6.72921e-05
6.1166e-05
5.26331e-05
4.59908e-05
4.93961e-05
6.03799e-05
6.44764e-05
6.37424e-05
6.26655e-05
5.69657e-05
4.10366e-05
3.19087e-05
3.33291e-05
3.96515e-05
4.88325e-05
5.8828e-05
6.60783e-05
6.7952e-05
6.72295e-05
6.41464e-05
5.83155e-05
5.69618e-05
5.30205e-05
3.72006e-05
2.45775e-05
2.35238e-05
2.44807e-05
2.73203e-05
3.22601e-05
3.86456e-05
4.42751e-05
4.68816e-05
4.74324e-05
4.77447e-05
4.83749e-05
4.99805e-05
5.30509e-05
5.36259e-05
5.1029e-05
4.64571e-05
4.60098e-05
4.7476e-05
4.91878e-05
4.77912e-05
4.10556e-05
3.58777e-05
3.64017e-05
3.9775e-05
4.56858e-05
5.21646e-05
5.71945e-05
6.23176e-05
6.68581e-05
6.90436e-05
6.97114e-05
7.01134e-05
7.06857e-05
7.08753e-05
6.92252e-05
5.71852e-05
3.58439e-05
2.73131e-05
2.7357e-05
2.87547e-05
3.15503e-05
3.54242e-05
3.88231e-05
4.09712e-05
4.31104e-05
4.56147e-05
4.63839e-05
4.90753e-05
5.72644e-05
6.29904e-05
2.06979e-05
1.82235e-05
1.81424e-05
1.81402e-05
1.81402e-05
1.81402e-05
1.81402e-05
1.81402e-05
1.81402e-05
1.81402e-05
7.10199e-05
7.11789e-05
7.01821e-05
6.88427e-05
6.87393e-05
6.89387e-05
7.04305e-05
7.11975e-05
7.05706e-05
6.76648e-05
5.64821e-05
5.00085e-05
5.087e-05
5.90762e-05
6.85496e-05
7.01583e-05
6.96341e-05
6.43794e-05
5.737e-05
5.80685e-05
6.40016e-05
6.77344e-05
6.54897e-05
5.51939e-05
5.17537e-05
5.14974e-05
4.36132e-05
3.70347e-05
3.89364e-05
4.54092e-05
5.46249e-05
6.57537e-05
6.96264e-05
7.0067e-05
6.81362e-05
6.05929e-05
5.1645e-05
5.02791e-05
4.97754e-05
4.29623e-05
2.98212e-05
2.67589e-05
2.76551e-05
3.08614e-05
3.68268e-05
4.41544e-05
4.95078e-05
5.04363e-05
5.03118e-05
5.03007e-05
5.1013e-05
5.3635e-05
5.54226e-05
5.37139e-05
4.58348e-05
4.21196e-05
4.24752e-05
4.44796e-05
4.68306e-05
4.61759e-05
4.17247e-05
3.90191e-05
3.99383e-05
4.3856e-05
5.00081e-05
5.57121e-05
6.07503e-05
6.59198e-05
6.94374e-05
6.99415e-05
6.98879e-05
7.01153e-05
7.05508e-05
7.14847e-05
7.00715e-05
6.25578e-05
4.12355e-05
2.94596e-05
2.91256e-05
3.03325e-05
3.31791e-05
3.74468e-05
4.12763e-05
4.35403e-05
4.57553e-05
4.83803e-05
4.87282e-05
5.12875e-05
5.86379e-05
5.56919e-05
1.99585e-05
1.81977e-05
1.81417e-05
1.81402e-05
1.81402e-05
1.81402e-05
1.81402e-05
1.81402e-05
1.81402e-05
1.81402e-05
7.09269e-05
7.09836e-05
7.11148e-05
7.11848e-05
7.1171e-05
7.11874e-05
7.11953e-05
7.12377e-05
7.1199e-05
6.99423e-05
6.78865e-05
6.43477e-05
6.54294e-05
6.88257e-05
7.0063e-05
7.1005e-05
7.05329e-05
6.92229e-05
6.83659e-05
6.86301e-05
6.9523e-05
6.99306e-05
6.4978e-05
5.21328e-05
4.49021e-05
4.34745e-05
4.13609e-05
4.10543e-05
4.46928e-05
5.11957e-05
6.27721e-05
6.93605e-05
7.08395e-05
7.09239e-05
6.79376e-05
5.73203e-05
4.98783e-05
4.78785e-05
4.75079e-05
4.44205e-05
3.4869e-05
3.08348e-05
3.1743e-05
3.5557e-05
4.24989e-05
4.9814e-05
5.34107e-05
5.34153e-05
5.2849e-05
5.28463e-05
5.41214e-05
5.69937e-05
5.74179e-05
5.2598e-05
4.29505e-05
4.06458e-05
4.1063e-05
4.30466e-05
4.50238e-05
4.45412e-05
4.21399e-05
4.17541e-05
4.3488e-05
4.81942e-05
5.39674e-05
5.91262e-05
6.45027e-05
6.89155e-05
6.9609e-05
6.8518e-05
6.82299e-05
6.84864e-05
6.96036e-05
7.14306e-05
6.98657e-05
6.30998e-05
4.42483e-05
3.14495e-05
3.09479e-05
3.20795e-05
3.50425e-05
3.97465e-05
4.40561e-05
4.63981e-05
4.86602e-05
5.11443e-05
5.10857e-05
5.35932e-05
6.01455e-05
4.69962e-05
1.93691e-05
1.81779e-05
1.81412e-05
1.81402e-05
1.81402e-05
1.81402e-05
1.81402e-05
1.81402e-05
1.81402e-05
1.81402e-05
7.09175e-05
7.09215e-05
7.09338e-05
7.09482e-05
7.09585e-05
7.0957e-05
7.09565e-05
7.0984e-05
7.10642e-05
7.10106e-05
7.00985e-05
6.93564e-05
6.95866e-05
7.03704e-05
7.06029e-05
7.03709e-05
7.02349e-05
6.97581e-05
6.94271e-05
6.959e-05
7.06492e-05
7.07339e-05
6.60226e-05
5.11642e-05
4.55757e-05
4.40014e-05
4.38184e-05
4.55914e-05
5.03091e-05
6.00209e-05
6.87394e-05
6.94177e-05
7.04382e-05
7.11601e-05
6.78091e-05
5.61566e-05
4.77164e-05
4.61969e-05
4.59946e-05
4.40644e-05
3.76753e-05
3.49686e-05
3.6351e-05
4.12248e-05
4.84429e-05
5.44417e-05
5.61914e-05
5.56301e-05
5.50814e-05
5.53925e-05
5.79694e-05
5.97123e-05
5.84365e-05
5.18214e-05
4.25623e-05
4.02616e-05
4.04769e-05
4.15793e-05
4.29913e-05
4.29439e-05
4.28317e-05
4.39252e-05
4.7314e-05
5.24893e-05
5.74622e-05
6.31944e-05
6.80715e-05
6.94728e-05
6.70087e-05
6.56643e-05
6.58246e-05
6.66187e-05
6.87566e-05
7.13266e-05
6.87653e-05
6.07756e-05
4.41564e-05
3.30363e-05
3.26668e-05
3.38784e-05
3.7076e-05
4.23592e-05
4.71803e-05
4.95537e-05
5.17774e-05
5.37467e-05
5.33872e-05
5.57435e-05
6.26387e-05
3.88554e-05
1.89315e-05
1.81638e-05
1.81408e-05
1.81402e-05
1.81402e-05
1.81402e-05
1.81402e-05
1.81402e-05
1.81402e-05
1.81402e-05
7.09169e-05
7.0913e-05
7.09063e-05
7.0897e-05
7.08834e-05
7.08606e-05
7.08225e-05
7.07938e-05
7.07955e-05
7.08353e-05
7.08602e-05
7.07769e-05
7.05403e-05
7.02329e-05
6.95191e-05
6.87155e-05
6.85129e-05
6.85962e-05
6.87827e-05
6.91203e-05
6.99035e-05
7.05278e-05
6.89093e-05
5.9722e-05
4.8984e-05
4.66203e-05
4.73163e-05
5.20835e-05
6.03379e-05
6.83454e-05
6.75555e-05
6.76205e-05
6.86905e-05
7.05243e-05
6.85734e-05
5.5455e-05
4.67637e-05
4.48495e-05
4.46837e-05
4.30819e-05
3.91115e-05
3.87264e-05
4.13286e-05
4.71488e-05
5.37066e-05
5.98268e-05
6.04206e-05
5.95526e-05
5.95649e-05
6.1019e-05
6.32162e-05
6.35743e-05
6.21556e-05
5.53014e-05
4.6569e-05
4.15698e-05
4.0407e-05
4.06978e-05
4.16025e-05
4.26529e-05
4.41503e-05
4.70584e-05
5.14709e-05
5.60487e-05
6.17004e-05
6.71932e-05
6.92778e-05
6.65627e-05
6.39401e-05
6.39665e-05
6.44116e-05
6.58451e-05
6.88359e-05
7.09834e-05
6.666e-05
5.631e-05
4.21997e-05
3.42097e-05
3.41754e-05
3.56576e-05
3.92763e-05
4.52374e-05
5.06292e-05
5.29266e-05
5.47693e-05
5.61158e-05
5.5414e-05
5.78025e-05
6.65381e-05
3.18472e-05
1.86188e-05
1.81541e-05
1.81405e-05
1.81402e-05
1.81402e-05
1.81402e-05
1.81402e-05
1.81402e-05
1.81402e-05
1.81402e-05
7.0912e-05
7.08919e-05
7.08584e-05
7.08004e-05
7.07261e-05
7.06383e-05
7.05302e-05
7.04567e-05
7.04488e-05
7.04551e-05
7.04051e-05
7.02037e-05
6.9697e-05
6.87169e-05
6.73619e-05
6.62769e-05
6.61183e-05
6.63079e-05
6.66563e-05
6.71346e-05
6.78355e-05
6.85663e-05
6.88865e-05
6.82902e-05
6.10772e-05
5.69144e-05
5.85462e-05
6.39099e-05
6.81806e-05
6.54479e-05
6.36786e-05
6.42042e-05
6.63287e-05
6.94502e-05
6.9506e-05
5.72689e-05
4.72945e-05
4.38935e-05
4.30619e-05
4.18978e-05
4.10751e-05
4.24517e-05
4.68067e-05
5.2072e-05
6.07614e-05
6.5299e-05
6.59437e-05
6.56626e-05
6.59609e-05
6.68339e-05
6.76005e-05
6.76936e-05
6.69972e-05
6.33441e-05
5.47425e-05
4.64261e-05
4.31847e-05
4.26094e-05
4.28995e-05
4.39847e-05
4.6722e-05
5.08384e-05
5.49367e-05
6.02179e-05
6.61832e-05
6.90163e-05
6.62011e-05
6.31199e-05
6.29843e-05
6.35665e-05
6.48382e-05
6.70647e-05
6.98489e-05
7.00888e-05
6.39614e-05
5.2203e-05
3.94533e-05
3.51072e-05
3.5442e-05
3.74058e-05
4.16748e-05
4.82781e-05
5.39443e-05
5.60235e-05
5.75361e-05
5.81194e-05
5.72985e-05
5.94021e-05
6.90286e-05
2.61491e-05
1.84094e-05
1.81478e-05
1.81404e-05
1.81402e-05
1.81402e-05
1.81402e-05
1.81402e-05
1.81402e-05
1.81402e-05
1.81402e-05
7.08856e-05
7.07765e-05
7.05819e-05
7.03039e-05
6.99659e-05
6.96356e-05
6.93929e-05
6.93635e-05
6.94063e-05
6.94139e-05
6.92138e-05
6.85417e-05
6.72027e-05
6.51124e-05
6.33075e-05
6.28945e-05
6.31155e-05
6.37524e-05
6.44423e-05
6.48667e-05
6.46409e-05
6.35628e-05
6.3312e-05
6.51248e-05
6.75114e-05
6.78953e-05
6.76802e-05
6.60672e-05
6.15417e-05
5.89785e-05
5.91971e-05
6.06785e-05
6.33224e-05
6.71626e-05
6.97651e-05
6.20213e-05
4.93723e-05
4.4623e-05
4.34056e-05
4.29785e-05
4.39123e-05
4.71281e-05
5.14298e-05
5.93702e-05
6.65881e-05
6.9166e-05
6.94693e-05
6.9458e-05
6.95945e-05
6.98294e-05
7.00187e-05
7.00859e-05
6.97583e-05
6.82979e-05
6.3674e-05
5.42956e-05
4.74766e-05
4.62274e-05
4.61167e-05
4.7305e-05
5.06098e-05
5.43332e-05
5.92575e-05
6.51779e-05
6.8929e-05
6.58645e-05
6.24965e-05
6.25641e-05
6.38357e-05
6.60355e-05
6.78782e-05
6.93013e-05
7.00878e-05
6.86064e-05
6.21388e-05
4.88819e-05
3.75708e-05
3.5864e-05
3.65985e-05
3.92049e-05
4.42877e-05
5.15153e-05
5.69626e-05
5.87042e-05
5.96581e-05
5.97133e-05
5.87108e-05
6.09642e-05
6.54459e-05
2.22199e-05
1.82803e-05
1.81441e-05
1.81403e-05
1.81402e-05
1.81402e-05
1.81402e-05
1.81402e-05
1.81402e-05
1.81402e-05
1.81402e-05
7.06848e-05
7.00872e-05
6.89518e-05
6.73282e-05
6.63506e-05
6.59631e-05
6.60455e-05
6.62811e-05
6.65006e-05
6.64167e-05
6.56487e-05
6.38238e-05
6.10209e-05
5.84751e-05
5.79983e-05
5.84077e-05
5.95855e-05
6.10982e-05
6.18998e-05
6.15707e-05
5.97577e-05
5.54784e-05
5.21497e-05
5.22672e-05
5.51106e-05
5.73691e-05
5.65458e-05
5.4539e-05
5.34201e-05
5.36964e-05
5.47953e-05
5.66253e-05
5.93624e-05
6.35443e-05
6.86264e-05
6.77314e-05
5.37106e-05
4.7134e-05
4.58967e-05
4.60075e-05
4.81525e-05
5.11754e-05
5.85551e-05
6.60779e-05
6.93475e-05
6.96012e-05
6.95298e-05
6.97248e-05
7.0194e-05
7.07349e-05
7.11079e-05
7.12629e-05
7.11181e-05
7.03591e-05
6.86143e-05
6.37872e-05
5.63658e-05
5.16941e-05
5.01625e-05
5.11537e-05
5.42709e-05
5.94225e-05
6.47009e-05
6.88491e-05
6.56767e-05
6.19593e-05
6.21046e-05
6.36071e-05
6.72097e-05
6.92438e-05
6.97682e-05
6.96851e-05
6.89586e-05
6.67395e-05
6.14274e-05
4.70656e-05
3.71892e-05
3.65697e-05
3.77657e-05
4.11539e-05
4.71878e-05
5.45657e-05
5.92275e-05
6.10141e-05
6.1313e-05
6.09843e-05
5.98574e-05
6.25129e-05
5.34232e-05
2.01563e-05
1.82081e-05
1.8142e-05
1.81402e-05
1.81402e-05
1.81402e-05
1.81402e-05
1.81402e-05
1.81402e-05
1.81402e-05
1.81402e-05
6.84738e-05
6.47601e-05
6.11525e-05
5.76482e-05
5.71728e-05
5.77466e-05
5.86503e-05
5.96154e-05
5.98425e-05
5.92677e-05
5.7107e-05
5.34601e-05
5.10177e-05
5.08525e-05
5.15777e-05
5.32499e-05
5.52708e-05
5.69584e-05
5.68724e-05
5.55323e-05
5.14591e-05
4.54583e-05
4.24489e-05
4.27973e-05
4.41075e-05
4.57629e-05
4.7071e-05
4.79384e-05
4.85232e-05
4.91684e-05
5.02883e-05
5.21053e-05
5.48005e-05
5.90015e-05
6.53865e-05
6.8948e-05
6.36698e-05
5.27434e-05
4.92301e-05
4.97189e-05
5.30588e-05
5.88673e-05
6.62169e-05
6.8848e-05
6.80427e-05
6.76214e-05
6.77074e-05
6.83181e-05
6.93201e-05
7.03449e-05
7.10202e-05
7.14817e-05
7.16042e-05
7.13222e-05
7.04203e-05
6.89409e-05
6.57693e-05
6.17764e-05
5.86858e-05
5.88203e-05
6.12973e-05
6.588e-05
6.87107e-05
6.52756e-05
6.13556e-05
6.15299e-05
6.30061e-05
6.67702e-05
6.96827e-05
6.97834e-05
6.86937e-05
6.77998e-05
6.70059e-05
6.55696e-05
6.12689e-05
4.6647e-05
3.75063e-05
3.73301e-05
3.90611e-05
4.32513e-05
5.02089e-05
5.72418e-05
6.06697e-05
6.19936e-05
6.20386e-05
6.15701e-05
6.10161e-05
6.45917e-05
3.9503e-05
1.90824e-05
1.817e-05
1.81409e-05
1.81402e-05
1.81402e-05
1.81402e-05
1.81402e-05
1.81402e-05
1.81402e-05
1.81402e-05
1.81402e-05
3.04822e-05
3.54654e-05
3.71566e-05
3.9236e-05
4.16699e-05
4.41975e-05
4.58056e-05
4.65595e-05
4.619e-05
4.41344e-05
4.12956e-05
4.05638e-05
4.08467e-05
4.19846e-05
4.37128e-05
4.55969e-05
4.76092e-05
4.81538e-05
4.74285e-05
4.49016e-05
4.03754e-05
3.81264e-05
3.83653e-05
3.91656e-05
4.05882e-05
4.20448e-05
4.30648e-05
4.37152e-05
4.41249e-05
4.47636e-05
4.60685e-05
4.8076e-05
5.07054e-05
5.43394e-05
6.0008e-05
6.62077e-05
6.86374e-05
6.43116e-05
5.91353e-05
5.88616e-05
6.2375e-05
6.77179e-05
6.82491e-05
6.60482e-05
6.43643e-05
6.42703e-05
6.48797e-05
6.63388e-05
6.80049e-05
6.95894e-05
7.07865e-05
7.13737e-05
7.15575e-05
7.14223e-05
7.09014e-05
6.99687e-05
6.92691e-05
6.873e-05
6.78408e-05
6.768e-05
6.84457e-05
6.78297e-05
6.34568e-05
6.04261e-05
6.08444e-05
6.28482e-05
6.65269e-05
6.956e-05
7.00038e-05
6.8243e-05
6.69274e-05
6.6429e-05
6.60461e-05
6.50924e-05
6.15958e-05
4.77862e-05
3.82785e-05
3.83077e-05
4.06165e-05
4.56101e-05
5.32369e-05
5.93038e-05
6.15451e-05
6.21e-05
6.21513e-05
6.18556e-05
6.25562e-05
6.8313e-05
2.81774e-05
1.85169e-05
1.81514e-05
1.81405e-05
1.81402e-05
1.81402e-05
1.81402e-05
1.81402e-05
1.81402e-05
1.81402e-05
1.81402e-05
1.81402e-05
1.90895e-05
2.12114e-05
2.33143e-05
2.50294e-05
2.64652e-05
2.77624e-05
2.83336e-05
2.84664e-05
2.82228e-05
2.80838e-05
2.82258e-05
2.88372e-05
2.94623e-05
3.02267e-05
3.12825e-05
3.26544e-05
3.40362e-05
3.46244e-05
3.44469e-05
3.40611e-05
3.44792e-05
3.53551e-05
3.66302e-05
3.72316e-05
3.78275e-05
3.84314e-05
3.88769e-05
3.92961e-05
3.99053e-05
4.10874e-05
4.29781e-05
4.53252e-05
4.78746e-05
5.07517e-05
5.45653e-05
5.94932e-05
6.46017e-05
6.77054e-05
6.84972e-05
6.85036e-05
6.83227e-05
6.63537e-05
6.29752e-05
6.12529e-05
6.10919e-05
6.1764e-05
6.34057e-05
6.55631e-05
6.76721e-05
6.95176e-05
7.08278e-05
7.13739e-05
7.12795e-05
7.06771e-05
6.92171e-05
6.7689e-05
6.69637e-05
6.65412e-05
6.62337e-05
6.55672e-05
6.28663e-05
5.96786e-05
5.88286e-05
5.97237e-05
6.26558e-05
6.71497e-05
6.97754e-05
7.02503e-05
6.87892e-05
6.72389e-05
6.63917e-05
6.60709e-05
6.58138e-05
6.50242e-05
6.20959e-05
4.98495e-05
3.95446e-05
3.9654e-05
4.25295e-05
4.83072e-05
5.59585e-05
6.09866e-05
6.2153e-05
6.22137e-05
6.22304e-05
6.22458e-05
6.40289e-05
6.09506e-05
2.15155e-05
1.82682e-05
1.81439e-05
1.81403e-05
1.81402e-05
1.81402e-05
1.81402e-05
1.81402e-05
1.81402e-05
1.81402e-05
1.81402e-05
1.81402e-05
1.82027e-05
1.847e-05
1.87801e-05
1.90715e-05
1.93517e-05
1.95882e-05
1.97631e-05
1.98979e-05
2.00156e-05
2.02766e-05
2.07452e-05
2.13585e-05
2.20359e-05
2.30627e-05
2.45088e-05
2.60495e-05
2.7325e-05
2.83355e-05
2.99014e-05
3.28986e-05
3.51859e-05
3.41887e-05
3.2355e-05
3.1497e-05
3.1891e-05
3.26447e-05
3.35583e-05
3.47883e-05
3.65421e-05
3.89214e-05
4.16405e-05
4.43408e-05
4.68241e-05
4.90905e-05
5.13966e-05
5.39358e-05
5.68464e-05
5.98403e-05
6.18709e-05
6.24457e-05
6.13288e-05
5.92641e-05
5.82256e-05
5.83725e-05
5.93772e-05
6.13713e-05
6.36808e-05
6.60453e-05
6.83475e-05
7.02823e-05
7.11987e-05
7.11795e-05
7.05476e-05
6.80866e-05
6.41473e-05
6.07839e-05
5.85869e-05
5.74825e-05
5.67395e-05
5.6113e-05
5.62504e-05
5.69072e-05
5.89685e-05
6.30582e-05
6.77531e-05
7.04876e-05
7.04443e-05
6.93314e-05
6.82288e-05
6.76512e-05
6.72114e-05
6.67206e-05
6.63181e-05
6.55717e-05
6.27993e-05
5.2118e-05
4.1321e-05
4.1473e-05
4.48103e-05
5.14025e-05
5.82919e-05
6.22097e-05
6.2823e-05
6.25272e-05
6.2434e-05
6.29325e-05
6.62351e-05
3.77842e-05
1.91824e-05
1.81787e-05
1.81413e-05
1.81402e-05
1.81402e-05
1.81402e-05
1.81402e-05
1.81402e-05
1.81402e-05
1.81402e-05
1.81402e-05
1.81402e-05
1.8144e-05
1.81637e-05
1.81905e-05
1.82168e-05
1.82406e-05
1.82651e-05
1.83125e-05
1.84217e-05
1.86225e-05
1.92479e-05
2.08238e-05
2.36224e-05
2.70415e-05
3.05164e-05
3.31962e-05
3.30855e-05
3.18668e-05
3.14958e-05
3.32369e-05
3.50211e-05
3.30476e-05
2.77526e-05
2.50085e-05
2.50525e-05
2.57339e-05
2.71392e-05
2.9147e-05
3.17647e-05
3.49652e-05
3.83314e-05
4.1514e-05
4.43504e-05
4.67695e-05
4.87781e-05
5.03647e-05
5.16836e-05
5.30307e-05
5.42074e-05
5.5102e-05
5.55971e-05
5.56811e-05
5.58199e-05
5.65533e-05
5.80351e-05
6.00333e-05
6.24567e-05
6.51709e-05
6.77653e-05
7.00141e-05
7.11777e-05
7.1178e-05
7.05703e-05
6.74374e-05
6.15302e-05
5.55521e-05
5.2577e-05
5.19146e-05
5.24067e-05
5.29971e-05
5.42509e-05
5.69079e-05
6.08575e-05
6.49859e-05
6.89295e-05
7.09082e-05
7.10008e-05
6.9755e-05
6.96025e-05
6.98227e-05
6.98344e-05
6.95764e-05
6.88725e-05
6.79174e-05
6.67226e-05
6.3643e-05
5.41797e-05
4.36168e-05
4.37923e-05
4.74357e-05
5.43063e-05
6.02467e-05
6.31933e-05
6.40641e-05
6.33249e-05
6.29595e-05
6.50853e-05
6.64059e-05
2.4041e-05
1.84183e-05
1.81501e-05
1.81405e-05
1.81402e-05
1.81402e-05
1.81402e-05
1.81402e-05
1.81402e-05
1.81402e-05
1.81402e-05
1.81402e-05
1.81402e-05
1.81404e-05
1.81418e-05
1.81438e-05
1.81456e-05
1.81473e-05
1.81576e-05
1.8226e-05
1.84771e-05
1.92987e-05
2.16098e-05
2.60082e-05
3.13903e-05
3.63572e-05
4.01172e-05
4.16331e-05
4.10011e-05
3.84372e-05
3.72833e-05
3.70109e-05
3.38928e-05
2.65089e-05
2.26635e-05
2.23806e-05
2.26117e-05
2.32532e-05
2.47677e-05
2.75131e-05
3.10542e-05
3.50748e-05
3.92074e-05
4.2866e-05
4.56817e-05
4.7658e-05
4.90642e-05
5.01812e-05
5.10776e-05
5.18422e-05
5.24963e-05
5.31022e-05
5.37914e-05
5.46364e-05
5.57119e-05
5.72916e-05
5.95839e-05
6.24195e-05
6.51252e-05
6.77717e-05
6.9923e-05
7.11868e-05
7.12099e-05
7.05667e-05
6.70481e-05
5.93582e-05
5.18364e-05
4.85941e-05
4.87267e-05
4.96553e-05
5.13557e-05
5.42717e-05
5.86921e-05
6.34476e-05
6.76372e-05
7.02265e-05
7.14536e-05
7.13069e-05
7.11203e-05
7.05982e-05
7.06655e-05
7.10053e-05
7.12083e-05
7.11621e-05
7.05847e-05
6.93319e-05
6.75898e-05
6.44648e-05
5.64849e-05
4.65315e-05
4.66576e-05
5.04379e-05
5.70284e-05
6.25522e-05
6.47816e-05
6.63068e-05
6.64123e-05
6.49206e-05
6.81726e-05
3.19564e-05
1.94748e-05
1.82006e-05
1.81423e-05
1.81402e-05
1.81402e-05
1.81402e-05
1.81402e-05
1.81402e-05
1.81402e-05
1.81402e-05
1.81402e-05
1.81402e-05
1.81402e-05
1.81402e-05
1.81403e-05
1.81405e-05
1.81406e-05
1.81413e-05
1.81536e-05
1.82723e-05
1.87211e-05
2.02237e-05
2.45171e-05
3.15895e-05
3.77739e-05
4.11417e-05
4.33099e-05
4.47192e-05
4.4406e-05
4.30623e-05
4.09527e-05
3.67704e-05
2.7963e-05
2.28447e-05
2.19456e-05
2.18584e-05
2.20068e-05
2.26277e-05
2.45005e-05
2.80566e-05
3.29773e-05
3.80731e-05
4.22768e-05
4.53928e-05
4.74193e-05
4.8657e-05
4.95015e-05
5.01858e-05
5.08639e-05
5.15545e-05
5.22969e-05
5.31399e-05
5.41902e-05
5.55494e-05
5.74826e-05
6.01951e-05
6.30635e-05
6.5816e-05
6.80142e-05
6.9849e-05
7.11141e-05
7.11395e-05
7.04769e-05
6.6695e-05
5.78524e-05
4.88789e-05
4.56103e-05
4.59855e-05
4.73711e-05
5.01966e-05
5.52416e-05
6.05928e-05
6.54402e-05
6.89309e-05
7.07921e-05
7.17071e-05
7.17435e-05
7.09166e-05
7.0208e-05
6.98582e-05
6.99357e-05
7.05993e-05
7.13275e-05
7.16488e-05
7.09553e-05
6.94137e-05
6.75106e-05
6.49564e-05
5.88249e-05
5.00912e-05
5.01413e-05
5.37233e-05
5.9012e-05
6.6052e-05
6.80485e-05
6.78344e-05
5.86482e-05
6.68438e-05
4.3624e-05
2.0703e-05
1.83231e-05
1.81506e-05
1.81406e-05
1.81402e-05
1.81402e-05
1.81402e-05
1.81402e-05
1.81402e-05
1.81402e-05
1.81402e-05
1.81402e-05
1.81402e-05
1.81402e-05
1.81402e-05
1.81402e-05
1.81402e-05
1.81403e-05
1.81408e-05
1.81521e-05
1.82978e-05
1.88707e-05
2.08271e-05
2.64092e-05
3.50163e-05
4.05989e-05
4.16347e-05
4.29916e-05
4.51803e-05
4.52643e-05
4.39595e-05
4.07479e-05
3.27534e-05
2.46548e-05
2.4544e-05
2.51786e-05
2.4429e-05
2.35172e-05
2.43955e-05
2.70554e-05
3.24041e-05
3.78395e-05
4.21864e-05
4.54612e-05
4.76263e-05
4.87353e-05
4.93196e-05
4.98153e-05
5.04156e-05
5.11466e-05
5.20842e-05
5.33366e-05
5.4888e-05
5.68573e-05
5.9108e-05
6.16572e-05
6.42927e-05
6.6523e-05
6.82412e-05
6.96564e-05
7.07774e-05
7.08206e-05
7.0042e-05
6.62867e-05
5.66975e-05
4.64195e-05
4.29586e-05
4.33024e-05
4.50067e-05
4.87619e-05
5.48272e-05
6.14105e-05
6.62651e-05
6.88174e-05
7.06916e-05
7.08275e-05
6.97797e-05
6.84702e-05
6.64699e-05
6.54257e-05
6.61505e-05
6.77345e-05
6.98338e-05
7.12014e-05
7.08597e-05
6.95472e-05
6.77221e-05
6.64188e-05
6.49637e-05
6.10558e-05
5.40852e-05
5.40007e-05
5.69325e-05
6.10358e-05
6.86236e-05
5.20656e-05
3.13248e-05
2.27513e-05
2.5543e-05
2.00603e-05
1.8444e-05
1.81612e-05
1.81414e-05
1.81402e-05
1.81402e-05
1.81402e-05
1.81402e-05
1.81402e-05
1.81402e-05
1.81402e-05
1.81402e-05
1.81402e-05
1.81402e-05
1.81402e-05
1.81402e-05
1.81402e-05
1.81402e-05
1.81402e-05
1.81403e-05
1.81445e-05
1.82196e-05
1.86976e-05
2.04418e-05
2.57458e-05
3.50234e-05
3.93383e-05
3.72686e-05
3.82198e-05
4.25127e-05
4.44447e-05
4.30973e-05
3.77961e-05
2.75863e-05
2.64161e-05
3.01066e-05
3.33402e-05
3.17144e-05
2.93307e-05
3.03948e-05
3.45043e-05
3.88142e-05
4.22683e-05
4.56959e-05
4.77991e-05
4.87377e-05
4.91848e-05
4.94589e-05
4.98273e-05
5.05351e-05
5.18483e-05
5.39528e-05
5.66994e-05
5.9431e-05
6.19337e-05
6.38397e-05
6.54229e-05
6.67007e-05
6.76497e-05
6.86368e-05
6.95977e-05
6.95349e-05
6.88478e-05
6.5648e-05
5.64697e-05
4.43396e-05
4.00937e-05
4.03837e-05
4.21543e-05
4.60995e-05
5.26995e-05
6.07115e-05
6.51256e-05
6.84398e-05
6.83967e-05
6.68524e-05
6.43286e-05
6.17627e-05
5.95541e-05
5.98485e-05
6.14655e-05
6.39152e-05
6.7288e-05
7.04279e-05
7.01178e-05
6.78778e-05
6.51606e-05
6.44198e-05
6.47125e-05
6.44004e-05
6.27058e-05
5.78452e-05
5.76603e-05
5.95442e-05
6.36131e-05
6.18768e-05
2.32351e-05
1.90511e-05
1.8416e-05
1.849e-05
1.82337e-05
1.81546e-05
1.81416e-05
1.81403e-05
1.81402e-05
1.81402e-05
1.81402e-05
1.81402e-05
1.81402e-05
1.81402e-05
1.81402e-05
1.81402e-05
1.81402e-05
1.81402e-05
1.81402e-05
1.81402e-05
1.81402e-05
1.81402e-05
1.81402e-05
1.81402e-05
1.81414e-05
1.81686e-05
1.85045e-05
1.98826e-05
2.42886e-05
3.36985e-05
3.63573e-05
3.22224e-05
3.11707e-05
3.60455e-05
4.05629e-05
3.88103e-05
2.95984e-05
2.4385e-05
2.81926e-05
3.70894e-05
3.94075e-05
3.72578e-05
3.63021e-05
3.7265e-05
3.9074e-05
4.17919e-05
4.54324e-05
4.8211e-05
4.85301e-05
4.87175e-05
4.92041e-05
4.94116e-05
4.96868e-05
5.07479e-05
5.3829e-05
5.7869e-05
6.10499e-05
6.28263e-05
6.37246e-05
6.4488e-05
6.55877e-05
6.55456e-05
6.51129e-05
6.51443e-05
6.56372e-05
6.52907e-05
6.37593e-05
5.74102e-05
4.40609e-05
3.67636e-05
3.67886e-05
3.82807e-05
4.20165e-05
4.88169e-05
5.78697e-05
6.39907e-05
6.59449e-05
6.43921e-05
6.06263e-05
5.60312e-05
5.24597e-05
5.24919e-05
5.39879e-05
5.66409e-05
6.08393e-05
6.58537e-05
6.97401e-05
6.96812e-05
6.60878e-05
6.21814e-05
6.14827e-05
6.18897e-05
6.2988e-05
6.40921e-05
6.35421e-05
6.05445e-05
6.05158e-05
6.20214e-05
6.60949e-05
4.88873e-05
1.97006e-05
1.8231e-05
1.81541e-05
1.8153e-05
1.81438e-05
1.81407e-05
1.81403e-05
1.81402e-05
1.81402e-05
1.81402e-05
1.81402e-05
1.81402e-05
1.81402e-05
1.81402e-05
1.81402e-05
1.81402e-05
1.81402e-05
1.81402e-05
1.81402e-05
1.81402e-05
1.81402e-05
1.81402e-05
1.81402e-05
1.81402e-05
1.81405e-05
1.81486e-05
1.82928e-05
1.90695e-05
2.17382e-05
2.93717e-05
3.32311e-05
3.05149e-05
2.44625e-05
2.5298e-05
2.82771e-05
2.65237e-05
2.19584e-05
2.47663e-05
3.39301e-05
4.1816e-05
4.16732e-05
3.97162e-05
3.76645e-05
3.67007e-05
3.88508e-05
4.43125e-05
4.83145e-05
4.80682e-05
4.7296e-05
4.89043e-05
5.29527e-05
5.298e-05
5.21669e-05
5.33544e-05
5.71491e-05
6.03578e-05
6.01669e-05
5.99688e-05
6.04851e-05
6.19911e-05
6.22315e-05
5.97182e-05
5.60193e-05
5.5952e-05
5.74286e-05
5.85003e-05
5.69879e-05
4.72612e-05
3.46469e-05
3.26826e-05
3.36345e-05
3.68314e-05
4.3066e-05
5.28794e-05
6.16772e-05
6.24899e-05
5.95101e-05
5.33509e-05
4.70152e-05
4.46833e-05
4.56381e-05
4.83664e-05
5.22954e-05
5.80301e-05
6.53884e-05
6.97249e-05
6.89778e-05
6.43392e-05
5.99529e-05
5.89572e-05
5.93845e-05
5.99915e-05
6.1575e-05
6.4012e-05
6.42444e-05
6.27994e-05
6.30055e-05
6.4266e-05
6.86189e-05
3.71661e-05
1.90189e-05
1.81743e-05
1.81419e-05
1.81406e-05
1.81403e-05
1.81402e-05
1.81402e-05
1.81402e-05
1.81402e-05
1.81402e-05
1.81402e-05
1.81402e-05
1.81402e-05
1.81402e-05
1.81402e-05
1.81402e-05
1.81402e-05
1.81402e-05
1.81402e-05
1.81402e-05
1.81402e-05
1.81402e-05
1.81402e-05
1.81402e-05
1.81403e-05
1.81424e-05
1.8185e-05
1.85238e-05
1.98061e-05
2.41349e-05
2.6747e-05
2.47139e-05
2.0455e-05
1.94329e-05
1.93916e-05
1.89949e-05
1.95805e-05
2.64943e-05
3.8523e-05
4.33217e-05
4.02401e-05
3.499e-05
3.15142e-05
3.39002e-05
4.08461e-05
4.74468e-05
4.74894e-05
4.4791e-05
4.63113e-05
5.24833e-05
5.8907e-05
5.82998e-05
5.60126e-05
5.67247e-05
5.81595e-05
5.62597e-05
5.0892e-05
5.12201e-05
5.41713e-05
5.73315e-05
5.61088e-05
4.86168e-05
4.50471e-05
4.63188e-05
5.07793e-05
5.36334e-05
5.06328e-05
3.7501e-05
2.90128e-05
2.8936e-05
3.09338e-05
3.61098e-05
4.57018e-05
5.70049e-05
6.04766e-05
5.65575e-05
4.69906e-05
3.89746e-05
3.79054e-05
3.94014e-05
4.29759e-05
4.81934e-05
5.5093e-05
6.3527e-05
6.97181e-05
6.84069e-05
6.22816e-05
5.86092e-05
5.78233e-05
5.76147e-05
5.79043e-05
5.86482e-05
6.03357e-05
6.34599e-05
6.54087e-05
6.49247e-05
6.52465e-05
6.62392e-05
7.00577e-05
2.88597e-05
1.85905e-05
1.81585e-05
1.81409e-05
1.81402e-05
1.81402e-05
1.81402e-05
1.81402e-05
1.81402e-05
1.81402e-05
1.81402e-05
1.81402e-05
1.81402e-05
1.81402e-05
1.81402e-05
1.81402e-05
1.81402e-05
1.81402e-05
1.81402e-05
1.81402e-05
1.81402e-05
1.81402e-05
1.81402e-05
1.81402e-05
1.81402e-05
1.81402e-05
1.81406e-05
1.81485e-05
1.82177e-05
1.85175e-05
1.94466e-05
1.96941e-05
1.91417e-05
1.86007e-05
1.83028e-05
1.82333e-05
1.82392e-05
1.96101e-05
2.72726e-05
3.91346e-05
4.15371e-05
3.64651e-05
2.95057e-05
2.69633e-05
3.2728e-05
4.23012e-05
4.6726e-05
4.45818e-05
4.15195e-05
4.59736e-05
5.57271e-05
6.1764e-05
6.09259e-05
5.85015e-05
5.65115e-05
5.20863e-05
4.37195e-05
3.96766e-05
4.39688e-05
4.96849e-05
5.05079e-05
4.70787e-05
3.76177e-05
3.7379e-05
4.12412e-05
4.88848e-05
5.01795e-05
4.34396e-05
3.03536e-05
2.50333e-05
2.56485e-05
2.92291e-05
3.71194e-05
5.03645e-05
5.89037e-05
5.69142e-05
4.53426e-05
3.31914e-05
3.17003e-05
3.32562e-05
3.74723e-05
4.37097e-05
5.12928e-05
6.05157e-05
6.90613e-05
6.86007e-05
6.17531e-05
5.82544e-05
5.72497e-05
5.68796e-05
5.69426e-05
5.72799e-05
5.8301e-05
6.03334e-05
6.34874e-05
6.64627e-05
6.71688e-05
6.70386e-05
6.79609e-05
6.6333e-05
2.34243e-05
1.83596e-05
1.81493e-05
1.81406e-05
1.81402e-05
1.81402e-05
1.81402e-05
1.81402e-05
1.81402e-05
1.81402e-05
1.81402e-05
1.81402e-05
1.81402e-05
1.81402e-05
1.81402e-05
1.81402e-05
1.81402e-05
1.81402e-05
1.81402e-05
1.81402e-05
1.81402e-05
1.81402e-05
1.81402e-05
1.81402e-05
1.81402e-05
1.81402e-05
1.81402e-05
1.8141e-05
1.81474e-05
1.81796e-05
1.82485e-05
1.82519e-05
1.82077e-05
1.81715e-05
1.81543e-05
1.81473e-05
1.81583e-05
1.8613e-05
2.24093e-05
3.22644e-05
3.84429e-05
3.54621e-05
2.84932e-05
2.52199e-05
2.93599e-05
3.97161e-05
4.4137e-05
4.11106e-05
3.87255e-05
4.49486e-05
5.6501e-05
6.25798e-05
6.11405e-05
5.65831e-05
4.95651e-05
3.86953e-05
3.24362e-05
3.01575e-05
3.35774e-05
3.79367e-05
3.86933e-05
3.57505e-05
3.00429e-05
3.20666e-05
3.92692e-05
4.763e-05
4.65445e-05
3.58526e-05
2.59977e-05
2.22178e-05
2.38334e-05
2.87801e-05
4.01936e-05
5.48874e-05
5.75234e-05
5.01151e-05
3.30927e-05
2.67397e-05
2.75742e-05
3.11808e-05
3.7692e-05
4.60429e-05
5.59626e-05
6.70676e-05
6.94903e-05
6.26335e-05
5.8525e-05
5.7093e-05
5.68788e-05
5.7053e-05
5.73804e-05
5.77311e-05
5.85894e-05
6.06241e-05
6.39072e-05
6.78823e-05
6.91704e-05
6.80808e-05
6.96984e-05
5.02132e-05
2.02219e-05
1.82296e-05
1.81438e-05
1.81403e-05
1.81402e-05
1.81402e-05
1.81402e-05
1.81402e-05
1.81402e-05
1.81402e-05
1.81402e-05
1.81402e-05
1.81402e-05
1.81402e-05
1.81402e-05
1.81402e-05
1.81402e-05
1.81402e-05
1.81402e-05
1.81402e-05
1.81402e-05
1.81402e-05
1.81402e-05
1.81402e-05
1.81402e-05
1.81402e-05
1.81402e-05
1.81402e-05
1.81407e-05
1.81427e-05
1.81461e-05
1.81459e-05
1.81437e-05
1.81419e-05
1.8141e-05
1.81406e-05
1.8143e-05
1.8221e-05
1.88733e-05
2.12582e-05
2.48356e-05
2.85337e-05
2.7574e-05
2.45499e-05
2.46641e-05
3.40288e-05
4.13141e-05
3.85214e-05
3.54322e-05
3.98364e-05
5.1863e-05
6.09748e-05
5.90676e-05
5.14392e-05
4.00064e-05
2.98652e-05
2.53873e-05
2.36692e-05
2.40719e-05
2.54058e-05
2.65758e-05
2.59461e-05
2.46736e-05
2.79288e-05
3.65116e-05
4.4619e-05
4.20068e-05
3.14597e-05
2.4319e-05
2.10512e-05
2.32988e-05
3.03388e-05
4.5615e-05
5.78911e-05
5.54467e-05
4.10057e-05
2.60598e-05
2.37815e-05
2.5396e-05
3.02684e-05
3.86129e-05
4.9457e-05
6.29459e-05
7.00869e-05
6.48708e-05
6.04557e-05
5.77905e-05
5.78027e-05
5.82806e-05
5.89388e-05
5.96556e-05
5.95258e-05
5.99084e-05
6.16088e-05
6.52252e-05
6.96246e-05
6.97334e-05
6.94195e-05
6.7886e-05
2.71377e-05
1.86987e-05
1.81651e-05
1.81412e-05
1.81402e-05
1.81402e-05
1.81402e-05
1.81402e-05
1.81402e-05
1.81402e-05
1.81402e-05
1.81402e-05
1.81402e-05
1.81402e-05
1.81402e-05
1.81402e-05
1.81402e-05
1.81402e-05
1.81402e-05
1.81402e-05
1.81402e-05
1.81402e-05
1.81402e-05
1.81402e-05
1.81402e-05
1.81402e-05
1.81402e-05
1.81402e-05
1.81402e-05
1.81402e-05
1.81403e-05
1.81404e-05
1.81404e-05
1.81403e-05
1.81403e-05
1.81402e-05
1.81402e-05
1.81405e-05
1.81454e-05
1.81918e-05
1.83996e-05
1.90058e-05
2.00201e-05
2.03019e-05
1.98346e-05
2.04361e-05
2.81115e-05
3.83486e-05
3.69369e-05
3.40741e-05
3.53122e-05
4.3893e-05
5.68816e-05
5.44755e-05
4.36977e-05
3.29005e-05
2.61148e-05
2.28352e-05
2.16275e-05
2.08065e-05
2.06396e-05
2.07453e-05
2.07723e-05
2.09669e-05
2.36642e-05
3.07261e-05
3.99153e-05
3.86374e-05
3.12836e-05
2.47339e-05
2.07682e-05
2.37161e-05
3.27517e-05
5.07805e-05
5.89495e-05
5.20441e-05
3.31584e-05
2.3248e-05
2.20844e-05
2.40845e-05
2.99153e-05
4.00064e-05
5.41e-05
6.90661e-05
6.74033e-05
6.28562e-05
6.05479e-05
5.93361e-05
5.9805e-05
6.02808e-05
6.04633e-05
6.09197e-05
6.12965e-05
6.20799e-05
6.36595e-05
6.72771e-05
7.03046e-05
6.9447e-05
6.98302e-05
2.9758e-05
1.9402e-05
1.82433e-05
1.81453e-05
1.81404e-05
1.81402e-05
1.81402e-05
1.81402e-05
1.81402e-05
1.81402e-05
1.81402e-05
1.81402e-05
1.81402e-05
1.81402e-05
1.81402e-05
1.81402e-05
1.81402e-05
1.81402e-05
1.81402e-05
1.81402e-05
1.81402e-05
1.81402e-05
1.81402e-05
1.81402e-05
1.81402e-05
1.81402e-05
1.81402e-05
1.81402e-05
1.81402e-05
1.81402e-05
1.81402e-05
1.81402e-05
1.81402e-05
1.81402e-05
1.81402e-05
1.81402e-05
1.81402e-05
1.81402e-05
1.81402e-05
1.81404e-05
1.81425e-05
1.81537e-05
1.82008e-05
1.82909e-05
1.83132e-05
1.8292e-05
1.84208e-05
2.07763e-05
2.8225e-05
3.4288e-05
3.44564e-05
3.2283e-05
3.25667e-05
4.54693e-05
5.32983e-05
4.73566e-05
3.58896e-05
2.7775e-05
2.36632e-05
2.23184e-05
2.08229e-05
1.94183e-05
1.89472e-05
1.89039e-05
1.90358e-05
2.01551e-05
2.37651e-05
3.26566e-05
3.61296e-05
3.41458e-05
2.80756e-05
2.1107e-05
2.45924e-05
3.51035e-05
5.35724e-05
5.89491e-05
4.9951e-05
3.02822e-05
2.24351e-05
2.1069e-05
2.31943e-05
2.94749e-05
4.08177e-05
5.74072e-05
7.04706e-05
6.51879e-05
6.5561e-05
6.52812e-05
6.28969e-05
6.39685e-05
6.28714e-05
6.17723e-05
6.23232e-05
6.37973e-05
6.49247e-05
6.62311e-05
6.90285e-05
7.0341e-05
6.92097e-05
5.53585e-05
2.0926e-05
1.83202e-05
1.81533e-05
1.8141e-05
1.81402e-05
1.81402e-05
1.81402e-05
1.81402e-05
1.81402e-05
1.81402e-05
1.81402e-05
1.81402e-05
1.81402e-05
1.81402e-05
1.81402e-05
1.81402e-05
1.81402e-05
1.81402e-05
1.81402e-05
1.81402e-05
1.81402e-05
1.81402e-05
1.81402e-05
1.81402e-05
1.81402e-05
1.81402e-05
1.81402e-05
1.81402e-05
1.81402e-05
1.81402e-05
1.81402e-05
1.81402e-05
1.81402e-05
1.81402e-05
1.81402e-05
1.81402e-05
1.81402e-05
1.81402e-05
1.81402e-05
1.81402e-05
1.81403e-05
1.81408e-05
1.81434e-05
1.81488e-05
1.81503e-05
1.81499e-05
1.81592e-05
1.83661e-05
2.04346e-05
2.47627e-05
3.04579e-05
3.00552e-05
2.68538e-05
3.53333e-05
4.96598e-05
5.00285e-05
4.49651e-05
3.43852e-05
2.77275e-05
2.7282e-05
2.46358e-05
2.04417e-05
1.85637e-05
1.83445e-05
1.83795e-05
1.87119e-05
2.00282e-05
2.42219e-05
3.16893e-05
3.23466e-05
2.91039e-05
2.18156e-05
2.5237e-05
3.59643e-05
5.44545e-05
5.9671e-05
5.13518e-05
3.1446e-05
2.23807e-05
2.03785e-05
2.21776e-05
2.76887e-05
3.93991e-05
5.78537e-05
7.0566e-05
6.88506e-05
7.03253e-05
7.01422e-05
6.89568e-05
6.93408e-05
6.96298e-05
6.74407e-05
6.49719e-05
6.58257e-05
6.64854e-05
6.81645e-05
7.04834e-05
7.04564e-05
6.98861e-05
4.18853e-05
1.96096e-05
1.82062e-05
1.8143e-05
1.81403e-05
1.81402e-05
1.81402e-05
1.81402e-05
1.81402e-05
1.81402e-05
1.81402e-05
1.81402e-05
1.81402e-05
1.81402e-05
1.81402e-05
1.81402e-05
1.81402e-05
1.81402e-05
1.81402e-05
1.81402e-05
1.81402e-05
1.81402e-05
1.81402e-05
1.81402e-05
1.81402e-05
1.81402e-05
1.81402e-05
1.81402e-05
1.81402e-05
1.81402e-05
1.81402e-05
1.81402e-05
1.81402e-05
1.81402e-05
1.81402e-05
1.81402e-05
1.81402e-05
1.81402e-05
1.81402e-05
1.81402e-05
1.81402e-05
1.81402e-05
1.81402e-05
1.81403e-05
1.81406e-05
1.81406e-05
1.81407e-05
1.8141e-05
1.81522e-05
1.83203e-05
1.93732e-05
2.15137e-05
2.22128e-05
2.10349e-05
2.19176e-05
2.97947e-05
4.16279e-05
4.27847e-05
4.07152e-05
3.67686e-05
3.19958e-05
2.67318e-05
2.15734e-05
1.87666e-05
1.82114e-05
1.81842e-05
1.8268e-05
1.86258e-05
2.00492e-05
2.37913e-05
2.73461e-05
2.64211e-05
2.19965e-05
2.50412e-05
3.43199e-05
5.07891e-05
6.0219e-05
5.68585e-05
3.88693e-05
2.30931e-05
1.9938e-05
2.14039e-05
2.62313e-05
3.77257e-05
5.6418e-05
7.13116e-05
7.1013e-05
6.19784e-05
5.79558e-05
6.33008e-05
4.53779e-05
4.72826e-05
6.10138e-05
6.9467e-05
6.78329e-05
6.93608e-05
7.02615e-05
5.9935e-05
7.11616e-05
6.96395e-05
2.81342e-05
1.86145e-05
1.81591e-05
1.81409e-05
1.81402e-05
1.81402e-05
1.81402e-05
1.81402e-05
1.81402e-05
1.81402e-05
1.81402e-05
1.81402e-05
1.81402e-05
1.81402e-05
1.81402e-05
1.81402e-05
1.81402e-05
1.81402e-05
1.81402e-05
1.81402e-05
1.81402e-05
1.81402e-05
1.81402e-05
1.81402e-05
1.81402e-05
1.81402e-05
1.81402e-05
1.81402e-05
1.81402e-05
1.81402e-05
1.81402e-05
1.81402e-05
1.81402e-05
1.81402e-05
1.81402e-05
1.81402e-05
1.81402e-05
1.81402e-05
1.81402e-05
1.81402e-05
1.81402e-05
1.81402e-05
1.81402e-05
1.81402e-05
1.81402e-05
1.81402e-05
1.81402e-05
1.81402e-05
1.81406e-05
1.81487e-05
1.82215e-05
1.84089e-05
1.85012e-05
1.84553e-05
1.84285e-05
1.89169e-05
2.18248e-05
2.45783e-05
2.7309e-05
2.63659e-05
2.42597e-05
2.21571e-05
2.04215e-05
1.88643e-05
1.82223e-05
1.8148e-05
1.81488e-05
1.82082e-05
1.86071e-05
1.98194e-05
2.30333e-05
2.37815e-05
2.16453e-05
2.31275e-05
2.98953e-05
4.32443e-05
5.60512e-05
5.54214e-05
4.10988e-05
2.37688e-05
1.96608e-05
2.11201e-05
2.59738e-05
3.85049e-05
5.76113e-05
6.98906e-05
6.71572e-05
4.37558e-05
3.55349e-05
2.99644e-05
2.20504e-05
2.15335e-05
3.07698e-05
6.88576e-05
7.01726e-05
5.64347e-05
5.41549e-05
3.27908e-05
5.04542e-05
2.91668e-05
1.96066e-05
1.82118e-05
1.81429e-05
1.81403e-05
1.81402e-05
1.81402e-05
1.81402e-05
1.81402e-05
1.81402e-05
1.81402e-05
1.81402e-05
1.81402e-05
1.81402e-05
1.81402e-05
1.81402e-05
1.81402e-05
1.81402e-05
1.81402e-05
1.81402e-05
1.81402e-05
1.81402e-05
1.81402e-05
1.81402e-05
1.81402e-05
1.81402e-05
1.81402e-05
1.81402e-05
1.81402e-05
1.81402e-05
1.81402e-05
1.81402e-05
1.81402e-05
1.81402e-05
1.81402e-05
1.81402e-05
1.81402e-05
1.81402e-05
1.81402e-05
1.81402e-05
1.81402e-05
1.81402e-05
1.81402e-05
1.81402e-05
1.81402e-05
1.81402e-05
1.81402e-05
1.81402e-05
1.81402e-05
1.81402e-05
1.81405e-05
1.81433e-05
1.81524e-05
1.81573e-05
1.81565e-05
1.81551e-05
1.81697e-05
1.8261e-05
1.83719e-05
1.87918e-05
1.91125e-05
1.92192e-05
1.90195e-05
1.86111e-05
1.8288e-05
1.81601e-05
1.81416e-05
1.81407e-05
1.81441e-05
1.81961e-05
1.87382e-05
2.07131e-05
2.27669e-05
2.14217e-05
1.92416e-05
2.20943e-05
3.09454e-05
4.61315e-05
4.72659e-05
3.50276e-05
2.32681e-05
1.93446e-05
2.09157e-05
2.49208e-05
3.31069e-05
3.85383e-05
5.31495e-05
6.69637e-05
4.32435e-05
2.88377e-05
2.27736e-05
1.99589e-05
1.89375e-05
2.10187e-05
4.73836e-05
4.38085e-05
2.90165e-05
5.07581e-05
2.63481e-05
1.99387e-05
1.85366e-05
1.81813e-05
1.81444e-05
1.81404e-05
1.81402e-05
1.81402e-05
1.81402e-05
1.81402e-05
1.81402e-05
1.81402e-05
1.81402e-05
1.81402e-05
1.81402e-05
1.81402e-05
1.81402e-05
1.81402e-05
1.81402e-05
1.81402e-05
1.81402e-05
1.81402e-05
1.81402e-05
1.81402e-05
1.81402e-05
1.81402e-05
1.81402e-05
1.81402e-05
1.81402e-05
1.81402e-05
1.81402e-05
1.81402e-05
1.81402e-05
1.81402e-05
1.81402e-05
1.81402e-05
1.81402e-05
1.81402e-05
1.81402e-05
1.81402e-05
1.81402e-05
1.81402e-05
1.81402e-05
1.81402e-05
1.81402e-05
1.81402e-05
1.81402e-05
1.81402e-05
1.81402e-05
1.81402e-05
1.81402e-05
1.81402e-05
1.81402e-05
1.81403e-05
1.81405e-05
1.81407e-05
1.81407e-05
1.81407e-05
1.8141e-05
1.81426e-05
1.81453e-05
1.81796e-05
1.82137e-05
1.82156e-05
1.8194e-05
1.81692e-05
1.81529e-05
1.81445e-05
1.81406e-05
1.81402e-05
1.81406e-05
1.81505e-05
1.83853e-05
1.9581e-05
2.02494e-05
1.97009e-05
1.85848e-05
1.9914e-05
2.69325e-05
3.92332e-05
3.60656e-05
2.66103e-05
2.20331e-05
1.89815e-05
1.98682e-05
2.32747e-05
2.29083e-05
2.34751e-05
3.65594e-05
6.80742e-05
5.08148e-05
3.4141e-05
2.62481e-05
2.24333e-05
1.86604e-05
1.95834e-05
2.78401e-05
2.84386e-05
2.53233e-05
5.26963e-05
2.35484e-05
1.83864e-05
1.81585e-05
1.81413e-05
1.81403e-05
1.81402e-05
1.81402e-05
1.81402e-05
1.81402e-05
1.81402e-05
1.81402e-05
1.81402e-05
1.81402e-05
1.81402e-05
1.81402e-05
1.81402e-05
1.81402e-05
1.81402e-05
1.81402e-05
1.81402e-05
1.81402e-05
1.81402e-05
1.81402e-05
1.81402e-05
1.81402e-05
1.81402e-05
1.81402e-05
1.81402e-05
1.81402e-05
1.81402e-05
1.81402e-05
1.81402e-05
1.81402e-05
1.81402e-05
1.81402e-05
1.81402e-05
1.81402e-05
1.81402e-05
1.81402e-05
1.81402e-05
1.81402e-05
1.81402e-05
1.81402e-05
1.81402e-05
1.81402e-05
1.81402e-05
1.81402e-05
1.81402e-05
1.81402e-05
1.81402e-05
1.81402e-05
1.81402e-05
1.81402e-05
1.81402e-05
1.81402e-05
1.81402e-05
1.81402e-05
1.81402e-05
1.81402e-05
1.81402e-05
1.81403e-05
1.81417e-05
1.81429e-05
1.81427e-05
1.81419e-05
1.81411e-05
1.81406e-05
1.81403e-05
1.81402e-05
1.81402e-05
1.81402e-05
1.8141e-05
1.81669e-05
1.83357e-05
1.83809e-05
1.82921e-05
1.82164e-05
1.88122e-05
2.26186e-05
3.04043e-05
2.55284e-05
2.05167e-05
1.93493e-05
1.84474e-05
1.90885e-05
2.26862e-05
2.23617e-05
2.06217e-05
2.18211e-05
5.10162e-05
5.62151e-05
5.10433e-05
3.87693e-05
2.76268e-05
1.86055e-05
1.8243e-05
2.04479e-05
2.49918e-05
1.98084e-05
3.97397e-05
2.07477e-05
1.82327e-05
1.81434e-05
1.81403e-05
1.81402e-05
1.81402e-05
1.81402e-05
1.81402e-05
1.81402e-05
1.81402e-05
1.81402e-05
1.81402e-05
1.81402e-05
1.81402e-05
1.81402e-05
1.81402e-05
1.81402e-05
1.81402e-05
1.81402e-05
1.81402e-05
1.81402e-05
1.81402e-05
1.81402e-05
1.81402e-05
1.81402e-05
1.81402e-05
1.81402e-05
1.81402e-05
1.81402e-05
1.81402e-05
1.81402e-05
1.81402e-05
1.81402e-05
1.81402e-05
1.81402e-05
1.81402e-05
1.81402e-05
1.81402e-05
1.81402e-05
1.81402e-05
1.81402e-05
1.81402e-05
1.81402e-05
1.81402e-05
1.81402e-05
1.81402e-05
1.81402e-05
1.81402e-05
1.81402e-05
1.81402e-05
1.81402e-05
1.81402e-05
1.81402e-05
1.81402e-05
1.81402e-05
1.81402e-05
1.81402e-05
1.81402e-05
1.81402e-05
1.81402e-05
1.81402e-05
1.81402e-05
1.81402e-05
1.81402e-05
1.81402e-05
1.81402e-05
1.81402e-05
1.81402e-05
1.81402e-05
1.81402e-05
1.81402e-05
1.81402e-05
1.81407e-05
1.81441e-05
1.81457e-05
1.8144e-05
1.81439e-05
1.82269e-05
1.89548e-05
2.10228e-05
2.02514e-05
1.87977e-05
1.83391e-05
1.81949e-05
1.84032e-05
2.08095e-05
2.37876e-05
2.24697e-05
1.87612e-05
1.94282e-05
4.36359e-05
4.36087e-05
4.16451e-05
3.29575e-05
1.93484e-05
1.81509e-05
1.826e-05
2.01315e-05
1.82946e-05
1.95442e-05
1.82662e-05
1.81484e-05
1.81405e-05
1.81402e-05
1.81402e-05
1.81402e-05
1.81402e-05
1.81402e-05
1.81402e-05
1.81402e-05
1.81402e-05
1.81402e-05
1.81402e-05
1.81402e-05
1.81402e-05
1.81402e-05
1.81402e-05
1.81402e-05
1.81402e-05
1.81402e-05
1.81402e-05
1.81402e-05
1.81402e-05
1.81402e-05
1.81402e-05
1.81402e-05
1.81402e-05
1.81402e-05
1.81402e-05
1.81402e-05
1.81402e-05
1.81402e-05
1.81402e-05
1.81402e-05
1.81402e-05
1.81402e-05
1.81402e-05
1.81402e-05
1.81402e-05
1.81402e-05
1.81402e-05
1.81402e-05
1.81402e-05
1.81402e-05
1.81402e-05
1.81402e-05
1.81402e-05
1.81402e-05
1.81402e-05
1.81402e-05
1.81402e-05
1.81402e-05
1.81402e-05
1.81402e-05
1.81402e-05
1.81402e-05
1.81402e-05
1.81402e-05
1.81402e-05
1.81402e-05
1.81402e-05
1.81402e-05
1.81402e-05
1.81402e-05
1.81402e-05
1.81402e-05
1.81402e-05
1.81402e-05
1.81402e-05
1.81402e-05
1.81402e-05
1.81402e-05
1.81402e-05
1.81402e-05
1.81403e-05
1.81403e-05
1.81404e-05
1.8144e-05
1.81772e-05
1.83458e-05
1.82984e-05
1.82106e-05
1.81602e-05
1.81451e-05
1.81801e-05
1.88374e-05
2.14159e-05
2.10479e-05
1.88871e-05
1.82009e-05
1.91259e-05
2.3756e-05
3.44403e-05
2.42122e-05
1.85072e-05
1.81476e-05
1.81421e-05
1.82328e-05
1.81492e-05
1.81704e-05
1.81421e-05
1.81404e-05
1.81402e-05
1.81402e-05
1.81402e-05
1.81402e-05
1.81402e-05
1.81402e-05
1.81402e-05
1.81402e-05
1.81402e-05
1.81402e-05
1.81402e-05
1.81402e-05
1.81402e-05
1.81402e-05
1.81402e-05
1.81402e-05
1.81402e-05
1.81402e-05
1.81402e-05
1.81402e-05
1.81402e-05
1.81402e-05
1.81402e-05
1.81402e-05
1.81402e-05
1.81402e-05
1.81402e-05
1.81402e-05
1.81402e-05
1.81402e-05
1.81402e-05
1.81402e-05
1.81402e-05
1.81402e-05
1.81402e-05
1.81402e-05
1.81402e-05
1.81402e-05
1.81402e-05
1.81402e-05
1.81402e-05
1.81402e-05
1.81402e-05
1.81402e-05
1.81402e-05
1.81402e-05
1.81402e-05
1.81402e-05
1.81402e-05
1.81402e-05
1.81402e-05
1.81402e-05
1.81402e-05
1.81402e-05
1.81402e-05
1.81402e-05
1.81402e-05
1.81402e-05
1.81402e-05
1.81402e-05
1.81402e-05
1.81402e-05
1.81402e-05
1.81402e-05
1.81402e-05
1.81402e-05
1.81402e-05
1.81402e-05
1.81402e-05
1.81402e-05
1.81402e-05
1.81402e-05
1.81402e-05
1.81402e-05
1.81402e-05
1.81402e-05
1.81408e-05
1.81449e-05
1.8144e-05
1.8142e-05
1.81408e-05
1.81404e-05
1.81418e-05
1.81571e-05
1.82952e-05
1.8308e-05
1.82021e-05
1.81523e-05
1.83188e-05
2.24431e-05
3.49104e-05
2.15378e-05
1.83054e-05
1.81484e-05
1.81405e-05
1.81421e-05
1.81404e-05
1.81406e-05
1.81402e-05
1.81402e-05
1.81402e-05
1.81402e-05
1.81402e-05
1.81402e-05
1.81402e-05
1.81402e-05
1.81402e-05
1.81402e-05
1.81402e-05
1.81402e-05
1.81402e-05
1.81402e-05
1.81402e-05
1.81402e-05
1.81402e-05
1.81402e-05
1.81402e-05
1.81402e-05
1.81402e-05
1.81402e-05
1.81402e-05
1.81402e-05
1.81402e-05
1.81402e-05
1.81402e-05
1.81402e-05
1.81402e-05
1.81402e-05
1.81402e-05
1.81402e-05
1.81402e-05
1.81402e-05
1.81402e-05
1.81402e-05
1.81402e-05
1.81402e-05
1.81402e-05
1.81402e-05
1.81402e-05
1.81402e-05
1.81402e-05
1.81402e-05
1.81402e-05
1.81402e-05
1.81402e-05
1.81402e-05
1.81402e-05
1.81402e-05
1.81402e-05
1.81402e-05
1.81402e-05
1.81402e-05
1.81402e-05
1.81402e-05
1.81402e-05
1.81402e-05
1.81402e-05
1.81402e-05
1.81402e-05
1.81402e-05
1.81402e-05
1.81402e-05
1.81402e-05
1.81402e-05
1.81402e-05
1.81402e-05
1.81402e-05
1.81402e-05
1.81402e-05
1.81402e-05
1.81402e-05
1.81402e-05
1.81402e-05
1.81402e-05
1.81402e-05
1.81402e-05
1.81402e-05
1.81402e-05
1.81402e-05
1.81402e-05
1.81402e-05
1.81402e-05
1.81402e-05
1.81404e-05
1.81413e-05
1.81431e-05
1.81408e-05
1.81408e-05
1.81706e-05
1.97979e-05
3.47337e-05
2.55703e-05
1.86486e-05
1.81641e-05
1.81412e-05
1.81403e-05
1.81402e-05
1.81402e-05
1.81402e-05
1.81402e-05
1.81402e-05
1.81402e-05
1.81402e-05
1.81402e-05
1.81402e-05
1.81402e-05
1.81402e-05
1.81402e-05
1.81402e-05
1.81402e-05
1.81402e-05
1.81402e-05
1.81402e-05
1.81402e-05
1.81402e-05
1.81402e-05
1.81402e-05
1.81402e-05
1.81402e-05
1.81402e-05
1.81402e-05
1.81402e-05
1.81402e-05
1.81402e-05
1.81402e-05
1.81402e-05
1.81402e-05
1.81402e-05
1.81402e-05
1.81402e-05
1.81402e-05
1.81402e-05
1.81402e-05
1.81402e-05
1.81402e-05
1.81402e-05
1.81402e-05
1.81402e-05
1.81402e-05
1.81402e-05
1.81402e-05
1.81402e-05
1.81402e-05
1.81402e-05
1.81402e-05
1.81402e-05
1.81402e-05
1.81402e-05
1.81402e-05
1.81402e-05
1.81402e-05
1.81402e-05
1.81402e-05
1.81402e-05
1.81402e-05
1.81402e-05
1.81402e-05
1.81402e-05
1.81402e-05
1.81402e-05
1.81402e-05
1.81402e-05
1.81402e-05
1.81402e-05
1.81402e-05
1.81402e-05
1.81402e-05
1.81402e-05
1.81402e-05
1.81402e-05
1.81402e-05
1.81402e-05
1.81402e-05
1.81402e-05
1.81402e-05
1.81402e-05
1.81402e-05
1.81402e-05
1.81402e-05
1.81402e-05
1.81402e-05
1.81402e-05
1.81402e-05
1.81402e-05
1.81402e-05
1.81402e-05
1.81402e-05
1.81402e-05
1.81429e-05
1.82958e-05
3.20545e-05
2.20492e-05
1.83562e-05
1.81488e-05
1.81405e-05
1.81402e-05
1.81402e-05
1.81402e-05
1.81402e-05
1.81402e-05
1.81402e-05
1.81402e-05
1.81402e-05
1.81402e-05
1.81402e-05
1.81402e-05
1.81402e-05
1.81402e-05
1.81402e-05
1.81402e-05
1.81402e-05
1.81402e-05
1.81402e-05
1.81402e-05
1.81402e-05
1.81402e-05
1.81402e-05
1.81402e-05
1.81402e-05
1.81402e-05
1.81402e-05
1.81402e-05
1.81402e-05
1.81402e-05
1.81402e-05
1.81402e-05
1.81402e-05
1.81402e-05
1.81402e-05
1.81402e-05
1.81402e-05
1.81402e-05
1.81402e-05
1.81402e-05
1.81402e-05
1.81402e-05
1.81402e-05
1.81402e-05
1.81402e-05
1.81402e-05
1.81402e-05
1.81402e-05
1.81402e-05
1.81402e-05
1.81402e-05
1.81402e-05
1.81402e-05
1.81402e-05
1.81402e-05
1.81402e-05
1.81402e-05
1.81402e-05
1.81402e-05
1.81402e-05
1.81402e-05
1.81402e-05
1.81402e-05
1.81402e-05
1.81402e-05
1.81402e-05
1.81402e-05
1.81402e-05
1.81402e-05
1.81402e-05
1.81402e-05
1.81402e-05
1.81402e-05
1.81402e-05
1.81402e-05
1.81402e-05
1.81402e-05
1.81402e-05
1.81402e-05
1.81402e-05
1.81402e-05
1.81402e-05
1.81402e-05
1.81402e-05
1.81402e-05
1.81402e-05
1.81402e-05
1.81402e-05
1.81402e-05
1.81402e-05
1.81402e-05
1.81402e-05
1.81402e-05
1.81402e-05
1.81403e-05
1.81452e-05
2.02533e-05
1.85299e-05
1.81772e-05
1.81416e-05
1.81402e-05
1.81402e-05
1.81402e-05
1.81402e-05
1.81402e-05
1.81402e-05
1.81402e-05
1.81402e-05
1.81402e-05
1.81402e-05
1.81402e-05
1.81402e-05
1.81402e-05
1.81402e-05
1.81402e-05
1.81402e-05
1.81402e-05
1.81402e-05
1.81402e-05
1.81402e-05
1.81402e-05
1.81402e-05
1.81402e-05
1.81402e-05
1.81402e-05
1.81402e-05
1.81402e-05
1.81402e-05
1.81402e-05
1.81402e-05
1.81402e-05
1.81402e-05
1.81402e-05
1.81402e-05
1.81402e-05
1.81402e-05
1.81402e-05
1.81402e-05
1.81402e-05
1.81402e-05
1.81402e-05
1.81402e-05
1.81402e-05
1.81402e-05
1.81402e-05
1.81402e-05
1.81402e-05
1.81402e-05
1.81402e-05
1.81402e-05
1.81402e-05
1.81402e-05
1.81402e-05
1.81402e-05
1.81402e-05
1.81402e-05
1.81402e-05
1.81402e-05
1.81402e-05
1.81402e-05
1.81402e-05
1.81402e-05
1.81402e-05
1.81402e-05
1.81402e-05
1.81402e-05
1.81402e-05
1.81402e-05
1.81402e-05
1.81402e-05
1.81402e-05
1.81402e-05
1.81402e-05
1.81402e-05
1.81402e-05
1.81402e-05
1.81402e-05
1.81402e-05
1.81402e-05
1.81402e-05
1.81402e-05
1.81402e-05
1.81402e-05
1.81402e-05
1.81402e-05
1.81402e-05
1.81402e-05
1.81402e-05
1.81402e-05
1.81402e-05
1.81402e-05
1.81402e-05
1.81402e-05
1.81402e-05
1.81402e-05
1.81403e-05
1.81742e-05
1.81459e-05
1.81411e-05
1.81403e-05
1.81402e-05
1.81402e-05
1.81402e-05
1.81402e-05
1.81402e-05
1.81402e-05
1.81402e-05
1.81402e-05
1.81402e-05
1.81402e-05
1.81402e-05
1.81402e-05
1.81402e-05
1.81402e-05
1.81402e-05
1.81402e-05
1.81402e-05
1.81402e-05
1.81402e-05
1.81402e-05
1.81402e-05
1.81402e-05
1.81402e-05
1.81402e-05
1.81402e-05
1.81402e-05
1.81402e-05
1.81402e-05
1.81402e-05
1.81402e-05
1.81402e-05
1.81402e-05
1.81402e-05
1.81402e-05
1.81402e-05
1.81402e-05
1.81402e-05
1.81402e-05
1.81402e-05
1.81402e-05
1.81402e-05
1.81402e-05
1.81402e-05
1.81402e-05
1.81402e-05
1.81402e-05
1.81402e-05
1.81402e-05
1.81402e-05
1.81402e-05
1.81402e-05
1.81402e-05
1.81402e-05
1.81402e-05
1.81402e-05
1.81402e-05
1.81402e-05
1.81402e-05
1.81402e-05
1.81402e-05
1.81402e-05
1.81402e-05
1.81402e-05
1.81402e-05
1.81402e-05
1.81402e-05
1.81402e-05
1.81402e-05
1.81402e-05
1.81402e-05
1.81402e-05
1.81402e-05
1.81402e-05
1.81402e-05
1.81402e-05
1.81402e-05
1.81402e-05
1.81402e-05
1.81402e-05
1.81402e-05
1.81402e-05
1.81402e-05
1.81402e-05
1.81402e-05
1.81402e-05
1.81402e-05
1.81402e-05
1.81402e-05
1.81402e-05
1.81402e-05
1.81402e-05
1.81402e-05
1.81402e-05
1.81402e-05
1.81402e-05
1.81402e-05
1.81404e-05
1.81402e-05
1.81402e-05
1.81402e-05
1.81402e-05
1.81402e-05
1.81402e-05
1.81402e-05
1.81402e-05
1.81402e-05
1.81402e-05
1.81402e-05
1.81402e-05
1.81402e-05
1.81402e-05
1.81402e-05
1.81402e-05
1.81402e-05
1.81402e-05
1.81402e-05
1.81402e-05
1.81402e-05
1.81402e-05
1.81402e-05
1.81402e-05
1.81402e-05
1.81402e-05
1.81402e-05
1.81402e-05
1.81402e-05
1.81402e-05
1.81402e-05
1.81402e-05
1.81402e-05
)
;

boundaryField
{
    AXIS
    {
        type            empty;
    }
    OUTLET
    {
        type            calculated;
        value           nonuniform List<scalar> 
50
(
1.81402e-05
1.81402e-05
1.81402e-05
1.81402e-05
1.81402e-05
1.81402e-05
1.81402e-05
1.81402e-05
1.81402e-05
1.81402e-05
1.81402e-05
1.81402e-05
1.81402e-05
1.81402e-05
1.81402e-05
1.81402e-05
1.81402e-05
1.81402e-05
1.81402e-05
1.81402e-05
1.81402e-05
1.81402e-05
1.81402e-05
1.81402e-05
1.81402e-05
1.81402e-05
1.81402e-05
1.81402e-05
1.81402e-05
1.81402e-05
1.81402e-05
1.81402e-05
1.81402e-05
1.81402e-05
1.81402e-05
1.81402e-05
1.81402e-05
1.81402e-05
1.81402e-05
1.81402e-05
1.81402e-05
1.81402e-05
1.81402e-05
1.81402e-05
1.81402e-05
1.81402e-05
1.81402e-05
1.81402e-05
1.81402e-05
1.81402e-05
)
;
    }
    COFLOW
    {
        type            calculated;
        value           nonuniform List<scalar> 
30
(
1.81402e-05
1.81402e-05
1.81402e-05
1.81402e-05
1.81402e-05
1.81402e-05
1.81402e-05
1.81402e-05
1.81402e-05
1.81402e-05
1.81402e-05
1.81402e-05
1.81402e-05
1.81402e-05
1.81402e-05
1.81402e-05
1.81402e-05
1.81402e-05
1.81402e-05
1.81402e-05
1.81402e-05
1.81402e-05
1.81402e-05
1.81402e-05
1.81402e-05
1.81402e-05
1.81402e-05
1.81402e-05
1.81402e-05
1.81402e-05
)
;
    }
    PILOT
    {
        type            calculated;
        value           nonuniform List<scalar> 10(6.33005e-05 7.00833e-05 7.08999e-05 7.09185e-05 7.09187e-05 7.09187e-05 7.09187e-05 7.09182e-05 7.08967e-05 6.9778e-05);
    }
    FUEL
    {
        type            calculated;
        value           nonuniform List<scalar> 10(1.81402e-05 1.81402e-05 1.81402e-05 1.81402e-05 1.81402e-05 1.81402e-05 1.81402e-05 1.81402e-05 1.81402e-05 1.81402e-05);
    }
    WALL
    {
        type            calculated;
        value           nonuniform List<scalar> 
100
(
1.81402e-05
1.81402e-05
1.81402e-05
1.81402e-05
1.81402e-05
1.81402e-05
1.81402e-05
1.81402e-05
1.81402e-05
1.81402e-05
1.81402e-05
1.81402e-05
1.81402e-05
1.81402e-05
1.81402e-05
1.81402e-05
1.81402e-05
1.81402e-05
1.81402e-05
1.81402e-05
1.81402e-05
1.81402e-05
1.81402e-05
1.81402e-05
1.81402e-05
1.81402e-05
1.81402e-05
1.81402e-05
1.81402e-05
1.81402e-05
1.81402e-05
1.81402e-05
1.81402e-05
1.81402e-05
1.81402e-05
1.81402e-05
1.81402e-05
1.81402e-05
1.81402e-05
1.81402e-05
1.81402e-05
1.81402e-05
1.81402e-05
1.81402e-05
1.81402e-05
1.81402e-05
1.81402e-05
1.81402e-05
1.81402e-05
1.81402e-05
1.81402e-05
1.81402e-05
1.81402e-05
1.81402e-05
1.81402e-05
1.81402e-05
1.81402e-05
1.81402e-05
1.81402e-05
1.81402e-05
1.81402e-05
1.81402e-05
1.81402e-05
1.81402e-05
1.81402e-05
1.81402e-05
1.81404e-05
1.81402e-05
1.81402e-05
1.81402e-05
1.81402e-05
1.81402e-05
1.81402e-05
1.81402e-05
1.81402e-05
1.81402e-05
1.81402e-05
1.81402e-05
1.81402e-05
1.81402e-05
1.81402e-05
1.81402e-05
1.81402e-05
1.81402e-05
1.81402e-05
1.81402e-05
1.81402e-05
1.81402e-05
1.81402e-05
1.81402e-05
1.81402e-05
1.81402e-05
1.81402e-05
1.81402e-05
1.81402e-05
1.81402e-05
1.81402e-05
1.81402e-05
1.81402e-05
1.81402e-05
)
;
    }
    front
    {
        type            wedge;
    }
    back
    {
        type            wedge;
    }
}


// ************************************************************************* //
