/*--------------------------------*- C++ -*----------------------------------*\
| =========                 |                                                 |
| \\      /  F ield         | OpenFOAM: The Open Source CFD Toolbox           |
|  \\    /   O peration     | Version:  2.3.0                                 |
|   \\  /    A nd           | Web:      www.OpenFOAM.org                      |
|    \\/     M anipulation  |                                                 |
\*---------------------------------------------------------------------------*/
FoamFile
{
    version     2.0;
    format      ascii;
    class       volScalarField;
    location    "0.01";
    object      thermo:psi;
}
// * * * * * * * * * * * * * * * * * * * * * * * * * * * * * * * * * * * * * //

dimensions      [0 -2 2 0 0 0 0];

internalField   nonuniform List<scalar> 
5000
(
1.04958e-05
1.04958e-05
1.04958e-05
1.04958e-05
1.04958e-05
1.04958e-05
1.04958e-05
1.04958e-05
1.04958e-05
1.04958e-05
1.04958e-05
1.04958e-05
1.04958e-05
1.04958e-05
1.04958e-05
1.04958e-05
1.04958e-05
1.04958e-05
1.04958e-05
1.04958e-05
1.04958e-05
1.04958e-05
1.04958e-05
1.04958e-05
1.04958e-05
1.04958e-05
1.04958e-05
1.04958e-05
1.04958e-05
1.04958e-05
1.04958e-05
1.04958e-05
1.04958e-05
1.04958e-05
1.04958e-05
1.04958e-05
1.04958e-05
1.04958e-05
1.04958e-05
1.04958e-05
1.04958e-05
1.04958e-05
1.04957e-05
1.04957e-05
1.04956e-05
1.04956e-05
1.04956e-05
1.04957e-05
1.04957e-05
1.04957e-05
1.04957e-05
1.04957e-05
1.04957e-05
1.04956e-05
1.04956e-05
1.04957e-05
1.04957e-05
1.04957e-05
1.04957e-05
1.04957e-05
1.04957e-05
1.04956e-05
1.04956e-05
1.04955e-05
1.04955e-05
1.04955e-05
1.04955e-05
1.04955e-05
1.04954e-05
1.04952e-05
1.04948e-05
1.04942e-05
1.0493e-05
1.04906e-05
1.04822e-05
1.04552e-05
1.04003e-05
1.03125e-05
1.01912e-05
1.00425e-05
9.87806e-06
9.69611e-06
9.51094e-06
9.3611e-06
9.28613e-06
9.19447e-06
8.88096e-06
7.84035e-06
5.49036e-06
2.80303e-06
1.62382e-06
9.63952e-06
1.17341e-05
1.18008e-05
1.18025e-05
1.18025e-05
1.18025e-05
1.18025e-05
1.18025e-05
1.18025e-05
1.04958e-05
1.04958e-05
1.04958e-05
1.04958e-05
1.04958e-05
1.04958e-05
1.04958e-05
1.04958e-05
1.04958e-05
1.04958e-05
1.04958e-05
1.04958e-05
1.04958e-05
1.04958e-05
1.04958e-05
1.04958e-05
1.04958e-05
1.04958e-05
1.04958e-05
1.04958e-05
1.04958e-05
1.04958e-05
1.04958e-05
1.04958e-05
1.04958e-05
1.04958e-05
1.04958e-05
1.04958e-05
1.04958e-05
1.04958e-05
1.04958e-05
1.04958e-05
1.04958e-05
1.04958e-05
1.04958e-05
1.04958e-05
1.04958e-05
1.04958e-05
1.04958e-05
1.04957e-05
1.04955e-05
1.0495e-05
1.0494e-05
1.04924e-05
1.04904e-05
1.04894e-05
1.049e-05
1.04912e-05
1.04922e-05
1.0493e-05
1.04933e-05
1.04928e-05
1.04914e-05
1.04897e-05
1.04894e-05
1.04908e-05
1.04924e-05
1.04935e-05
1.04939e-05
1.04937e-05
1.04926e-05
1.04904e-05
1.04875e-05
1.04852e-05
1.04854e-05
1.04872e-05
1.04889e-05
1.04894e-05
1.04887e-05
1.04869e-05
1.04848e-05
1.04824e-05
1.04782e-05
1.04699e-05
1.04543e-05
1.0401e-05
1.02612e-05
1.003e-05
9.72522e-06
9.37722e-06
9.02327e-06
8.67243e-06
8.36091e-06
8.00861e-06
7.593e-06
7.46813e-06
7.46532e-06
6.91205e-06
5.06604e-06
2.75965e-06
1.57957e-06
8.39949e-06
1.16873e-05
1.17998e-05
1.18024e-05
1.18025e-05
1.18025e-05
1.18025e-05
1.18025e-05
1.18025e-05
1.04958e-05
1.04958e-05
1.04958e-05
1.04958e-05
1.04958e-05
1.04958e-05
1.04958e-05
1.04958e-05
1.04958e-05
1.04958e-05
1.04958e-05
1.04958e-05
1.04958e-05
1.04958e-05
1.04958e-05
1.04958e-05
1.04958e-05
1.04958e-05
1.04958e-05
1.04958e-05
1.04958e-05
1.04958e-05
1.04958e-05
1.04958e-05
1.04958e-05
1.04958e-05
1.04958e-05
1.04958e-05
1.04958e-05
1.04958e-05
1.04958e-05
1.04958e-05
1.04958e-05
1.04958e-05
1.04958e-05
1.04958e-05
1.04958e-05
1.04957e-05
1.04955e-05
1.04949e-05
1.04927e-05
1.04853e-05
1.04625e-05
1.04097e-05
1.03347e-05
1.02841e-05
1.03098e-05
1.03563e-05
1.03948e-05
1.0422e-05
1.04377e-05
1.04338e-05
1.04081e-05
1.03632e-05
1.03423e-05
1.03751e-05
1.04139e-05
1.04407e-05
1.04552e-05
1.04538e-05
1.04344e-05
1.03845e-05
1.03128e-05
1.02509e-05
1.02581e-05
1.03075e-05
1.03563e-05
1.03835e-05
1.03902e-05
1.03771e-05
1.0354e-05
1.03431e-05
1.03524e-05
1.03678e-05
1.03706e-05
1.03101e-05
1.01107e-05
9.7564e-06
9.2923e-06
8.78243e-06
8.27677e-06
7.8036e-06
7.42157e-06
7.07855e-06
6.62707e-06
6.22588e-06
6.19108e-06
5.93076e-06
4.46273e-06
2.54949e-06
1.68362e-06
9.45723e-06
1.17251e-05
1.18006e-05
1.18024e-05
1.18025e-05
1.18025e-05
1.18025e-05
1.18025e-05
1.18025e-05
1.04958e-05
1.04958e-05
1.04958e-05
1.04958e-05
1.04958e-05
1.04958e-05
1.04958e-05
1.04958e-05
1.04958e-05
1.04958e-05
1.04958e-05
1.04958e-05
1.04958e-05
1.04958e-05
1.04958e-05
1.04958e-05
1.04958e-05
1.04958e-05
1.04958e-05
1.04958e-05
1.04958e-05
1.04958e-05
1.04958e-05
1.04958e-05
1.04958e-05
1.04958e-05
1.04958e-05
1.04958e-05
1.04958e-05
1.04958e-05
1.04958e-05
1.04958e-05
1.04958e-05
1.04957e-05
1.04957e-05
1.04956e-05
1.04955e-05
1.04952e-05
1.04945e-05
1.04926e-05
1.04846e-05
1.04578e-05
1.03711e-05
1.01258e-05
9.6159e-06
9.00899e-06
8.87364e-06
8.99746e-06
9.34621e-06
9.81889e-06
1.01139e-05
1.01449e-05
1.00484e-05
9.67758e-06
9.21121e-06
9.22021e-06
9.4855e-06
9.83859e-06
1.01301e-05
1.02744e-05
1.02321e-05
9.95671e-06
9.31262e-06
8.47393e-06
8.1829e-06
8.40137e-06
8.95975e-06
9.44951e-06
9.76798e-06
9.87533e-06
9.80489e-06
9.66941e-06
9.69924e-06
9.90673e-06
1.01417e-05
1.0124e-05
9.94326e-06
9.53871e-06
8.9824e-06
8.36666e-06
7.77906e-06
7.24809e-06
6.83386e-06
6.49777e-06
6.09101e-06
5.6446e-06
5.48181e-06
5.18434e-06
3.93228e-06
2.37291e-06
1.97411e-06
1.01675e-05
1.17493e-05
1.18012e-05
1.18025e-05
1.18025e-05
1.18025e-05
1.18025e-05
1.18025e-05
1.18025e-05
1.04958e-05
1.04958e-05
1.04958e-05
1.04958e-05
1.04958e-05
1.04958e-05
1.04958e-05
1.04958e-05
1.04958e-05
1.04958e-05
1.04958e-05
1.04958e-05
1.04958e-05
1.04958e-05
1.04958e-05
1.04958e-05
1.04958e-05
1.04958e-05
1.04958e-05
1.04958e-05
1.04958e-05
1.04958e-05
1.04958e-05
1.04958e-05
1.04958e-05
1.04958e-05
1.04958e-05
1.04957e-05
1.04955e-05
1.04952e-05
1.04951e-05
1.04952e-05
1.04951e-05
1.04948e-05
1.04946e-05
1.04943e-05
1.04939e-05
1.0493e-05
1.0491e-05
1.0486e-05
1.04643e-05
1.0394e-05
1.01913e-05
9.76315e-06
9.09611e-06
8.27356e-06
7.60817e-06
7.52632e-06
7.68083e-06
8.23575e-06
9.09302e-06
9.42112e-06
9.32978e-06
8.8672e-06
7.93755e-06
7.36202e-06
7.47132e-06
8.02471e-06
9.12479e-06
9.81475e-06
9.76673e-06
9.28907e-06
8.28611e-06
7.04468e-06
6.02112e-06
5.65593e-06
5.76265e-06
6.33261e-06
7.56864e-06
8.55299e-06
8.87689e-06
8.86326e-06
8.88759e-06
9.10881e-06
9.61099e-06
9.79425e-06
9.69371e-06
9.33245e-06
8.7356e-06
8.04683e-06
7.39652e-06
6.82156e-06
6.37906e-06
6.04153e-06
5.66813e-06
5.24511e-06
5.02385e-06
4.6331e-06
3.5152e-06
2.26105e-06
2.62174e-06
1.06775e-05
1.17678e-05
1.18017e-05
1.18025e-05
1.18025e-05
1.18025e-05
1.18025e-05
1.18025e-05
1.18025e-05
1.04958e-05
1.04958e-05
1.04958e-05
1.04958e-05
1.04958e-05
1.04958e-05
1.04958e-05
1.04958e-05
1.04958e-05
1.04958e-05
1.04958e-05
1.04958e-05
1.04958e-05
1.04958e-05
1.04958e-05
1.04958e-05
1.04958e-05
1.04958e-05
1.04957e-05
1.04955e-05
1.0495e-05
1.04949e-05
1.04952e-05
1.04955e-05
1.04956e-05
1.04955e-05
1.04947e-05
1.04926e-05
1.04876e-05
1.04808e-05
1.04779e-05
1.04814e-05
1.04836e-05
1.04822e-05
1.04803e-05
1.04798e-05
1.04794e-05
1.04786e-05
1.04758e-05
1.04681e-05
1.04352e-05
1.03233e-05
1.00366e-05
9.52445e-06
8.83702e-06
8.04349e-06
7.2397e-06
6.67964e-06
6.61696e-06
6.76764e-06
7.28249e-06
7.91969e-06
7.95616e-06
7.63578e-06
6.78018e-06
5.84387e-06
5.78302e-06
6.08488e-06
7.23359e-06
8.86795e-06
9.12871e-06
8.75586e-06
7.77997e-06
6.56208e-06
5.46353e-06
4.60738e-06
4.06792e-06
3.98973e-06
4.1592e-06
4.91929e-06
6.46316e-06
7.51091e-06
7.894e-06
8.25185e-06
8.86824e-06
9.35392e-06
9.34008e-06
9.08186e-06
8.51039e-06
7.7791e-06
7.07109e-06
6.44025e-06
5.96207e-06
5.61741e-06
5.26393e-06
4.86776e-06
4.63332e-06
4.19843e-06
3.19298e-06
2.09215e-06
3.58045e-06
1.10725e-05
1.17815e-05
1.1802e-05
1.18025e-05
1.18025e-05
1.18025e-05
1.18025e-05
1.18025e-05
1.18025e-05
1.04958e-05
1.04958e-05
1.04958e-05
1.04958e-05
1.04958e-05
1.04957e-05
1.04956e-05
1.04956e-05
1.04957e-05
1.04958e-05
1.04958e-05
1.04958e-05
1.04957e-05
1.04953e-05
1.04948e-05
1.04948e-05
1.04951e-05
1.04949e-05
1.04932e-05
1.04871e-05
1.04756e-05
1.04685e-05
1.04772e-05
1.04844e-05
1.04885e-05
1.04876e-05
1.04758e-05
1.04419e-05
1.0368e-05
1.02474e-05
1.0175e-05
1.02384e-05
1.03073e-05
1.03294e-05
1.03363e-05
1.03519e-05
1.03609e-05
1.03735e-05
1.03905e-05
1.04063e-05
1.03775e-05
1.02379e-05
9.89633e-06
9.32409e-06
8.57638e-06
7.75874e-06
6.99768e-06
6.32697e-06
5.8226e-06
5.67996e-06
5.70617e-06
5.84306e-06
5.86595e-06
5.66821e-06
5.0891e-06
4.33216e-06
4.17378e-06
4.35539e-06
5.2095e-06
7.27789e-06
8.38267e-06
8.16273e-06
7.33735e-06
6.18241e-06
5.09952e-06
4.21481e-06
3.53697e-06
3.13386e-06
3.11314e-06
3.28082e-06
3.81147e-06
4.80996e-06
6.05652e-06
7.00395e-06
7.91842e-06
8.79642e-06
8.93352e-06
8.76156e-06
8.25205e-06
7.51024e-06
6.75791e-06
6.07363e-06
5.56663e-06
5.22099e-06
4.8829e-06
4.50825e-06
4.27968e-06
3.86317e-06
2.90935e-06
1.86541e-06
4.88419e-06
1.13537e-05
1.17901e-05
1.18022e-05
1.18025e-05
1.18025e-05
1.18025e-05
1.18025e-05
1.18025e-05
1.18025e-05
1.04958e-05
1.04958e-05
1.04957e-05
1.04954e-05
1.04941e-05
1.04907e-05
1.04853e-05
1.04832e-05
1.04878e-05
1.04917e-05
1.04931e-05
1.04926e-05
1.04886e-05
1.04752e-05
1.04534e-05
1.04501e-05
1.04633e-05
1.04658e-05
1.04438e-05
1.03612e-05
1.01961e-05
1.00135e-05
1.01042e-05
1.02403e-05
1.03374e-05
1.03816e-05
1.03463e-05
1.02108e-05
9.78793e-06
8.65424e-06
7.43416e-06
7.58949e-06
8.1817e-06
8.57957e-06
8.8971e-06
9.3633e-06
9.64803e-06
9.83255e-06
1.00055e-05
1.02106e-05
1.02254e-05
1.00876e-05
9.68597e-06
8.99745e-06
8.07782e-06
7.1123e-06
6.32241e-06
5.75627e-06
5.31554e-06
4.95147e-06
4.65974e-06
4.46926e-06
4.33235e-06
4.1233e-06
3.76084e-06
3.29243e-06
3.0498e-06
3.11892e-06
3.58115e-06
5.2604e-06
7.4124e-06
7.43818e-06
6.83326e-06
5.75754e-06
4.69468e-06
3.83725e-06
3.18869e-06
2.76244e-06
2.68605e-06
2.75376e-06
2.98885e-06
3.3483e-06
3.80801e-06
4.68044e-06
6.21481e-06
7.97968e-06
8.52305e-06
8.40011e-06
7.94742e-06
7.21934e-06
6.43943e-06
5.71552e-06
5.19047e-06
4.84638e-06
4.51898e-06
4.16867e-06
3.96079e-06
3.5612e-06
2.66474e-06
1.69286e-06
6.2749e-06
1.15188e-05
1.17947e-05
1.18023e-05
1.18025e-05
1.18025e-05
1.18025e-05
1.18025e-05
1.18025e-05
1.18025e-05
1.04879e-05
1.04839e-05
1.04864e-05
1.0481e-05
1.04522e-05
1.03677e-05
1.02139e-05
1.00823e-05
1.01641e-05
1.03026e-05
1.0365e-05
1.03591e-05
1.02493e-05
9.96298e-06
9.45826e-06
9.16666e-06
9.45639e-06
9.6901e-06
9.69832e-06
9.35768e-06
8.6384e-06
6.9053e-06
6.51534e-06
7.41422e-06
8.38988e-06
9.10917e-06
9.66995e-06
9.4891e-06
8.49656e-06
6.56646e-06
4.56457e-06
3.62174e-06
3.76e-06
3.93387e-06
4.08714e-06
4.68942e-06
6.08926e-06
7.52849e-06
8.66546e-06
9.71239e-06
9.9443e-06
9.80858e-06
9.34976e-06
8.52271e-06
7.42595e-06
6.33388e-06
5.48055e-06
4.94383e-06
4.58207e-06
4.27835e-06
3.98926e-06
3.73683e-06
3.53042e-06
3.3055e-06
3.01871e-06
2.70799e-06
2.48986e-06
2.49345e-06
2.70082e-06
3.71855e-06
6.07741e-06
6.64529e-06
6.24581e-06
5.29633e-06
4.26499e-06
3.44597e-06
2.8512e-06
2.46072e-06
2.40612e-06
2.52688e-06
2.6499e-06
2.62515e-06
2.65737e-06
3.00189e-06
3.99075e-06
6.33636e-06
7.9904e-06
7.97757e-06
7.60685e-06
6.91292e-06
6.12215e-06
5.37322e-06
4.83612e-06
4.49369e-06
4.17943e-06
3.85307e-06
3.6665e-06
3.2904e-06
2.45881e-06
1.60142e-06
7.56421e-06
1.16166e-05
1.17974e-05
1.18024e-05
1.18025e-05
1.18025e-05
1.18025e-05
1.18025e-05
1.18025e-05
1.18025e-05
1.0071e-05
9.58026e-06
9.72332e-06
9.84854e-06
9.65316e-06
9.00778e-06
7.62576e-06
5.96831e-06
5.6457e-06
6.75415e-06
7.65313e-06
8.45902e-06
8.37931e-06
7.35119e-06
5.25482e-06
3.9754e-06
4.03266e-06
4.59837e-06
5.63425e-06
6.35454e-06
5.78684e-06
4.16074e-06
3.11295e-06
3.21848e-06
4.01816e-06
5.72597e-06
8.24615e-06
8.23296e-06
7.22831e-06
5.38893e-06
3.6512e-06
2.70483e-06
2.52441e-06
2.33337e-06
2.27221e-06
2.36927e-06
2.69757e-06
3.71476e-06
5.89173e-06
8.68047e-06
9.47351e-06
9.34546e-06
8.83989e-06
7.88482e-06
6.66979e-06
5.50743e-06
4.64769e-06
4.15656e-06
3.87589e-06
3.65413e-06
3.42965e-06
3.21949e-06
3.0233e-06
2.79148e-06
2.56793e-06
2.42379e-06
2.3213e-06
2.32175e-06
2.41462e-06
2.89993e-06
4.65687e-06
5.7924e-06
5.55754e-06
4.77878e-06
3.84312e-06
3.09104e-06
2.55523e-06
2.23398e-06
2.13553e-06
2.08117e-06
2.04103e-06
1.90742e-06
1.81775e-06
1.91216e-06
2.54084e-06
4.21225e-06
7.07693e-06
7.46676e-06
7.21387e-06
6.58822e-06
5.80093e-06
5.03458e-06
4.48635e-06
4.15687e-06
3.86155e-06
3.54822e-06
3.39043e-06
3.05354e-06
2.30069e-06
1.61264e-06
8.62822e-06
1.1675e-05
1.1799e-05
1.18024e-05
1.18025e-05
1.18025e-05
1.18025e-05
1.18025e-05
1.18025e-05
1.18025e-05
1.81635e-06
1.80151e-06
2.42324e-06
3.92909e-06
4.24267e-06
3.83006e-06
2.8274e-06
1.9702e-06
1.88207e-06
2.16157e-06
3.36197e-06
5.62339e-06
5.64348e-06
4.53251e-06
3.15719e-06
2.09532e-06
1.97868e-06
2.10778e-06
2.84706e-06
3.80438e-06
3.69958e-06
2.98878e-06
2.09327e-06
1.99066e-06
2.22682e-06
3.3261e-06
5.6512e-06
6.63032e-06
6.01199e-06
4.53491e-06
3.10306e-06
2.40031e-06
2.01099e-06
1.81426e-06
1.77648e-06
1.81175e-06
1.88702e-06
2.22165e-06
3.29834e-06
6.25777e-06
8.64391e-06
8.62898e-06
8.14194e-06
7.13146e-06
5.85442e-06
4.66133e-06
3.83587e-06
3.44154e-06
3.25526e-06
3.12586e-06
2.9934e-06
2.8466e-06
2.66159e-06
2.42334e-06
2.37321e-06
2.42881e-06
2.48032e-06
2.43325e-06
2.45307e-06
2.67028e-06
3.8199e-06
4.96158e-06
4.84655e-06
4.2263e-06
3.41269e-06
2.74094e-06
2.29918e-06
2.04059e-06
1.82813e-06
1.73529e-06
1.68212e-06
1.62007e-06
1.59787e-06
1.60727e-06
1.76069e-06
2.97148e-06
5.72486e-06
6.90044e-06
6.75706e-06
6.23392e-06
5.47804e-06
4.6989e-06
4.14396e-06
3.83318e-06
3.55142e-06
3.25569e-06
3.13648e-06
2.84555e-06
2.17538e-06
1.70113e-06
9.4638e-06
1.17131e-05
1.18e-05
1.18024e-05
1.18025e-05
1.18025e-05
1.18025e-05
1.18025e-05
1.18025e-05
1.18025e-05
1.56218e-06
1.59599e-06
1.63465e-06
2.00921e-06
2.21932e-06
2.05011e-06
1.68249e-06
1.6095e-06
1.59762e-06
1.83935e-06
2.91767e-06
3.74804e-06
3.69539e-06
3.11565e-06
2.08407e-06
1.65356e-06
1.6548e-06
1.90799e-06
2.3865e-06
2.99006e-06
2.69113e-06
1.96576e-06
1.74746e-06
1.77218e-06
1.81629e-06
2.11407e-06
3.51322e-06
5.06299e-06
4.76072e-06
3.69667e-06
2.70776e-06
2.03844e-06
1.70202e-06
1.62938e-06
1.64539e-06
1.75801e-06
2.04204e-06
2.10161e-06
2.35118e-06
4.0637e-06
7.19461e-06
7.60939e-06
7.23082e-06
6.26226e-06
4.98524e-06
3.8383e-06
3.12375e-06
2.85607e-06
2.80291e-06
2.77348e-06
2.71676e-06
2.5818e-06
2.34639e-06
2.30195e-06
2.49609e-06
2.89787e-06
2.94135e-06
2.79929e-06
2.64508e-06
2.76789e-06
3.5026e-06
4.27981e-06
4.19014e-06
3.6754e-06
2.97475e-06
2.41919e-06
2.1034e-06
1.85015e-06
1.66825e-06
1.59952e-06
1.58766e-06
1.58404e-06
1.56169e-06
1.54621e-06
1.58736e-06
2.12719e-06
4.28653e-06
6.26438e-06
6.2509e-06
5.8445e-06
5.14275e-06
4.35941e-06
3.81007e-06
3.51355e-06
3.25072e-06
2.97882e-06
2.90167e-06
2.65405e-06
2.08759e-06
1.94936e-06
1.00846e-05
1.17395e-05
1.18008e-05
1.18024e-05
1.18025e-05
1.18025e-05
1.18025e-05
1.18025e-05
1.18025e-05
1.18025e-05
1.56318e-06
1.55454e-06
1.59014e-06
1.63295e-06
1.6299e-06
1.63088e-06
1.57869e-06
1.54692e-06
1.56413e-06
1.64794e-06
2.18638e-06
2.64053e-06
2.57574e-06
2.03974e-06
1.62469e-06
1.57428e-06
1.58334e-06
1.77214e-06
2.13236e-06
2.09351e-06
1.7958e-06
1.63904e-06
1.70932e-06
2.24598e-06
2.48994e-06
2.4876e-06
3.19508e-06
4.08634e-06
3.79696e-06
3.02061e-06
2.29155e-06
1.71883e-06
1.58379e-06
1.56047e-06
1.61523e-06
1.93284e-06
2.46885e-06
2.5634e-06
2.5975e-06
3.26999e-06
5.5613e-06
6.43781e-06
6.16103e-06
5.30383e-06
4.12103e-06
3.13916e-06
2.62348e-06
2.54381e-06
2.55279e-06
2.55397e-06
2.50058e-06
2.31198e-06
2.18742e-06
2.29691e-06
2.95906e-06
3.36903e-06
3.32567e-06
3.09773e-06
2.85831e-06
2.92189e-06
3.41706e-06
3.78183e-06
3.65248e-06
3.16839e-06
2.58461e-06
2.18888e-06
1.9227e-06
1.70236e-06
1.58962e-06
1.59279e-06
1.6041e-06
1.59728e-06
1.57807e-06
1.53103e-06
1.55547e-06
1.8343e-06
3.4823e-06
5.65428e-06
5.74324e-06
5.43173e-06
4.79031e-06
4.01933e-06
3.47426e-06
3.20164e-06
2.96472e-06
2.7159e-06
2.68475e-06
2.47357e-06
2.01842e-06
2.40999e-06
1.0539e-05
1.1759e-05
1.18014e-05
1.18025e-05
1.18025e-05
1.18025e-05
1.18025e-05
1.18025e-05
1.18025e-05
1.18025e-05
1.56756e-06
1.56487e-06
1.55865e-06
1.55472e-06
1.55458e-06
1.55432e-06
1.55431e-06
1.55184e-06
1.55051e-06
1.59051e-06
1.64395e-06
1.78168e-06
1.73645e-06
1.6215e-06
1.59498e-06
1.55672e-06
1.5722e-06
1.60903e-06
1.62972e-06
1.62343e-06
1.59874e-06
1.57138e-06
1.7382e-06
2.43399e-06
3.05279e-06
3.21114e-06
3.46292e-06
3.50534e-06
3.0912e-06
2.53447e-06
1.84889e-06
1.60494e-06
1.55422e-06
1.54048e-06
1.62639e-06
2.10427e-06
2.58746e-06
2.76103e-06
2.7945e-06
3.10401e-06
4.46146e-06
5.31014e-06
5.09967e-06
4.33721e-06
3.32937e-06
2.60813e-06
2.32856e-06
2.32456e-06
2.36415e-06
2.36781e-06
2.28955e-06
2.10604e-06
2.07225e-06
2.37733e-06
3.2691e-06
3.55596e-06
3.50133e-06
3.25776e-06
3.03943e-06
3.09062e-06
3.36554e-06
3.41379e-06
3.20875e-06
2.73804e-06
2.29888e-06
2.0051e-06
1.75825e-06
1.60375e-06
1.61234e-06
1.67072e-06
1.68464e-06
1.67296e-06
1.6225e-06
1.5368e-06
1.56193e-06
1.80606e-06
3.12652e-06
5.16587e-06
5.28279e-06
5.02422e-06
4.42861e-06
3.67847e-06
3.14428e-06
2.90107e-06
2.69173e-06
2.48632e-06
2.49017e-06
2.30492e-06
1.95057e-06
3.18694e-06
1.09244e-05
1.17739e-05
1.18018e-05
1.18025e-05
1.18025e-05
1.18025e-05
1.18025e-05
1.18025e-05
1.18025e-05
1.18025e-05
1.56804e-06
1.5678e-06
1.56718e-06
1.56645e-06
1.56592e-06
1.56593e-06
1.56589e-06
1.56451e-06
1.5605e-06
1.56018e-06
1.59374e-06
1.61831e-06
1.61127e-06
1.58608e-06
1.57994e-06
1.59032e-06
1.59548e-06
1.6132e-06
1.62497e-06
1.61844e-06
1.57199e-06
1.55468e-06
1.70224e-06
2.53283e-06
2.98336e-06
3.14921e-06
3.17345e-06
3.00125e-06
2.60495e-06
1.98578e-06
1.62401e-06
1.62701e-06
1.58299e-06
1.54267e-06
1.63403e-06
2.16736e-06
2.77467e-06
2.9197e-06
2.93978e-06
3.14257e-06
3.98369e-06
4.44273e-06
4.19935e-06
3.48575e-06
2.73145e-06
2.28229e-06
2.16399e-06
2.19529e-06
2.2328e-06
2.22177e-06
2.07284e-06
1.96963e-06
2.03315e-06
2.44674e-06
3.31543e-06
3.60736e-06
3.5784e-06
3.43535e-06
3.26423e-06
3.26944e-06
3.28265e-06
3.15871e-06
2.8166e-06
2.39909e-06
2.0954e-06
1.81426e-06
1.63019e-06
1.61495e-06
1.74201e-06
1.8071e-06
1.79904e-06
1.76027e-06
1.66081e-06
1.54049e-06
1.59854e-06
1.91903e-06
3.13559e-06
4.81978e-06
4.89727e-06
4.6497e-06
4.07856e-06
3.33965e-06
2.8265e-06
2.61586e-06
2.43939e-06
2.29666e-06
2.32051e-06
2.16355e-06
1.8421e-06
4.28657e-06
1.12249e-05
1.17846e-05
1.1802e-05
1.18025e-05
1.18025e-05
1.18025e-05
1.18025e-05
1.18025e-05
1.18025e-05
1.18025e-05
1.56807e-06
1.56823e-06
1.56851e-06
1.56889e-06
1.56946e-06
1.57043e-06
1.57207e-06
1.57325e-06
1.57307e-06
1.57101e-06
1.5693e-06
1.57233e-06
1.58273e-06
1.59701e-06
1.62871e-06
1.6643e-06
1.6733e-06
1.6695e-06
1.66107e-06
1.6458e-06
1.61027e-06
1.57601e-06
1.6091e-06
2.0014e-06
2.71653e-06
2.91842e-06
2.86133e-06
2.4749e-06
1.97108e-06
1.63716e-06
1.7134e-06
1.71321e-06
1.66404e-06
1.57713e-06
1.61194e-06
2.21692e-06
2.86438e-06
3.05748e-06
3.07522e-06
3.25357e-06
3.76815e-06
3.82495e-06
3.47103e-06
2.84619e-06
2.34568e-06
1.97734e-06
1.94663e-06
1.99251e-06
1.99325e-06
1.91964e-06
1.81382e-06
1.79665e-06
1.86155e-06
2.24261e-06
2.91142e-06
3.43717e-06
3.58775e-06
3.54903e-06
3.43227e-06
3.3037e-06
3.13343e-06
2.83951e-06
2.47191e-06
2.17621e-06
1.88297e-06
1.66092e-06
1.61846e-06
1.76367e-06
1.89513e-06
1.89363e-06
1.87035e-06
1.7979e-06
1.65721e-06
1.54787e-06
1.67276e-06
2.16529e-06
3.36011e-06
4.58514e-06
4.59174e-06
4.3179e-06
3.74469e-06
3.01817e-06
2.52875e-06
2.3567e-06
2.23104e-06
2.14369e-06
2.18588e-06
2.04197e-06
1.68665e-06
5.73089e-06
1.14478e-05
1.1792e-05
1.18022e-05
1.18025e-05
1.18025e-05
1.18025e-05
1.18025e-05
1.18025e-05
1.18025e-05
1.18025e-05
1.56828e-06
1.56915e-06
1.5706e-06
1.57308e-06
1.57626e-06
1.58003e-06
1.5847e-06
1.58788e-06
1.5882e-06
1.58788e-06
1.58996e-06
1.59867e-06
1.62088e-06
1.66432e-06
1.72618e-06
1.7779e-06
1.78554e-06
1.77631e-06
1.75948e-06
1.73663e-06
1.70387e-06
1.66988e-06
1.64512e-06
1.63643e-06
1.93556e-06
2.16215e-06
2.06866e-06
1.80391e-06
1.65728e-06
1.81728e-06
1.90998e-06
1.88168e-06
1.7747e-06
1.6285e-06
1.59062e-06
2.1211e-06
2.81541e-06
3.16115e-06
3.25567e-06
3.39533e-06
3.50017e-06
3.33081e-06
2.87493e-06
2.4626e-06
1.93492e-06
1.73061e-06
1.70614e-06
1.71825e-06
1.70706e-06
1.67276e-06
1.64309e-06
1.63918e-06
1.66388e-06
1.8148e-06
2.28422e-06
2.92513e-06
3.24631e-06
3.3104e-06
3.27537e-06
3.15201e-06
2.87182e-06
2.52072e-06
2.24481e-06
1.95661e-06
1.69887e-06
1.6264e-06
1.78151e-06
1.93899e-06
1.94634e-06
1.91489e-06
1.84859e-06
1.73914e-06
1.60847e-06
1.56832e-06
1.77555e-06
2.4263e-06
3.7197e-06
4.41667e-06
4.35614e-06
4.02572e-06
3.42385e-06
2.72621e-06
2.28653e-06
2.15439e-06
2.06396e-06
2.02833e-06
2.07231e-06
1.95829e-06
1.62012e-06
7.49836e-06
1.16009e-05
1.17967e-05
1.18024e-05
1.18025e-05
1.18025e-05
1.18025e-05
1.18025e-05
1.18025e-05
1.18025e-05
1.18025e-05
1.56943e-06
1.57412e-06
1.58249e-06
1.59454e-06
1.60927e-06
1.62373e-06
1.63451e-06
1.63584e-06
1.63393e-06
1.63357e-06
1.64244e-06
1.67216e-06
1.73378e-06
1.83584e-06
1.92978e-06
1.95203e-06
1.93987e-06
1.90557e-06
1.86941e-06
1.84769e-06
1.85942e-06
1.91667e-06
1.93147e-06
1.83246e-06
1.69794e-06
1.66394e-06
1.68281e-06
1.77923e-06
2.03046e-06
2.18425e-06
2.16953e-06
2.07842e-06
1.92846e-06
1.73474e-06
1.60013e-06
1.88056e-06
2.64847e-06
3.0819e-06
3.21612e-06
3.26586e-06
3.16225e-06
2.84286e-06
2.50745e-06
2.00907e-06
1.68494e-06
1.59974e-06
1.59392e-06
1.59464e-06
1.59074e-06
1.58146e-06
1.57285e-06
1.56675e-06
1.57383e-06
1.61984e-06
1.80224e-06
2.31455e-06
2.83238e-06
2.93034e-06
2.93595e-06
2.82195e-06
2.54348e-06
2.28877e-06
2.00799e-06
1.73975e-06
1.62572e-06
1.79803e-06
1.97326e-06
1.96949e-06
1.90073e-06
1.78923e-06
1.70027e-06
1.63015e-06
1.58059e-06
1.60542e-06
1.84748e-06
2.67886e-06
3.99966e-06
4.28159e-06
4.15652e-06
3.75472e-06
3.11902e-06
2.46028e-06
2.09729e-06
2.00256e-06
1.95043e-06
1.94498e-06
1.99503e-06
1.88655e-06
1.81676e-06
9.23943e-06
1.16969e-05
1.17995e-05
1.18024e-05
1.18025e-05
1.18025e-05
1.18025e-05
1.18025e-05
1.18025e-05
1.18025e-05
1.18025e-05
1.57808e-06
1.60406e-06
1.65405e-06
1.72818e-06
1.77492e-06
1.79376e-06
1.78958e-06
1.77803e-06
1.76735e-06
1.77144e-06
1.80919e-06
1.903e-06
2.05947e-06
2.21652e-06
2.24745e-06
2.22028e-06
2.14506e-06
2.05363e-06
2.00743e-06
2.02641e-06
2.13498e-06
2.42487e-06
2.68989e-06
2.6808e-06
2.45555e-06
2.29361e-06
2.35079e-06
2.49665e-06
2.58348e-06
2.56087e-06
2.47513e-06
2.34112e-06
2.15909e-06
1.91685e-06
1.66395e-06
1.64749e-06
2.35641e-06
2.84783e-06
2.95551e-06
2.94629e-06
2.75286e-06
2.53061e-06
2.05568e-06
1.70688e-06
1.60856e-06
1.614e-06
1.62012e-06
1.61136e-06
1.59015e-06
1.56475e-06
1.54576e-06
1.53526e-06
1.53496e-06
1.55571e-06
1.61068e-06
1.80001e-06
2.18593e-06
2.49587e-06
2.60869e-06
2.52712e-06
2.30738e-06
2.0028e-06
1.76182e-06
1.62605e-06
1.80708e-06
2.00348e-06
1.99523e-06
1.91288e-06
1.73242e-06
1.63244e-06
1.59598e-06
1.58465e-06
1.59655e-06
1.66324e-06
1.87356e-06
2.83915e-06
4.06011e-06
4.16128e-06
3.96917e-06
3.48983e-06
2.82583e-06
2.24521e-06
1.97156e-06
1.88411e-06
1.86891e-06
1.88242e-06
1.93824e-06
1.82469e-06
2.58546e-06
1.04145e-05
1.17511e-05
1.18011e-05
1.18025e-05
1.18025e-05
1.18025e-05
1.18025e-05
1.18025e-05
1.18025e-05
1.18025e-05
1.18025e-05
1.67548e-06
1.85534e-06
2.05381e-06
2.27357e-06
2.30514e-06
2.26569e-06
2.20596e-06
2.14471e-06
2.13076e-06
2.16686e-06
2.30951e-06
2.58112e-06
2.78877e-06
2.80332e-06
2.73838e-06
2.59686e-06
2.43937e-06
2.31804e-06
2.32419e-06
2.42045e-06
2.74932e-06
3.36128e-06
3.7435e-06
3.69617e-06
3.52554e-06
3.32568e-06
3.17902e-06
3.08665e-06
3.02653e-06
2.96218e-06
2.85501e-06
2.69247e-06
2.47475e-06
2.18209e-06
1.82201e-06
1.6347e-06
1.80985e-06
2.42471e-06
2.68948e-06
2.64612e-06
2.39546e-06
2.04402e-06
1.70316e-06
1.63508e-06
1.69184e-06
1.71311e-06
1.70908e-06
1.68086e-06
1.63529e-06
1.58899e-06
1.55753e-06
1.53482e-06
1.52464e-06
1.53014e-06
1.55903e-06
1.6044e-06
1.71875e-06
1.8958e-06
2.05453e-06
2.04515e-06
1.91797e-06
1.7157e-06
1.63469e-06
1.82717e-06
2.03817e-06
2.02805e-06
1.94535e-06
1.75345e-06
1.61117e-06
1.58111e-06
1.6053e-06
1.62916e-06
1.65255e-06
1.70151e-06
1.87776e-06
2.87853e-06
4.00966e-06
4.03759e-06
3.77527e-06
3.2345e-06
2.56224e-06
2.08107e-06
1.89838e-06
1.83693e-06
1.8352e-06
1.85517e-06
1.88644e-06
1.75274e-06
4.18093e-06
1.112e-05
1.17799e-05
1.18019e-05
1.18025e-05
1.18025e-05
1.18025e-05
1.18025e-05
1.18025e-05
1.18025e-05
1.18025e-05
1.18025e-05
6.09324e-06
4.91025e-06
4.58422e-06
4.22454e-06
3.85289e-06
3.51464e-06
3.32126e-06
3.23585e-06
3.27741e-06
3.52274e-06
3.90695e-06
4.01555e-06
3.97287e-06
3.80791e-06
3.57569e-06
3.34493e-06
3.12133e-06
3.06459e-06
3.14064e-06
3.42766e-06
4.04415e-06
4.41089e-06
4.36972e-06
4.23575e-06
4.01173e-06
3.79946e-06
3.66034e-06
3.57539e-06
3.52331e-06
3.44425e-06
3.29043e-06
3.07229e-06
2.81646e-06
2.51019e-06
2.11949e-06
1.781e-06
1.64114e-06
1.78323e-06
2.03298e-06
2.04746e-06
1.86858e-06
1.65094e-06
1.6704e-06
1.78916e-06
1.87354e-06
1.87809e-06
1.84656e-06
1.77401e-06
1.69517e-06
1.62357e-06
1.56968e-06
1.54112e-06
1.53079e-06
1.53532e-06
1.55633e-06
1.59258e-06
1.61214e-06
1.62319e-06
1.64668e-06
1.65232e-06
1.63396e-06
1.69073e-06
1.92339e-06
2.09319e-06
2.06815e-06
1.95414e-06
1.76523e-06
1.61878e-06
1.57083e-06
1.61232e-06
1.65302e-06
1.66988e-06
1.68304e-06
1.71722e-06
1.86228e-06
2.77204e-06
3.89063e-06
3.88628e-06
3.55995e-06
2.97951e-06
2.33433e-06
1.96899e-06
1.85767e-06
1.8325e-06
1.83037e-06
1.84316e-06
1.81862e-06
1.63442e-06
6.78724e-06
1.15219e-05
1.1794e-05
1.18023e-05
1.18025e-05
1.18025e-05
1.18025e-05
1.18025e-05
1.18025e-05
1.18025e-05
1.18025e-05
1.18025e-05
1.1115e-05
9.7868e-06
8.69739e-06
7.9406e-06
7.38051e-06
6.92417e-06
6.73653e-06
6.694e-06
6.77241e-06
6.81774e-06
6.77141e-06
6.57721e-06
6.38705e-06
6.16527e-06
5.87729e-06
5.53167e-06
5.2126e-06
5.08495e-06
5.12299e-06
5.2071e-06
5.11608e-06
4.93264e-06
4.68202e-06
4.57025e-06
4.46331e-06
4.35854e-06
4.2835e-06
4.21456e-06
4.11718e-06
3.93724e-06
3.67195e-06
3.37682e-06
3.0932e-06
2.81219e-06
2.49274e-06
2.15157e-06
1.86244e-06
1.69765e-06
1.63969e-06
1.63594e-06
1.66051e-06
1.77042e-06
1.94891e-06
2.04466e-06
2.05372e-06
2.01468e-06
1.92358e-06
1.81201e-06
1.71053e-06
1.62675e-06
1.56742e-06
1.54089e-06
1.54498e-06
1.57254e-06
1.63876e-06
1.70951e-06
1.74336e-06
1.76281e-06
1.77605e-06
1.81004e-06
1.95541e-06
2.13937e-06
2.19257e-06
2.13611e-06
1.96487e-06
1.73529e-06
1.60885e-06
1.56319e-06
1.59266e-06
1.64105e-06
1.67037e-06
1.68157e-06
1.69054e-06
1.7195e-06
1.84011e-06
2.59344e-06
3.70627e-06
3.69099e-06
3.31873e-06
2.72301e-06
2.15648e-06
1.88626e-06
1.83207e-06
1.82814e-06
1.82723e-06
1.82792e-06
1.76101e-06
2.06426e-06
9.61701e-06
1.17059e-05
1.17997e-05
1.18024e-05
1.18025e-05
1.18025e-05
1.18025e-05
1.18025e-05
1.18025e-05
1.18025e-05
1.18025e-05
1.18025e-05
1.17552e-05
1.15563e-05
1.1332e-05
1.11275e-05
1.09363e-05
1.07788e-05
1.06646e-05
1.05779e-05
1.0503e-05
1.03401e-05
1.0057e-05
9.7042e-06
9.3362e-06
8.81789e-06
8.15989e-06
7.5368e-06
7.07339e-06
6.73607e-06
6.25841e-06
5.47336e-06
4.96735e-06
5.17922e-06
5.60478e-06
5.82154e-06
5.72055e-06
5.53435e-06
5.32018e-06
5.05049e-06
4.69894e-06
4.27618e-06
3.85688e-06
3.49631e-06
3.20574e-06
2.96976e-06
2.75416e-06
2.54173e-06
2.32599e-06
2.13073e-06
2.01176e-06
1.9791e-06
2.04185e-06
2.16549e-06
2.23194e-06
2.22215e-06
2.15772e-06
2.03729e-06
1.90886e-06
1.78824e-06
1.67946e-06
1.59207e-06
1.5494e-06
1.55002e-06
1.5791e-06
1.69118e-06
1.88518e-06
2.07301e-06
2.2095e-06
2.28271e-06
2.33342e-06
2.37746e-06
2.36745e-06
2.32109e-06
2.18382e-06
1.94303e-06
1.70672e-06
1.57486e-06
1.55367e-06
1.57411e-06
1.60804e-06
1.62785e-06
1.64459e-06
1.66057e-06
1.67415e-06
1.70045e-06
1.81071e-06
2.41667e-06
3.46804e-06
3.44881e-06
3.0622e-06
2.46767e-06
2.02371e-06
1.83207e-06
1.80631e-06
1.81709e-06
1.81962e-06
1.80361e-06
1.69275e-06
4.47108e-06
1.10512e-05
1.17733e-05
1.18017e-05
1.18025e-05
1.18025e-05
1.18025e-05
1.18025e-05
1.18025e-05
1.18025e-05
1.18025e-05
1.18025e-05
1.18025e-05
1.17996e-05
1.17847e-05
1.17644e-05
1.17446e-05
1.17267e-05
1.17082e-05
1.16728e-05
1.15918e-05
1.14452e-05
1.10066e-05
1.00108e-05
8.55408e-06
7.17263e-06
6.08443e-06
5.40346e-06
5.42932e-06
5.72653e-06
5.82168e-06
5.39392e-06
5.0015e-06
5.43823e-06
6.92787e-06
7.94985e-06
7.93174e-06
7.65879e-06
7.13848e-06
6.48246e-06
5.75279e-06
5.01341e-06
4.37578e-06
3.87506e-06
3.49513e-06
3.21176e-06
3.00078e-06
2.84778e-06
2.72887e-06
2.61459e-06
2.5203e-06
2.45181e-06
2.41496e-06
2.40872e-06
2.39853e-06
2.3459e-06
2.2444e-06
2.11708e-06
1.9756e-06
1.83173e-06
1.70619e-06
1.60395e-06
1.55031e-06
1.55017e-06
1.57823e-06
1.72148e-06
2.02923e-06
2.41891e-06
2.6526e-06
2.70891e-06
2.66667e-06
2.61735e-06
2.51687e-06
2.32124e-06
2.06798e-06
1.84175e-06
1.65195e-06
1.55535e-06
1.53172e-06
1.56007e-06
1.56479e-06
1.56593e-06
1.56727e-06
1.573e-06
1.59173e-06
1.62024e-06
1.66008e-06
1.77678e-06
2.27245e-06
3.19244e-06
3.17288e-06
2.8016e-06
2.26086e-06
1.92777e-06
1.79293e-06
1.76109e-06
1.7941e-06
1.80307e-06
1.7271e-06
1.76126e-06
8.36462e-06
1.15944e-05
1.1795e-05
1.18023e-05
1.18025e-05
1.18025e-05
1.18025e-05
1.18025e-05
1.18025e-05
1.18025e-05
1.18025e-05
1.18025e-05
1.18025e-05
1.18023e-05
1.18013e-05
1.17997e-05
1.17984e-05
1.17971e-05
1.17892e-05
1.17376e-05
1.15511e-05
1.09721e-05
9.56524e-06
7.55266e-06
5.84925e-06
4.73417e-06
4.08401e-06
3.85783e-06
3.94989e-06
4.35749e-06
4.56076e-06
4.61073e-06
5.24458e-06
7.36492e-06
9.01417e-06
9.15735e-06
9.04018e-06
8.72702e-06
8.05024e-06
7.00916e-06
5.93835e-06
4.9906e-06
4.22911e-06
3.68698e-06
3.33499e-06
3.11594e-06
2.97236e-06
2.8649e-06
2.7826e-06
2.71502e-06
2.65902e-06
2.60867e-06
2.55301e-06
2.48701e-06
2.40642e-06
2.29457e-06
2.14488e-06
1.97774e-06
1.83407e-06
1.70587e-06
1.60797e-06
1.54977e-06
1.54851e-06
1.57831e-06
1.73995e-06
2.16021e-06
2.71607e-06
3.01944e-06
3.00601e-06
2.91485e-06
2.75781e-06
2.51537e-06
2.20182e-06
1.92192e-06
1.7122e-06
1.59256e-06
1.53185e-06
1.52156e-06
1.52531e-06
1.55016e-06
1.55297e-06
1.54631e-06
1.53667e-06
1.53128e-06
1.5406e-06
1.57375e-06
1.62989e-06
1.7439e-06
2.12836e-06
2.88747e-06
2.87516e-06
2.54235e-06
2.09352e-06
1.83005e-06
1.73811e-06
1.68954e-06
1.69523e-06
1.74508e-06
1.63884e-06
5.70429e-06
1.0854e-05
1.17568e-05
1.18009e-05
1.18024e-05
1.18025e-05
1.18025e-05
1.18025e-05
1.18025e-05
1.18025e-05
1.18025e-05
1.18025e-05
1.18025e-05
1.18025e-05
1.18025e-05
1.18024e-05
1.18023e-05
1.18021e-05
1.18016e-05
1.17923e-05
1.17029e-05
1.13743e-05
1.03728e-05
8.15636e-06
5.79751e-06
4.47276e-06
3.92915e-06
3.62796e-06
3.44955e-06
3.48808e-06
3.66061e-06
3.95702e-06
4.65561e-06
6.85781e-06
8.9243e-06
9.3843e-06
9.43083e-06
9.35184e-06
9.03219e-06
8.16377e-06
6.82717e-06
5.45505e-06
4.42041e-06
3.76727e-06
3.36884e-06
3.14127e-06
3.01293e-06
2.92962e-06
2.86447e-06
2.8019e-06
2.74017e-06
2.67591e-06
2.60557e-06
2.52156e-06
2.4184e-06
2.28158e-06
2.10733e-06
1.94228e-06
1.79954e-06
1.69462e-06
1.61136e-06
1.55326e-06
1.55185e-06
1.58236e-06
1.75693e-06
2.25792e-06
2.99114e-06
3.34341e-06
3.29996e-06
3.14647e-06
2.86354e-06
2.44146e-06
2.08365e-06
1.81841e-06
1.65282e-06
1.56844e-06
1.52151e-06
1.51739e-06
1.55551e-06
1.5907e-06
1.60833e-06
1.60595e-06
1.57657e-06
1.5421e-06
1.51973e-06
1.53047e-06
1.57135e-06
1.63253e-06
1.72371e-06
1.99812e-06
2.57124e-06
2.56608e-06
2.29918e-06
1.98967e-06
1.70056e-06
1.63972e-06
1.68749e-06
2.20791e-06
1.73942e-06
3.58953e-06
1.00822e-05
1.16649e-05
1.17946e-05
1.18022e-05
1.18025e-05
1.18025e-05
1.18025e-05
1.18025e-05
1.18025e-05
1.18025e-05
1.18025e-05
1.18025e-05
1.18025e-05
1.18025e-05
1.18025e-05
1.18025e-05
1.18025e-05
1.18024e-05
1.18021e-05
1.17935e-05
1.16838e-05
1.12679e-05
1.00088e-05
7.40167e-06
5.00255e-06
4.01011e-06
3.85759e-06
3.67007e-06
3.39393e-06
3.38394e-06
3.5441e-06
3.98764e-06
5.50813e-06
8.09784e-06
8.14507e-06
7.88019e-06
8.1945e-06
8.60301e-06
8.20901e-06
7.16796e-06
5.5929e-06
4.46135e-06
3.77982e-06
3.36078e-06
3.11927e-06
3.00506e-06
2.94727e-06
2.89947e-06
2.84304e-06
2.77639e-06
2.6941e-06
2.58956e-06
2.46789e-06
2.32468e-06
2.1749e-06
2.02095e-06
1.87674e-06
1.76498e-06
1.68415e-06
1.62016e-06
1.56935e-06
1.5669e-06
1.60204e-06
1.77671e-06
2.33705e-06
3.25104e-06
3.67465e-06
3.6291e-06
3.41488e-06
3.00247e-06
2.47269e-06
2.0353e-06
1.77762e-06
1.65818e-06
1.5738e-06
1.56749e-06
1.61314e-06
1.67322e-06
1.76792e-06
1.81919e-06
1.78312e-06
1.70737e-06
1.61195e-06
1.54633e-06
1.54327e-06
1.57484e-06
1.62876e-06
1.67095e-06
1.7223e-06
1.8865e-06
2.27573e-06
2.28002e-06
2.09724e-06
1.89864e-06
1.65508e-06
2.70075e-06
5.86724e-06
8.97072e-06
7.73422e-06
1.04752e-05
1.15755e-05
1.17865e-05
1.18016e-05
1.18025e-05
1.18025e-05
1.18025e-05
1.18025e-05
1.18025e-05
1.18025e-05
1.18025e-05
1.18025e-05
1.18025e-05
1.18025e-05
1.18025e-05
1.18025e-05
1.18025e-05
1.18025e-05
1.18025e-05
1.18024e-05
1.17992e-05
1.17425e-05
1.1391e-05
1.0239e-05
7.65393e-06
5.00105e-06
4.20765e-06
4.56355e-06
4.39487e-06
3.73474e-06
3.48329e-06
3.65599e-06
4.46887e-06
6.98403e-06
7.39934e-06
6.19986e-06
5.37026e-06
5.76559e-06
6.42685e-06
6.11846e-06
5.111e-06
4.29404e-06
3.76844e-06
3.33333e-06
3.10107e-06
3.00481e-06
2.96046e-06
2.93372e-06
2.89832e-06
2.83198e-06
2.71449e-06
2.54026e-06
2.33572e-06
2.15448e-06
2.00508e-06
1.90044e-06
1.81897e-06
1.75633e-06
1.71136e-06
1.66609e-06
1.62268e-06
1.62518e-06
1.6563e-06
1.80807e-06
2.35297e-06
3.4968e-06
4.08783e-06
4.04306e-06
3.78429e-06
3.28691e-06
2.64215e-06
2.07633e-06
1.83396e-06
1.6752e-06
1.67716e-06
1.74943e-06
1.87565e-06
2.01569e-06
2.14733e-06
2.12866e-06
2.03184e-06
1.8963e-06
1.72825e-06
1.58172e-06
1.56939e-06
1.63215e-06
1.72591e-06
1.74879e-06
1.73323e-06
1.74304e-06
1.81146e-06
2.04576e-06
2.05535e-06
1.95816e-06
1.78566e-06
2.01149e-06
8.7357e-06
1.11419e-05
1.15961e-05
1.15417e-05
1.17319e-05
1.17916e-05
1.18014e-05
1.18024e-05
1.18025e-05
1.18025e-05
1.18025e-05
1.18025e-05
1.18025e-05
1.18025e-05
1.18025e-05
1.18025e-05
1.18025e-05
1.18025e-05
1.18025e-05
1.18025e-05
1.18025e-05
1.18025e-05
1.18025e-05
1.18025e-05
1.18016e-05
1.1781e-05
1.1531e-05
1.05878e-05
8.25524e-06
5.28823e-06
4.73417e-06
5.63751e-06
5.90717e-06
4.79474e-06
4.01562e-06
4.29461e-06
6.34705e-06
8.21351e-06
6.78269e-06
4.5965e-06
4.19654e-06
4.5656e-06
4.74492e-06
4.5643e-06
4.25095e-06
3.83526e-06
3.36415e-06
3.05829e-06
3.02572e-06
3.00682e-06
2.95856e-06
2.93831e-06
2.91175e-06
2.81247e-06
2.55007e-06
2.25556e-06
2.05608e-06
1.95504e-06
1.90646e-06
1.86643e-06
1.81065e-06
1.81276e-06
1.83464e-06
1.83311e-06
1.80838e-06
1.8257e-06
1.90492e-06
2.28722e-06
3.53176e-06
4.65715e-06
4.65241e-06
4.38447e-06
3.80355e-06
2.99698e-06
2.25565e-06
1.89244e-06
1.79308e-06
1.87189e-06
2.08206e-06
2.38404e-06
2.66261e-06
2.65966e-06
2.53753e-06
2.33976e-06
2.06853e-06
1.7977e-06
1.61186e-06
1.58312e-06
1.69579e-06
1.85059e-06
1.87087e-06
1.84873e-06
1.79999e-06
1.75439e-06
1.77607e-06
1.90786e-06
1.91008e-06
1.8439e-06
1.68965e-06
2.99069e-06
1.07052e-05
1.17339e-05
1.17919e-05
1.17928e-05
1.17998e-05
1.18021e-05
1.18024e-05
1.18025e-05
1.18025e-05
1.18025e-05
1.18025e-05
1.18025e-05
1.18025e-05
1.18025e-05
1.18025e-05
1.18025e-05
1.18025e-05
1.18025e-05
1.18025e-05
1.18025e-05
1.18025e-05
1.18025e-05
1.18025e-05
1.18025e-05
1.18023e-05
1.17961e-05
1.16875e-05
1.1129e-05
9.49532e-06
6.41436e-06
5.39536e-06
6.08489e-06
8.17994e-06
7.83168e-06
6.75517e-06
7.35951e-06
9.37743e-06
8.05078e-06
5.23652e-06
3.83187e-06
3.85218e-06
4.14707e-06
4.49235e-06
4.6689e-06
4.2879e-06
3.49982e-06
3.04766e-06
3.07301e-06
3.15443e-06
2.98819e-06
2.62107e-06
2.6188e-06
2.68705e-06
2.58815e-06
2.30438e-06
2.09729e-06
2.10889e-06
2.12116e-06
2.08976e-06
2.00175e-06
1.98821e-06
2.13688e-06
2.38463e-06
2.38945e-06
2.28557e-06
2.21406e-06
2.31581e-06
3.15861e-06
5.08062e-06
5.52531e-06
5.3029e-06
4.64432e-06
3.66025e-06
2.62718e-06
2.01962e-06
1.97374e-06
2.14995e-06
2.58908e-06
3.18516e-06
3.45421e-06
3.34016e-06
3.04247e-06
2.67615e-06
2.24491e-06
1.82099e-06
1.61017e-06
1.60122e-06
1.76458e-06
1.9525e-06
1.98745e-06
1.96159e-06
1.9311e-06
1.85845e-06
1.75744e-06
1.74937e-06
1.80887e-06
1.80105e-06
1.7519e-06
1.60747e-06
4.5821e-06
1.11641e-05
1.17767e-05
1.18012e-05
1.18022e-05
1.18024e-05
1.18025e-05
1.18025e-05
1.18025e-05
1.18025e-05
1.18025e-05
1.18025e-05
1.18025e-05
1.18025e-05
1.18025e-05
1.18025e-05
1.18025e-05
1.18025e-05
1.18025e-05
1.18025e-05
1.18025e-05
1.18025e-05
1.18025e-05
1.18025e-05
1.18025e-05
1.18024e-05
1.18008e-05
1.17685e-05
1.15169e-05
1.06369e-05
8.3228e-06
7.27798e-06
8.07269e-06
1.0231e-05
1.08819e-05
1.09096e-05
1.11808e-05
1.07841e-05
7.3705e-06
4.3431e-06
3.62652e-06
4.06509e-06
5.00824e-06
5.81722e-06
5.24315e-06
3.97303e-06
3.13829e-06
3.13375e-06
3.44087e-06
3.26282e-06
2.66024e-06
2.18766e-06
2.22701e-06
2.38459e-06
2.33385e-06
2.23616e-06
2.36705e-06
2.7997e-06
2.77008e-06
2.52321e-06
2.29197e-06
2.37791e-06
3.01743e-06
3.41029e-06
3.26228e-06
2.8098e-06
2.56576e-06
2.82329e-06
4.52178e-06
6.52349e-06
6.54708e-06
5.97054e-06
4.78221e-06
3.33269e-06
2.3144e-06
2.09017e-06
2.34597e-06
3.18786e-06
4.26745e-06
4.44978e-06
4.1976e-06
3.67234e-06
3.06026e-06
2.45257e-06
1.9175e-06
1.61077e-06
1.61741e-06
1.85211e-06
2.01474e-06
2.04198e-06
2.05219e-06
2.03594e-06
1.99579e-06
1.91276e-06
1.77964e-06
1.70569e-06
1.72534e-06
1.71296e-06
1.67841e-06
1.5835e-06
6.57027e-06
1.14683e-05
1.17886e-05
1.18019e-05
1.18025e-05
1.18025e-05
1.18025e-05
1.18025e-05
1.18025e-05
1.18025e-05
1.18025e-05
1.18025e-05
1.18025e-05
1.18025e-05
1.18025e-05
1.18025e-05
1.18025e-05
1.18025e-05
1.18025e-05
1.18025e-05
1.18025e-05
1.18025e-05
1.18025e-05
1.18025e-05
1.18025e-05
1.18025e-05
1.18022e-05
1.17962e-05
1.17439e-05
1.15215e-05
1.08727e-05
1.07096e-05
1.10792e-05
1.1461e-05
1.16801e-05
1.17321e-05
1.17277e-05
1.07646e-05
7.09198e-06
4.24103e-06
3.87174e-06
4.71369e-06
6.37472e-06
7.20066e-06
5.51435e-06
3.76385e-06
3.21649e-06
3.46643e-06
3.87421e-06
3.3013e-06
2.40549e-06
2.01464e-06
2.06336e-06
2.21375e-06
2.34892e-06
2.69424e-06
3.57514e-06
4.15355e-06
3.54327e-06
2.91219e-06
2.8348e-06
3.17827e-06
4.50098e-06
4.54387e-06
3.91487e-06
2.99027e-06
2.8652e-06
3.61129e-06
6.13013e-06
7.93968e-06
7.69222e-06
6.45745e-06
4.59092e-06
2.84793e-06
2.18775e-06
2.32076e-06
3.37498e-06
5.40483e-06
5.76927e-06
5.38981e-06
4.52688e-06
3.57631e-06
2.76359e-06
2.08826e-06
1.64406e-06
1.61103e-06
1.87268e-06
2.02599e-06
2.07245e-06
2.0937e-06
2.09e-06
2.07044e-06
2.01376e-06
1.91257e-06
1.7792e-06
1.66885e-06
1.64484e-06
1.64837e-06
1.61813e-06
1.77519e-06
8.64599e-06
1.16378e-05
1.17956e-05
1.18022e-05
1.18025e-05
1.18025e-05
1.18025e-05
1.18025e-05
1.18025e-05
1.18025e-05
1.18025e-05
1.18025e-05
1.18025e-05
1.18025e-05
1.18025e-05
1.18025e-05
1.18025e-05
1.18025e-05
1.18025e-05
1.18025e-05
1.18025e-05
1.18025e-05
1.18025e-05
1.18025e-05
1.18025e-05
1.18025e-05
1.18025e-05
1.18019e-05
1.1797e-05
1.17726e-05
1.17207e-05
1.17182e-05
1.17514e-05
1.17788e-05
1.17918e-05
1.17971e-05
1.17887e-05
1.14521e-05
9.14278e-06
5.62737e-06
4.35674e-06
4.91118e-06
6.68603e-06
7.86352e-06
6.41814e-06
4.14707e-06
3.52175e-06
3.93376e-06
4.30884e-06
3.4219e-06
2.34982e-06
1.96864e-06
2.05074e-06
2.34393e-06
2.92373e-06
4.31411e-06
5.58524e-06
6.18557e-06
5.31616e-06
4.44453e-06
4.31459e-06
4.85346e-06
6.21838e-06
5.67674e-06
4.21916e-06
3.119e-06
3.23683e-06
4.83296e-06
7.55699e-06
9.24128e-06
8.45789e-06
6.59544e-06
4.07228e-06
2.46795e-06
2.27874e-06
2.87133e-06
5.42781e-06
7.2809e-06
6.9884e-06
5.90476e-06
4.48766e-06
3.29358e-06
2.38857e-06
1.7389e-06
1.58686e-06
1.83008e-06
2.00977e-06
2.08141e-06
2.09377e-06
2.0836e-06
2.06484e-06
2.04504e-06
1.99864e-06
1.89975e-06
1.76416e-06
1.62073e-06
1.5782e-06
1.61301e-06
1.56529e-06
2.86355e-06
1.0374e-05
1.1735e-05
1.17998e-05
1.18024e-05
1.18025e-05
1.18025e-05
1.18025e-05
1.18025e-05
1.18025e-05
1.18025e-05
1.18025e-05
1.18025e-05
1.18025e-05
1.18025e-05
1.18025e-05
1.18025e-05
1.18025e-05
1.18025e-05
1.18025e-05
1.18025e-05
1.18025e-05
1.18025e-05
1.18025e-05
1.18025e-05
1.18025e-05
1.18025e-05
1.18025e-05
1.18025e-05
1.18021e-05
1.18006e-05
1.1798e-05
1.17981e-05
1.17998e-05
1.18012e-05
1.18019e-05
1.18022e-05
1.18004e-05
1.17414e-05
1.12662e-05
9.76094e-06
8.02189e-06
6.67321e-06
6.98851e-06
8.14277e-06
8.09408e-06
5.21455e-06
3.90395e-06
4.34325e-06
4.91712e-06
4.12806e-06
2.71351e-06
2.06052e-06
2.17739e-06
2.75061e-06
4.1015e-06
6.2693e-06
7.79602e-06
8.53293e-06
8.35118e-06
7.78879e-06
7.3409e-06
7.57708e-06
8.09026e-06
6.86956e-06
4.70495e-06
3.46204e-06
3.80502e-06
5.83144e-06
8.24229e-06
9.87878e-06
8.70534e-06
6.13412e-06
3.34285e-06
2.25399e-06
2.42599e-06
3.94938e-06
7.53317e-06
8.48154e-06
7.7926e-06
6.15428e-06
4.3281e-06
2.93427e-06
1.94925e-06
1.58107e-06
1.73601e-06
1.9117e-06
2.04166e-06
2.04162e-06
2.01627e-06
1.98132e-06
1.94523e-06
1.9519e-06
1.93393e-06
1.85764e-06
1.71482e-06
1.5645e-06
1.56063e-06
1.57385e-06
1.69682e-06
7.13899e-06
1.13903e-05
1.17836e-05
1.18017e-05
1.18025e-05
1.18025e-05
1.18025e-05
1.18025e-05
1.18025e-05
1.18025e-05
1.18025e-05
1.18025e-05
1.18025e-05
1.18025e-05
1.18025e-05
1.18025e-05
1.18025e-05
1.18025e-05
1.18025e-05
1.18025e-05
1.18025e-05
1.18025e-05
1.18025e-05
1.18025e-05
1.18025e-05
1.18025e-05
1.18025e-05
1.18025e-05
1.18025e-05
1.18025e-05
1.18024e-05
1.18023e-05
1.18023e-05
1.18024e-05
1.18024e-05
1.18025e-05
1.18025e-05
1.18023e-05
1.17985e-05
1.17634e-05
1.16082e-05
1.11733e-05
1.05005e-05
1.03248e-05
1.06188e-05
1.02426e-05
6.80911e-06
4.37276e-06
4.62459e-06
5.20454e-06
4.94164e-06
3.55285e-06
2.32307e-06
2.49951e-06
3.57779e-06
5.47325e-06
7.51236e-06
8.929e-06
9.55574e-06
1.00211e-05
1.012e-05
1.00573e-05
1.00414e-05
9.92767e-06
8.53534e-06
6.0271e-06
4.11576e-06
4.3238e-06
5.87753e-06
8.06447e-06
1.00436e-05
8.51126e-06
5.50864e-06
2.80965e-06
2.18482e-06
2.6977e-06
5.41245e-06
8.72942e-06
9.31103e-06
8.34557e-06
6.25506e-06
4.10163e-06
2.52915e-06
1.64441e-06
1.64412e-06
1.80564e-06
1.90339e-06
1.96493e-06
1.94435e-06
1.91835e-06
1.90637e-06
1.88523e-06
1.87064e-06
1.8384e-06
1.77464e-06
1.64165e-06
1.54506e-06
1.56921e-06
1.60096e-06
6.30053e-06
1.09027e-05
1.17247e-05
1.17986e-05
1.18023e-05
1.18025e-05
1.18025e-05
1.18025e-05
1.18025e-05
1.18025e-05
1.18025e-05
1.18025e-05
1.18025e-05
1.18025e-05
1.18025e-05
1.18025e-05
1.18025e-05
1.18025e-05
1.18025e-05
1.18025e-05
1.18025e-05
1.18025e-05
1.18025e-05
1.18025e-05
1.18025e-05
1.18025e-05
1.18025e-05
1.18025e-05
1.18025e-05
1.18025e-05
1.18025e-05
1.18025e-05
1.18025e-05
1.18025e-05
1.18025e-05
1.18025e-05
1.18025e-05
1.18025e-05
1.18025e-05
1.18023e-05
1.18007e-05
1.17922e-05
1.17566e-05
1.1689e-05
1.16723e-05
1.16882e-05
1.15925e-05
1.00389e-05
6.77216e-06
5.15773e-06
5.12126e-06
5.62267e-06
5.55331e-06
3.36003e-06
2.59268e-06
3.14808e-06
4.82557e-06
6.92052e-06
8.53548e-06
9.18918e-06
1.00114e-05
1.08917e-05
1.12142e-05
1.12446e-05
1.11525e-05
1.04158e-05
8.48916e-06
5.53171e-06
4.77852e-06
5.18893e-06
6.82095e-06
9.84679e-06
8.12436e-06
4.98459e-06
2.57065e-06
2.18485e-06
2.88673e-06
6.15005e-06
9.12945e-06
9.86862e-06
8.7552e-06
6.38399e-06
3.97754e-06
2.28746e-06
1.56555e-06
1.71294e-06
1.70573e-06
1.72039e-06
1.81182e-06
1.77548e-06
1.8185e-06
1.85259e-06
1.82673e-06
1.76807e-06
1.72458e-06
1.67772e-06
1.58395e-06
1.54415e-06
1.57659e-06
2.43482e-06
9.9513e-06
1.16671e-05
1.17925e-05
1.18019e-05
1.18025e-05
1.18025e-05
1.18025e-05
1.18025e-05
1.18025e-05
1.18025e-05
1.18025e-05
1.18025e-05
1.18025e-05
1.18025e-05
1.18025e-05
1.18025e-05
1.18025e-05
1.18025e-05
1.18025e-05
1.18025e-05
1.18025e-05
1.18025e-05
1.18025e-05
1.18025e-05
1.18025e-05
1.18025e-05
1.18025e-05
1.18025e-05
1.18025e-05
1.18025e-05
1.18025e-05
1.18025e-05
1.18025e-05
1.18025e-05
1.18025e-05
1.18025e-05
1.18025e-05
1.18025e-05
1.18025e-05
1.18025e-05
1.18024e-05
1.18021e-05
1.18e-05
1.1796e-05
1.17948e-05
1.17951e-05
1.1788e-05
1.1633e-05
1.02434e-05
8.05237e-06
6.1009e-06
6.21454e-06
7.23983e-06
4.93745e-06
2.91449e-06
2.87928e-06
3.41988e-06
5.13666e-06
6.9364e-06
7.08861e-06
8.10588e-06
1.02391e-05
1.14879e-05
1.1649e-05
1.16231e-05
1.13809e-05
1.04954e-05
8.28486e-06
5.77217e-06
5.60712e-06
6.49566e-06
9.4538e-06
7.85642e-06
4.81077e-06
2.50117e-06
2.13936e-06
2.75827e-06
5.83489e-06
9.15722e-06
1.02776e-05
9.26224e-06
6.94967e-06
4.19813e-06
2.25759e-06
1.54282e-06
1.59215e-06
1.56895e-06
1.57963e-06
1.59902e-06
1.62461e-06
1.60211e-06
1.64873e-06
1.72527e-06
1.69119e-06
1.6685e-06
1.61302e-06
1.55285e-06
1.54152e-06
1.55702e-06
3.82232e-06
1.07649e-05
1.17525e-05
1.18003e-05
1.18024e-05
1.18025e-05
1.18025e-05
1.18025e-05
1.18025e-05
1.18025e-05
1.18025e-05
1.18025e-05
1.18025e-05
1.18025e-05
1.18025e-05
1.18025e-05
1.18025e-05
1.18025e-05
1.18025e-05
1.18025e-05
1.18025e-05
1.18025e-05
1.18025e-05
1.18025e-05
1.18025e-05
1.18025e-05
1.18025e-05
1.18025e-05
1.18025e-05
1.18025e-05
1.18025e-05
1.18025e-05
1.18025e-05
1.18025e-05
1.18025e-05
1.18025e-05
1.18025e-05
1.18025e-05
1.18025e-05
1.18025e-05
1.18025e-05
1.18025e-05
1.18025e-05
1.18024e-05
1.18022e-05
1.18022e-05
1.18021e-05
1.18018e-05
1.17934e-05
1.16671e-05
1.0922e-05
9.61834e-06
9.24399e-06
9.88829e-06
9.39927e-06
6.28971e-06
3.85873e-06
3.69788e-06
3.99268e-06
4.6561e-06
5.6942e-06
7.28368e-06
9.58531e-06
1.13417e-05
1.17487e-05
1.17692e-05
1.17061e-05
1.14428e-05
1.04821e-05
8.47724e-06
7.06657e-06
7.39761e-06
9.35729e-06
7.9364e-06
5.15079e-06
2.80891e-06
2.10569e-06
2.32457e-06
4.28491e-06
8.80349e-06
1.05525e-05
9.6791e-06
7.46854e-06
4.48176e-06
2.35628e-06
1.53518e-06
1.55019e-06
2.00361e-06
2.251e-06
1.93106e-06
3.37146e-06
3.15712e-06
2.06149e-06
1.58049e-06
1.62374e-06
1.58355e-06
1.57978e-06
2.1247e-06
1.53095e-06
1.60982e-06
6.80194e-06
1.1451e-05
1.17881e-05
1.1802e-05
1.18025e-05
1.18025e-05
1.18025e-05
1.18025e-05
1.18025e-05
1.18025e-05
1.18025e-05
1.18025e-05
1.18025e-05
1.18025e-05
1.18025e-05
1.18025e-05
1.18025e-05
1.18025e-05
1.18025e-05
1.18025e-05
1.18025e-05
1.18025e-05
1.18025e-05
1.18025e-05
1.18025e-05
1.18025e-05
1.18025e-05
1.18025e-05
1.18025e-05
1.18025e-05
1.18025e-05
1.18025e-05
1.18025e-05
1.18025e-05
1.18025e-05
1.18025e-05
1.18025e-05
1.18025e-05
1.18025e-05
1.18025e-05
1.18025e-05
1.18025e-05
1.18025e-05
1.18025e-05
1.18025e-05
1.18025e-05
1.18025e-05
1.18025e-05
1.18021e-05
1.17961e-05
1.17411e-05
1.16013e-05
1.15335e-05
1.15671e-05
1.15868e-05
1.12355e-05
9.4488e-06
8.13042e-06
7.07929e-06
7.41801e-06
8.26816e-06
9.27287e-06
1.02514e-05
1.12724e-05
1.17404e-05
1.17965e-05
1.17959e-05
1.17511e-05
1.14563e-05
1.06285e-05
8.83246e-06
8.48154e-06
9.54601e-06
8.787e-06
6.26045e-06
3.63679e-06
2.38188e-06
2.42785e-06
3.93563e-06
8.48719e-06
1.07313e-05
9.83925e-06
7.56624e-06
4.34649e-06
2.27337e-06
1.60817e-06
1.73456e-06
3.5705e-06
4.89657e-06
6.24072e-06
9.32906e-06
9.60743e-06
6.01506e-06
1.65373e-06
1.58584e-06
2.35654e-06
2.52498e-06
5.49934e-06
2.84072e-06
6.47677e-06
1.0767e-05
1.17484e-05
1.18004e-05
1.18024e-05
1.18025e-05
1.18025e-05
1.18025e-05
1.18025e-05
1.18025e-05
1.18025e-05
1.18025e-05
1.18025e-05
1.18025e-05
1.18025e-05
1.18025e-05
1.18025e-05
1.18025e-05
1.18025e-05
1.18025e-05
1.18025e-05
1.18025e-05
1.18025e-05
1.18025e-05
1.18025e-05
1.18025e-05
1.18025e-05
1.18025e-05
1.18025e-05
1.18025e-05
1.18025e-05
1.18025e-05
1.18025e-05
1.18025e-05
1.18025e-05
1.18025e-05
1.18025e-05
1.18025e-05
1.18025e-05
1.18025e-05
1.18025e-05
1.18025e-05
1.18025e-05
1.18025e-05
1.18025e-05
1.18025e-05
1.18025e-05
1.18025e-05
1.18025e-05
1.18025e-05
1.18023e-05
1.18001e-05
1.17932e-05
1.17895e-05
1.17901e-05
1.17912e-05
1.17801e-05
1.17114e-05
1.16286e-05
1.13238e-05
1.10993e-05
1.10262e-05
1.11637e-05
1.14534e-05
1.16911e-05
1.17874e-05
1.18014e-05
1.18021e-05
1.17996e-05
1.17602e-05
1.1362e-05
1.00763e-05
8.96278e-06
9.66924e-06
1.10109e-05
9.30581e-06
5.96758e-06
3.28334e-06
3.15781e-06
5.00038e-06
8.71987e-06
1.09411e-05
9.95714e-06
7.98627e-06
5.42482e-06
4.34068e-06
2.6056e-06
1.74367e-06
3.63717e-06
6.57793e-06
8.95973e-06
1.05393e-05
1.1221e-05
9.89764e-06
3.14568e-06
3.56382e-06
6.5223e-06
2.81151e-06
7.4246e-06
1.05521e-05
1.15076e-05
1.17714e-05
1.17993e-05
1.18023e-05
1.18025e-05
1.18025e-05
1.18025e-05
1.18025e-05
1.18025e-05
1.18025e-05
1.18025e-05
1.18025e-05
1.18025e-05
1.18025e-05
1.18025e-05
1.18025e-05
1.18025e-05
1.18025e-05
1.18025e-05
1.18025e-05
1.18025e-05
1.18025e-05
1.18025e-05
1.18025e-05
1.18025e-05
1.18025e-05
1.18025e-05
1.18025e-05
1.18025e-05
1.18025e-05
1.18025e-05
1.18025e-05
1.18025e-05
1.18025e-05
1.18025e-05
1.18025e-05
1.18025e-05
1.18025e-05
1.18025e-05
1.18025e-05
1.18025e-05
1.18025e-05
1.18025e-05
1.18025e-05
1.18025e-05
1.18025e-05
1.18025e-05
1.18025e-05
1.18025e-05
1.18025e-05
1.18025e-05
1.18024e-05
1.18022e-05
1.18021e-05
1.18021e-05
1.18021e-05
1.18019e-05
1.18007e-05
1.17986e-05
1.17727e-05
1.17469e-05
1.17455e-05
1.17617e-05
1.17805e-05
1.17929e-05
1.17993e-05
1.18022e-05
1.18025e-05
1.18022e-05
1.17946e-05
1.16188e-05
1.07838e-05
1.03571e-05
1.07052e-05
1.14725e-05
1.05679e-05
7.21171e-06
4.22492e-06
4.79094e-06
7.32783e-06
9.33788e-06
1.11902e-05
1.0597e-05
8.71668e-06
8.89318e-06
8.62279e-06
4.69585e-06
1.69161e-06
2.80685e-06
5.19018e-06
7.46226e-06
9.13042e-06
1.14178e-05
1.07822e-05
6.89885e-06
6.70323e-06
7.82153e-06
2.64223e-06
8.5885e-06
1.1618e-05
1.17886e-05
1.18017e-05
1.18024e-05
1.18025e-05
1.18025e-05
1.18025e-05
1.18025e-05
1.18025e-05
1.18025e-05
1.18025e-05
1.18025e-05
1.18025e-05
1.18025e-05
1.18025e-05
1.18025e-05
1.18025e-05
1.18025e-05
1.18025e-05
1.18025e-05
1.18025e-05
1.18025e-05
1.18025e-05
1.18025e-05
1.18025e-05
1.18025e-05
1.18025e-05
1.18025e-05
1.18025e-05
1.18025e-05
1.18025e-05
1.18025e-05
1.18025e-05
1.18025e-05
1.18025e-05
1.18025e-05
1.18025e-05
1.18025e-05
1.18025e-05
1.18025e-05
1.18025e-05
1.18025e-05
1.18025e-05
1.18025e-05
1.18025e-05
1.18025e-05
1.18025e-05
1.18025e-05
1.18025e-05
1.18025e-05
1.18025e-05
1.18025e-05
1.18025e-05
1.18025e-05
1.18025e-05
1.18025e-05
1.18025e-05
1.18025e-05
1.18025e-05
1.18024e-05
1.18014e-05
1.18005e-05
1.18006e-05
1.18012e-05
1.18018e-05
1.18022e-05
1.18024e-05
1.18025e-05
1.18025e-05
1.18025e-05
1.18019e-05
1.17822e-05
1.16556e-05
1.16221e-05
1.16881e-05
1.17449e-05
1.13094e-05
9.03685e-06
6.11593e-06
7.73968e-06
1.01937e-05
1.0938e-05
1.15729e-05
1.11159e-05
9.00268e-06
9.1669e-06
1.01305e-05
9.45108e-06
2.78887e-06
2.37001e-06
2.78584e-06
4.30169e-06
6.97055e-06
1.14575e-05
1.17248e-05
1.02353e-05
7.95665e-06
1.06355e-05
4.14341e-06
1.00558e-05
1.17326e-05
1.18e-05
1.18024e-05
1.18025e-05
1.18025e-05
1.18025e-05
1.18025e-05
1.18025e-05
1.18025e-05
1.18025e-05
1.18025e-05
1.18025e-05
1.18025e-05
1.18025e-05
1.18025e-05
1.18025e-05
1.18025e-05
1.18025e-05
1.18025e-05
1.18025e-05
1.18025e-05
1.18025e-05
1.18025e-05
1.18025e-05
1.18025e-05
1.18025e-05
1.18025e-05
1.18025e-05
1.18025e-05
1.18025e-05
1.18025e-05
1.18025e-05
1.18025e-05
1.18025e-05
1.18025e-05
1.18025e-05
1.18025e-05
1.18025e-05
1.18025e-05
1.18025e-05
1.18025e-05
1.18025e-05
1.18025e-05
1.18025e-05
1.18025e-05
1.18025e-05
1.18025e-05
1.18025e-05
1.18025e-05
1.18025e-05
1.18025e-05
1.18025e-05
1.18025e-05
1.18025e-05
1.18025e-05
1.18025e-05
1.18025e-05
1.18025e-05
1.18025e-05
1.18025e-05
1.18025e-05
1.18025e-05
1.18025e-05
1.18025e-05
1.18025e-05
1.18025e-05
1.18025e-05
1.18025e-05
1.18025e-05
1.18025e-05
1.18025e-05
1.18021e-05
1.17995e-05
1.17983e-05
1.17996e-05
1.17997e-05
1.1737e-05
1.12089e-05
9.89526e-06
1.03558e-05
1.13196e-05
1.1653e-05
1.17611e-05
1.16055e-05
1.00192e-05
8.47851e-06
9.11169e-06
1.13456e-05
1.08851e-05
3.58582e-06
3.58933e-06
3.85635e-06
5.45988e-06
1.09387e-05
1.17944e-05
1.17121e-05
1.04303e-05
1.16862e-05
1.0808e-05
1.17075e-05
1.17963e-05
1.18022e-05
1.18025e-05
1.18025e-05
1.18025e-05
1.18025e-05
1.18025e-05
1.18025e-05
1.18025e-05
1.18025e-05
1.18025e-05
1.18025e-05
1.18025e-05
1.18025e-05
1.18025e-05
1.18025e-05
1.18025e-05
1.18025e-05
1.18025e-05
1.18025e-05
1.18025e-05
1.18025e-05
1.18025e-05
1.18025e-05
1.18025e-05
1.18025e-05
1.18025e-05
1.18025e-05
1.18025e-05
1.18025e-05
1.18025e-05
1.18025e-05
1.18025e-05
1.18025e-05
1.18025e-05
1.18025e-05
1.18025e-05
1.18025e-05
1.18025e-05
1.18025e-05
1.18025e-05
1.18025e-05
1.18025e-05
1.18025e-05
1.18025e-05
1.18025e-05
1.18025e-05
1.18025e-05
1.18025e-05
1.18025e-05
1.18025e-05
1.18025e-05
1.18025e-05
1.18025e-05
1.18025e-05
1.18025e-05
1.18025e-05
1.18025e-05
1.18025e-05
1.18025e-05
1.18025e-05
1.18025e-05
1.18025e-05
1.18025e-05
1.18025e-05
1.18025e-05
1.18025e-05
1.18025e-05
1.18025e-05
1.18025e-05
1.18025e-05
1.18025e-05
1.18025e-05
1.18024e-05
1.18024e-05
1.18024e-05
1.17996e-05
1.17745e-05
1.16481e-05
1.16833e-05
1.17492e-05
1.17873e-05
1.17987e-05
1.17722e-05
1.12915e-05
9.67228e-06
9.88055e-06
1.12563e-05
1.17565e-05
1.10901e-05
8.49323e-06
5.12492e-06
8.28905e-06
1.15291e-05
1.17968e-05
1.18011e-05
1.17325e-05
1.17956e-05
1.17796e-05
1.1801e-05
1.18024e-05
1.18025e-05
1.18025e-05
1.18025e-05
1.18025e-05
1.18025e-05
1.18025e-05
1.18025e-05
1.18025e-05
1.18025e-05
1.18025e-05
1.18025e-05
1.18025e-05
1.18025e-05
1.18025e-05
1.18025e-05
1.18025e-05
1.18025e-05
1.18025e-05
1.18025e-05
1.18025e-05
1.18025e-05
1.18025e-05
1.18025e-05
1.18025e-05
1.18025e-05
1.18025e-05
1.18025e-05
1.18025e-05
1.18025e-05
1.18025e-05
1.18025e-05
1.18025e-05
1.18025e-05
1.18025e-05
1.18025e-05
1.18025e-05
1.18025e-05
1.18025e-05
1.18025e-05
1.18025e-05
1.18025e-05
1.18025e-05
1.18025e-05
1.18025e-05
1.18025e-05
1.18025e-05
1.18025e-05
1.18025e-05
1.18025e-05
1.18025e-05
1.18025e-05
1.18025e-05
1.18025e-05
1.18025e-05
1.18025e-05
1.18025e-05
1.18025e-05
1.18025e-05
1.18025e-05
1.18025e-05
1.18025e-05
1.18025e-05
1.18025e-05
1.18025e-05
1.18025e-05
1.18025e-05
1.18025e-05
1.18025e-05
1.18025e-05
1.18025e-05
1.18025e-05
1.18025e-05
1.18025e-05
1.18025e-05
1.18025e-05
1.18024e-05
1.1802e-05
1.17989e-05
1.17996e-05
1.18012e-05
1.1802e-05
1.18023e-05
1.18013e-05
1.17897e-05
1.16858e-05
1.16762e-05
1.17557e-05
1.17933e-05
1.16682e-05
9.12551e-06
5.02496e-06
9.60499e-06
1.16781e-05
1.17963e-05
1.18022e-05
1.1801e-05
1.18024e-05
1.18022e-05
1.18025e-05
1.18025e-05
1.18025e-05
1.18025e-05
1.18025e-05
1.18025e-05
1.18025e-05
1.18025e-05
1.18025e-05
1.18025e-05
1.18025e-05
1.18025e-05
1.18025e-05
1.18025e-05
1.18025e-05
1.18025e-05
1.18025e-05
1.18025e-05
1.18025e-05
1.18025e-05
1.18025e-05
1.18025e-05
1.18025e-05
1.18025e-05
1.18025e-05
1.18025e-05
1.18025e-05
1.18025e-05
1.18025e-05
1.18025e-05
1.18025e-05
1.18025e-05
1.18025e-05
1.18025e-05
1.18025e-05
1.18025e-05
1.18025e-05
1.18025e-05
1.18025e-05
1.18025e-05
1.18025e-05
1.18025e-05
1.18025e-05
1.18025e-05
1.18025e-05
1.18025e-05
1.18025e-05
1.18025e-05
1.18025e-05
1.18025e-05
1.18025e-05
1.18025e-05
1.18025e-05
1.18025e-05
1.18025e-05
1.18025e-05
1.18025e-05
1.18025e-05
1.18025e-05
1.18025e-05
1.18025e-05
1.18025e-05
1.18025e-05
1.18025e-05
1.18025e-05
1.18025e-05
1.18025e-05
1.18025e-05
1.18025e-05
1.18025e-05
1.18025e-05
1.18025e-05
1.18025e-05
1.18025e-05
1.18025e-05
1.18025e-05
1.18025e-05
1.18025e-05
1.18025e-05
1.18025e-05
1.18025e-05
1.18025e-05
1.18025e-05
1.18025e-05
1.18025e-05
1.18024e-05
1.18016e-05
1.18003e-05
1.1802e-05
1.18021e-05
1.17794e-05
1.06423e-05
5.06216e-06
7.72314e-06
1.14263e-05
1.17844e-05
1.18017e-05
1.18024e-05
1.18025e-05
1.18025e-05
1.18025e-05
1.18025e-05
1.18025e-05
1.18025e-05
1.18025e-05
1.18025e-05
1.18025e-05
1.18025e-05
1.18025e-05
1.18025e-05
1.18025e-05
1.18025e-05
1.18025e-05
1.18025e-05
1.18025e-05
1.18025e-05
1.18025e-05
1.18025e-05
1.18025e-05
1.18025e-05
1.18025e-05
1.18025e-05
1.18025e-05
1.18025e-05
1.18025e-05
1.18025e-05
1.18025e-05
1.18025e-05
1.18025e-05
1.18025e-05
1.18025e-05
1.18025e-05
1.18025e-05
1.18025e-05
1.18025e-05
1.18025e-05
1.18025e-05
1.18025e-05
1.18025e-05
1.18025e-05
1.18025e-05
1.18025e-05
1.18025e-05
1.18025e-05
1.18025e-05
1.18025e-05
1.18025e-05
1.18025e-05
1.18025e-05
1.18025e-05
1.18025e-05
1.18025e-05
1.18025e-05
1.18025e-05
1.18025e-05
1.18025e-05
1.18025e-05
1.18025e-05
1.18025e-05
1.18025e-05
1.18025e-05
1.18025e-05
1.18025e-05
1.18025e-05
1.18025e-05
1.18025e-05
1.18025e-05
1.18025e-05
1.18025e-05
1.18025e-05
1.18025e-05
1.18025e-05
1.18025e-05
1.18025e-05
1.18025e-05
1.18025e-05
1.18025e-05
1.18025e-05
1.18025e-05
1.18025e-05
1.18025e-05
1.18025e-05
1.18025e-05
1.18025e-05
1.18025e-05
1.18025e-05
1.18025e-05
1.18025e-05
1.18025e-05
1.18025e-05
1.18004e-05
1.16853e-05
5.6796e-06
9.32955e-06
1.16403e-05
1.1796e-05
1.18023e-05
1.18025e-05
1.18025e-05
1.18025e-05
1.18025e-05
1.18025e-05
1.18025e-05
1.18025e-05
1.18025e-05
1.18025e-05
1.18025e-05
1.18025e-05
1.18025e-05
1.18025e-05
1.18025e-05
1.18025e-05
1.18025e-05
1.18025e-05
1.18025e-05
1.18025e-05
1.18025e-05
1.18025e-05
1.18025e-05
1.18025e-05
1.18025e-05
1.18025e-05
1.18025e-05
1.18025e-05
1.18025e-05
1.18025e-05
1.18025e-05
1.18025e-05
1.18025e-05
1.18025e-05
1.18025e-05
1.18025e-05
1.18025e-05
1.18025e-05
1.18025e-05
1.18025e-05
1.18025e-05
1.18025e-05
1.18025e-05
1.18025e-05
1.18025e-05
1.18025e-05
1.18025e-05
1.18025e-05
1.18025e-05
1.18025e-05
1.18025e-05
1.18025e-05
1.18025e-05
1.18025e-05
1.18025e-05
1.18025e-05
1.18025e-05
1.18025e-05
1.18025e-05
1.18025e-05
1.18025e-05
1.18025e-05
1.18025e-05
1.18025e-05
1.18025e-05
1.18025e-05
1.18025e-05
1.18025e-05
1.18025e-05
1.18025e-05
1.18025e-05
1.18025e-05
1.18025e-05
1.18025e-05
1.18025e-05
1.18025e-05
1.18025e-05
1.18025e-05
1.18025e-05
1.18025e-05
1.18025e-05
1.18025e-05
1.18025e-05
1.18025e-05
1.18025e-05
1.18025e-05
1.18025e-05
1.18025e-05
1.18025e-05
1.18025e-05
1.18025e-05
1.18025e-05
1.18025e-05
1.18025e-05
1.18024e-05
1.17987e-05
1.03547e-05
1.15125e-05
1.17745e-05
1.18014e-05
1.18025e-05
1.18025e-05
1.18025e-05
1.18025e-05
1.18025e-05
1.18025e-05
1.18025e-05
1.18025e-05
1.18025e-05
1.18025e-05
1.18025e-05
1.18025e-05
1.18025e-05
1.18025e-05
1.18025e-05
1.18025e-05
1.18025e-05
1.18025e-05
1.18025e-05
1.18025e-05
1.18025e-05
1.18025e-05
1.18025e-05
1.18025e-05
1.18025e-05
1.18025e-05
1.18025e-05
1.18025e-05
1.18025e-05
1.18025e-05
1.18025e-05
1.18025e-05
1.18025e-05
1.18025e-05
1.18025e-05
1.18025e-05
1.18025e-05
1.18025e-05
1.18025e-05
1.18025e-05
1.18025e-05
1.18025e-05
1.18025e-05
1.18025e-05
1.18025e-05
1.18025e-05
1.18025e-05
1.18025e-05
1.18025e-05
1.18025e-05
1.18025e-05
1.18025e-05
1.18025e-05
1.18025e-05
1.18025e-05
1.18025e-05
1.18025e-05
1.18025e-05
1.18025e-05
1.18025e-05
1.18025e-05
1.18025e-05
1.18025e-05
1.18025e-05
1.18025e-05
1.18025e-05
1.18025e-05
1.18025e-05
1.18025e-05
1.18025e-05
1.18025e-05
1.18025e-05
1.18025e-05
1.18025e-05
1.18025e-05
1.18025e-05
1.18025e-05
1.18025e-05
1.18025e-05
1.18025e-05
1.18025e-05
1.18025e-05
1.18025e-05
1.18025e-05
1.18025e-05
1.18025e-05
1.18025e-05
1.18025e-05
1.18025e-05
1.18025e-05
1.18025e-05
1.18025e-05
1.18025e-05
1.18025e-05
1.18025e-05
1.18024e-05
1.17767e-05
1.17982e-05
1.18018e-05
1.18024e-05
1.18025e-05
1.18025e-05
1.18025e-05
1.18025e-05
1.18025e-05
1.18025e-05
1.18025e-05
1.18025e-05
1.18025e-05
1.18025e-05
1.18025e-05
1.18025e-05
1.18025e-05
1.18025e-05
1.18025e-05
1.18025e-05
1.18025e-05
1.18025e-05
1.18025e-05
1.18025e-05
1.18025e-05
1.18025e-05
1.18025e-05
1.18025e-05
1.18025e-05
1.18025e-05
1.18025e-05
1.18025e-05
1.18025e-05
1.18025e-05
1.18025e-05
1.18025e-05
1.18025e-05
1.18025e-05
1.18025e-05
1.18025e-05
1.18025e-05
1.18025e-05
1.18025e-05
1.18025e-05
1.18025e-05
1.18025e-05
1.18025e-05
1.18025e-05
1.18025e-05
1.18025e-05
1.18025e-05
1.18025e-05
1.18025e-05
1.18025e-05
1.18025e-05
1.18025e-05
1.18025e-05
1.18025e-05
1.18025e-05
1.18025e-05
1.18025e-05
1.18025e-05
1.18025e-05
1.18025e-05
1.18025e-05
1.18025e-05
1.18025e-05
1.18025e-05
1.18025e-05
1.18025e-05
1.18025e-05
1.18025e-05
1.18025e-05
1.18025e-05
1.18025e-05
1.18025e-05
1.18025e-05
1.18025e-05
1.18025e-05
1.18025e-05
1.18025e-05
1.18025e-05
1.18025e-05
1.18025e-05
1.18025e-05
1.18025e-05
1.18025e-05
1.18025e-05
1.18025e-05
1.18025e-05
1.18025e-05
1.18025e-05
1.18025e-05
1.18025e-05
1.18025e-05
1.18025e-05
1.18025e-05
1.18025e-05
1.18025e-05
1.18025e-05
1.18024e-05
1.18025e-05
1.18025e-05
1.18025e-05
1.18025e-05
1.18025e-05
1.18025e-05
1.18025e-05
1.18025e-05
1.18025e-05
1.18025e-05
1.18025e-05
1.18025e-05
1.18025e-05
1.18025e-05
1.18025e-05
1.18025e-05
1.18025e-05
1.18025e-05
1.18025e-05
1.18025e-05
1.18025e-05
1.18025e-05
1.18025e-05
1.18025e-05
1.18025e-05
1.18025e-05
1.18025e-05
1.18025e-05
1.18025e-05
1.18025e-05
1.18025e-05
1.18025e-05
1.18025e-05
)
;

boundaryField
{
    AXIS
    {
        type            empty;
    }
    OUTLET
    {
        type            calculated;
        value           nonuniform List<scalar> 
50
(
1.18025e-05
1.18025e-05
1.18025e-05
1.18025e-05
1.18025e-05
1.18025e-05
1.18025e-05
1.18025e-05
1.18025e-05
1.18025e-05
1.18025e-05
1.18025e-05
1.18025e-05
1.18025e-05
1.18025e-05
1.18025e-05
1.18025e-05
1.18025e-05
1.18025e-05
1.18025e-05
1.18025e-05
1.18025e-05
1.18025e-05
1.18025e-05
1.18025e-05
1.18025e-05
1.18025e-05
1.18025e-05
1.18025e-05
1.18025e-05
1.18025e-05
1.18025e-05
1.18025e-05
1.18025e-05
1.18025e-05
1.18025e-05
1.18025e-05
1.18025e-05
1.18025e-05
1.18025e-05
1.18025e-05
1.18025e-05
1.18025e-05
1.18025e-05
1.18025e-05
1.18025e-05
1.18025e-05
1.18025e-05
1.18025e-05
1.18025e-05
)
;
    }
    COFLOW
    {
        type            calculated;
        value           nonuniform List<scalar> 
30
(
1.18025e-05
1.18025e-05
1.18025e-05
1.18025e-05
1.18025e-05
1.18025e-05
1.18025e-05
1.18025e-05
1.18025e-05
1.18025e-05
1.18025e-05
1.18025e-05
1.18025e-05
1.18025e-05
1.18025e-05
1.18025e-05
1.18025e-05
1.18025e-05
1.18025e-05
1.18025e-05
1.18025e-05
1.18025e-05
1.18025e-05
1.18025e-05
1.18025e-05
1.18025e-05
1.18025e-05
1.18025e-05
1.18025e-05
1.18025e-05
)
;
    }
    PILOT
    {
        type            calculated;
        value           nonuniform List<scalar> 10(1.91045e-06 1.60285e-06 1.56878e-06 1.56802e-06 1.56801e-06 1.56801e-06 1.56801e-06 1.56803e-06 1.56891e-06 1.61585e-06);
    }
    FUEL
    {
        type            calculated;
        value           nonuniform List<scalar> 10(1.04958e-05 1.04958e-05 1.04958e-05 1.04958e-05 1.04958e-05 1.04958e-05 1.04958e-05 1.04958e-05 1.04958e-05 1.04958e-05);
    }
    WALL
    {
        type            calculated;
        value           nonuniform List<scalar> 
100
(
1.18025e-05
1.18025e-05
1.18025e-05
1.18025e-05
1.18025e-05
1.18025e-05
1.18025e-05
1.18025e-05
1.18025e-05
1.18025e-05
1.18025e-05
1.18025e-05
1.18025e-05
1.18025e-05
1.18025e-05
1.18025e-05
1.18025e-05
1.18025e-05
1.18025e-05
1.18025e-05
1.18025e-05
1.18025e-05
1.18025e-05
1.18025e-05
1.18025e-05
1.18025e-05
1.18025e-05
1.18025e-05
1.18025e-05
1.18025e-05
1.18025e-05
1.18025e-05
1.18025e-05
1.18025e-05
1.18025e-05
1.18025e-05
1.18025e-05
1.18025e-05
1.18025e-05
1.18025e-05
1.18025e-05
1.18025e-05
1.18025e-05
1.18025e-05
1.18025e-05
1.18025e-05
1.18025e-05
1.18025e-05
1.18025e-05
1.18025e-05
1.18025e-05
1.18025e-05
1.18025e-05
1.18025e-05
1.18025e-05
1.18025e-05
1.18025e-05
1.18025e-05
1.18025e-05
1.18025e-05
1.18025e-05
1.18025e-05
1.18025e-05
1.18025e-05
1.18025e-05
1.18025e-05
1.18024e-05
1.18025e-05
1.18025e-05
1.18025e-05
1.18025e-05
1.18025e-05
1.18025e-05
1.18025e-05
1.18025e-05
1.18025e-05
1.18025e-05
1.18025e-05
1.18025e-05
1.18025e-05
1.18025e-05
1.18025e-05
1.18025e-05
1.18025e-05
1.18025e-05
1.18025e-05
1.18025e-05
1.18025e-05
1.18025e-05
1.18025e-05
1.18025e-05
1.18025e-05
1.18025e-05
1.18025e-05
1.18025e-05
1.18025e-05
1.18025e-05
1.18025e-05
1.18025e-05
1.18025e-05
)
;
    }
    front
    {
        type            wedge;
    }
    back
    {
        type            wedge;
    }
}


// ************************************************************************* //
