/*--------------------------------*- C++ -*----------------------------------*\
| =========                 |                                                 |
| \\      /  F ield         | OpenFOAM: The Open Source CFD Toolbox           |
|  \\    /   O peration     | Version:  2.3.0                                 |
|   \\  /    A nd           | Web:      www.OpenFOAM.org                      |
|    \\/     M anipulation  |                                                 |
\*---------------------------------------------------------------------------*/
FoamFile
{
    version     2.0;
    format      ascii;
    class       volScalarField;
    location    "0.01";
    object      thermo:alpha;
}
// * * * * * * * * * * * * * * * * * * * * * * * * * * * * * * * * * * * * * //

dimensions      [1 -1 -1 0 0 0 0];

internalField   nonuniform List<scalar> 
5000
(
2.61542e-05
2.61542e-05
2.61542e-05
2.61542e-05
2.61542e-05
2.61542e-05
2.61542e-05
2.61542e-05
2.61542e-05
2.61542e-05
2.61542e-05
2.61542e-05
2.61542e-05
2.61542e-05
2.61542e-05
2.61542e-05
2.61542e-05
2.61542e-05
2.61542e-05
2.61542e-05
2.61542e-05
2.61542e-05
2.61542e-05
2.61542e-05
2.61542e-05
2.61542e-05
2.61542e-05
2.61542e-05
2.61542e-05
2.61542e-05
2.61542e-05
2.61542e-05
2.61542e-05
2.61542e-05
2.61542e-05
2.61542e-05
2.61542e-05
2.61542e-05
2.61542e-05
2.61542e-05
2.61542e-05
2.61542e-05
2.61543e-05
2.61544e-05
2.61545e-05
2.61545e-05
2.61545e-05
2.61544e-05
2.61544e-05
2.61544e-05
2.61544e-05
2.61544e-05
2.61545e-05
2.61546e-05
2.61546e-05
2.61545e-05
2.61544e-05
2.61543e-05
2.61543e-05
2.61543e-05
2.61544e-05
2.61545e-05
2.61547e-05
2.61548e-05
2.61548e-05
2.61548e-05
2.61547e-05
2.61548e-05
2.6155e-05
2.61554e-05
2.61561e-05
2.61574e-05
2.61597e-05
2.61645e-05
2.61812e-05
2.62351e-05
2.63456e-05
2.65236e-05
2.67732e-05
2.7085e-05
2.74461e-05
2.78655e-05
2.83046e-05
2.86723e-05
2.88597e-05
2.90917e-05
2.99163e-05
3.30119e-05
4.29792e-05
6.70768e-05
9.7986e-05
3.10798e-05
2.64062e-05
2.62788e-05
2.62756e-05
2.62756e-05
2.62756e-05
2.62756e-05
2.62756e-05
2.62756e-05
2.61542e-05
2.61542e-05
2.61542e-05
2.61542e-05
2.61542e-05
2.61542e-05
2.61542e-05
2.61542e-05
2.61542e-05
2.61542e-05
2.61542e-05
2.61542e-05
2.61542e-05
2.61542e-05
2.61542e-05
2.61542e-05
2.61542e-05
2.61542e-05
2.61542e-05
2.61542e-05
2.61542e-05
2.61542e-05
2.61542e-05
2.61542e-05
2.61542e-05
2.61542e-05
2.61542e-05
2.61542e-05
2.61542e-05
2.61542e-05
2.61542e-05
2.61542e-05
2.61542e-05
2.61542e-05
2.61542e-05
2.61542e-05
2.61542e-05
2.61542e-05
2.61543e-05
2.61544e-05
2.61549e-05
2.61559e-05
2.61577e-05
2.61609e-05
2.61649e-05
2.6167e-05
2.61657e-05
2.61634e-05
2.61613e-05
2.61598e-05
2.61592e-05
2.61602e-05
2.61629e-05
2.61663e-05
2.6167e-05
2.61641e-05
2.61609e-05
2.61588e-05
2.61579e-05
2.61584e-05
2.61606e-05
2.6165e-05
2.61707e-05
2.61753e-05
2.61749e-05
2.61713e-05
2.6168e-05
2.6167e-05
2.61684e-05
2.61718e-05
2.6176e-05
2.61809e-05
2.61894e-05
2.62058e-05
2.62371e-05
2.6344e-05
2.66286e-05
2.71115e-05
2.77977e-05
2.86323e-05
2.9537e-05
3.0493e-05
3.13929e-05
3.24725e-05
3.38428e-05
3.42764e-05
3.42861e-05
3.63512e-05
4.54728e-05
6.7739e-05
9.86554e-05
3.46546e-05
2.64962e-05
2.62806e-05
2.62757e-05
2.62756e-05
2.62756e-05
2.62756e-05
2.62756e-05
2.62756e-05
2.61542e-05
2.61542e-05
2.61542e-05
2.61542e-05
2.61542e-05
2.61542e-05
2.61542e-05
2.61542e-05
2.61542e-05
2.61542e-05
2.61542e-05
2.61542e-05
2.61542e-05
2.61542e-05
2.61542e-05
2.61542e-05
2.61542e-05
2.61542e-05
2.61542e-05
2.61542e-05
2.61542e-05
2.61542e-05
2.61542e-05
2.61542e-05
2.61542e-05
2.61542e-05
2.61542e-05
2.61542e-05
2.61542e-05
2.61542e-05
2.61542e-05
2.61542e-05
2.61542e-05
2.61542e-05
2.61542e-05
2.61542e-05
2.61543e-05
2.61544e-05
2.61548e-05
2.6156e-05
2.61604e-05
2.6175e-05
2.62206e-05
2.63265e-05
2.64781e-05
2.65815e-05
2.6529e-05
2.64344e-05
2.63565e-05
2.63017e-05
2.62702e-05
2.62781e-05
2.633e-05
2.64207e-05
2.64633e-05
2.63966e-05
2.63183e-05
2.62644e-05
2.62353e-05
2.62381e-05
2.6277e-05
2.63777e-05
2.65234e-05
2.66504e-05
2.66354e-05
2.65341e-05
2.64348e-05
2.63796e-05
2.6366e-05
2.63925e-05
2.64392e-05
2.64614e-05
2.64426e-05
2.64113e-05
2.64055e-05
2.65286e-05
2.69413e-05
2.77253e-05
2.88445e-05
3.0187e-05
3.16445e-05
3.3135e-05
3.44411e-05
3.57052e-05
3.75148e-05
3.92794e-05
3.94402e-05
4.06842e-05
4.95832e-05
7.12576e-05
9.62596e-05
3.15604e-05
2.64234e-05
2.62791e-05
2.62756e-05
2.62756e-05
2.62756e-05
2.62756e-05
2.62756e-05
2.62756e-05
2.61542e-05
2.61542e-05
2.61542e-05
2.61542e-05
2.61542e-05
2.61542e-05
2.61542e-05
2.61542e-05
2.61542e-05
2.61542e-05
2.61542e-05
2.61542e-05
2.61542e-05
2.61542e-05
2.61542e-05
2.61542e-05
2.61542e-05
2.61542e-05
2.61542e-05
2.61542e-05
2.61542e-05
2.61542e-05
2.61542e-05
2.61542e-05
2.61542e-05
2.61542e-05
2.61542e-05
2.61542e-05
2.61542e-05
2.61542e-05
2.61542e-05
2.61542e-05
2.61542e-05
2.61543e-05
2.61544e-05
2.61545e-05
2.61548e-05
2.61554e-05
2.61567e-05
2.61607e-05
2.61765e-05
2.62299e-05
2.64043e-05
2.69091e-05
2.80536e-05
2.95744e-05
2.99374e-05
2.9605e-05
2.8709e-05
2.75808e-05
2.69344e-05
2.68697e-05
2.70732e-05
2.791e-05
2.9051e-05
2.90282e-05
2.83674e-05
2.75376e-05
2.69015e-05
2.6602e-05
2.66892e-05
2.727e-05
2.8795e-05
3.1062e-05
3.19311e-05
3.12747e-05
2.97075e-05
2.8456e-05
2.77007e-05
2.74542e-05
2.76149e-05
2.79292e-05
2.78593e-05
2.73821e-05
2.68768e-05
2.69137e-05
2.72988e-05
2.8238e-05
2.96455e-05
3.13758e-05
3.3216e-05
3.50695e-05
3.66641e-05
3.80663e-05
3.99092e-05
4.21464e-05
4.30301e-05
4.475e-05
5.39422e-05
7.46778e-05
8.8634e-05
2.97633e-05
2.6377e-05
2.6278e-05
2.62756e-05
2.62756e-05
2.62756e-05
2.62756e-05
2.62756e-05
2.62756e-05
2.61542e-05
2.61542e-05
2.61542e-05
2.61542e-05
2.61542e-05
2.61542e-05
2.61542e-05
2.61542e-05
2.61542e-05
2.61542e-05
2.61542e-05
2.61542e-05
2.61542e-05
2.61542e-05
2.61542e-05
2.61542e-05
2.61542e-05
2.61542e-05
2.61542e-05
2.61542e-05
2.61542e-05
2.61542e-05
2.61542e-05
2.61542e-05
2.61542e-05
2.61542e-05
2.61542e-05
2.61544e-05
2.61548e-05
2.61554e-05
2.61557e-05
2.61555e-05
2.61556e-05
2.61561e-05
2.61567e-05
2.61571e-05
2.61579e-05
2.61598e-05
2.61638e-05
2.61736e-05
2.62169e-05
2.6358e-05
2.67726e-05
2.7709e-05
2.93453e-05
3.16538e-05
3.37905e-05
3.40726e-05
3.3544e-05
3.17683e-05
2.93537e-05
2.85242e-05
2.87511e-05
2.9956e-05
3.27e-05
3.46556e-05
3.42662e-05
3.24227e-05
2.9273e-05
2.75925e-05
2.77031e-05
2.88542e-05
3.16176e-05
3.5836e-05
4.02452e-05
4.20904e-05
4.1537e-05
3.87995e-05
3.39293e-05
3.08346e-05
2.9931e-05
2.99674e-05
2.99011e-05
2.9314e-05
2.80668e-05
2.76384e-05
2.78715e-05
2.87439e-05
3.03166e-05
3.23519e-05
3.45305e-05
3.67136e-05
3.85867e-05
4.01455e-05
4.20222e-05
4.43872e-05
4.57387e-05
4.83466e-05
5.80263e-05
7.72919e-05
7.54107e-05
2.85869e-05
2.63416e-05
2.62771e-05
2.62756e-05
2.62756e-05
2.62756e-05
2.62756e-05
2.62756e-05
2.62756e-05
2.61542e-05
2.61542e-05
2.61542e-05
2.61542e-05
2.61542e-05
2.61542e-05
2.61542e-05
2.61542e-05
2.61542e-05
2.61542e-05
2.61542e-05
2.61542e-05
2.61542e-05
2.61542e-05
2.61542e-05
2.61542e-05
2.61542e-05
2.61542e-05
2.61543e-05
2.61548e-05
2.61557e-05
2.61561e-05
2.61553e-05
2.61548e-05
2.61546e-05
2.61549e-05
2.61564e-05
2.61607e-05
2.61705e-05
2.61842e-05
2.61901e-05
2.6183e-05
2.61785e-05
2.61814e-05
2.61851e-05
2.61861e-05
2.6187e-05
2.61885e-05
2.61942e-05
2.62094e-05
2.62753e-05
2.65013e-05
2.70969e-05
2.82715e-05
3.00369e-05
3.2362e-05
3.51002e-05
3.72947e-05
3.75574e-05
3.69326e-05
3.49435e-05
3.27573e-05
3.26403e-05
3.36976e-05
3.68825e-05
4.11205e-05
4.14302e-05
3.99415e-05
3.51248e-05
2.99547e-05
2.92631e-05
3.02618e-05
3.32142e-05
3.77908e-05
4.31333e-05
4.85323e-05
5.27579e-05
5.34602e-05
5.20149e-05
4.64305e-05
3.82221e-05
3.41285e-05
3.28411e-05
3.17207e-05
2.99533e-05
2.86909e-05
2.87252e-05
2.93831e-05
3.0955e-05
3.32159e-05
3.57337e-05
3.83167e-05
4.05306e-05
4.22908e-05
4.4276e-05
4.67447e-05
4.8345e-05
5.16457e-05
6.17043e-05
8.14738e-05
6.25003e-05
2.77339e-05
2.63155e-05
2.62765e-05
2.62756e-05
2.62756e-05
2.62756e-05
2.62756e-05
2.62756e-05
2.62756e-05
2.61542e-05
2.61542e-05
2.61542e-05
2.61542e-05
2.61542e-05
2.61544e-05
2.61545e-05
2.61546e-05
2.61544e-05
2.61543e-05
2.61542e-05
2.61543e-05
2.61545e-05
2.61551e-05
2.61562e-05
2.61561e-05
2.61556e-05
2.6156e-05
2.61594e-05
2.61717e-05
2.61945e-05
2.62087e-05
2.61913e-05
2.61769e-05
2.61688e-05
2.61706e-05
2.61942e-05
2.62624e-05
2.64124e-05
2.66606e-05
2.68114e-05
2.66789e-05
2.65364e-05
2.64909e-05
2.64766e-05
2.64444e-05
2.64259e-05
2.64003e-05
2.63657e-05
2.63337e-05
2.63918e-05
2.66764e-05
2.74041e-05
2.87642e-05
3.0765e-05
3.32832e-05
3.60162e-05
3.88194e-05
4.12249e-05
4.19605e-05
4.18244e-05
4.1124e-05
4.10096e-05
4.20259e-05
4.5339e-05
5.05971e-05
5.18824e-05
5.04256e-05
4.46107e-05
3.49619e-05
3.13298e-05
3.1993e-05
3.47447e-05
3.94809e-05
4.52684e-05
5.15165e-05
5.77982e-05
6.24639e-05
6.27476e-05
6.07095e-05
5.51129e-05
4.71531e-05
4.00794e-05
3.59939e-05
3.27622e-05
3.01496e-05
2.97766e-05
3.02449e-05
3.17192e-05
3.41289e-05
3.69721e-05
3.99919e-05
4.25642e-05
4.45305e-05
4.66451e-05
4.92472e-05
5.09927e-05
5.45716e-05
6.54476e-05
8.7778e-05
5.12003e-05
2.71547e-05
2.62992e-05
2.62761e-05
2.62756e-05
2.62756e-05
2.62756e-05
2.62756e-05
2.62756e-05
2.62756e-05
2.61542e-05
2.61543e-05
2.61544e-05
2.6155e-05
2.61575e-05
2.61643e-05
2.6175e-05
2.61792e-05
2.617e-05
2.61624e-05
2.61595e-05
2.61605e-05
2.61686e-05
2.61954e-05
2.6239e-05
2.62457e-05
2.62192e-05
2.6214e-05
2.62582e-05
2.64252e-05
2.67649e-05
2.71503e-05
2.69576e-05
2.66735e-05
2.64739e-05
2.6384e-05
2.64559e-05
2.6735e-05
2.7658e-05
3.05483e-05
3.44012e-05
3.38598e-05
3.19382e-05
3.07615e-05
2.98805e-05
2.86734e-05
2.79842e-05
2.75551e-05
2.71678e-05
2.67349e-05
2.67032e-05
2.69903e-05
2.78891e-05
2.96052e-05
3.22547e-05
3.5577e-05
3.88402e-05
4.15639e-05
4.39746e-05
4.62008e-05
4.81619e-05
4.95418e-05
5.05889e-05
5.22908e-05
5.55686e-05
6.05519e-05
6.36003e-05
6.27135e-05
5.73982e-05
4.43071e-05
3.44754e-05
3.43835e-05
3.66675e-05
4.15585e-05
4.79171e-05
5.4818e-05
6.17601e-05
6.76268e-05
6.88712e-05
6.78193e-05
6.44685e-05
6.007e-05
5.52827e-05
4.8074e-05
3.9335e-05
3.25662e-05
3.09189e-05
3.12773e-05
3.26678e-05
3.51759e-05
3.83203e-05
4.17743e-05
4.47132e-05
4.6886e-05
4.91684e-05
5.18931e-05
5.36836e-05
5.75369e-05
6.91568e-05
9.36528e-05
4.30633e-05
2.68251e-05
2.62903e-05
2.62759e-05
2.62756e-05
2.62756e-05
2.62756e-05
2.62756e-05
2.62756e-05
2.62756e-05
2.61698e-05
2.61778e-05
2.61729e-05
2.61836e-05
2.6241e-05
2.64106e-05
2.67253e-05
2.70001e-05
2.68288e-05
2.65431e-05
2.64164e-05
2.64287e-05
2.66537e-05
2.7257e-05
2.84358e-05
2.91675e-05
2.84409e-05
2.78829e-05
2.78635e-05
2.86842e-05
3.05918e-05
3.6384e-05
3.7999e-05
3.4472e-05
3.13105e-05
2.93158e-05
2.79313e-05
2.83616e-05
3.09979e-05
3.77735e-05
4.88541e-05
5.70521e-05
5.58088e-05
5.42795e-05
5.29424e-05
4.81185e-05
3.99319e-05
3.40695e-05
3.05162e-05
2.78326e-05
2.72985e-05
2.76061e-05
2.87009e-05
3.09194e-05
3.44257e-05
3.87888e-05
4.30383e-05
4.62509e-05
4.87134e-05
5.10072e-05
5.34365e-05
5.57814e-05
5.78764e-05
6.03817e-05
6.39738e-05
6.84758e-05
7.21351e-05
7.20773e-05
6.86249e-05
5.59967e-05
3.99761e-05
3.74393e-05
3.91886e-05
4.40878e-05
5.11134e-05
5.87746e-05
6.62937e-05
7.27538e-05
7.40315e-05
7.19715e-05
7.00682e-05
7.06732e-05
7.02447e-05
6.49387e-05
5.36503e-05
3.87805e-05
3.25312e-05
3.25716e-05
3.37955e-05
3.63487e-05
3.9762e-05
4.36417e-05
4.69541e-05
4.93544e-05
5.18038e-05
5.46665e-05
5.64643e-05
6.05238e-05
7.2724e-05
9.75915e-05
3.75437e-05
2.66333e-05
2.62853e-05
2.62758e-05
2.62756e-05
2.62756e-05
2.62756e-05
2.62756e-05
2.62756e-05
2.62756e-05
2.70203e-05
2.81361e-05
2.77999e-05
2.75113e-05
2.79642e-05
2.95768e-05
3.37319e-05
4.05167e-05
4.21705e-05
3.6993e-05
3.3639e-05
3.11054e-05
3.13408e-05
3.46977e-05
4.43816e-05
5.40015e-05
5.35039e-05
4.88643e-05
4.2231e-05
3.8703e-05
4.14188e-05
5.20792e-05
6.33767e-05
6.20517e-05
5.35632e-05
4.17419e-05
3.174e-05
3.17795e-05
3.51446e-05
4.35567e-05
5.66558e-05
6.88051e-05
7.23947e-05
7.62777e-05
7.76229e-05
7.55733e-05
6.95114e-05
5.63427e-05
4.08931e-05
3.04744e-05
2.83976e-05
2.87128e-05
3.00301e-05
3.28697e-05
3.73362e-05
4.28897e-05
4.8248e-05
5.20025e-05
5.4465e-05
5.65986e-05
5.89563e-05
6.13862e-05
6.38888e-05
6.71943e-05
7.07553e-05
7.32923e-05
7.52607e-05
7.52515e-05
7.34611e-05
6.56076e-05
4.81879e-05
4.13803e-05
4.26158e-05
4.73411e-05
5.47646e-05
6.29981e-05
7.10443e-05
7.75081e-05
8.03233e-05
8.18348e-05
8.30031e-05
8.6814e-05
8.95756e-05
8.6741e-05
7.24029e-05
5.16281e-05
3.57129e-05
3.42815e-05
3.51963e-05
3.76789e-05
4.13349e-05
4.56711e-05
4.94088e-05
5.1991e-05
5.45877e-05
5.76738e-05
5.93798e-05
6.34609e-05
7.58301e-05
9.80958e-05
3.3937e-05
2.65199e-05
2.62823e-05
2.62757e-05
2.62756e-05
2.62756e-05
2.62756e-05
2.62756e-05
2.62756e-05
2.62756e-05
9.01776e-05
9.05672e-05
7.48185e-05
5.44618e-05
5.16748e-05
5.53832e-05
6.77063e-05
8.5402e-05
8.78957e-05
8.02826e-05
6.01152e-05
4.22748e-05
4.2166e-05
4.9148e-05
6.2853e-05
8.18881e-05
8.48884e-05
8.1216e-05
6.68096e-05
5.52374e-05
5.63458e-05
6.50916e-05
8.15719e-05
8.40719e-05
7.84793e-05
6.06728e-05
4.21248e-05
3.75032e-05
4.02903e-05
4.90628e-05
6.29528e-05
7.45511e-05
8.36589e-05
8.93692e-05
9.04717e-05
8.89819e-05
8.62878e-05
7.8044e-05
6.06966e-05
3.91377e-05
3.05761e-05
3.0617e-05
3.20564e-05
3.5505e-05
4.10655e-05
4.81529e-05
5.48448e-05
5.88395e-05
6.09642e-05
6.25488e-05
6.42781e-05
6.63488e-05
6.9218e-05
7.33315e-05
7.42418e-05
7.3198e-05
7.23037e-05
7.31414e-05
7.27453e-05
6.90267e-05
5.49863e-05
4.61372e-05
4.68874e-05
5.14256e-05
5.91472e-05
6.79875e-05
7.60423e-05
8.241e-05
8.87706e-05
9.20711e-05
9.41432e-05
9.67495e-05
9.78157e-05
9.73159e-05
9.14196e-05
6.52482e-05
4.17289e-05
3.63986e-05
3.69758e-05
3.92423e-05
4.3051e-05
4.7886e-05
5.20991e-05
5.48524e-05
5.76405e-05
6.09382e-05
6.23978e-05
6.63401e-05
7.8601e-05
9.58788e-05
3.15429e-05
2.64466e-05
2.62802e-05
2.62757e-05
2.62756e-05
2.62756e-05
2.62756e-05
2.62756e-05
2.62756e-05
2.62756e-05
0.00010017
9.8776e-05
9.6499e-05
8.42411e-05
7.90384e-05
8.31596e-05
9.4517e-05
9.77873e-05
9.78141e-05
8.87585e-05
6.60148e-05
5.58727e-05
5.64347e-05
6.33764e-05
8.2179e-05
9.53477e-05
9.50634e-05
8.63266e-05
7.42662e-05
6.49922e-05
6.97296e-05
8.51813e-05
9.10933e-05
9.0062e-05
8.85205e-05
8.03781e-05
5.813e-05
4.54995e-05
4.74689e-05
5.62156e-05
6.89492e-05
8.29902e-05
9.33295e-05
9.59995e-05
9.49989e-05
9.06326e-05
8.22901e-05
8.03723e-05
7.48073e-05
5.28263e-05
3.52703e-05
3.37879e-05
3.51342e-05
3.91133e-05
4.59871e-05
5.48249e-05
6.26109e-05
6.62302e-05
6.69967e-05
6.74315e-05
6.83096e-05
7.05497e-05
7.48484e-05
7.56551e-05
7.2015e-05
6.56397e-05
6.50177e-05
6.70575e-05
6.9443e-05
6.74962e-05
5.81566e-05
5.09961e-05
5.17208e-05
5.63865e-05
6.45674e-05
7.36073e-05
8.07013e-05
8.79774e-05
9.44491e-05
9.753e-05
9.84526e-05
9.90052e-05
9.9794e-05
0.000100054
9.77855e-05
8.06663e-05
5.09494e-05
3.91033e-05
3.91646e-05
4.11145e-05
4.50021e-05
5.03688e-05
5.50704e-05
5.804e-05
6.09983e-05
6.44683e-05
6.55376e-05
6.92857e-05
8.08019e-05
8.92538e-05
2.99632e-05
2.63958e-05
2.62788e-05
2.62756e-05
2.62756e-05
2.62756e-05
2.62756e-05
2.62756e-05
2.62756e-05
2.62756e-05
0.000100264
0.000100479
9.91012e-05
9.72541e-05
9.71148e-05
9.7386e-05
9.94425e-05
0.000100497
9.96317e-05
9.55898e-05
7.96605e-05
7.05842e-05
7.17856e-05
8.33267e-05
9.68469e-05
9.9066e-05
9.83506e-05
9.09006e-05
8.09152e-05
8.1902e-05
9.03507e-05
9.56914e-05
9.25329e-05
7.7859e-05
7.30285e-05
7.26747e-05
6.16943e-05
5.25966e-05
5.52272e-05
6.41839e-05
7.70539e-05
9.28586e-05
9.83385e-05
9.89506e-05
9.6271e-05
8.55145e-05
7.28812e-05
7.09675e-05
7.02633e-05
6.07935e-05
4.2599e-05
3.83285e-05
3.95809e-05
4.40454e-05
5.2309e-05
6.24438e-05
6.98901e-05
7.11865e-05
7.10124e-05
7.09968e-05
7.19929e-05
7.56733e-05
7.81911e-05
7.57799e-05
6.47745e-05
5.96276e-05
6.01195e-05
6.2894e-05
6.6159e-05
6.52485e-05
5.90816e-05
5.53413e-05
5.66122e-05
6.20305e-05
7.05888e-05
7.86029e-05
8.57438e-05
9.31156e-05
9.8077e-05
9.87693e-05
9.87037e-05
9.90215e-05
9.96182e-05
0.000100894
9.89595e-05
8.83339e-05
5.84052e-05
4.2096e-05
4.16311e-05
4.33102e-05
4.72612e-05
5.31667e-05
5.84618e-05
6.15934e-05
6.46637e-05
6.8317e-05
6.88019e-05
7.23756e-05
8.27539e-05
7.91931e-05
2.88978e-05
2.63585e-05
2.62777e-05
2.62756e-05
2.62756e-05
2.62756e-05
2.62756e-05
2.62756e-05
2.62756e-05
2.62756e-05
0.000100137
0.000100215
0.000100393
0.000100488
0.000100468
0.000100491
0.000100502
0.000100559
0.000100502
9.87671e-05
9.59068e-05
9.08436e-05
9.23927e-05
9.72326e-05
9.89382e-05
0.000100234
9.95824e-05
9.77799e-05
9.65867e-05
9.69601e-05
9.81926e-05
9.87601e-05
9.17763e-05
7.35654e-05
6.34793e-05
6.15023e-05
5.85786e-05
5.81547e-05
6.31901e-05
7.22469e-05
8.85924e-05
9.79686e-05
0.000100005
0.000100122
9.59848e-05
8.08728e-05
7.04068e-05
6.76179e-05
6.71017e-05
6.28121e-05
4.96007e-05
4.40083e-05
4.52694e-05
5.05525e-05
6.01524e-05
7.03186e-05
7.53582e-05
7.53634e-05
7.45665e-05
7.45643e-05
7.63588e-05
8.04188e-05
8.10196e-05
7.42124e-05
6.07771e-05
5.75901e-05
5.81668e-05
6.091e-05
6.36479e-05
6.29793e-05
5.96557e-05
5.91222e-05
6.1521e-05
6.80582e-05
7.61423e-05
8.34326e-05
9.10947e-05
9.73515e-05
9.83159e-05
9.68356e-05
9.64445e-05
9.67967e-05
9.83264e-05
0.000100821
9.86762e-05
8.91212e-05
6.25737e-05
4.48621e-05
4.41655e-05
4.57366e-05
4.98408e-05
5.63473e-05
6.23074e-05
6.55574e-05
6.87072e-05
7.2176e-05
7.20939e-05
7.56085e-05
8.4885e-05
6.71301e-05
2.80482e-05
2.633e-05
2.62769e-05
2.62756e-05
2.62756e-05
2.62756e-05
2.62756e-05
2.62756e-05
2.62756e-05
2.62756e-05
0.000100124
0.00010013
0.000100147
0.000100166
0.00010018
0.000100178
0.000100178
0.000100215
0.000100324
0.000100246
9.89872e-05
9.79624e-05
9.82808e-05
9.93659e-05
9.96923e-05
9.93752e-05
9.91876e-05
9.85274e-05
9.80689e-05
9.82931e-05
9.97466e-05
9.98576e-05
9.3254e-05
7.22045e-05
6.44143e-05
6.22316e-05
6.19785e-05
6.44372e-05
7.10076e-05
8.46703e-05
9.71112e-05
9.80606e-05
9.94628e-05
0.000100446
9.57981e-05
7.92304e-05
6.7392e-05
6.52775e-05
6.49963e-05
6.2319e-05
5.34827e-05
4.97385e-05
5.16507e-05
5.83903e-05
6.84058e-05
7.68083e-05
7.92802e-05
7.84871e-05
7.77117e-05
7.81478e-05
8.1785e-05
8.42736e-05
8.24643e-05
7.31267e-05
6.024e-05
5.70591e-05
5.73566e-05
5.88806e-05
6.08336e-05
6.0768e-05
6.06127e-05
6.21263e-05
6.6832e-05
7.40644e-05
8.10743e-05
8.92243e-05
9.61642e-05
9.81262e-05
9.47696e-05
9.29285e-05
9.31487e-05
9.42381e-05
9.71676e-05
0.000100677
9.71465e-05
8.57848e-05
6.24464e-05
4.70633e-05
4.65511e-05
4.82297e-05
5.26537e-05
5.99591e-05
6.66456e-05
6.99535e-05
7.30623e-05
7.58269e-05
7.532e-05
7.86424e-05
8.84246e-05
5.57805e-05
2.74173e-05
2.63097e-05
2.62764e-05
2.62756e-05
2.62756e-05
2.62756e-05
2.62756e-05
2.62756e-05
2.62756e-05
2.62756e-05
0.000100124
0.000100118
0.000100109
0.000100096
0.000100078
0.000100047
9.99946e-05
9.99553e-05
9.99577e-05
0.000100012
0.000100045
9.99299e-05
9.96061e-05
9.91875e-05
9.82118e-05
9.71114e-05
9.68337e-05
9.69474e-05
9.72026e-05
9.76648e-05
9.87354e-05
9.95791e-05
9.73465e-05
8.42462e-05
6.91579e-05
6.58681e-05
6.68361e-05
7.34861e-05
8.51186e-05
9.65644e-05
9.55102e-05
9.56097e-05
9.70759e-05
9.95776e-05
9.68729e-05
7.82365e-05
6.60659e-05
6.34063e-05
6.31767e-05
6.09589e-05
5.54691e-05
5.49367e-05
5.85338e-05
6.66031e-05
7.57677e-05
8.44165e-05
8.52621e-05
8.40257e-05
8.4042e-05
8.61117e-05
8.92544e-05
8.97694e-05
8.77387e-05
7.8009e-05
6.57967e-05
5.88674e-05
5.72601e-05
5.7662e-05
5.89128e-05
6.03652e-05
6.24379e-05
6.64762e-05
7.26345e-05
7.90768e-05
8.70887e-05
9.4919e-05
9.78549e-05
9.41572e-05
9.05609e-05
9.05973e-05
9.12087e-05
9.31771e-05
9.72757e-05
0.000100203
9.41735e-05
7.94429e-05
5.97384e-05
4.86883e-05
4.86409e-05
5.06916e-05
5.56971e-05
6.39442e-05
7.14558e-05
7.46742e-05
7.72697e-05
7.91701e-05
7.81781e-05
8.15615e-05
9.39884e-05
4.59124e-05
2.69661e-05
2.62956e-05
2.62761e-05
2.62756e-05
2.62756e-05
2.62756e-05
2.62756e-05
2.62756e-05
2.62756e-05
2.62756e-05
0.000100117
0.00010009
0.000100044
9.99645e-05
9.98629e-05
9.97429e-05
9.9595e-05
9.94947e-05
9.94838e-05
9.94923e-05
9.94239e-05
9.91483e-05
9.84551e-05
9.71132e-05
9.52566e-05
9.37696e-05
9.35522e-05
9.38123e-05
9.42901e-05
9.49455e-05
9.59054e-05
9.69031e-05
9.73231e-05
9.64846e-05
8.61695e-05
8.02704e-05
8.25761e-05
9.02143e-05
9.6344e-05
9.26231e-05
9.0201e-05
9.09235e-05
9.38401e-05
9.81127e-05
9.8171e-05
8.07855e-05
6.68047e-05
6.20823e-05
6.09312e-05
5.9321e-05
5.81836e-05
6.0087e-05
6.61268e-05
7.34754e-05
8.57414e-05
9.22217e-05
9.31388e-05
9.27353e-05
9.31606e-05
9.44095e-05
9.55006e-05
9.56332e-05
9.46457e-05
8.94242e-05
7.72194e-05
6.55978e-05
6.11013e-05
6.03051e-05
6.07065e-05
6.22086e-05
6.60082e-05
7.17496e-05
7.7507e-05
8.49736e-05
9.3478e-05
9.74941e-05
9.36599e-05
8.94341e-05
8.92477e-05
9.00478e-05
9.17945e-05
9.48481e-05
9.86549e-05
9.89749e-05
9.03354e-05
7.36637e-05
5.59418e-05
4.99304e-05
5.03934e-05
5.31099e-05
5.90126e-05
6.81746e-05
7.6107e-05
7.9041e-05
8.11869e-05
8.20165e-05
8.08462e-05
8.38526e-05
9.75119e-05
3.77926e-05
2.66641e-05
2.62866e-05
2.62758e-05
2.62756e-05
2.62756e-05
2.62756e-05
2.62756e-05
2.62756e-05
2.62756e-05
2.62756e-05
0.000100081
9.99318e-05
9.96658e-05
9.92856e-05
9.88231e-05
9.83711e-05
9.80392e-05
9.7999e-05
9.80577e-05
9.80681e-05
9.7794e-05
9.6873e-05
9.50379e-05
9.21709e-05
8.9692e-05
8.91245e-05
8.94285e-05
9.03035e-05
9.12509e-05
9.18338e-05
9.15235e-05
9.00418e-05
8.96954e-05
9.21774e-05
9.54289e-05
9.595e-05
9.56568e-05
9.34599e-05
8.72606e-05
8.37314e-05
8.40329e-05
8.60748e-05
8.97122e-05
9.4982e-05
9.85263e-05
8.75251e-05
6.97022e-05
6.30925e-05
6.14069e-05
6.08159e-05
6.21085e-05
6.65739e-05
7.25777e-05
8.37601e-05
9.40558e-05
9.77013e-05
9.81196e-05
9.8104e-05
9.8292e-05
9.86159e-05
9.88774e-05
9.89721e-05
9.85228e-05
9.6485e-05
8.98911e-05
7.65908e-05
6.706e-05
6.53209e-05
6.51666e-05
6.68199e-05
7.14303e-05
7.66556e-05
8.36061e-05
9.20395e-05
9.73739e-05
9.31979e-05
8.8577e-05
8.86699e-05
9.04174e-05
9.34365e-05
9.59577e-05
9.78985e-05
9.89695e-05
9.69218e-05
8.77481e-05
6.9017e-05
5.33382e-05
5.09771e-05
5.19931e-05
5.55984e-05
6.26281e-05
7.26954e-05
8.03718e-05
8.28549e-05
8.42183e-05
8.4298e-05
8.28614e-05
8.60878e-05
9.26185e-05
3.21539e-05
2.64777e-05
2.62812e-05
2.62757e-05
2.62756e-05
2.62756e-05
2.62756e-05
2.62756e-05
2.62756e-05
2.62756e-05
2.62756e-05
9.98064e-05
9.8989e-05
9.74346e-05
9.52088e-05
9.38692e-05
9.33381e-05
9.34514e-05
9.37749e-05
9.40758e-05
9.39606e-05
9.29068e-05
9.04006e-05
8.65462e-05
8.30372e-05
8.23792e-05
8.29442e-05
8.45689e-05
8.66532e-05
8.77567e-05
8.73036e-05
8.4806e-05
7.88977e-05
7.42892e-05
7.44522e-05
7.83895e-05
8.151e-05
8.03732e-05
7.75983e-05
7.60493e-05
7.64318e-05
7.79528e-05
8.04829e-05
8.42608e-05
9.00168e-05
9.69781e-05
9.56822e-05
7.57681e-05
6.65825e-05
6.48606e-05
6.50147e-05
6.80008e-05
7.22206e-05
8.26013e-05
9.33237e-05
9.79501e-05
9.8306e-05
9.82116e-05
9.8479e-05
9.91227e-05
9.98638e-05
0.000100375
0.000100587
0.000100389
9.93489e-05
9.69297e-05
9.00471e-05
7.95016e-05
7.29446e-05
7.08055e-05
7.21916e-05
7.65603e-05
8.38376e-05
9.13542e-05
9.72637e-05
9.29397e-05
8.7838e-05
8.80378e-05
9.01034e-05
9.50453e-05
9.78192e-05
9.85297e-05
9.84175e-05
9.74126e-05
9.43044e-05
8.6742e-05
6.64863e-05
5.28103e-05
5.19532e-05
5.36077e-05
5.82925e-05
6.66561e-05
7.69827e-05
8.36026e-05
8.61592e-05
8.65895e-05
8.61193e-05
8.45043e-05
8.82982e-05
7.6054e-05
2.9183e-05
2.63736e-05
2.62782e-05
2.62756e-05
2.62756e-05
2.62756e-05
2.62756e-05
2.62756e-05
2.62756e-05
2.62756e-05
2.62756e-05
9.67785e-05
9.16845e-05
8.67261e-05
8.18959e-05
8.12395e-05
8.20317e-05
8.32788e-05
8.46098e-05
8.49228e-05
8.41302e-05
8.11485e-05
7.61049e-05
7.27193e-05
7.249e-05
7.34961e-05
7.58135e-05
7.86104e-05
8.09432e-05
8.08244e-05
7.89721e-05
7.33316e-05
6.49874e-05
6.07953e-05
6.12806e-05
6.31053e-05
6.5412e-05
6.72341e-05
6.84412e-05
6.92545e-05
7.01513e-05
7.17068e-05
7.42275e-05
7.79599e-05
8.37631e-05
9.25456e-05
9.74022e-05
8.98748e-05
7.44115e-05
6.95032e-05
7.01857e-05
7.48567e-05
8.30378e-05
9.3523e-05
9.72626e-05
9.61802e-05
9.56098e-05
9.57285e-05
9.65656e-05
9.79375e-05
9.9339e-05
0.000100261
0.000100891
0.000101057
0.000100669
9.94297e-05
9.73873e-05
9.28803e-05
8.71708e-05
8.27799e-05
8.29729e-05
8.64878e-05
9.30393e-05
9.70733e-05
9.23893e-05
8.7007e-05
8.7247e-05
8.92776e-05
9.44436e-05
9.8419e-05
9.85531e-05
9.70415e-05
9.5793e-05
9.46837e-05
9.266e-05
8.65191e-05
6.59039e-05
5.32489e-05
5.30051e-05
5.53995e-05
6.11934e-05
7.08685e-05
8.07682e-05
8.56675e-05
8.75703e-05
8.76348e-05
8.69609e-05
8.61601e-05
9.1227e-05
5.66859e-05
2.76348e-05
2.63185e-05
2.62767e-05
2.62756e-05
2.62756e-05
2.62756e-05
2.62756e-05
2.62756e-05
2.62756e-05
2.62756e-05
2.62756e-05
4.39747e-05
5.1024e-05
5.34007e-05
5.63128e-05
5.97098e-05
6.32306e-05
6.54715e-05
6.6522e-05
6.60073e-05
6.31428e-05
5.91881e-05
5.81672e-05
5.85619e-05
6.01484e-05
6.25555e-05
6.51806e-05
6.79832e-05
6.87409e-05
6.77319e-05
6.42114e-05
5.79043e-05
5.476e-05
5.50946e-05
5.62142e-05
5.82012e-05
6.02323e-05
6.16531e-05
6.25589e-05
6.31294e-05
6.40191e-05
6.58378e-05
6.86326e-05
7.22857e-05
7.73219e-05
8.51507e-05
9.36684e-05
9.69726e-05
9.07917e-05
8.34139e-05
8.30263e-05
8.80243e-05
9.56655e-05
9.64456e-05
9.34503e-05
9.11432e-05
9.10144e-05
9.18515e-05
9.38544e-05
9.61379e-05
9.83075e-05
9.99438e-05
0.000100744
0.000100995
0.000100809
0.000100092
9.88069e-05
9.78422e-05
9.70967e-05
9.58401e-05
9.5611e-05
9.67023e-05
9.58716e-05
8.98943e-05
8.57271e-05
8.63033e-05
8.90604e-05
9.411e-05
9.82535e-05
9.88581e-05
9.64181e-05
9.45796e-05
9.38802e-05
9.33402e-05
9.19885e-05
8.69887e-05
6.74895e-05
5.43171e-05
5.43575e-05
5.75498e-05
6.4462e-05
7.51104e-05
8.37115e-05
8.69237e-05
8.77231e-05
8.77968e-05
8.73714e-05
8.8369e-05
9.65138e-05
4.06918e-05
2.68192e-05
2.62917e-05
2.6276e-05
2.62756e-05
2.62756e-05
2.62756e-05
2.62756e-05
2.62756e-05
2.62756e-05
2.62756e-05
2.62756e-05
2.7645e-05
3.07026e-05
3.3727e-05
3.61885e-05
3.82451e-05
4.00994e-05
4.09148e-05
4.11043e-05
4.07566e-05
4.05582e-05
4.07609e-05
4.1633e-05
4.25236e-05
4.36114e-05
4.51113e-05
4.7056e-05
4.90093e-05
4.98392e-05
4.95888e-05
4.90444e-05
4.96343e-05
5.08687e-05
5.26617e-05
5.35058e-05
5.43413e-05
5.51871e-05
5.58105e-05
5.63967e-05
5.72479e-05
5.88976e-05
6.15324e-05
6.48018e-05
6.83524e-05
7.23501e-05
7.76345e-05
8.4441e-05
9.14657e-05
9.57022e-05
9.6779e-05
9.6786e-05
9.65421e-05
9.38619e-05
8.92335e-05
8.68655e-05
8.66441e-05
8.75693e-05
8.98269e-05
9.279e-05
9.5682e-05
9.82093e-05
0.0001
0.000100744
0.000100615
9.97913e-05
9.77935e-05
9.56995e-05
9.47031e-05
9.4122e-05
9.3697e-05
9.27845e-05
8.90822e-05
8.46967e-05
8.35246e-05
8.4759e-05
8.87957e-05
9.49631e-05
9.85486e-05
9.91968e-05
9.71841e-05
9.50211e-05
9.38303e-05
9.33773e-05
9.30131e-05
9.18925e-05
8.77052e-05
7.0367e-05
5.60682e-05
5.62195e-05
6.01946e-05
6.82151e-05
7.89483e-05
8.6119e-05
8.77966e-05
8.78858e-05
8.79101e-05
8.79305e-05
9.04709e-05
8.64458e-05
3.11404e-05
2.64603e-05
2.62809e-05
2.62757e-05
2.62756e-05
2.62756e-05
2.62756e-05
2.62756e-05
2.62756e-05
2.62756e-05
2.62756e-05
2.62756e-05
2.63657e-05
2.67514e-05
2.71988e-05
2.76192e-05
2.80231e-05
2.83642e-05
2.86162e-05
2.88106e-05
2.89802e-05
2.93562e-05
3.00313e-05
3.09144e-05
3.18891e-05
3.33656e-05
3.54419e-05
3.76501e-05
3.94745e-05
4.09174e-05
4.31486e-05
4.74016e-05
5.06305e-05
4.92246e-05
4.66321e-05
4.54158e-05
4.59746e-05
4.70422e-05
4.83343e-05
5.00703e-05
5.25379e-05
5.58728e-05
5.96688e-05
6.34302e-05
6.68903e-05
7.00431e-05
7.32448e-05
7.67633e-05
8.07882e-05
8.49193e-05
8.77142e-05
8.85045e-05
8.69692e-05
8.41253e-05
8.26926e-05
8.28954e-05
8.42813e-05
8.70288e-05
9.02048e-05
9.34518e-05
9.66071e-05
9.92543e-05
0.000100505
0.000100479
9.96157e-05
9.62477e-05
9.08446e-05
8.62193e-05
8.3191e-05
8.16668e-05
8.06406e-05
7.97749e-05
7.99647e-05
8.08723e-05
8.37176e-05
8.93487e-05
9.57894e-05
9.9524e-05
9.94654e-05
9.79397e-05
9.64061e-05
9.55984e-05
9.49755e-05
9.42873e-05
9.37222e-05
9.26659e-05
8.87108e-05
7.35402e-05
5.85236e-05
5.87337e-05
6.3352e-05
7.25373e-05
8.22656e-05
8.78741e-05
8.87525e-05
8.83319e-05
8.8201e-05
8.89058e-05
9.3559e-05
5.42806e-05
2.77791e-05
2.63311e-05
2.62771e-05
2.62756e-05
2.62756e-05
2.62756e-05
2.62756e-05
2.62756e-05
2.62756e-05
2.62756e-05
2.62756e-05
2.62756e-05
2.62811e-05
2.63095e-05
2.63482e-05
2.63861e-05
2.64204e-05
2.64559e-05
2.65243e-05
2.66818e-05
2.69714e-05
2.78734e-05
3.01446e-05
3.41697e-05
3.90694e-05
4.40233e-05
4.78225e-05
4.7666e-05
4.59402e-05
4.54141e-05
4.78801e-05
5.03983e-05
4.76124e-05
4.00853e-05
3.61586e-05
3.62217e-05
3.71982e-05
3.9209e-05
4.20745e-05
4.57954e-05
5.03195e-05
5.50471e-05
5.94925e-05
6.34436e-05
6.68143e-05
6.96089e-05
7.18129e-05
7.36428e-05
7.55099e-05
7.71392e-05
7.83769e-05
7.90617e-05
7.91777e-05
7.93696e-05
8.03833e-05
8.24297e-05
8.51858e-05
8.85223e-05
9.22515e-05
9.58093e-05
9.88873e-05
0.000100477
0.000100477
9.96471e-05
9.53581e-05
8.72468e-05
7.89995e-05
7.48813e-05
7.39631e-05
7.46453e-05
7.54633e-05
7.71994e-05
8.08732e-05
8.6321e-05
9.19964e-05
9.73997e-05
0.000100101
0.000100232
9.85269e-05
9.8316e-05
9.86143e-05
9.86294e-05
9.82742e-05
9.7298e-05
9.59674e-05
9.42915e-05
8.99161e-05
7.64398e-05
6.16993e-05
6.19422e-05
6.70011e-05
7.66166e-05
8.50545e-05
8.92783e-05
9.05139e-05
8.94492e-05
8.89426e-05
9.19484e-05
9.39235e-05
3.47707e-05
2.66768e-05
2.62898e-05
2.62759e-05
2.62756e-05
2.62756e-05
2.62756e-05
2.62756e-05
2.62756e-05
2.62756e-05
2.62756e-05
2.62756e-05
2.62756e-05
2.62759e-05
2.62779e-05
2.62808e-05
2.62834e-05
2.62859e-05
2.63008e-05
2.63994e-05
2.67616e-05
2.79467e-05
3.12761e-05
3.7591e-05
4.52644e-05
5.22782e-05
5.75439e-05
5.96585e-05
5.87773e-05
5.51952e-05
5.35783e-05
5.31961e-05
4.88069e-05
3.83076e-05
3.27918e-05
3.2385e-05
3.27172e-05
3.36393e-05
3.58134e-05
3.97433e-05
4.47872e-05
5.0474e-05
5.62727e-05
6.13763e-05
6.52988e-05
6.8051e-05
7.00064e-05
7.15581e-05
7.28023e-05
7.38628e-05
7.47695e-05
7.5609e-05
7.65633e-05
7.77328e-05
7.92203e-05
8.14032e-05
8.45663e-05
8.8471e-05
9.21886e-05
9.5818e-05
9.87627e-05
0.000100489
0.000100521
9.96421e-05
9.48245e-05
8.42547e-05
7.38548e-05
6.9353e-05
6.95373e-05
7.08278e-05
7.31881e-05
7.72282e-05
8.33362e-05
8.98838e-05
9.56324e-05
9.9174e-05
0.000100851
0.000100652
0.000100398
9.96759e-05
9.97661e-05
0.000100233
0.000100513
0.000100451
9.96636e-05
9.79401e-05
9.55124e-05
9.10887e-05
7.96957e-05
6.5743e-05
6.59184e-05
7.11883e-05
8.04651e-05
8.83371e-05
9.15177e-05
9.36605e-05
9.37996e-05
9.16824e-05
9.63115e-05
4.60673e-05
2.82007e-05
2.63628e-05
2.62786e-05
2.62756e-05
2.62756e-05
2.62756e-05
2.62756e-05
2.62756e-05
2.62756e-05
2.62756e-05
2.62756e-05
2.62756e-05
2.62756e-05
2.62756e-05
2.62757e-05
2.6276e-05
2.62762e-05
2.62772e-05
2.6295e-05
2.64662e-05
2.71136e-05
2.92801e-05
3.54539e-05
4.5547e-05
5.42662e-05
5.89733e-05
6.19944e-05
6.39573e-05
6.35209e-05
6.16496e-05
5.87099e-05
5.28585e-05
4.03858e-05
3.30522e-05
3.17593e-05
3.16338e-05
3.18474e-05
3.27402e-05
3.54301e-05
4.05194e-05
4.7513e-05
5.46854e-05
6.05555e-05
6.48961e-05
6.77189e-05
6.94405e-05
7.06141e-05
7.15644e-05
7.25058e-05
7.34637e-05
7.44931e-05
7.56612e-05
7.71154e-05
7.89957e-05
8.1667e-05
8.54088e-05
8.93564e-05
9.3137e-05
9.61504e-05
9.86619e-05
0.00010039
0.000100425
9.95194e-05
9.43404e-05
8.21774e-05
6.9749e-05
6.51993e-05
6.57222e-05
6.76518e-05
7.15795e-05
7.85701e-05
8.59565e-05
9.26207e-05
9.74052e-05
9.99504e-05
0.000101199
0.000101249
0.000100113
9.91441e-05
9.86684e-05
9.8777e-05
9.96862e-05
0.00010068
0.000101119
0.000100171
9.80535e-05
9.5401e-05
9.17909e-05
8.30265e-05
7.07042e-05
7.07738e-05
7.57944e-05
8.32929e-05
9.32962e-05
9.61312e-05
9.58769e-05
8.32736e-05
9.45236e-05
6.2432e-05
2.99706e-05
2.65395e-05
2.62906e-05
2.62761e-05
2.62756e-05
2.62756e-05
2.62756e-05
2.62756e-05
2.62756e-05
2.62756e-05
2.62756e-05
2.62756e-05
2.62756e-05
2.62756e-05
2.62756e-05
2.62756e-05
2.62756e-05
2.62757e-05
2.62764e-05
2.62927e-05
2.6503e-05
2.73296e-05
3.01492e-05
3.81649e-05
5.03915e-05
5.82162e-05
5.96608e-05
6.15512e-05
6.45998e-05
6.47168e-05
6.28992e-05
5.84241e-05
4.71962e-05
3.56513e-05
3.54925e-05
3.64024e-05
3.53275e-05
3.40185e-05
3.52794e-05
3.90893e-05
4.67017e-05
5.43581e-05
6.04295e-05
6.49914e-05
6.80069e-05
6.95493e-05
7.03614e-05
7.10501e-05
7.18835e-05
7.2898e-05
7.41983e-05
7.59336e-05
7.8081e-05
8.08033e-05
8.39101e-05
8.74223e-05
9.10452e-05
9.41069e-05
9.64616e-05
9.8399e-05
9.99312e-05
9.99898e-05
9.89248e-05
9.37811e-05
8.05825e-05
6.63268e-05
6.15052e-05
6.1984e-05
6.43578e-05
6.95864e-05
7.79969e-05
8.70826e-05
9.37531e-05
9.72509e-05
9.98143e-05
9.99998e-05
9.85632e-05
9.67713e-05
9.40322e-05
9.26006e-05
9.35956e-05
9.57673e-05
9.86415e-05
0.000100507
0.000100034
9.82329e-05
9.56897e-05
9.38631e-05
9.18049e-05
8.62148e-05
7.63051e-05
7.61851e-05
8.03281e-05
8.61708e-05
9.69608e-05
7.41732e-05
4.51714e-05
3.2918e-05
3.69246e-05
2.90446e-05
2.67139e-05
2.63059e-05
2.62773e-05
2.62756e-05
2.62756e-05
2.62756e-05
2.62756e-05
2.62756e-05
2.62756e-05
2.62756e-05
2.62756e-05
2.62756e-05
2.62756e-05
2.62756e-05
2.62756e-05
2.62756e-05
2.62756e-05
2.62756e-05
2.62758e-05
2.62818e-05
2.63901e-05
2.70799e-05
2.95942e-05
3.72152e-05
5.04016e-05
5.64557e-05
5.35578e-05
5.48909e-05
6.08841e-05
6.35749e-05
6.16984e-05
5.42974e-05
3.98479e-05
3.81747e-05
4.34406e-05
4.80261e-05
4.57241e-05
4.23362e-05
4.38505e-05
4.96697e-05
5.57228e-05
6.05436e-05
6.53186e-05
6.82474e-05
6.95526e-05
7.01741e-05
7.05549e-05
7.10667e-05
7.20495e-05
7.38712e-05
7.67868e-05
8.05852e-05
8.43554e-05
8.78027e-05
9.04232e-05
9.25976e-05
9.43507e-05
9.56512e-05
9.70035e-05
9.83188e-05
9.8232e-05
9.72915e-05
9.29055e-05
8.02678e-05
6.34285e-05
5.75111e-05
5.79158e-05
6.03848e-05
6.5881e-05
7.50511e-05
8.61202e-05
9.21893e-05
9.67339e-05
9.66749e-05
9.4557e-05
9.10938e-05
8.75669e-05
8.4525e-05
8.49309e-05
8.71582e-05
9.05268e-05
9.51552e-05
9.94474e-05
9.90136e-05
9.58928e-05
9.20496e-05
9.1014e-05
9.14437e-05
9.10088e-05
8.8584e-05
8.16267e-05
8.13629e-05
8.40546e-05
8.98521e-05
8.77224e-05
3.36132e-05
2.75897e-05
2.66735e-05
2.67803e-05
2.64105e-05
2.62963e-05
2.62776e-05
2.62757e-05
2.62756e-05
2.62756e-05
2.62756e-05
2.62756e-05
2.62756e-05
2.62756e-05
2.62756e-05
2.62756e-05
2.62756e-05
2.62756e-05
2.62756e-05
2.62756e-05
2.62756e-05
2.62756e-05
2.62756e-05
2.62756e-05
2.62773e-05
2.63165e-05
2.68012e-05
2.87884e-05
3.5126e-05
4.85324e-05
5.22783e-05
4.64443e-05
4.49527e-05
5.18401e-05
5.8166e-05
5.57173e-05
4.27175e-05
3.52643e-05
4.07135e-05
5.33064e-05
5.65525e-05
5.35426e-05
5.22008e-05
5.35527e-05
5.60862e-05
5.98798e-05
6.49513e-05
6.88204e-05
6.92641e-05
6.95246e-05
7.0201e-05
7.04893e-05
7.08716e-05
7.23447e-05
7.66154e-05
8.22004e-05
8.65863e-05
8.90305e-05
9.0265e-05
9.13137e-05
9.28237e-05
9.27659e-05
9.21716e-05
9.22146e-05
9.28911e-05
9.24155e-05
9.03123e-05
8.15669e-05
6.30404e-05
5.2849e-05
5.28841e-05
5.49762e-05
6.01928e-05
6.96628e-05
8.22013e-05
9.06306e-05
9.3314e-05
9.11815e-05
8.60026e-05
7.96618e-05
7.47188e-05
7.47635e-05
7.68354e-05
8.05044e-05
8.6296e-05
9.31881e-05
9.85036e-05
9.84124e-05
9.33543e-05
8.7797e-05
8.68213e-05
8.74103e-05
8.89869e-05
9.05713e-05
8.97841e-05
8.54855e-05
8.54437e-05
8.75981e-05
9.33835e-05
6.97607e-05
2.85262e-05
2.64067e-05
2.62957e-05
2.6294e-05
2.62807e-05
2.62764e-05
2.62756e-05
2.62756e-05
2.62756e-05
2.62756e-05
2.62756e-05
2.62756e-05
2.62756e-05
2.62756e-05
2.62756e-05
2.62756e-05
2.62756e-05
2.62756e-05
2.62756e-05
2.62756e-05
2.62756e-05
2.62756e-05
2.62756e-05
2.62756e-05
2.62759e-05
2.62876e-05
2.64958e-05
2.76163e-05
3.14609e-05
4.23946e-05
4.78719e-05
4.40211e-05
3.53755e-05
3.65735e-05
4.08341e-05
3.83288e-05
3.17777e-05
3.58113e-05
4.88595e-05
5.99134e-05
5.97144e-05
5.69838e-05
5.41128e-05
5.27607e-05
5.57741e-05
6.33907e-05
6.89643e-05
6.86216e-05
6.75474e-05
6.97843e-05
7.54018e-05
7.54396e-05
7.43129e-05
7.59582e-05
8.12063e-05
8.5633e-05
8.53698e-05
8.50967e-05
8.58083e-05
8.78817e-05
8.82123e-05
8.47512e-05
7.96454e-05
7.95523e-05
8.15923e-05
8.30716e-05
8.09837e-05
6.74989e-05
4.98709e-05
4.70959e-05
4.84421e-05
5.29441e-05
6.16548e-05
7.53004e-05
8.74498e-05
8.85678e-05
8.44645e-05
7.59535e-05
6.71565e-05
6.39073e-05
6.5238e-05
6.90365e-05
7.4491e-05
8.24228e-05
9.25492e-05
9.84789e-05
9.74371e-05
9.08613e-05
8.46236e-05
8.32161e-05
8.3827e-05
8.4696e-05
8.69642e-05
9.04573e-05
9.07866e-05
8.87158e-05
8.9009e-05
9.08073e-05
9.69382e-05
5.3414e-05
2.75432e-05
2.63247e-05
2.6278e-05
2.62762e-05
2.62757e-05
2.62756e-05
2.62756e-05
2.62756e-05
2.62756e-05
2.62756e-05
2.62756e-05
2.62756e-05
2.62756e-05
2.62756e-05
2.62756e-05
2.62756e-05
2.62756e-05
2.62756e-05
2.62756e-05
2.62756e-05
2.62756e-05
2.62756e-05
2.62756e-05
2.62756e-05
2.62756e-05
2.62787e-05
2.63403e-05
2.6829e-05
2.86783e-05
3.49054e-05
3.86482e-05
3.57361e-05
2.96133e-05
2.81403e-05
2.80807e-05
2.75087e-05
2.8353e-05
3.82867e-05
5.53154e-05
6.20109e-05
5.77155e-05
5.03545e-05
4.54402e-05
4.88172e-05
5.85611e-05
6.77572e-05
6.78164e-05
6.40574e-05
6.61762e-05
7.47515e-05
8.36328e-05
8.27949e-05
7.9636e-05
8.06201e-05
8.26013e-05
7.99777e-05
7.25447e-05
7.3e-05
7.70892e-05
8.14583e-05
7.97691e-05
6.93845e-05
6.44141e-05
6.61865e-05
7.23883e-05
7.63447e-05
7.21849e-05
5.38836e-05
4.18833e-05
4.17738e-05
4.46163e-05
5.19305e-05
6.53269e-05
8.10072e-05
8.57967e-05
8.03892e-05
6.71222e-05
5.59472e-05
5.44505e-05
5.65439e-05
6.15293e-05
6.87958e-05
7.83645e-05
8.99929e-05
9.84699e-05
9.66366e-05
8.79252e-05
8.27168e-05
8.15938e-05
8.12959e-05
8.17082e-05
8.27703e-05
8.51898e-05
8.96655e-05
9.24372e-05
9.17453e-05
9.22035e-05
9.36078e-05
9.89271e-05
4.1665e-05
2.69253e-05
2.63019e-05
2.62766e-05
2.62756e-05
2.62756e-05
2.62756e-05
2.62756e-05
2.62756e-05
2.62756e-05
2.62756e-05
2.62756e-05
2.62756e-05
2.62756e-05
2.62756e-05
2.62756e-05
2.62756e-05
2.62756e-05
2.62756e-05
2.62756e-05
2.62756e-05
2.62756e-05
2.62756e-05
2.62756e-05
2.62756e-05
2.62756e-05
2.62762e-05
2.62875e-05
2.63874e-05
2.682e-05
2.81601e-05
2.85168e-05
2.77204e-05
2.694e-05
2.65101e-05
2.641e-05
2.64184e-05
2.83958e-05
3.93996e-05
5.6171e-05
5.95247e-05
5.24297e-05
4.25854e-05
3.89575e-05
4.71601e-05
6.05895e-05
6.67537e-05
6.37659e-05
5.95001e-05
6.57056e-05
7.92414e-05
8.75693e-05
8.64155e-05
8.30733e-05
8.03256e-05
7.42012e-05
6.25648e-05
5.69285e-05
6.29121e-05
7.08689e-05
7.20117e-05
6.72447e-05
5.40473e-05
5.37126e-05
5.91121e-05
6.97572e-05
7.15557e-05
6.2175e-05
4.37919e-05
3.61941e-05
3.70758e-05
4.21915e-05
5.33484e-05
7.18126e-05
8.36282e-05
8.08819e-05
6.4826e-05
4.78157e-05
4.57042e-05
4.79073e-05
5.38434e-05
6.25512e-05
7.31008e-05
8.58501e-05
9.75762e-05
9.69091e-05
8.71795e-05
8.22126e-05
8.07767e-05
8.02511e-05
8.03404e-05
8.08193e-05
8.22738e-05
8.51867e-05
8.97033e-05
9.3928e-05
9.49198e-05
9.47394e-05
9.60314e-05
9.38406e-05
3.38851e-05
2.65922e-05
2.62887e-05
2.62761e-05
2.62756e-05
2.62756e-05
2.62756e-05
2.62756e-05
2.62756e-05
2.62756e-05
2.62756e-05
2.62756e-05
2.62756e-05
2.62756e-05
2.62756e-05
2.62756e-05
2.62756e-05
2.62756e-05
2.62756e-05
2.62756e-05
2.62756e-05
2.62756e-05
2.62756e-05
2.62756e-05
2.62756e-05
2.62756e-05
2.62756e-05
2.62767e-05
2.6286e-05
2.63325e-05
2.64319e-05
2.64367e-05
2.6373e-05
2.63207e-05
2.62959e-05
2.62858e-05
2.63018e-05
2.69578e-05
3.24262e-05
4.65037e-05
5.52032e-05
5.10194e-05
4.11425e-05
3.64617e-05
4.23778e-05
5.69836e-05
6.31463e-05
5.89301e-05
5.55987e-05
6.42769e-05
8.03111e-05
8.86915e-05
8.67109e-05
8.04245e-05
7.07025e-05
5.55565e-05
4.6747e-05
4.35131e-05
4.83614e-05
5.44943e-05
5.55536e-05
5.14251e-05
4.335e-05
4.62234e-05
5.63592e-05
6.80121e-05
6.65009e-05
5.15688e-05
3.75759e-05
3.21508e-05
3.44725e-05
4.15515e-05
5.76505e-05
7.80801e-05
8.17233e-05
7.14663e-05
4.76762e-05
3.86378e-05
3.98306e-05
4.49671e-05
5.41515e-05
6.58021e-05
7.95669e-05
9.48503e-05
9.81495e-05
8.84439e-05
8.25985e-05
8.05543e-05
8.02499e-05
8.04972e-05
8.09621e-05
8.14611e-05
8.26859e-05
8.56023e-05
9.03e-05
9.59205e-05
9.77179e-05
9.62002e-05
9.8446e-05
7.16026e-05
2.92775e-05
2.64046e-05
2.62807e-05
2.62758e-05
2.62756e-05
2.62756e-05
2.62756e-05
2.62756e-05
2.62756e-05
2.62756e-05
2.62756e-05
2.62756e-05
2.62756e-05
2.62756e-05
2.62756e-05
2.62756e-05
2.62756e-05
2.62756e-05
2.62756e-05
2.62756e-05
2.62756e-05
2.62756e-05
2.62756e-05
2.62756e-05
2.62756e-05
2.62756e-05
2.62756e-05
2.62756e-05
2.62762e-05
2.62792e-05
2.62841e-05
2.62838e-05
2.62806e-05
2.6278e-05
2.62767e-05
2.62762e-05
2.62796e-05
2.63922e-05
2.73332e-05
3.077e-05
3.59106e-05
4.12002e-05
3.98303e-05
3.55009e-05
3.56647e-05
4.89989e-05
5.92138e-05
5.53131e-05
5.09772e-05
5.71517e-05
7.38916e-05
8.64829e-05
8.38543e-05
7.33038e-05
5.73891e-05
4.30972e-05
3.67015e-05
3.42368e-05
3.48149e-05
3.67281e-05
3.84033e-05
3.7502e-05
3.56783e-05
4.0337e-05
5.24951e-05
6.38176e-05
6.01793e-05
4.53629e-05
3.51695e-05
3.0472e-05
3.37048e-05
4.37708e-05
6.52058e-05
8.2231e-05
7.88537e-05
5.87837e-05
3.76649e-05
3.43981e-05
3.6714e-05
4.36707e-05
5.54412e-05
7.05522e-05
8.9194e-05
9.89685e-05
9.16403e-05
8.53584e-05
8.15461e-05
8.15638e-05
8.22458e-05
8.31876e-05
8.42151e-05
8.40293e-05
8.45773e-05
8.70121e-05
9.2169e-05
9.83464e-05
9.84974e-05
9.80595e-05
9.59618e-05
3.92069e-05
2.70813e-05
2.63115e-05
2.62771e-05
2.62756e-05
2.62756e-05
2.62756e-05
2.62756e-05
2.62756e-05
2.62756e-05
2.62756e-05
2.62756e-05
2.62756e-05
2.62756e-05
2.62756e-05
2.62756e-05
2.62756e-05
2.62756e-05
2.62756e-05
2.62756e-05
2.62756e-05
2.62756e-05
2.62756e-05
2.62756e-05
2.62756e-05
2.62756e-05
2.62756e-05
2.62756e-05
2.62756e-05
2.62756e-05
2.62757e-05
2.62759e-05
2.62759e-05
2.62758e-05
2.62757e-05
2.62756e-05
2.62756e-05
2.6276e-05
2.62832e-05
2.63501e-05
2.66498e-05
2.75244e-05
2.89866e-05
2.93927e-05
2.87193e-05
2.95861e-05
4.05978e-05
5.50712e-05
5.30923e-05
4.90628e-05
5.08083e-05
6.28065e-05
8.08368e-05
7.75103e-05
6.25345e-05
4.74043e-05
3.77435e-05
3.30386e-05
3.13016e-05
3.01197e-05
2.98792e-05
3.00315e-05
3.00704e-05
3.03506e-05
3.42296e-05
4.43214e-05
5.72618e-05
5.54754e-05
4.51129e-05
3.57648e-05
3.00645e-05
3.43041e-05
4.71938e-05
7.23901e-05
8.36915e-05
7.41427e-05
4.7769e-05
3.36318e-05
3.19589e-05
3.4833e-05
4.31684e-05
5.73891e-05
7.69907e-05
9.75839e-05
9.52311e-05
8.87979e-05
8.5493e-05
8.37577e-05
8.44274e-05
8.51093e-05
8.53724e-05
8.60261e-05
8.65645e-05
8.7686e-05
8.99435e-05
9.507e-05
9.92819e-05
9.81015e-05
9.86188e-05
4.29446e-05
2.80957e-05
2.64243e-05
2.62829e-05
2.62759e-05
2.62756e-05
2.62756e-05
2.62756e-05
2.62756e-05
2.62756e-05
2.62756e-05
2.62756e-05
2.62756e-05
2.62756e-05
2.62756e-05
2.62756e-05
2.62756e-05
2.62756e-05
2.62756e-05
2.62756e-05
2.62756e-05
2.62756e-05
2.62756e-05
2.62756e-05
2.62756e-05
2.62756e-05
2.62756e-05
2.62756e-05
2.62756e-05
2.62756e-05
2.62756e-05
2.62756e-05
2.62756e-05
2.62756e-05
2.62756e-05
2.62756e-05
2.62756e-05
2.62756e-05
2.62756e-05
2.62758e-05
2.62789e-05
2.62951e-05
2.6363e-05
2.64931e-05
2.65252e-05
2.64946e-05
2.66805e-05
3.00761e-05
4.07598e-05
4.93646e-05
4.96023e-05
4.653e-05
4.69318e-05
6.50027e-05
7.58806e-05
6.76315e-05
5.16209e-05
4.01174e-05
3.42282e-05
3.22956e-05
3.01433e-05
2.81193e-05
2.74398e-05
2.73774e-05
2.75676e-05
2.91812e-05
3.43745e-05
4.70591e-05
5.19583e-05
4.9164e-05
4.05465e-05
3.05523e-05
3.55618e-05
5.05144e-05
7.62602e-05
8.36909e-05
7.12384e-05
4.36903e-05
3.24633e-05
3.04976e-05
3.35546e-05
4.25416e-05
5.85215e-05
8.15627e-05
9.94971e-05
9.21261e-05
9.2635e-05
9.22238e-05
8.88373e-05
9.03438e-05
8.87868e-05
8.72435e-05
8.80363e-05
9.01429e-05
9.17464e-05
9.35975e-05
9.75183e-05
9.93316e-05
9.77723e-05
7.8732e-05
3.02917e-05
2.65353e-05
2.62945e-05
2.62767e-05
2.62756e-05
2.62756e-05
2.62756e-05
2.62756e-05
2.62756e-05
2.62756e-05
2.62756e-05
2.62756e-05
2.62756e-05
2.62756e-05
2.62756e-05
2.62756e-05
2.62756e-05
2.62756e-05
2.62756e-05
2.62756e-05
2.62756e-05
2.62756e-05
2.62756e-05
2.62756e-05
2.62756e-05
2.62756e-05
2.62756e-05
2.62756e-05
2.62756e-05
2.62756e-05
2.62756e-05
2.62756e-05
2.62756e-05
2.62756e-05
2.62756e-05
2.62756e-05
2.62756e-05
2.62756e-05
2.62756e-05
2.62756e-05
2.62757e-05
2.62764e-05
2.62802e-05
2.6288e-05
2.62902e-05
2.62896e-05
2.63031e-05
2.66016e-05
2.9584e-05
3.58061e-05
4.39401e-05
4.33674e-05
3.8801e-05
5.08379e-05
7.08341e-05
7.1346e-05
6.42998e-05
4.95018e-05
4.00496e-05
3.94131e-05
3.56242e-05
2.95942e-05
2.68866e-05
2.65704e-05
2.66208e-05
2.71005e-05
2.89983e-05
3.50303e-05
4.56886e-05
4.66201e-05
4.20131e-05
3.15722e-05
3.64861e-05
5.17259e-05
7.74812e-05
8.46864e-05
7.31827e-05
4.53435e-05
3.23852e-05
2.95031e-05
3.20931e-05
3.99942e-05
5.65407e-05
8.21792e-05
9.96368e-05
9.72676e-05
9.92972e-05
9.90447e-05
9.7407e-05
9.79489e-05
9.834e-05
9.52714e-05
9.18051e-05
9.30257e-05
9.39568e-05
9.63105e-05
9.95187e-05
9.94895e-05
9.87057e-05
6.001e-05
2.8395e-05
2.63709e-05
2.62797e-05
2.62758e-05
2.62756e-05
2.62756e-05
2.62756e-05
2.62756e-05
2.62756e-05
2.62756e-05
2.62756e-05
2.62756e-05
2.62756e-05
2.62756e-05
2.62756e-05
2.62756e-05
2.62756e-05
2.62756e-05
2.62756e-05
2.62756e-05
2.62756e-05
2.62756e-05
2.62756e-05
2.62756e-05
2.62756e-05
2.62756e-05
2.62756e-05
2.62756e-05
2.62756e-05
2.62756e-05
2.62756e-05
2.62756e-05
2.62756e-05
2.62756e-05
2.62756e-05
2.62756e-05
2.62756e-05
2.62756e-05
2.62756e-05
2.62756e-05
2.62756e-05
2.62756e-05
2.62758e-05
2.62761e-05
2.62762e-05
2.62762e-05
2.62768e-05
2.62929e-05
2.65354e-05
2.80541e-05
3.11377e-05
3.21437e-05
3.04485e-05
3.1719e-05
4.29968e-05
5.96512e-05
6.12631e-05
5.83784e-05
5.2856e-05
4.61232e-05
3.86265e-05
3.12237e-05
2.71794e-05
2.63783e-05
2.6339e-05
2.64601e-05
2.69763e-05
2.90286e-05
3.44121e-05
3.95047e-05
3.81819e-05
3.18326e-05
3.62055e-05
4.94097e-05
7.24019e-05
8.54417e-05
8.0805e-05
5.58e-05
3.34093e-05
2.88683e-05
3.09798e-05
3.79103e-05
5.41986e-05
8.01964e-05
0.000100656
0.000100246
8.78632e-05
8.23201e-05
8.96806e-05
6.48753e-05
6.75286e-05
8.65345e-05
9.81196e-05
9.5847e-05
9.7972e-05
9.92103e-05
8.50497e-05
0.00010045
9.83584e-05
4.06303e-05
2.69599e-05
2.63029e-05
2.62766e-05
2.62756e-05
2.62756e-05
2.62756e-05
2.62756e-05
2.62756e-05
2.62756e-05
2.62756e-05
2.62756e-05
2.62756e-05
2.62756e-05
2.62756e-05
2.62756e-05
2.62756e-05
2.62756e-05
2.62756e-05
2.62756e-05
2.62756e-05
2.62756e-05
2.62756e-05
2.62756e-05
2.62756e-05
2.62756e-05
2.62756e-05
2.62756e-05
2.62756e-05
2.62756e-05
2.62756e-05
2.62756e-05
2.62756e-05
2.62756e-05
2.62756e-05
2.62756e-05
2.62756e-05
2.62756e-05
2.62756e-05
2.62756e-05
2.62756e-05
2.62756e-05
2.62756e-05
2.62756e-05
2.62756e-05
2.62756e-05
2.62756e-05
2.62756e-05
2.62762e-05
2.62878e-05
2.63929e-05
2.66633e-05
2.67965e-05
2.67303e-05
2.66916e-05
2.73961e-05
3.15855e-05
3.55416e-05
3.94517e-05
3.8103e-05
3.50845e-05
3.20636e-05
2.95651e-05
2.73203e-05
2.6394e-05
2.62869e-05
2.6288e-05
2.63737e-05
2.69493e-05
2.86975e-05
3.33233e-05
3.4398e-05
3.13273e-05
3.34587e-05
4.31401e-05
6.19032e-05
7.96894e-05
7.88188e-05
5.89136e-05
3.43799e-05
2.84689e-05
3.05711e-05
3.75418e-05
5.529e-05
8.18445e-05
9.87164e-05
9.49754e-05
6.26155e-05
5.11218e-05
4.32383e-05
3.19101e-05
3.11663e-05
4.43834e-05
9.72971e-05
9.90894e-05
8.02195e-05
7.70666e-05
4.7249e-05
7.19371e-05
4.21026e-05
2.83906e-05
2.63789e-05
2.62795e-05
2.62757e-05
2.62756e-05
2.62756e-05
2.62756e-05
2.62756e-05
2.62756e-05
2.62756e-05
2.62756e-05
2.62756e-05
2.62756e-05
2.62756e-05
2.62756e-05
2.62756e-05
2.62756e-05
2.62756e-05
2.62756e-05
2.62756e-05
2.62756e-05
2.62756e-05
2.62756e-05
2.62756e-05
2.62756e-05
2.62756e-05
2.62756e-05
2.62756e-05
2.62756e-05
2.62756e-05
2.62756e-05
2.62756e-05
2.62756e-05
2.62756e-05
2.62756e-05
2.62756e-05
2.62756e-05
2.62756e-05
2.62756e-05
2.62756e-05
2.62756e-05
2.62756e-05
2.62756e-05
2.62756e-05
2.62756e-05
2.62756e-05
2.62756e-05
2.62756e-05
2.62756e-05
2.62759e-05
2.62801e-05
2.62932e-05
2.63003e-05
2.62991e-05
2.6297e-05
2.63181e-05
2.64499e-05
2.661e-05
2.72157e-05
2.76782e-05
2.78322e-05
2.75442e-05
2.6955e-05
2.64889e-05
2.63043e-05
2.62777e-05
2.62764e-05
2.62811e-05
2.63562e-05
2.71384e-05
2.99851e-05
3.29404e-05
3.10054e-05
2.78645e-05
3.19732e-05
4.46328e-05
6.59256e-05
6.75054e-05
5.04075e-05
3.36607e-05
2.8013e-05
3.02768e-05
3.60329e-05
4.76962e-05
5.53367e-05
7.56745e-05
9.47112e-05
6.1902e-05
4.16337e-05
3.295e-05
2.88985e-05
2.74258e-05
3.04252e-05
6.76692e-05
6.26888e-05
4.18885e-05
7.23589e-05
3.80775e-05
2.88693e-05
2.68476e-05
2.63348e-05
2.62817e-05
2.62759e-05
2.62756e-05
2.62756e-05
2.62756e-05
2.62756e-05
2.62756e-05
2.62756e-05
2.62756e-05
2.62756e-05
2.62756e-05
2.62756e-05
2.62756e-05
2.62756e-05
2.62756e-05
2.62756e-05
2.62756e-05
2.62756e-05
2.62756e-05
2.62756e-05
2.62756e-05
2.62756e-05
2.62756e-05
2.62756e-05
2.62756e-05
2.62756e-05
2.62756e-05
2.62756e-05
2.62756e-05
2.62756e-05
2.62756e-05
2.62756e-05
2.62756e-05
2.62756e-05
2.62756e-05
2.62756e-05
2.62756e-05
2.62756e-05
2.62756e-05
2.62756e-05
2.62756e-05
2.62756e-05
2.62756e-05
2.62756e-05
2.62756e-05
2.62756e-05
2.62756e-05
2.62756e-05
2.62756e-05
2.62757e-05
2.6276e-05
2.62762e-05
2.62763e-05
2.62763e-05
2.62767e-05
2.6279e-05
2.62829e-05
2.63324e-05
2.63817e-05
2.63844e-05
2.63532e-05
2.63175e-05
2.62938e-05
2.62817e-05
2.62761e-05
2.62756e-05
2.62761e-05
2.62905e-05
2.66293e-05
2.83537e-05
2.93172e-05
2.85266e-05
2.69171e-05
2.88337e-05
3.89134e-05
5.63088e-05
5.18684e-05
3.84527e-05
3.18852e-05
2.74893e-05
2.87678e-05
3.36701e-05
3.31436e-05
3.3958e-05
5.25623e-05
9.62329e-05
7.24376e-05
4.91573e-05
3.79343e-05
3.24608e-05
2.70262e-05
2.83572e-05
4.02103e-05
4.10646e-05
3.66098e-05
7.50466e-05
3.40633e-05
2.66308e-05
2.6302e-05
2.62771e-05
2.62757e-05
2.62756e-05
2.62756e-05
2.62756e-05
2.62756e-05
2.62756e-05
2.62756e-05
2.62756e-05
2.62756e-05
2.62756e-05
2.62756e-05
2.62756e-05
2.62756e-05
2.62756e-05
2.62756e-05
2.62756e-05
2.62756e-05
2.62756e-05
2.62756e-05
2.62756e-05
2.62756e-05
2.62756e-05
2.62756e-05
2.62756e-05
2.62756e-05
2.62756e-05
2.62756e-05
2.62756e-05
2.62756e-05
2.62756e-05
2.62756e-05
2.62756e-05
2.62756e-05
2.62756e-05
2.62756e-05
2.62756e-05
2.62756e-05
2.62756e-05
2.62756e-05
2.62756e-05
2.62756e-05
2.62756e-05
2.62756e-05
2.62756e-05
2.62756e-05
2.62756e-05
2.62756e-05
2.62756e-05
2.62756e-05
2.62756e-05
2.62756e-05
2.62756e-05
2.62756e-05
2.62756e-05
2.62756e-05
2.62756e-05
2.62757e-05
2.62777e-05
2.62794e-05
2.62792e-05
2.6278e-05
2.62769e-05
2.62761e-05
2.62758e-05
2.62756e-05
2.62756e-05
2.62756e-05
2.62767e-05
2.63142e-05
2.65577e-05
2.66228e-05
2.64948e-05
2.63855e-05
2.72451e-05
3.27272e-05
4.38639e-05
3.69038e-05
2.97021e-05
2.80196e-05
2.67188e-05
2.76436e-05
3.28244e-05
3.23578e-05
2.98535e-05
3.15802e-05
7.27171e-05
7.99159e-05
7.27547e-05
5.566e-05
3.99058e-05
2.6947e-05
2.6424e-05
2.9603e-05
3.61346e-05
2.86815e-05
5.70166e-05
3.00349e-05
2.64091e-05
2.62802e-05
2.62757e-05
2.62756e-05
2.62756e-05
2.62756e-05
2.62756e-05
2.62756e-05
2.62756e-05
2.62756e-05
2.62756e-05
2.62756e-05
2.62756e-05
2.62756e-05
2.62756e-05
2.62756e-05
2.62756e-05
2.62756e-05
2.62756e-05
2.62756e-05
2.62756e-05
2.62756e-05
2.62756e-05
2.62756e-05
2.62756e-05
2.62756e-05
2.62756e-05
2.62756e-05
2.62756e-05
2.62756e-05
2.62756e-05
2.62756e-05
2.62756e-05
2.62756e-05
2.62756e-05
2.62756e-05
2.62756e-05
2.62756e-05
2.62756e-05
2.62756e-05
2.62756e-05
2.62756e-05
2.62756e-05
2.62756e-05
2.62756e-05
2.62756e-05
2.62756e-05
2.62756e-05
2.62756e-05
2.62756e-05
2.62756e-05
2.62756e-05
2.62756e-05
2.62756e-05
2.62756e-05
2.62756e-05
2.62756e-05
2.62756e-05
2.62756e-05
2.62756e-05
2.62756e-05
2.62756e-05
2.62756e-05
2.62756e-05
2.62756e-05
2.62756e-05
2.62756e-05
2.62756e-05
2.62756e-05
2.62756e-05
2.62756e-05
2.62763e-05
2.62813e-05
2.62835e-05
2.6281e-05
2.6281e-05
2.64007e-05
2.74508e-05
3.0431e-05
2.932e-05
2.72242e-05
2.65626e-05
2.63545e-05
2.66551e-05
3.0124e-05
3.44068e-05
3.25131e-05
2.71715e-05
2.81335e-05
6.24485e-05
6.24105e-05
5.96751e-05
4.74849e-05
2.80184e-05
2.6291e-05
2.64485e-05
2.91472e-05
2.64984e-05
2.83007e-05
2.64574e-05
2.62874e-05
2.62761e-05
2.62756e-05
2.62756e-05
2.62756e-05
2.62756e-05
2.62756e-05
2.62756e-05
2.62756e-05
2.62756e-05
2.62756e-05
2.62756e-05
2.62756e-05
2.62756e-05
2.62756e-05
2.62756e-05
2.62756e-05
2.62756e-05
2.62756e-05
2.62756e-05
2.62756e-05
2.62756e-05
2.62756e-05
2.62756e-05
2.62756e-05
2.62756e-05
2.62756e-05
2.62756e-05
2.62756e-05
2.62756e-05
2.62756e-05
2.62756e-05
2.62756e-05
2.62756e-05
2.62756e-05
2.62756e-05
2.62756e-05
2.62756e-05
2.62756e-05
2.62756e-05
2.62756e-05
2.62756e-05
2.62756e-05
2.62756e-05
2.62756e-05
2.62756e-05
2.62756e-05
2.62756e-05
2.62756e-05
2.62756e-05
2.62756e-05
2.62756e-05
2.62756e-05
2.62756e-05
2.62756e-05
2.62756e-05
2.62756e-05
2.62756e-05
2.62756e-05
2.62756e-05
2.62756e-05
2.62756e-05
2.62756e-05
2.62756e-05
2.62756e-05
2.62756e-05
2.62756e-05
2.62756e-05
2.62756e-05
2.62756e-05
2.62756e-05
2.62756e-05
2.62756e-05
2.62757e-05
2.62757e-05
2.62758e-05
2.62811e-05
2.63289e-05
2.65722e-05
2.65039e-05
2.63772e-05
2.63045e-05
2.62827e-05
2.63332e-05
2.72814e-05
3.0997e-05
3.04673e-05
2.73532e-05
2.63632e-05
2.76976e-05
3.43615e-05
4.95795e-05
3.50164e-05
2.68051e-05
2.62863e-05
2.62783e-05
2.64092e-05
2.62886e-05
2.63191e-05
2.62783e-05
2.62758e-05
2.62756e-05
2.62756e-05
2.62756e-05
2.62756e-05
2.62756e-05
2.62756e-05
2.62756e-05
2.62756e-05
2.62756e-05
2.62756e-05
2.62756e-05
2.62756e-05
2.62756e-05
2.62756e-05
2.62756e-05
2.62756e-05
2.62756e-05
2.62756e-05
2.62756e-05
2.62756e-05
2.62756e-05
2.62756e-05
2.62756e-05
2.62756e-05
2.62756e-05
2.62756e-05
2.62756e-05
2.62756e-05
2.62756e-05
2.62756e-05
2.62756e-05
2.62756e-05
2.62756e-05
2.62756e-05
2.62756e-05
2.62756e-05
2.62756e-05
2.62756e-05
2.62756e-05
2.62756e-05
2.62756e-05
2.62756e-05
2.62756e-05
2.62756e-05
2.62756e-05
2.62756e-05
2.62756e-05
2.62756e-05
2.62756e-05
2.62756e-05
2.62756e-05
2.62756e-05
2.62756e-05
2.62756e-05
2.62756e-05
2.62756e-05
2.62756e-05
2.62756e-05
2.62756e-05
2.62756e-05
2.62756e-05
2.62756e-05
2.62756e-05
2.62756e-05
2.62756e-05
2.62756e-05
2.62756e-05
2.62756e-05
2.62756e-05
2.62756e-05
2.62756e-05
2.62756e-05
2.62756e-05
2.62756e-05
2.62756e-05
2.62756e-05
2.62765e-05
2.62824e-05
2.62811e-05
2.62781e-05
2.62765e-05
2.62759e-05
2.62779e-05
2.62999e-05
2.64992e-05
2.65178e-05
2.63649e-05
2.62931e-05
2.65333e-05
3.24748e-05
5.02423e-05
3.11725e-05
2.6514e-05
2.62874e-05
2.6276e-05
2.62783e-05
2.62758e-05
2.62761e-05
2.62756e-05
2.62756e-05
2.62756e-05
2.62756e-05
2.62756e-05
2.62756e-05
2.62756e-05
2.62756e-05
2.62756e-05
2.62756e-05
2.62756e-05
2.62756e-05
2.62756e-05
2.62756e-05
2.62756e-05
2.62756e-05
2.62756e-05
2.62756e-05
2.62756e-05
2.62756e-05
2.62756e-05
2.62756e-05
2.62756e-05
2.62756e-05
2.62756e-05
2.62756e-05
2.62756e-05
2.62756e-05
2.62756e-05
2.62756e-05
2.62756e-05
2.62756e-05
2.62756e-05
2.62756e-05
2.62756e-05
2.62756e-05
2.62756e-05
2.62756e-05
2.62756e-05
2.62756e-05
2.62756e-05
2.62756e-05
2.62756e-05
2.62756e-05
2.62756e-05
2.62756e-05
2.62756e-05
2.62756e-05
2.62756e-05
2.62756e-05
2.62756e-05
2.62756e-05
2.62756e-05
2.62756e-05
2.62756e-05
2.62756e-05
2.62756e-05
2.62756e-05
2.62756e-05
2.62756e-05
2.62756e-05
2.62756e-05
2.62756e-05
2.62756e-05
2.62756e-05
2.62756e-05
2.62756e-05
2.62756e-05
2.62756e-05
2.62756e-05
2.62756e-05
2.62756e-05
2.62756e-05
2.62756e-05
2.62756e-05
2.62756e-05
2.62756e-05
2.62756e-05
2.62756e-05
2.62756e-05
2.62756e-05
2.62756e-05
2.62756e-05
2.62756e-05
2.62756e-05
2.62758e-05
2.62772e-05
2.62797e-05
2.62765e-05
2.62764e-05
2.63195e-05
2.86665e-05
4.99933e-05
3.69638e-05
2.70092e-05
2.63101e-05
2.6277e-05
2.62757e-05
2.62756e-05
2.62756e-05
2.62756e-05
2.62756e-05
2.62756e-05
2.62756e-05
2.62756e-05
2.62756e-05
2.62756e-05
2.62756e-05
2.62756e-05
2.62756e-05
2.62756e-05
2.62756e-05
2.62756e-05
2.62756e-05
2.62756e-05
2.62756e-05
2.62756e-05
2.62756e-05
2.62756e-05
2.62756e-05
2.62756e-05
2.62756e-05
2.62756e-05
2.62756e-05
2.62756e-05
2.62756e-05
2.62756e-05
2.62756e-05
2.62756e-05
2.62756e-05
2.62756e-05
2.62756e-05
2.62756e-05
2.62756e-05
2.62756e-05
2.62756e-05
2.62756e-05
2.62756e-05
2.62756e-05
2.62756e-05
2.62756e-05
2.62756e-05
2.62756e-05
2.62756e-05
2.62756e-05
2.62756e-05
2.62756e-05
2.62756e-05
2.62756e-05
2.62756e-05
2.62756e-05
2.62756e-05
2.62756e-05
2.62756e-05
2.62756e-05
2.62756e-05
2.62756e-05
2.62756e-05
2.62756e-05
2.62756e-05
2.62756e-05
2.62756e-05
2.62756e-05
2.62756e-05
2.62756e-05
2.62756e-05
2.62756e-05
2.62756e-05
2.62756e-05
2.62756e-05
2.62756e-05
2.62756e-05
2.62756e-05
2.62756e-05
2.62756e-05
2.62756e-05
2.62756e-05
2.62756e-05
2.62756e-05
2.62756e-05
2.62756e-05
2.62756e-05
2.62756e-05
2.62756e-05
2.62756e-05
2.62756e-05
2.62756e-05
2.62756e-05
2.62756e-05
2.62756e-05
2.62795e-05
2.65002e-05
4.62063e-05
3.19083e-05
2.65873e-05
2.6288e-05
2.6276e-05
2.62756e-05
2.62756e-05
2.62756e-05
2.62756e-05
2.62756e-05
2.62756e-05
2.62756e-05
2.62756e-05
2.62756e-05
2.62756e-05
2.62756e-05
2.62756e-05
2.62756e-05
2.62756e-05
2.62756e-05
2.62756e-05
2.62756e-05
2.62756e-05
2.62756e-05
2.62756e-05
2.62756e-05
2.62756e-05
2.62756e-05
2.62756e-05
2.62756e-05
2.62756e-05
2.62756e-05
2.62756e-05
2.62756e-05
2.62756e-05
2.62756e-05
2.62756e-05
2.62756e-05
2.62756e-05
2.62756e-05
2.62756e-05
2.62756e-05
2.62756e-05
2.62756e-05
2.62756e-05
2.62756e-05
2.62756e-05
2.62756e-05
2.62756e-05
2.62756e-05
2.62756e-05
2.62756e-05
2.62756e-05
2.62756e-05
2.62756e-05
2.62756e-05
2.62756e-05
2.62756e-05
2.62756e-05
2.62756e-05
2.62756e-05
2.62756e-05
2.62756e-05
2.62756e-05
2.62756e-05
2.62756e-05
2.62756e-05
2.62756e-05
2.62756e-05
2.62756e-05
2.62756e-05
2.62756e-05
2.62756e-05
2.62756e-05
2.62756e-05
2.62756e-05
2.62756e-05
2.62756e-05
2.62756e-05
2.62756e-05
2.62756e-05
2.62756e-05
2.62756e-05
2.62756e-05
2.62756e-05
2.62756e-05
2.62756e-05
2.62756e-05
2.62756e-05
2.62756e-05
2.62756e-05
2.62756e-05
2.62756e-05
2.62756e-05
2.62756e-05
2.62756e-05
2.62756e-05
2.62756e-05
2.62758e-05
2.62828e-05
2.93228e-05
2.68378e-05
2.63289e-05
2.62776e-05
2.62756e-05
2.62756e-05
2.62756e-05
2.62756e-05
2.62756e-05
2.62756e-05
2.62756e-05
2.62756e-05
2.62756e-05
2.62756e-05
2.62756e-05
2.62756e-05
2.62756e-05
2.62756e-05
2.62756e-05
2.62756e-05
2.62756e-05
2.62756e-05
2.62756e-05
2.62756e-05
2.62756e-05
2.62756e-05
2.62756e-05
2.62756e-05
2.62756e-05
2.62756e-05
2.62756e-05
2.62756e-05
2.62756e-05
2.62756e-05
2.62756e-05
2.62756e-05
2.62756e-05
2.62756e-05
2.62756e-05
2.62756e-05
2.62756e-05
2.62756e-05
2.62756e-05
2.62756e-05
2.62756e-05
2.62756e-05
2.62756e-05
2.62756e-05
2.62756e-05
2.62756e-05
2.62756e-05
2.62756e-05
2.62756e-05
2.62756e-05
2.62756e-05
2.62756e-05
2.62756e-05
2.62756e-05
2.62756e-05
2.62756e-05
2.62756e-05
2.62756e-05
2.62756e-05
2.62756e-05
2.62756e-05
2.62756e-05
2.62756e-05
2.62756e-05
2.62756e-05
2.62756e-05
2.62756e-05
2.62756e-05
2.62756e-05
2.62756e-05
2.62756e-05
2.62756e-05
2.62756e-05
2.62756e-05
2.62756e-05
2.62756e-05
2.62756e-05
2.62756e-05
2.62756e-05
2.62756e-05
2.62756e-05
2.62756e-05
2.62756e-05
2.62756e-05
2.62756e-05
2.62756e-05
2.62756e-05
2.62756e-05
2.62756e-05
2.62756e-05
2.62756e-05
2.62756e-05
2.62756e-05
2.62756e-05
2.62756e-05
2.62757e-05
2.63246e-05
2.62837e-05
2.62768e-05
2.62757e-05
2.62756e-05
2.62756e-05
2.62756e-05
2.62756e-05
2.62756e-05
2.62756e-05
2.62756e-05
2.62756e-05
2.62756e-05
2.62756e-05
2.62756e-05
2.62756e-05
2.62756e-05
2.62756e-05
2.62756e-05
2.62756e-05
2.62756e-05
2.62756e-05
2.62756e-05
2.62756e-05
2.62756e-05
2.62756e-05
2.62756e-05
2.62756e-05
2.62756e-05
2.62756e-05
2.62756e-05
2.62756e-05
2.62756e-05
2.62756e-05
2.62756e-05
2.62756e-05
2.62756e-05
2.62756e-05
2.62756e-05
2.62756e-05
2.62756e-05
2.62756e-05
2.62756e-05
2.62756e-05
2.62756e-05
2.62756e-05
2.62756e-05
2.62756e-05
2.62756e-05
2.62756e-05
2.62756e-05
2.62756e-05
2.62756e-05
2.62756e-05
2.62756e-05
2.62756e-05
2.62756e-05
2.62756e-05
2.62756e-05
2.62756e-05
2.62756e-05
2.62756e-05
2.62756e-05
2.62756e-05
2.62756e-05
2.62756e-05
2.62756e-05
2.62756e-05
2.62756e-05
2.62756e-05
2.62756e-05
2.62756e-05
2.62756e-05
2.62756e-05
2.62756e-05
2.62756e-05
2.62756e-05
2.62756e-05
2.62756e-05
2.62756e-05
2.62756e-05
2.62756e-05
2.62756e-05
2.62756e-05
2.62756e-05
2.62756e-05
2.62756e-05
2.62756e-05
2.62756e-05
2.62756e-05
2.62756e-05
2.62756e-05
2.62756e-05
2.62756e-05
2.62756e-05
2.62756e-05
2.62756e-05
2.62756e-05
2.62756e-05
2.62756e-05
2.62758e-05
2.62756e-05
2.62756e-05
2.62756e-05
2.62756e-05
2.62756e-05
2.62756e-05
2.62756e-05
2.62756e-05
2.62756e-05
2.62756e-05
2.62756e-05
2.62756e-05
2.62756e-05
2.62756e-05
2.62756e-05
2.62756e-05
2.62756e-05
2.62756e-05
2.62756e-05
2.62756e-05
2.62756e-05
2.62756e-05
2.62756e-05
2.62756e-05
2.62756e-05
2.62756e-05
2.62756e-05
2.62756e-05
2.62756e-05
2.62756e-05
2.62756e-05
2.62756e-05
2.62756e-05
)
;

boundaryField
{
    AXIS
    {
        type            empty;
    }
    OUTLET
    {
        type            calculated;
        value           nonuniform List<scalar> 
50
(
2.62756e-05
2.62756e-05
2.62756e-05
2.62756e-05
2.62756e-05
2.62756e-05
2.62756e-05
2.62756e-05
2.62756e-05
2.62756e-05
2.62756e-05
2.62756e-05
2.62756e-05
2.62756e-05
2.62756e-05
2.62756e-05
2.62756e-05
2.62756e-05
2.62756e-05
2.62756e-05
2.62756e-05
2.62756e-05
2.62756e-05
2.62756e-05
2.62756e-05
2.62756e-05
2.62756e-05
2.62756e-05
2.62756e-05
2.62756e-05
2.62756e-05
2.62756e-05
2.62756e-05
2.62756e-05
2.62756e-05
2.62756e-05
2.62756e-05
2.62756e-05
2.62756e-05
2.62756e-05
2.62756e-05
2.62756e-05
2.62756e-05
2.62756e-05
2.62756e-05
2.62756e-05
2.62756e-05
2.62756e-05
2.62756e-05
2.62756e-05
)
;
    }
    COFLOW
    {
        type            calculated;
        value           nonuniform List<scalar> 
30
(
2.62756e-05
2.62756e-05
2.62756e-05
2.62756e-05
2.62756e-05
2.62756e-05
2.62756e-05
2.62756e-05
2.62756e-05
2.62756e-05
2.62756e-05
2.62756e-05
2.62756e-05
2.62756e-05
2.62756e-05
2.62756e-05
2.62756e-05
2.62756e-05
2.62756e-05
2.62756e-05
2.62756e-05
2.62756e-05
2.62756e-05
2.62756e-05
2.62756e-05
2.62756e-05
2.62756e-05
2.62756e-05
2.62756e-05
2.62756e-05
)
;
    }
    PILOT
    {
        type            calculated;
        value           nonuniform List<scalar> 10(8.96538e-05 9.89793e-05 0.0001001 0.000100126 0.000100126 0.000100126 0.000100126 0.000100126 0.000100096 9.856e-05);
    }
    FUEL
    {
        type            calculated;
        value           nonuniform List<scalar> 10(2.61542e-05 2.61542e-05 2.61542e-05 2.61542e-05 2.61542e-05 2.61542e-05 2.61542e-05 2.61542e-05 2.61542e-05 2.61542e-05);
    }
    WALL
    {
        type            calculated;
        value           nonuniform List<scalar> 
100
(
2.62756e-05
2.62756e-05
2.62756e-05
2.62756e-05
2.62756e-05
2.62756e-05
2.62756e-05
2.62756e-05
2.62756e-05
2.62756e-05
2.62756e-05
2.62756e-05
2.62756e-05
2.62756e-05
2.62756e-05
2.62756e-05
2.62756e-05
2.62756e-05
2.62756e-05
2.62756e-05
2.62756e-05
2.62756e-05
2.62756e-05
2.62756e-05
2.62756e-05
2.62756e-05
2.62756e-05
2.62756e-05
2.62756e-05
2.62756e-05
2.62756e-05
2.62756e-05
2.62756e-05
2.62756e-05
2.62756e-05
2.62756e-05
2.62756e-05
2.62756e-05
2.62756e-05
2.62756e-05
2.62756e-05
2.62756e-05
2.62756e-05
2.62756e-05
2.62756e-05
2.62756e-05
2.62756e-05
2.62756e-05
2.62756e-05
2.62756e-05
2.62756e-05
2.62756e-05
2.62756e-05
2.62756e-05
2.62756e-05
2.62756e-05
2.62756e-05
2.62756e-05
2.62756e-05
2.62756e-05
2.62756e-05
2.62756e-05
2.62756e-05
2.62756e-05
2.62756e-05
2.62756e-05
2.62758e-05
2.62756e-05
2.62756e-05
2.62756e-05
2.62756e-05
2.62756e-05
2.62756e-05
2.62756e-05
2.62756e-05
2.62756e-05
2.62756e-05
2.62756e-05
2.62756e-05
2.62756e-05
2.62756e-05
2.62756e-05
2.62756e-05
2.62756e-05
2.62756e-05
2.62756e-05
2.62756e-05
2.62756e-05
2.62756e-05
2.62756e-05
2.62756e-05
2.62756e-05
2.62756e-05
2.62756e-05
2.62756e-05
2.62756e-05
2.62756e-05
2.62756e-05
2.62756e-05
2.62756e-05
)
;
    }
    front
    {
        type            wedge;
    }
    back
    {
        type            wedge;
    }
}


// ************************************************************************* //
