/*--------------------------------*- C++ -*----------------------------------*\
| =========                 |                                                 |
| \\      /  F ield         | OpenFOAM: The Open Source CFD Toolbox           |
|  \\    /   O peration     | Version:  2.3.0                                 |
|   \\  /    A nd           | Web:      www.OpenFOAM.org                      |
|    \\/     M anipulation  |                                                 |
\*---------------------------------------------------------------------------*/
FoamFile
{
    version     2.0;
    format      ascii;
    class       volScalarField;
    location    "0.01";
    object      varZ;
}
// * * * * * * * * * * * * * * * * * * * * * * * * * * * * * * * * * * * * * //

dimensions      [0 0 0 0 0 0 0];

internalField   nonuniform List<scalar> 
5000
(
9.03623e-25
2.38674e-24
3.43647e-24
4.5754e-24
7.66983e-24
1.11123e-23
1.71985e-23
3.10398e-23
6.44334e-23
1.54334e-22
3.96602e-22
9.90563e-22
2.26705e-21
4.62878e-21
7.41909e-21
8.77486e-21
1.37048e-20
4.99507e-20
2.92092e-19
1.18514e-18
2.41165e-18
2.11534e-18
1.27176e-18
1.14887e-18
3.37177e-18
1.56133e-17
6.55124e-17
2.25432e-16
6.32116e-16
1.34863e-15
2.39311e-15
4.88494e-15
1.37029e-14
4.23486e-14
1.3244e-13
4.33435e-13
1.42763e-12
4.49338e-12
1.31315e-11
3.47427e-11
8.22649e-11
1.73412e-10
3.2566e-10
5.41022e-10
7.54473e-10
8.30869e-10
7.59664e-10
6.49141e-10
5.40193e-10
4.74918e-10
5.07842e-10
6.71183e-10
9.51748e-10
1.21031e-09
1.2082e-09
9.5546e-10
6.9383e-10
5.15044e-10
4.38422e-10
4.94098e-10
7.10615e-10
1.09842e-09
1.58023e-09
1.93661e-09
1.95927e-09
1.78042e-09
1.67102e-09
1.83471e-09
2.373e-09
3.40393e-09
5.15533e-09
8.36021e-09
1.4364e-08
2.57244e-08
6.5161e-08
1.92983e-07
4.55231e-07
8.75639e-07
1.45929e-06
2.18678e-06
3.01483e-06
3.96463e-06
5.01279e-06
5.79529e-06
5.87374e-06
5.69999e-06
5.35092e-06
4.91337e-06
4.4855e-06
4.22392e-06
2.22654e-06
6.13518e-08
1.50113e-09
3.57471e-11
7.64505e-13
1.46506e-14
2.54746e-16
4.08831e-18
6.16515e-20
8.41964e-22
8.54939e-23
4.46419e-22
8.52712e-22
1.27406e-21
2.00785e-21
2.41017e-21
2.68398e-21
3.31792e-21
6.29374e-21
1.69932e-20
4.93952e-20
1.39272e-19
3.81969e-19
8.95649e-19
1.36335e-18
1.26631e-18
1.39418e-18
4.70704e-18
3.15811e-17
1.51351e-16
3.55672e-16
3.24442e-16
1.73471e-16
1.14481e-16
2.17521e-16
9.57644e-16
4.28465e-15
1.57277e-14
4.5534e-14
9.29062e-14
1.37646e-13
1.94158e-13
4.09728e-13
1.0691e-12
2.76113e-12
7.78757e-12
2.40745e-11
7.47175e-11
2.24444e-10
6.30167e-10
1.62256e-09
3.78697e-09
7.94903e-09
1.48159e-08
2.35341e-08
2.81339e-08
2.53967e-08
2.04846e-08
1.60978e-08
1.31452e-08
1.28416e-08
1.68519e-08
2.58746e-08
3.70346e-08
3.97176e-08
3.07751e-08
2.08876e-08
1.4454e-08
1.15311e-08
1.29167e-08
1.95793e-08
3.2528e-08
4.9731e-08
6.31703e-08
6.22533e-08
5.14543e-08
4.12875e-08
3.76736e-08
4.10176e-08
4.99522e-08
6.06451e-08
7.26635e-08
9.30176e-08
1.33133e-07
2.08955e-07
4.48855e-07
1.10875e-06
2.24372e-06
3.82838e-06
5.77495e-06
7.94708e-06
1.02621e-05
1.24744e-05
1.50481e-05
1.86757e-05
2.02587e-05
1.90688e-05
1.41574e-05
7.64563e-06
7.41599e-06
6.06098e-06
2.92898e-07
6.91347e-09
1.56199e-10
3.20461e-12
5.93872e-14
1.00359e-15
1.57016e-17
2.31137e-19
3.08648e-21
3.68716e-21
3.55845e-20
9.71477e-20
1.72379e-19
3.09246e-19
3.97244e-19
4.24398e-19
3.76574e-19
7.74161e-19
2.38971e-18
7.94103e-18
2.52781e-17
8.42923e-17
1.98725e-16
2.82108e-16
2.21764e-16
1.72987e-16
4.65608e-16
3.03383e-15
1.52273e-14
3.93577e-14
4.13075e-14
2.20367e-14
1.28195e-14
1.53485e-14
5.25202e-14
2.18996e-13
7.87398e-13
2.42e-12
4.99161e-12
6.79104e-12
7.84909e-12
1.31726e-11
2.78746e-11
5.7799e-11
1.2626e-10
2.97197e-10
6.92012e-10
1.58252e-09
3.96788e-09
1.28425e-08
4.2625e-08
1.35779e-07
3.55513e-07
6.81798e-07
9.0738e-07
7.98538e-07
6.02417e-07
4.41697e-07
3.33204e-07
2.8034e-07
3.35736e-07
5.0619e-07
8.14905e-07
9.5978e-07
7.52156e-07
5.09797e-07
3.42629e-07
2.51323e-07
2.58188e-07
3.75942e-07
6.74671e-07
1.10509e-06
1.4858e-06
1.44251e-06
1.14844e-06
8.48064e-07
6.78592e-07
6.27481e-07
6.9149e-07
8.01711e-07
8.51116e-07
7.95121e-07
7.03236e-07
6.58163e-07
9.1819e-07
1.84499e-06
3.63954e-06
6.27253e-06
9.54457e-06
1.3164e-05
1.69737e-05
2.04409e-05
2.38004e-05
2.88571e-05
3.51484e-05
3.48691e-05
2.78531e-05
1.46014e-05
1.39078e-05
1.07221e-05
4.30585e-07
1.08474e-08
2.61796e-10
5.57213e-12
1.04433e-13
1.76175e-15
2.73502e-17
3.98128e-19
5.24934e-21
1.55041e-19
2.13298e-18
7.88707e-18
1.9623e-17
5.21558e-17
9.02688e-17
1.25702e-16
8.00629e-17
7.5714e-17
1.79081e-16
5.99394e-16
1.9862e-15
6.36441e-15
1.63218e-14
2.76448e-14
2.49336e-14
1.9202e-14
3.91721e-14
2.19657e-13
1.09206e-12
2.90519e-12
3.27902e-12
1.78987e-12
1.04048e-12
1.12107e-12
3.38861e-12
1.33037e-11
4.47288e-11
1.28306e-10
2.46441e-10
2.94037e-10
2.58255e-10
3.0041e-10
4.63991e-10
6.77137e-10
9.88195e-10
1.70361e-09
3.26597e-09
6.52358e-09
1.41677e-08
4.55231e-08
1.53997e-07
5.08582e-07
1.53286e-06
3.83512e-06
7.08115e-06
7.93707e-06
7.26128e-06
5.37229e-06
2.98838e-06
1.77014e-06
1.77616e-06
2.4817e-06
5.09481e-06
8.8713e-06
8.88977e-06
6.85083e-06
4.28569e-06
2.33337e-06
1.41226e-06
1.67491e-06
3.50047e-06
8.46217e-06
1.64567e-05
1.96539e-05
1.71052e-05
1.18832e-05
7.82582e-06
5.42399e-06
4.27334e-06
4.49561e-06
5.12103e-06
4.87863e-06
3.51036e-06
1.95173e-06
1.96078e-06
2.76604e-06
4.85318e-06
8.23536e-06
1.25621e-05
1.73623e-05
2.24593e-05
2.70844e-05
3.11812e-05
3.68173e-05
4.59884e-05
4.72999e-05
3.99514e-05
2.26206e-05
2.22574e-05
1.01126e-05
3.71065e-07
1.05144e-08
2.45589e-10
4.90948e-12
8.69773e-14
1.40613e-15
2.11566e-17
3.00868e-19
3.90036e-21
2.47872e-17
1.67863e-16
6.46115e-16
2.03107e-15
7.07929e-15
1.69364e-14
3.20422e-14
2.94181e-14
1.4611e-14
1.02559e-14
1.9077e-14
5.9856e-14
1.94026e-13
5.75425e-13
1.3267e-12
1.39391e-12
1.25584e-12
2.88772e-12
1.50455e-11
6.78003e-11
1.70577e-10
1.96164e-10
1.10228e-10
6.3556e-11
5.80475e-11
1.46133e-10
5.3783e-10
1.72872e-09
4.66503e-09
8.67953e-09
9.98632e-09
7.73601e-09
6.77303e-09
8.2068e-09
9.79148e-09
1.05351e-08
1.23133e-08
1.64817e-08
2.6301e-08
4.64376e-08
1.27394e-07
4.05429e-07
1.23305e-06
3.10436e-06
6.50369e-06
1.15907e-05
1.67047e-05
1.74939e-05
1.62775e-05
1.21753e-05
7.11096e-06
5.95238e-06
6.85228e-06
1.08629e-05
2.01218e-05
2.7993e-05
2.68281e-05
2.05799e-05
1.00912e-05
4.65574e-06
4.99762e-06
8.84073e-06
1.89042e-05
3.64789e-05
5.89467e-05
7.25178e-05
7.12884e-05
5.83902e-05
3.43696e-05
1.98887e-05
1.44093e-05
1.27641e-05
1.17841e-05
9.45017e-06
5.41972e-06
3.8601e-06
4.2917e-06
6.19225e-06
9.96889e-06
1.52057e-05
2.1195e-05
2.77048e-05
3.36562e-05
3.86614e-05
4.50711e-05
5.6286e-05
5.87805e-05
5.05537e-05
3.04841e-05
3.19429e-05
1.01846e-05
3.35348e-07
9.80695e-09
2.22953e-10
4.32096e-12
7.47879e-14
1.18944e-15
1.76685e-17
2.48371e-19
3.18747e-21
1.83947e-15
8.87681e-15
3.17561e-14
1.08348e-13
4.9175e-13
1.7155e-12
4.17651e-12
4.54905e-12
2.62458e-12
1.34718e-12
1.45791e-12
3.73535e-12
1.21143e-11
3.74117e-11
9.26411e-11
9.47321e-11
7.81749e-11
1.4717e-10
6.43805e-10
2.66627e-09
6.57735e-09
8.14385e-09
4.93239e-09
2.91446e-09
2.31815e-09
4.61895e-09
1.53843e-08
4.67019e-08
1.19526e-07
2.21628e-07
2.56592e-07
1.91919e-07
1.43036e-07
1.37834e-07
1.41912e-07
1.32265e-07
1.26273e-07
1.21501e-07
1.2805e-07
1.60931e-07
2.69517e-07
7.01317e-07
1.87649e-06
4.24322e-06
8.08846e-06
1.34802e-05
2.03332e-05
2.64279e-05
2.73667e-05
2.58297e-05
2.1182e-05
1.75913e-05
1.806e-05
2.24677e-05
3.4504e-05
5.36544e-05
5.70445e-05
5.11923e-05
3.19005e-05
1.2944e-05
1.04973e-05
1.4156e-05
2.5848e-05
4.70008e-05
7.68145e-05
0.000113556
0.000152171
0.00016889
0.00016166
0.000122418
6.32623e-05
3.28354e-05
2.38854e-05
1.80729e-05
1.13202e-05
6.79166e-06
6.65229e-06
8.0156e-06
1.17567e-05
1.76942e-05
2.49694e-05
3.32039e-05
4.08494e-05
4.71053e-05
5.4813e-05
6.8429e-05
7.12414e-05
6.06731e-05
3.8787e-05
4.26393e-05
8.62109e-06
2.46561e-07
6.48263e-09
1.37367e-10
2.58338e-12
4.44396e-14
7.1039e-16
1.06739e-17
1.52694e-19
2.00431e-21
1.17462e-13
6.19895e-13
2.50112e-12
1.06329e-11
5.17473e-11
1.87226e-10
4.42923e-10
4.84635e-10
2.55016e-10
1.20853e-10
1.05606e-10
2.44499e-10
8.14654e-10
2.80826e-09
6.35226e-09
6.16483e-09
4.37708e-09
6.23111e-09
2.06153e-08
7.32812e-08
1.74132e-07
2.39835e-07
1.62765e-07
1.00169e-07
6.97408e-08
9.77395e-08
2.62311e-07
6.76909e-07
1.83694e-06
3.92981e-06
5.00886e-06
3.72089e-06
2.57568e-06
2.11642e-06
1.83979e-06
1.43511e-06
1.19939e-06
1.00107e-06
8.23698e-07
6.42797e-07
6.71304e-07
1.15185e-06
2.57065e-06
5.41206e-06
1.00576e-05
1.64522e-05
2.39112e-05
3.19118e-05
3.9584e-05
4.32663e-05
4.43921e-05
4.51159e-05
4.66885e-05
5.3327e-05
6.97753e-05
9.80885e-05
0.000114516
0.000108446
7.87626e-05
3.38519e-05
1.87423e-05
2.13875e-05
3.33847e-05
5.75181e-05
9.29181e-05
0.000137979
0.000192054
0.000244402
0.000255169
0.000240958
0.000194814
0.000126033
6.49684e-05
3.87141e-05
2.39237e-05
1.22491e-05
9.6119e-06
1.05496e-05
1.40175e-05
2.04382e-05
2.90002e-05
3.91829e-05
4.8788e-05
5.65216e-05
6.59115e-05
8.24165e-05
8.52166e-05
7.1691e-05
4.83402e-05
4.27339e-05
4.9055e-06
1.23251e-07
3.09326e-09
6.66133e-11
1.30451e-12
2.36149e-14
3.99957e-16
6.40381e-18
9.7901e-20
1.36844e-21
3.59956e-11
8.32011e-11
1.48424e-10
5.46825e-10
2.80554e-09
1.09574e-08
2.7712e-08
3.64784e-08
2.21393e-08
1.07816e-08
7.65851e-09
1.33992e-08
4.05843e-08
1.3406e-07
3.09131e-07
3.45555e-07
2.29195e-07
2.09389e-07
4.05177e-07
1.14553e-06
2.67864e-06
4.64735e-06
3.72474e-06
2.38928e-06
1.47668e-06
1.10303e-06
1.53918e-06
3.02729e-06
8.71557e-06
2.60991e-05
5.24631e-05
5.30422e-05
4.19349e-05
3.43698e-05
2.88276e-05
1.7417e-05
1.10755e-05
7.68843e-06
5.04439e-06
2.59769e-06
1.78199e-06
2.19534e-06
3.85981e-06
7.65435e-06
1.438e-05
2.40751e-05
3.48837e-05
4.42413e-05
5.23815e-05
6.04617e-05
6.94256e-05
7.83716e-05
8.70997e-05
0.000100043
0.000122519
0.000157289
0.000194647
0.000193976
0.000162814
8.25968e-05
3.31099e-05
3.25525e-05
4.37442e-05
7.1036e-05
0.000112843
0.000165891
0.000228348
0.000296985
0.000330221
0.000324574
0.000309694
0.00030607
0.000274953
0.000159939
6.79336e-05
2.5712e-05
1.33928e-05
1.37457e-05
1.69044e-05
2.37057e-05
3.35349e-05
4.58749e-05
5.77668e-05
6.72342e-05
7.86755e-05
9.85539e-05
0.000101025
8.41562e-05
5.76825e-05
3.99465e-05
2.2222e-06
5.76764e-08
1.52431e-09
3.54221e-11
7.51245e-13
1.47223e-14
2.68554e-16
4.58866e-18
7.39254e-20
1.07331e-21
7.25618e-09
2.20834e-08
1.73313e-08
2.4036e-08
8.26411e-08
3.17329e-07
9.23908e-07
1.56402e-06
1.2266e-06
6.42069e-07
4.45666e-07
6.22652e-07
1.50915e-06
3.97006e-06
9.62936e-06
1.49274e-05
1.04953e-05
7.28444e-06
7.00007e-06
1.09936e-05
2.01581e-05
5.01771e-05
6.83575e-05
4.66655e-05
2.70439e-05
1.58786e-05
8.92467e-06
1.10726e-05
2.39904e-05
5.75166e-05
0.00012089
0.00020774
0.000254269
0.000288331
0.000290455
0.000232459
0.000115001
4.64831e-05
2.34785e-05
9.13909e-06
3.9856e-06
4.27771e-06
6.28786e-06
1.14648e-05
2.13031e-05
3.63366e-05
5.39189e-05
6.83269e-05
7.88704e-05
8.85768e-05
0.000100202
0.000113507
0.000127814
0.000147576
0.000178639
0.000220436
0.000263547
0.000268635
0.000247378
0.000157466
6.04915e-05
4.82189e-05
5.8024e-05
8.7731e-05
0.000136413
0.000198406
0.000270677
0.000356959
0.000430371
0.000458307
0.000486059
0.000554974
0.000596281
0.000527591
0.000276561
6.87845e-05
2.06515e-05
1.79998e-05
2.05122e-05
2.75058e-05
3.8606e-05
5.33949e-05
6.7983e-05
7.94812e-05
9.33491e-05
0.000116962
0.00011882
9.77894e-05
6.5939e-05
3.35977e-05
1.18696e-06
3.41137e-08
9.51456e-10
2.36511e-11
5.30814e-13
1.0876e-14
2.04726e-16
3.56391e-18
5.78368e-20
8.38667e-22
3.31862e-07
2.37205e-06
2.25295e-06
1.93024e-06
2.54365e-06
5.45198e-06
1.75461e-05
4.29256e-05
5.16355e-05
2.86348e-05
1.76209e-05
1.55815e-05
2.20054e-05
4.25398e-05
0.000101412
0.000240343
0.000267282
0.000203146
9.79801e-05
6.79425e-05
8.38562e-05
0.000152489
0.000285703
0.000307045
0.000238738
9.97851e-05
2.83995e-05
2.70038e-05
4.14089e-05
8.18964e-05
0.000158485
0.000280024
0.000405172
0.000475554
0.000489502
0.000475394
0.000429124
0.000314508
0.000116906
2.54068e-05
8.18081e-06
8.06486e-06
1.049e-05
1.76811e-05
3.23092e-05
5.62419e-05
8.57834e-05
0.000107937
0.000120628
0.000130457
0.000142473
0.000157286
0.000175434
0.000202685
0.000239509
0.000273539
0.000299607
0.000300539
0.000284843
0.000225002
0.000104641
6.99862e-05
7.81646e-05
0.000109315
0.000164019
0.000235325
0.000319899
0.00042144
0.000529057
0.000609546
0.000666029
0.000705892
0.000733614
0.000733148
0.000611189
0.000220626
4.16223e-05
2.40015e-05
2.55039e-05
3.21466e-05
4.44918e-05
6.22803e-05
8.0196e-05
9.39775e-05
0.000110502
0.000137894
0.000138693
0.000112001
7.33611e-05
2.85785e-05
8.33334e-07
2.58849e-08
7.30066e-10
1.832e-11
4.09821e-13
8.31782e-15
1.54404e-16
2.64105e-18
4.19992e-20
5.96245e-22
5.16642e-05
0.000246674
0.000294176
0.000233057
0.000205404
0.000244674
0.000358146
0.000458921
0.000458553
0.000409033
0.000230613
9.28422e-05
9.78598e-05
0.000168059
0.000336579
0.000494202
0.000524426
0.000483676
0.000349426
0.000231379
0.000246038
0.000321352
0.000385725
0.000396189
0.000370436
0.000268046
9.81519e-05
5.73176e-05
6.78704e-05
0.000109838
0.000200926
0.000344351
0.000472651
0.000513147
0.00050969
0.000497335
0.000473702
0.000433374
0.00029769
9.0751e-05
2.04212e-05
1.52143e-05
1.78005e-05
2.76074e-05
5.02151e-05
9.08098e-05
0.000142236
0.000172621
0.000179992
0.000183225
0.000189259
0.000201528
0.000225081
0.000260229
0.000282438
0.000291851
0.00030194
0.000304731
0.000295136
0.00025709
0.000146766
9.78989e-05
0.000104535
0.000137246
0.000198681
0.000281917
0.00038084
0.000487158
0.000588584
0.000677086
0.00073321
0.000743091
0.000736809
0.000722778
0.00067844
0.000425053
9.5298e-05
3.3608e-05
3.23902e-05
3.80147e-05
5.15199e-05
7.29005e-05
9.49849e-05
0.000111343
0.000130646
0.000161295
0.000160601
0.000126239
8.16376e-05
2.57997e-05
6.90537e-07
2.23636e-08
6.139e-10
1.48417e-11
3.20043e-13
6.28943e-15
1.13328e-16
1.885e-18
2.91958e-20
4.04756e-22
1.34017e-05
4.99745e-05
0.000140606
0.000252422
0.000266902
0.000266269
0.000244976
0.000192091
0.000237519
0.000363812
0.000345166
0.000280083
0.000282129
0.000340303
0.000368101
0.000353339
0.000388061
0.000469267
0.00046377
0.000448568
0.000447129
0.000436442
0.000397444
0.000385153
0.000370213
0.000323801
0.00017745
9.84266e-05
0.000105263
0.000151766
0.000263301
0.000413331
0.000509897
0.000521071
0.000511632
0.000478554
0.000418929
0.000388535
0.000343978
0.00018903
4.93037e-05
2.77468e-05
3.04768e-05
4.4516e-05
8.11058e-05
0.000150291
0.000226953
0.000244384
0.000239783
0.000231624
0.00023306
0.000248643
0.000289139
0.000305493
0.000290857
0.000259207
0.000257228
0.000270715
0.000275345
0.000251342
0.00017078
0.00012909
0.000136295
0.0001731
0.0002434
0.000338914
0.00044535
0.000543223
0.00062129
0.00068951
0.000722757
0.000718646
0.000697294
0.000665681
0.000625322
0.000505362
0.000162272
4.68278e-05
4.0754e-05
4.56862e-05
6.03143e-05
8.58796e-05
0.000112887
0.000131979
0.000154133
0.000187052
0.000184011
0.000140164
9.18137e-05
2.20622e-05
5.9917e-07
1.90135e-08
5.00029e-10
1.16455e-11
2.43903e-13
4.67827e-15
8.23664e-17
1.33984e-18
2.03206e-20
2.76566e-22
1.67939e-06
9.79673e-06
3.66362e-05
9.66343e-05
0.000132129
0.000116202
7.21801e-05
7.15366e-05
0.000129495
0.000290464
0.000383914
0.000371653
0.000353719
0.000329855
0.000259002
0.000211282
0.000271321
0.000427159
0.000464436
0.000445937
0.000412179
0.000356616
0.000364258
0.000375347
0.000371032
0.000334072
0.000208135
0.000138437
0.000150559
0.000214896
0.000340993
0.000469316
0.000520766
0.000519888
0.000504848
0.000450685
0.000344493
0.000307278
0.000294174
0.000229422
9.31595e-05
4.83947e-05
5.13029e-05
7.24746e-05
0.000130766
0.000235683
0.000312367
0.000311191
0.000289805
0.000273491
0.000281315
0.000320661
0.000348176
0.000327414
0.000253014
0.000210548
0.000213845
0.000234205
0.000250704
0.000236272
0.000182062
0.000159599
0.000170824
0.000215769
0.000296893
0.000401894
0.000506485
0.00058845
0.000640222
0.000673485
0.000679391
0.000671816
0.000652263
0.000626357
0.000589294
0.000498666
0.000204073
6.02518e-05
5.05637e-05
5.5303e-05
7.139e-05
0.000101795
0.000134483
0.000156336
0.0001812
0.000214723
0.000208132
0.000153366
0.000104581
2.02988e-05
5.40289e-07
1.62437e-08
4.11242e-10
9.36951e-12
1.93304e-13
3.65469e-15
6.33559e-17
1.01432e-18
1.51396e-20
2.0304e-22
1.87935e-07
1.36026e-06
5.64811e-06
1.33208e-05
1.99494e-05
1.83333e-05
1.71675e-05
2.39955e-05
5.33198e-05
0.000142958
0.000259696
0.000308549
0.000291191
0.000208494
0.000105937
9.99163e-05
0.000143317
0.000253252
0.000322012
0.00030888
0.000266929
0.000291961
0.000367941
0.000350603
0.000292007
0.000241624
0.000185396
0.000176929
0.000209373
0.000296532
0.000410712
0.000484408
0.000516759
0.000522736
0.000504375
0.000432534
0.000295155
0.000253321
0.000251765
0.000223753
0.000128509
7.73365e-05
8.25282e-05
0.000118941
0.000215936
0.000358929
0.000404991
0.000382312
0.000339598
0.00033548
0.000361966
0.000408121
0.000407894
0.000341093
0.000228363
0.000190524
0.000193488
0.000212884
0.000228807
0.000219127
0.000189134
0.00018677
0.000207058
0.000265225
0.000358134
0.000467632
0.000567779
0.00062594
0.000632578
0.000632426
0.000632049
0.000629653
0.000624228
0.000611358
0.000578778
0.000492625
0.00022731
7.36084e-05
6.17219e-05
6.66588e-05
8.47982e-05
0.00012094
0.00016032
0.000184951
0.000212192
0.000243901
0.000232007
0.000165382
0.000124348
2.01448e-05
5.00779e-07
1.41435e-08
3.51001e-10
7.96018e-12
1.6288e-13
3.02982e-15
5.1423e-17
8.0443e-19
1.17255e-20
1.53812e-22
2.28515e-08
1.73348e-07
6.59643e-07
1.52907e-06
2.43969e-06
3.18279e-06
4.4446e-06
7.58076e-06
1.62797e-05
3.99926e-05
8.82657e-05
0.000131732
0.000117583
6.22519e-05
4.21768e-05
4.95329e-05
7.14259e-05
0.000110411
0.000144272
0.000152446
0.000169342
0.000253585
0.000380995
0.000378358
0.000288742
0.000227421
0.000213843
0.000234203
0.000294841
0.000387734
0.000454187
0.000473171
0.000500357
0.00053277
0.000517321
0.000430159
0.000269907
0.000223504
0.000223667
0.000206741
0.000140854
0.000110039
0.000125486
0.000194065
0.000346843
0.000495242
0.000507244
0.000464297
0.000425407
0.00042882
0.000459129
0.000487691
0.00048253
0.000398748
0.000250402
0.000186268
0.000183474
0.00019281
0.000204211
0.000200787
0.000197818
0.000209092
0.000248528
0.000325339
0.000430527
0.000539609
0.000609647
0.000614692
0.000599433
0.000588885
0.000591856
0.000604995
0.000614528
0.000608743
0.000578139
0.000485018
0.000230867
8.45139e-05
7.32386e-05
7.90093e-05
0.000100332
0.000143616
0.000191079
0.000218516
0.000247484
0.000274083
0.000254766
0.000176901
0.00014798
1.78088e-05
4.2137e-07
1.17862e-08
2.95815e-10
6.6729e-12
1.33624e-13
2.41344e-15
3.97158e-17
6.03065e-19
8.54841e-21
1.09385e-22
4.81141e-09
2.77709e-08
1.04727e-07
2.65552e-07
5.12979e-07
8.91496e-07
1.53899e-06
2.75588e-06
4.98787e-06
9.05341e-06
1.59711e-05
2.32776e-05
2.25172e-05
2.048e-05
2.49454e-05
3.54298e-05
4.81335e-05
6.27053e-05
7.84694e-05
9.45599e-05
0.000130142
0.000220026
0.000366349
0.000413966
0.000364121
0.000298159
0.000296674
0.000328938
0.000395698
0.000441654
0.000438283
0.000439721
0.000473806
0.000534653
0.000535593
0.000447156
0.000262284
0.000200201
0.000198004
0.000183603
0.000145597
0.000145163
0.000186955
0.000307277
0.000495825
0.000598541
0.000594303
0.000557243
0.000526678
0.000524769
0.000537925
0.000559433
0.000562463
0.000521833
0.000379189
0.000218939
0.000180984
0.000181064
0.000186791
0.000195905
0.000210569
0.000242394
0.00030264
0.000397751
0.000509718
0.000593467
0.000605887
0.000586879
0.000561304
0.00056167
0.000570507
0.000597476
0.000627594
0.000624931
0.000584795
0.000460561
0.000214364
9.11649e-05
8.38788e-05
9.16156e-05
0.00011799
0.000170227
0.000227532
0.000258228
0.000287381
0.000304256
0.000276727
0.00018752
0.000168202
1.32945e-05
3.20304e-07
9.16544e-09
2.31278e-10
5.09755e-12
9.86996e-14
1.72271e-15
2.74831e-17
4.05906e-19
5.61132e-21
7.02221e-23
1.72406e-08
1.15259e-07
3.67553e-07
8.10982e-07
1.42031e-06
2.1809e-06
3.10767e-06
3.93622e-06
4.68725e-06
5.84819e-06
8.2457e-06
1.25066e-05
1.8231e-05
2.5913e-05
3.55394e-05
4.33378e-05
4.85957e-05
5.47053e-05
6.36404e-05
7.93893e-05
0.00011433
0.000188661
0.000300526
0.000394376
0.000414031
0.000407384
0.000412647
0.000427632
0.000432087
0.000410717
0.000387449
0.000398247
0.000443567
0.000520003
0.00055386
0.000493331
0.000287078
0.000186337
0.000173568
0.000165816
0.000163826
0.000191644
0.000284203
0.000449615
0.00059736
0.00062527
0.00061677
0.00059288
0.000580969
0.000580518
0.000583149
0.000587067
0.000590745
0.000586625
0.000520745
0.000344317
0.000221102
0.000198774
0.000199499
0.000208886
0.000237888
0.000292097
0.000374458
0.000483324
0.000581474
0.000601606
0.000582665
0.000550388
0.000546772
0.000553206
0.000575151
0.000621293
0.000659456
0.000650396
0.000583311
0.000399285
0.000177984
9.47474e-05
9.29766e-05
0.000104447
0.00013796
0.000200382
0.000268319
0.000303755
0.000329217
0.000333194
0.000295405
0.000201438
0.000163339
8.04075e-06
2.27753e-07
6.752e-09
1.66264e-10
3.5136e-12
6.54166e-14
1.10461e-15
1.71379e-17
2.46945e-19
3.33627e-21
4.08639e-23
1.16837e-07
6.73109e-07
1.9882e-06
4.1142e-06
6.81955e-06
9.57446e-06
1.23553e-05
1.37708e-05
1.43402e-05
1.53703e-05
1.88448e-05
2.63681e-05
3.91099e-05
5.38307e-05
6.03717e-05
6.04763e-05
5.94493e-05
6.01076e-05
6.41402e-05
7.6999e-05
0.000109088
0.000164948
0.000239845
0.000313964
0.000385545
0.000409236
0.000410753
0.000401275
0.00036293
0.000330665
0.000333485
0.000359634
0.000405268
0.000475241
0.000558566
0.000541264
0.000380321
0.000210779
0.000183051
0.000182285
0.000204169
0.000277991
0.000418499
0.000566597
0.00061601
0.000613023
0.000596589
0.000581777
0.000577687
0.000576269
0.000578278
0.00058171
0.00059095
0.000603702
0.000593779
0.000506313
0.000345966
0.000258167
0.000240724
0.000251649
0.000294969
0.000369436
0.000467558
0.000572828
0.000601425
0.000578192
0.000541335
0.000538787
0.000550514
0.00058231
0.000628411
0.000680582
0.000698665
0.000674358
0.000576948
0.000320217
0.000137478
9.78065e-05
0.000100528
0.000118206
0.00016103
0.000235107
0.000312413
0.000351775
0.000365274
0.000358273
0.000304728
0.000223668
0.000111128
4.65301e-06
1.58215e-07
4.61259e-09
1.08e-10
2.179e-12
3.91451e-14
6.41975e-16
9.7059e-18
1.36449e-19
1.79896e-21
2.15155e-23
7.10044e-07
3.61099e-06
1.02117e-05
2.00476e-05
2.89832e-05
3.45118e-05
3.78841e-05
3.8814e-05
3.96794e-05
4.31273e-05
5.13604e-05
6.58372e-05
7.72178e-05
7.86963e-05
7.71442e-05
7.42222e-05
7.06417e-05
7.0462e-05
7.33338e-05
8.48207e-05
0.000110329
0.000142064
0.00017294
0.000204604
0.000257357
0.000295123
0.000296763
0.000282085
0.000267951
0.000273041
0.000293035
0.000322099
0.000360634
0.000418737
0.000526152
0.000573637
0.000503613
0.000313583
0.000237683
0.000242332
0.000299084
0.000415629
0.000548486
0.000601854
0.000596637
0.000567619
0.000547666
0.000547196
0.000548934
0.000551598
0.00055512
0.000564962
0.000584275
0.000607397
0.000616188
0.000598117
0.000521258
0.000410902
0.000346531
0.000348197
0.000391642
0.000475124
0.000571657
0.000607077
0.000577996
0.000532572
0.000529841
0.000542917
0.000585807
0.000644127
0.000698544
0.000729646
0.000728089
0.00069453
0.00057422
0.000268182
0.000117098
0.000101521
0.000108469
0.000133423
0.000187876
0.00027384
0.000352552
0.000388634
0.00038971
0.000373748
0.000303191
0.000265595
8.44914e-05
3.05822e-06
1.05714e-07
2.86711e-09
6.33181e-11
1.22332e-12
2.12716e-14
3.38915e-16
4.98289e-18
6.81207e-20
8.73171e-22
1.01605e-23
3.81756e-06
1.63982e-05
3.80137e-05
5.31512e-05
6.05522e-05
6.4989e-05
7.0815e-05
7.52306e-05
7.91229e-05
8.73732e-05
9.28676e-05
9.33709e-05
9.06222e-05
8.53384e-05
8.12579e-05
7.91994e-05
7.91879e-05
8.02783e-05
8.40658e-05
9.43281e-05
0.000109176
0.000115548
0.000124376
0.000140934
0.000160892
0.000181568
0.000198071
0.000210114
0.000221787
0.000237217
0.000258121
0.00028503
0.000319402
0.00036737
0.000451864
0.000565996
0.000574317
0.000490012
0.000393019
0.000388978
0.00045275
0.000548349
0.000588086
0.000581222
0.000533142
0.000497457
0.000492174
0.000497692
0.000506436
0.000517796
0.000534046
0.000558942
0.000594147
0.000620202
0.000627064
0.000621189
0.000602913
0.000572824
0.000511383
0.000497429
0.000531982
0.000600782
0.000621305
0.000580557
0.000522983
0.000519386
0.000532129
0.000574476
0.000640376
0.000696496
0.000735854
0.00074984
0.000742814
0.000706317
0.000579929
0.00025142
0.000113683
0.000106598
0.000117507
0.000150577
0.000217449
0.000315306
0.000383141
0.000401194
0.000397851
0.000378655
0.000303843
0.000375415
6.65748e-05
2.07706e-06
6.36036e-08
1.5729e-09
3.30551e-11
6.17643e-13
1.04242e-14
1.6106e-16
2.29507e-18
3.04099e-20
3.77882e-22
4.26772e-24
6.4188e-06
2.35473e-05
4.38178e-05
5.50999e-05
6.32956e-05
7.22663e-05
8.31932e-05
9.24578e-05
9.42135e-05
9.08174e-05
8.3841e-05
7.5976e-05
7.28321e-05
7.30574e-05
7.47883e-05
7.728e-05
8.01795e-05
8.36075e-05
8.72693e-05
8.8193e-05
8.96724e-05
9.61203e-05
0.000107384
0.000123223
0.000140692
0.000156352
0.000168988
0.000180612
0.000193057
0.000209448
0.000231613
0.000258619
0.000289586
0.000328141
0.000386095
0.000475722
0.000572146
0.000583043
0.000562227
0.000554915
0.000569526
0.000576908
0.000560084
0.000500709
0.000451377
0.000443868
0.000449147
0.00046338
0.000482226
0.000504641
0.00053711
0.000587086
0.000633178
0.000642795
0.000634376
0.000624561
0.000617119
0.000621538
0.000633222
0.000648153
0.00065807
0.000639746
0.000569451
0.000507159
0.000507296
0.000525906
0.000569351
0.000632612
0.000690622
0.000723507
0.000746455
0.00075783
0.000753805
0.000719231
0.000599658
0.000264662
0.000118272
0.000113612
0.000128977
0.000170724
0.000248939
0.000362581
0.000412365
0.000410256
0.000402532
0.000378352
0.000319077
0.000534563
4.44595e-05
1.16264e-06
3.09864e-08
7.24287e-10
1.48073e-11
2.69084e-13
4.39395e-15
6.55202e-17
9.01418e-19
1.15455e-20
1.38828e-22
1.51925e-24
9.34058e-07
4.69771e-06
9.80881e-06
1.40847e-05
1.97472e-05
2.69367e-05
3.20332e-05
3.50436e-05
3.53142e-05
3.52423e-05
3.53335e-05
3.6389e-05
3.77587e-05
4.01161e-05
4.40226e-05
4.88689e-05
5.38096e-05
5.75051e-05
6.12949e-05
6.48615e-05
7.67057e-05
9.38495e-05
0.000109992
0.000122024
0.000130213
0.000138271
0.000146516
0.000156614
0.000170977
0.000192057
0.000218487
0.000246228
0.000273578
0.000302089
0.000338545
0.000387969
0.000456389
0.000530542
0.000558681
0.000555466
0.000549294
0.000515682
0.000452935
0.000414244
0.000407628
0.000413873
0.000431267
0.000455838
0.000484729
0.000522678
0.000583831
0.000648093
0.000667716
0.000657832
0.00063511
0.000605315
0.000596111
0.00059544
0.000605799
0.000606819
0.000568988
0.00050271
0.000482361
0.000490039
0.000520513
0.000579176
0.000636842
0.000686721
0.000718658
0.000736624
0.000752852
0.000768015
0.000767056
0.000737284
0.000630204
0.000298215
0.00012894
0.00012386
0.000143688
0.000194708
0.000280191
0.000414382
0.000464909
0.000438974
0.00041173
0.000388038
0.000380224
0.000351048
1.63352e-05
4.54558e-07
1.21963e-08
2.8355e-10
5.64785e-12
9.89831e-14
1.55492e-15
2.23363e-17
2.96751e-19
3.67708e-21
4.28223e-23
4.54349e-25
5.82352e-08
4.40562e-07
1.02209e-06
1.7662e-06
2.7267e-06
3.70548e-06
4.56345e-06
5.3441e-06
6.1317e-06
7.64724e-06
9.73635e-06
1.18864e-05
1.6021e-05
2.25315e-05
3.04463e-05
3.70822e-05
4.16598e-05
4.64912e-05
5.55154e-05
7.43949e-05
9.64263e-05
9.50041e-05
9.00334e-05
9.05068e-05
9.55486e-05
0.00010489
0.000117194
0.000133892
0.000157077
0.000186361
0.000216785
0.00024504
0.000270603
0.00029333
0.000314292
0.000337779
0.000364763
0.000400188
0.000437471
0.000449822
0.000433814
0.00040092
0.00038225
0.00038157
0.000390951
0.000411015
0.000438285
0.000472905
0.000521354
0.000588192
0.000663944
0.000690277
0.000682769
0.000653147
0.000584844
0.00051682
0.000479786
0.000462777
0.000451854
0.000443844
0.000446548
0.000453991
0.000477996
0.000526626
0.000591719
0.000651026
0.000688533
0.000712106
0.0007298
0.000745654
0.000764457
0.000785032
0.000785382
0.000759104
0.000662383
0.000340327
0.000145391
0.000138445
0.000162137
0.000222186
0.000321485
0.000484077
0.000588163
0.000519269
0.000442474
0.000438728
0.000674734
0.000119424
4.76511e-06
1.58301e-07
4.20544e-09
9.38257e-11
1.78666e-12
3.006e-14
4.55082e-16
6.31842e-18
8.12895e-20
9.76562e-22
1.1036e-23
1.13743e-25
3.63868e-09
3.02569e-08
7.6627e-08
1.37009e-07
2.08166e-07
3.04122e-07
5.32152e-07
1.04858e-06
2.14888e-06
5.64316e-06
1.47857e-05
2.9742e-05
4.93139e-05
7.07667e-05
8.4988e-05
8.26862e-05
7.21331e-05
6.88508e-05
7.95213e-05
9.64229e-05
8.67461e-05
5.90845e-05
4.77421e-05
4.94057e-05
5.64749e-05
7.00343e-05
9.0349e-05
0.000118056
0.000151731
0.000187338
0.000222185
0.00025311
0.000276998
0.000294391
0.000308883
0.000321392
0.000333499
0.000345355
0.000355424
0.000361163
0.00036062
0.000359552
0.000364514
0.000378193
0.000399406
0.000429664
0.000473557
0.00052982
0.000605053
0.000684474
0.00071122
0.000702458
0.000664581
0.000564192
0.00045597
0.000399361
0.000381692
0.000390257
0.000400265
0.000417216
0.000450027
0.000498585
0.000553392
0.000609477
0.000656678
0.000686359
0.000704671
0.000719055
0.000734087
0.000752555
0.000777221
0.000801816
0.000800734
0.000777412
0.000692095
0.000392544
0.000169373
0.000158252
0.000184434
0.000252114
0.000387366
0.000577509
0.000828304
0.000719291
0.000551076
0.000603557
0.000660392
4.15926e-05
1.45715e-06
4.64656e-08
1.17829e-09
2.51998e-11
4.61964e-13
7.51335e-15
1.10178e-16
1.4834e-18
1.85209e-20
2.16132e-22
2.37529e-24
2.38314e-26
2.07328e-10
1.91052e-09
4.8149e-09
7.98514e-09
1.34351e-08
6.51399e-08
4.12497e-07
1.69812e-06
5.95304e-06
1.84485e-05
4.39706e-05
7.77275e-05
0.000111971
0.00014428
0.000150983
0.000142717
0.000117531
0.000105659
0.000107463
9.14484e-05
5.15894e-05
3.23057e-05
3.14182e-05
3.34482e-05
3.89094e-05
5.38624e-05
7.97626e-05
0.000114585
0.000155837
0.000198885
0.000236628
0.000263968
0.000282183
0.000296441
0.000307548
0.000315918
0.000323049
0.000329168
0.000334297
0.000338348
0.000344087
0.000355002
0.000371179
0.000397001
0.000436569
0.000484548
0.000547239
0.000622536
0.000704794
0.000733215
0.00072225
0.000675852
0.000544656
0.000409187
0.000340456
0.000336774
0.000349521
0.000372983
0.000411171
0.00046553
0.000525701
0.00057987
0.000622685
0.000654061
0.000675687
0.00069174
0.000707251
0.000719783
0.000732473
0.000752284
0.000780411
0.000807938
0.000807906
0.0007887
0.000715425
0.000450327
0.000202052
0.000184004
0.000212775
0.000288546
0.000493082
0.000761521
0.00116677
0.00104675
0.000967143
0.00105695
0.000131346
8.6714e-06
3.37563e-07
1.07328e-08
2.65098e-10
5.50961e-12
9.80227e-14
1.54771e-15
2.20426e-17
2.88392e-19
3.50121e-21
3.97691e-23
4.25917e-25
4.16775e-27
1.04238e-11
9.52103e-11
2.31134e-10
4.29146e-10
3.47382e-09
6.6173e-08
6.54093e-07
2.89115e-06
1.0569e-05
3.43241e-05
7.89551e-05
0.000124536
0.000155436
0.000176993
0.000184798
0.000177208
0.000154497
0.000136047
0.000113009
6.32636e-05
3.37898e-05
2.85567e-05
2.81541e-05
2.95364e-05
3.51091e-05
5.18271e-05
8.37391e-05
0.000129834
0.000180488
0.000223779
0.000253609
0.000271272
0.00028304
0.000292031
0.000299654
0.000305989
0.000312273
0.000318494
0.000326417
0.000337422
0.000351187
0.000371917
0.000405904
0.000451954
0.000510132
0.000570208
0.000641861
0.000719048
0.000753003
0.000740862
0.000685291
0.000530384
0.000368755
0.000298948
0.000297984
0.000313818
0.000348153
0.000408384
0.000474606
0.000536171
0.000584347
0.000616502
0.000639453
0.000657967
0.000670443
0.000672696
0.000678847
0.000693355
0.000718653
0.000750389
0.000784964
0.000812771
0.00081331
0.00079754
0.00073595
0.000512182
0.000244331
0.000217096
0.000249409
0.00034562
0.000676677
0.00118401
0.00115638
0.000557557
0.000862034
0.000326351
1.87331e-05
1.27209e-06
6.05277e-08
1.97605e-09
4.82413e-11
9.80858e-13
1.70036e-14
2.61378e-16
3.6245e-18
4.61977e-20
5.46703e-22
6.05743e-24
6.33468e-26
6.05643e-28
4.49252e-13
4.03864e-12
1.06992e-11
8.70789e-11
2.55034e-09
6.0372e-08
7.74878e-07
3.59219e-06
1.35141e-05
4.49418e-05
0.000102817
0.000150653
0.000166857
0.000180783
0.000194194
0.000188959
0.000169604
0.000143707
9.40221e-05
4.63826e-05
4.84889e-05
5.41392e-05
4.74216e-05
4.05494e-05
4.76944e-05
7.0447e-05
0.000119195
0.000173503
0.000217377
0.000248916
0.000265364
0.000274415
0.000280045
0.000285374
0.000291654
0.000299757
0.000308991
0.000322019
0.000339359
0.000362629
0.000391175
0.000428167
0.000479419
0.000537731
0.000601279
0.000660082
0.000724737
0.000764722
0.00075347
0.000697989
0.000522146
0.000336052
0.000261585
0.000260723
0.000277242
0.000317668
0.000386336
0.000465561
0.000528831
0.000568041
0.000598944
0.000607236
0.000610543
0.000609433
0.00060171
0.000607246
0.000632373
0.000673472
0.000728937
0.000773915
0.000804437
0.000820026
0.00081755
0.000803532
0.000751087
0.00056455
0.000293905
0.000259703
0.000296869
0.000425931
0.00044762
0.000528007
0.000208197
4.82617e-05
8.55243e-05
1.84242e-05
2.61976e-06
1.52251e-07
8.10996e-09
2.85343e-10
6.97991e-12
1.39872e-13
2.37652e-15
3.57556e-17
4.85108e-19
6.04939e-21
7.00214e-23
7.5878e-25
7.76472e-27
7.26481e-29
1.84126e-14
1.57782e-13
7.48296e-13
2.10414e-11
7.53653e-10
2.20227e-08
3.96618e-07
2.70567e-06
1.13842e-05
4.05995e-05
0.00010211
0.000145447
0.00013585
0.00014354
0.000175362
0.000183404
0.000170236
0.000130548
6.20588e-05
6.07381e-05
9.69532e-05
0.000124987
0.000107264
8.48057e-05
9.53137e-05
0.000134896
0.000180266
0.00021572
0.000245375
0.000262116
0.000268447
0.000272895
0.000276033
0.000279796
0.000287049
0.000300812
0.000324989
0.000358753
0.000395145
0.000434305
0.000472169
0.000513774
0.000565989
0.00061993
0.000669845
0.000719467
0.000756772
0.000751018
0.000701547
0.00052593
0.000307638
0.000223086
0.000220408
0.00023297
0.000272221
0.000344905
0.000437771
0.000498581
0.00054836
0.000547563
0.000535016
0.000517661
0.0005037
0.000503622
0.000522698
0.000564328
0.000632824
0.00071942
0.000781066
0.000803209
0.000806468
0.000804287
0.000801159
0.000790912
0.000749213
0.000604436
0.000349041
0.000313928
0.000355157
0.000483987
0.000278529
4.27773e-05
1.0694e-05
2.90786e-06
3.50653e-06
8.84482e-07
1.30808e-07
1.28356e-08
7.0895e-10
2.9901e-11
7.66089e-13
1.54814e-14
2.61742e-16
3.89712e-18
5.21513e-20
6.40042e-22
7.27819e-24
7.73867e-26
7.76966e-28
7.13194e-30
8.04726e-16
7.24583e-15
9.6533e-14
3.90217e-12
1.67678e-10
6.0227e-09
1.42286e-07
1.76475e-06
8.50806e-06
3.19948e-05
9.18468e-05
0.000121477
9.35836e-05
8.87619e-05
0.000123631
0.000154991
0.000141823
7.37508e-05
4.41633e-05
8.05355e-05
0.000167869
0.000186509
0.00016086
0.000152559
0.00016398
0.000184043
0.000209205
0.000238321
0.000260908
0.000258849
0.000262906
0.000275629
0.000280146
0.00028077
0.000290773
0.000325815
0.000382155
0.000436951
0.000475391
0.000502985
0.000531517
0.000570321
0.000613148
0.000651335
0.000686361
0.000707477
0.000708756
0.000685128
0.000551688
0.000304725
0.000182214
0.000174722
0.000182974
0.00021637
0.000285574
0.00038888
0.000472973
0.000494582
0.000479642
0.000441294
0.000400187
0.000380125
0.00039157
0.000429436
0.000498185
0.000612022
0.000735015
0.000814495
0.000816031
0.000804388
0.000771679
0.000739182
0.000743257
0.000755586
0.000731493
0.000633653
0.00040934
0.000379214
0.000417289
0.000509457
0.000148356
5.83076e-06
6.27926e-07
1.3687e-07
1.25667e-07
3.37371e-08
5.08131e-09
5.06727e-10
3.35407e-11
1.74782e-12
5.80196e-14
1.27186e-15
2.20996e-17
3.3174e-19
4.42975e-21
5.39206e-23
6.05738e-25
6.34882e-27
6.28761e-29
5.70506e-31
3.97845e-17
4.46978e-16
1.29531e-14
5.95918e-13
3.07124e-11
1.34768e-09
4.24538e-08
7.62408e-07
4.5435e-06
1.82124e-05
6.34585e-05
9.58098e-05
7.77319e-05
3.97436e-05
4.61304e-05
6.77657e-05
5.58632e-05
2.5393e-05
4.9345e-05
0.000138346
0.000221057
0.000213698
0.000190557
0.00017413
0.000162236
0.00017779
0.000220857
0.000254867
0.000248773
0.000244275
0.000277088
0.000344738
0.000343993
0.000321884
0.000332257
0.000384911
0.000443182
0.000463767
0.000473178
0.000489202
0.000528585
0.000586969
0.000576272
0.000553373
0.000558422
0.000591037
0.000600345
0.000561465
0.000361657
0.000162464
0.000126528
0.000131077
0.000153887
0.00021147
0.000319177
0.000429629
0.000443226
0.000408609
0.000343494
0.000283181
0.000273498
0.000295904
0.00034367
0.000439848
0.000593475
0.00074298
0.000825585
0.000846993
0.000818963
0.000739214
0.000635116
0.000625404
0.000646876
0.000705933
0.000708425
0.000649656
0.000472781
0.000450654
0.000470736
0.000492858
7.8271e-05
2.61857e-06
1.1318e-07
8.75266e-09
3.9347e-09
1.0541e-09
1.61939e-10
1.71897e-11
1.10422e-12
4.84354e-14
2.2387e-15
7.10852e-17
1.37448e-18
2.15198e-20
2.92243e-22
3.57388e-24
4.01133e-26
4.20184e-28
4.19517e-30
3.89938e-32
2.1052e-18
3.69848e-17
1.63586e-15
9.15704e-14
5.65763e-12
2.99016e-10
1.15643e-08
2.33416e-07
1.95188e-06
8.61648e-06
3.27855e-05
5.0622e-05
3.81878e-05
1.32641e-05
8.36944e-06
8.47376e-06
5.90751e-06
1.10821e-05
6.85841e-05
0.000188644
0.000238758
0.000202962
0.000150475
0.000116512
0.000131106
0.000181678
0.000241127
0.000238779
0.000214356
0.000240228
0.000336338
0.000434159
0.000424497
0.000384221
0.000392815
0.000422983
0.000415087
0.000373091
0.00038595
0.000443386
0.000524763
0.000524852
0.000428764
0.00037896
0.000398709
0.000470181
0.000501497
0.000428578
0.000209599
9.16007e-05
8.46867e-05
9.71519e-05
0.000139594
0.000234632
0.000366823
0.000414008
0.00037061
0.000264846
0.000190937
0.000188657
0.000214026
0.000272741
0.000385867
0.00055941
0.000743598
0.000830087
0.000838195
0.000793373
0.000678288
0.000555324
0.00051022
0.000519911
0.000559868
0.000651499
0.00069251
0.000659624
0.000535755
0.000515256
0.000503404
0.000431549
4.04469e-05
1.45978e-06
6.13383e-08
2.67306e-09
2.12122e-10
2.94561e-11
4.32157e-12
4.6446e-13
3.37633e-14
1.39874e-15
4.4589e-17
1.80907e-18
5.91189e-20
1.03116e-21
1.4766e-23
1.86464e-25
2.17224e-27
2.42469e-29
2.70375e-31
2.95428e-33
1.15538e-19
3.68777e-18
1.95186e-16
1.24717e-14
8.86986e-13
5.4002e-11
2.35585e-09
4.49327e-08
4.18866e-07
1.97616e-06
7.21749e-06
8.68207e-06
5.62625e-06
2.57123e-06
9.9222e-07
6.34804e-07
7.30866e-07
1.16026e-05
7.59819e-05
0.000200449
0.000224239
0.000168498
0.000101604
7.66821e-05
0.000115135
0.000192481
0.000228785
0.000206723
0.00018871
0.000248634
0.000383372
0.000478576
0.000467914
0.000432139
0.000406361
0.000365221
0.000281016
0.000243186
0.000320433
0.000426437
0.000453804
0.000405488
0.000259507
0.000251965
0.000303129
0.000415212
0.000423774
0.000290833
0.000115671
5.12371e-05
5.40232e-05
8.01021e-05
0.000150012
0.000290648
0.000393726
0.000371069
0.000241927
0.000128803
0.000123038
0.000145499
0.000206035
0.000325977
0.000508677
0.000708629
0.00083498
0.000841784
0.000785467
0.000637057
0.000517908
0.000472638
0.000471877
0.000484633
0.000531011
0.000632521
0.000688596
0.00067176
0.000600238
0.000562991
0.000538198
0.000382394
2.29273e-05
9.216e-07
3.9985e-08
1.68807e-09
6.94973e-11
3.35421e-12
1.97829e-13
1.24921e-14
7.55163e-16
3.44182e-17
1.086e-18
3.19383e-20
1.13535e-21
3.44938e-23
5.5584e-25
8.57186e-27
1.28084e-28
1.90144e-30
2.82044e-32
3.91918e-34
6.67945e-21
3.34175e-19
1.80083e-17
1.19351e-15
9.12035e-14
5.98786e-12
2.70829e-10
4.42409e-09
4.02952e-08
2.16273e-07
6.00161e-07
6.23747e-07
3.80518e-07
1.80027e-07
8.51557e-08
4.72075e-08
1.46244e-07
3.8823e-06
3.67374e-05
0.000132214
0.000197152
0.000164331
9.56938e-05
6.46059e-05
9.08031e-05
0.000169033
0.000202943
0.000175459
0.000163908
0.000239984
0.000395547
0.000493928
0.000478716
0.000416521
0.000330258
0.000211145
0.000150942
0.000129354
0.000192555
0.000266817
0.000280093
0.000233465
0.00014723
0.000167812
0.000257455
0.000372656
0.000345369
0.00017753
6.67762e-05
2.89248e-05
3.98751e-05
7.74572e-05
0.000182291
0.000345177
0.000375165
0.000288167
0.000112897
7.30854e-05
8.69341e-05
0.000136353
0.000244295
0.000418294
0.000638751
0.000805
0.000839582
0.000787763
0.000654535
0.000532838
0.000483186
0.00048056
0.000488847
0.000502434
0.000543453
0.000641121
0.00069157
0.000681879
0.000631286
0.000619456
0.000709677
0.000246214
1.06727e-05
4.71093e-07
1.94953e-08
7.95269e-10
3.32409e-11
1.37367e-12
5.58946e-14
2.24061e-15
8.6665e-17
3.08992e-18
9.92276e-20
2.89812e-21
7.83099e-23
1.94852e-24
4.44538e-26
9.17868e-28
1.73754e-29
3.01128e-31
4.8461e-33
6.9624e-35
3.76159e-22
2.2777e-20
1.12599e-18
6.92149e-17
5.40086e-15
3.46324e-13
1.31178e-11
2.47753e-10
2.64826e-09
1.41362e-08
3.31136e-08
3.24015e-08
2.00295e-08
9.86086e-09
4.84826e-09
2.93028e-09
2.3455e-08
6.97995e-07
6.68169e-06
2.6605e-05
6.16483e-05
9.95167e-05
9.12753e-05
6.42689e-05
5.88681e-05
0.000122824
0.000179705
0.000153792
0.00013427
0.000182387
0.000335004
0.000470592
0.0004522
0.000355335
0.000216639
0.000109065
6.47302e-05
4.89749e-05
6.00488e-05
8.23766e-05
0.000101407
9.35326e-05
7.55369e-05
0.000108698
0.00020867
0.00031228
0.000265491
0.000123753
4.9552e-05
2.06209e-05
3.59395e-05
9.09789e-05
0.000237393
0.000381068
0.000348009
0.00018738
5.83178e-05
4.76689e-05
7.01166e-05
0.000142728
0.000286355
0.000501071
0.000729487
0.000825722
0.000799195
0.000719982
0.0005932
0.000600466
0.000626398
0.000637231
0.000653956
0.00061264
0.000614904
0.00066534
0.000699686
0.000690154
0.000652549
0.000786078
0.000688649
6.92103e-05
3.4076e-06
1.53602e-07
6.54392e-09
2.7083e-10
1.13681e-11
4.69403e-13
1.89508e-14
7.26336e-16
2.59074e-17
8.57079e-19
2.61355e-20
7.22561e-22
1.80394e-23
4.12361e-25
8.75501e-27
1.70335e-28
3.04826e-30
5.06011e-32
7.85553e-34
1.09169e-35
1.63988e-23
9.65829e-22
4.29996e-20
2.24997e-18
1.72014e-16
1.11198e-14
4.56757e-13
1.12409e-11
1.30494e-10
6.72749e-10
1.36738e-09
1.26675e-09
7.87953e-10
3.99841e-10
2.06838e-10
1.47935e-10
2.65046e-09
4.95439e-08
4.79636e-07
2.36149e-06
8.08183e-06
1.81952e-05
2.1322e-05
1.68522e-05
1.94933e-05
7.79195e-05
0.000158043
0.00014271
0.000123421
0.000143141
0.000237885
0.000413229
0.000386145
0.000251374
0.000131033
6.41318e-05
3.57508e-05
2.66632e-05
2.13816e-05
2.35809e-05
2.76842e-05
2.88907e-05
3.1128e-05
5.81011e-05
0.000132705
0.000240698
0.000217628
0.000121763
5.2616e-05
1.87315e-05
3.8612e-05
0.000111191
0.000294226
0.000393446
0.000306953
0.000114153
3.56017e-05
3.30947e-05
5.94675e-05
0.000144795
0.000306202
0.000561137
0.000775956
0.000795931
0.000754411
0.000754865
0.000758339
0.000808319
0.000846099
0.000820807
0.000824377
0.000783545
0.000741018
0.000723232
0.000724064
0.000704018
0.000668115
0.000783787
0.000112569
9.76916e-06
6.966e-07
3.42463e-08
1.57318e-09
6.76304e-11
2.87165e-12
1.16405e-13
4.55099e-15
1.67068e-16
5.71399e-18
1.79283e-19
5.14044e-21
1.33995e-22
3.18482e-24
6.91032e-26
1.37913e-27
2.54267e-29
4.35303e-31
6.94472e-33
1.03906e-34
1.39464e-36
4.48392e-25
2.2302e-23
8.74075e-22
4.48937e-20
3.57229e-18
2.63942e-16
1.3926e-14
3.90926e-13
4.80502e-12
2.38576e-11
4.33737e-11
3.89755e-11
2.47355e-11
1.31391e-11
7.25821e-12
6.50092e-12
1.29776e-10
1.82969e-09
2.17793e-08
1.2642e-07
5.6814e-07
1.46843e-06
1.72032e-06
1.50136e-06
2.31614e-06
1.93253e-05
8.22313e-05
0.000129018
0.000132544
0.000116533
0.00012327
0.000270242
0.000365884
0.00028946
0.000158453
7.64525e-05
3.79579e-05
2.73315e-05
1.77523e-05
8.88053e-06
7.45575e-06
7.83828e-06
9.44407e-06
2.0692e-05
5.57996e-05
0.000151057
0.000186847
0.000158358
8.54984e-05
2.16469e-05
4.49665e-05
0.000133114
0.000333696
0.000399008
0.000282376
9.25905e-05
2.89399e-05
2.3211e-05
4.60451e-05
0.000120255
0.000297003
0.000598134
0.0007953
0.000782567
0.000810445
0.000854253
0.000933464
0.000944623
0.000984217
0.00095217
0.000891198
0.00088576
0.000856899
0.000798461
0.000800221
0.000734513
0.000701795
0.00048361
2.43577e-05
1.41342e-06
1.01592e-07
6.08617e-09
3.03743e-10
1.33473e-11
5.63225e-13
2.21931e-14
8.34602e-16
2.92194e-17
9.49553e-19
2.82454e-20
7.68133e-22
1.90354e-23
4.31505e-25
8.94734e-27
1.71022e-28
3.02836e-30
4.99184e-32
7.68008e-34
1.10946e-35
1.43965e-37
7.54355e-27
3.06726e-25
1.19398e-23
7.20327e-22
6.45527e-20
5.59256e-18
3.48955e-16
1.05838e-14
1.37139e-13
6.50336e-13
1.08966e-12
9.64839e-13
6.32451e-13
3.56995e-13
2.1245e-13
2.10981e-13
3.07216e-12
5.21871e-11
7.57383e-10
5.34861e-09
3.07449e-08
8.46094e-08
1.00669e-07
9.58067e-08
1.59894e-07
1.83295e-06
1.78302e-05
5.48468e-05
0.000102147
9.93893e-05
7.80142e-05
0.000161091
0.000319666
0.000317578
0.000247242
0.000130617
6.95294e-05
6.75037e-05
4.58663e-05
1.42339e-05
2.63766e-06
1.90938e-06
2.41471e-06
5.69344e-06
1.74105e-05
5.90182e-05
0.000136336
0.000138938
9.80377e-05
2.74883e-05
5.00899e-05
0.000141457
0.000349847
0.000426496
0.000314708
0.000105373
2.88209e-05
1.57794e-05
3.3136e-05
9.27691e-05
0.0002645
0.000615255
0.000833372
0.00084417
0.000842684
0.00086028
0.00104643
0.000872966
0.000985542
0.00109304
0.00095725
0.000926607
0.000918984
0.000870822
0.000868964
0.000785226
0.000943232
0.000249652
1.16107e-05
5.15237e-07
2.19403e-08
1.00014e-09
4.69976e-11
2.07199e-12
8.59035e-14
3.27269e-15
1.18282e-16
3.95386e-18
1.22331e-19
3.45848e-21
8.95594e-23
2.11876e-24
4.59874e-26
9.15047e-28
1.68132e-29
2.86691e-31
4.55847e-33
6.77482e-35
9.46116e-37
1.18749e-38
1.18991e-28
3.89435e-27
1.47367e-25
1.03878e-23
1.06268e-21
1.0421e-19
7.09579e-18
2.2689e-16
3.01602e-15
1.34744e-14
2.15706e-14
1.95883e-14
1.36791e-14
8.49186e-15
5.60797e-15
5.6472e-15
5.77408e-14
1.1487e-12
1.94728e-11
1.69101e-10
1.23804e-09
3.60299e-09
4.33882e-09
4.47931e-09
7.431e-09
1.02131e-07
1.55606e-06
1.05931e-05
2.94659e-05
3.63745e-05
2.64386e-05
3.21602e-05
9.35519e-05
0.00021004
0.000220844
0.000196529
0.000156843
0.000113429
6.56254e-05
2.28801e-05
3.63528e-06
4.35056e-07
3.94307e-07
1.24896e-06
4.5225e-06
1.78843e-05
5.6066e-05
8.45092e-05
7.18209e-05
2.95563e-05
5.01128e-05
0.000128024
0.000314867
0.000452698
0.000407767
0.000187312
3.47531e-05
1.10963e-05
2.41605e-05
7.891e-05
0.000260628
0.000665637
0.000871942
0.000858686
0.000708756
0.000570826
0.000767616
0.00033693
0.000388865
0.000672779
0.00090644
0.000929645
0.00094334
0.000791408
0.000512827
0.000853739
0.0011284
0.000107874
4.24579e-06
1.57819e-07
5.4231e-09
1.79924e-10
6.27964e-12
2.31787e-13
8.7852e-15
3.20226e-16
1.11776e-17
3.63876e-19
1.09981e-20
3.04721e-22
7.6786e-24
1.75916e-25
3.69118e-27
7.09743e-29
1.25991e-30
2.07537e-32
3.19085e-34
4.58982e-36
6.20623e-38
7.53809e-40
2.08649e-30
5.21469e-29
1.67885e-27
1.32487e-25
1.52035e-23
1.63163e-21
1.16585e-19
3.84486e-18
5.23933e-17
2.20232e-16
3.44404e-16
3.2785e-16
2.55199e-16
1.82746e-16
1.36975e-16
1.43806e-16
9.69581e-16
2.07737e-14
4.03985e-13
4.24901e-12
3.87738e-11
1.15742e-10
1.4022e-10
1.52543e-10
2.60226e-10
3.97212e-09
7.58891e-08
7.52715e-07
2.41901e-06
3.34993e-06
2.94445e-06
2.49705e-06
5.87699e-06
2.64976e-05
4.74534e-05
7.20206e-05
6.49093e-05
4.75985e-05
2.96662e-05
1.54501e-05
4.34773e-06
4.61314e-07
5.28901e-08
8.40257e-08
6.88522e-07
4.32901e-06
1.53604e-05
4.10805e-05
4.57616e-05
2.70897e-05
3.7529e-05
9.05336e-05
0.00023593
0.000418076
0.000404987
0.000208791
3.93568e-05
9.03288e-06
1.88526e-05
7.73688e-05
0.000301343
0.000684351
0.000830416
0.000699186
0.00034531
0.000193942
0.000117874
4.11294e-05
3.15082e-05
0.000108799
0.000720073
0.000800239
0.00045544
0.00036954
0.000121486
0.000366133
0.000132792
1.5004e-05
6.48346e-07
2.30913e-08
7.4258e-10
2.25287e-11
6.51125e-13
1.82897e-14
5.44265e-16
1.69627e-17
5.42382e-19
1.69545e-20
5.07112e-22
1.41158e-23
3.60821e-25
8.3815e-27
1.77606e-28
3.43328e-30
6.09613e-32
9.9373e-34
1.5019e-35
2.11515e-37
2.79209e-39
3.29336e-41
3.73525e-32
7.79526e-31
1.81781e-29
1.42578e-27
1.76894e-25
1.99534e-23
1.46711e-21
5.1637e-20
7.25636e-19
2.85622e-18
4.48731e-18
4.68159e-18
4.31442e-18
3.69922e-18
3.14882e-18
3.45884e-18
1.51078e-17
3.00279e-16
6.39331e-15
7.87303e-14
8.23751e-13
2.4684e-12
3.14781e-12
3.94345e-12
7.60778e-12
1.16402e-10
2.38277e-09
2.92529e-08
1.10333e-07
1.57608e-07
1.51129e-07
1.30557e-07
2.27049e-07
8.72818e-07
1.67923e-06
4.67089e-06
6.61861e-06
6.73521e-06
5.19592e-06
2.83662e-06
9.36056e-07
1.19288e-07
8.63498e-09
5.23625e-09
4.11101e-08
5.35105e-07
4.79284e-06
2.07929e-05
3.70395e-05
2.57166e-05
8.30518e-06
3.15436e-05
0.000118523
0.000295353
0.000305055
0.000142244
3.47053e-05
7.33328e-06
1.67363e-05
5.65019e-05
0.00018861
0.000227447
0.000451968
0.000619196
0.000357079
0.000135353
5.20634e-05
1.74895e-05
6.66659e-06
2.70985e-05
0.000379361
0.000285857
8.48038e-05
0.000282737
6.039e-05
1.37196e-05
3.78127e-06
3.85195e-07
3.989e-08
2.04327e-09
6.16361e-11
1.70971e-12
4.31972e-14
9.83483e-16
2.19208e-17
5.05823e-19
1.27216e-20
3.81095e-22
1.30785e-23
3.97351e-25
9.4195e-27
2.04166e-28
4.19796e-30
8.04156e-32
1.42497e-33
2.32697e-35
3.51993e-37
4.94517e-39
6.48266e-41
7.51833e-43
6.2191e-34
1.188e-32
1.85987e-31
1.22451e-29
1.56454e-27
1.83855e-25
1.43994e-23
5.61123e-22
7.9998e-21
3.00706e-20
4.95617e-20
6.06459e-20
6.91344e-20
7.057e-20
6.75268e-20
7.8273e-20
2.41679e-19
3.65916e-18
8.08782e-17
1.13014e-15
1.2741e-14
3.80608e-14
5.23086e-14
7.81402e-14
1.71791e-13
2.37972e-12
4.88988e-11
6.90072e-10
2.94421e-09
4.36295e-09
4.55961e-09
4.20524e-09
6.16642e-09
1.747e-08
3.51812e-08
2.40849e-07
4.24921e-07
4.21722e-07
2.96235e-07
1.58746e-07
6.79195e-08
2.40872e-08
2.35033e-09
3.6376e-10
3.78625e-09
9.64029e-08
2.05988e-06
1.15995e-05
1.7131e-05
1.25868e-05
3.53648e-06
1.54115e-05
8.11971e-05
0.000210305
0.000161548
6.01527e-05
2.55023e-05
5.3849e-06
9.8272e-06
3.10516e-05
3.56914e-05
5.24797e-05
0.000190426
0.000712528
0.000507318
0.000202673
8.11348e-05
3.14665e-05
3.54681e-06
1.30814e-05
8.51158e-05
6.98144e-05
4.96969e-05
0.000323458
4.00859e-05
1.74395e-06
1.39705e-07
8.61946e-09
6.4154e-10
5.03264e-11
2.95741e-12
8.28877e-14
1.79722e-15
3.69466e-17
7.38572e-19
1.48003e-20
3.18404e-22
7.61259e-24
2.10552e-25
6.98623e-27
2.22525e-28
4.89656e-30
8.10033e-32
1.32382e-33
2.10101e-35
3.33664e-37
5.05234e-39
6.9022e-41
8.60125e-43
9.63684e-45
9.1627e-36
1.68628e-34
1.89624e-33
8.77906e-32
1.12586e-29
1.39109e-27
1.18127e-25
4.9942e-24
7.06607e-23
2.68144e-22
4.85053e-22
7.46794e-22
1.05086e-21
1.2408e-21
1.29902e-21
1.54877e-21
3.74712e-21
3.69488e-20
8.13395e-19
1.26703e-17
1.49098e-16
4.45854e-16
6.66304e-16
1.22211e-15
3.03529e-15
3.40087e-14
6.63309e-13
1.0528e-11
4.78676e-11
7.24474e-11
8.25407e-11
8.70963e-11
1.24214e-10
2.52017e-10
6.05389e-10
8.30866e-09
1.45556e-08
1.3388e-08
8.96069e-09
4.80641e-09
2.1018e-09
7.39882e-10
2.27094e-10
3.38085e-11
1.61904e-10
7.37524e-09
2.47031e-07
1.79685e-06
2.13063e-06
1.31786e-06
6.34083e-07
6.00699e-06
4.11803e-05
0.000113328
5.905e-05
1.52268e-05
7.90194e-06
2.04736e-06
5.12833e-06
2.53727e-05
2.45313e-05
1.53686e-05
4.25003e-05
0.00062942
0.00057886
0.000437245
0.000233857
8.76086e-05
3.19494e-06
8.38697e-07
1.47315e-05
4.16415e-05
1.14651e-05
0.00019776
1.96169e-05
6.87305e-07
2.30768e-08
8.64327e-10
3.20143e-11
1.21301e-12
4.92752e-14
2.11704e-15
6.27583e-17
1.39302e-18
3.38754e-20
8.223e-22
1.92733e-23
4.2892e-25
9.18024e-27
1.9177e-28
3.91931e-30
7.71323e-32
1.43024e-33
2.19354e-35
3.22957e-37
4.59805e-39
6.26591e-41
8.30529e-43
1.03782e-44
1.1348e-46
1.15059e-37
2.09514e-36
1.96706e-35
5.65726e-34
6.69971e-32
8.48086e-30
7.52307e-28
3.33775e-26
4.71291e-25
1.89944e-24
4.17361e-24
8.66919e-24
1.46557e-23
1.93683e-23
2.18624e-23
2.66878e-23
5.60071e-23
3.36437e-22
6.76388e-21
1.14367e-19
1.37004e-18
4.10424e-18
6.71436e-18
1.54501e-17
4.1872e-17
3.58847e-16
6.31462e-15
1.05873e-13
4.9377e-13
7.64069e-13
9.51115e-13
1.22285e-12
1.82991e-12
3.05385e-12
9.02838e-12
1.4076e-10
2.24202e-10
1.91455e-10
1.19538e-10
5.98096e-11
2.48955e-11
8.65546e-12
2.53367e-12
7.23476e-13
5.55348e-12
2.79977e-10
4.91341e-09
3.73688e-08
4.85406e-08
3.15441e-08
3.17816e-08
7.61393e-07
7.18803e-06
2.53661e-05
1.547e-05
3.89558e-06
1.22036e-06
3.54907e-07
1.37656e-06
1.41891e-05
3.14447e-05
2.32436e-05
3.35484e-06
1.02255e-05
0.000285743
0.000310836
0.00028363
0.000159129
9.88681e-06
7.63316e-08
7.39132e-07
1.1341e-05
9.20233e-07
1.15992e-05
1.00152e-06
6.33277e-08
2.52907e-09
9.06594e-11
2.87902e-12
8.71738e-14
2.58657e-15
7.62003e-17
2.26003e-18
6.66616e-20
1.91961e-21
5.27242e-23
1.33888e-24
3.06648e-26
6.34819e-28
1.19405e-29
2.09073e-31
3.47276e-33
5.48264e-35
8.21435e-37
1.16712e-38
1.57492e-40
2.02301e-42
2.4768e-44
2.90049e-46
3.13935e-48
1.19824e-39
2.17291e-38
1.90039e-37
3.5015e-36
3.41959e-34
4.27139e-32
3.86324e-30
1.81556e-28
2.51537e-27
1.12391e-26
3.233e-26
9.05198e-26
1.76623e-25
2.54491e-25
3.05879e-25
3.792e-25
7.3074e-25
2.78137e-24
4.36987e-23
7.8508e-22
9.60144e-21
2.88945e-20
5.39192e-20
1.5886e-19
4.7238e-19
3.03466e-18
4.3926e-17
7.16916e-16
3.31493e-15
5.28649e-15
7.54999e-15
1.27111e-14
2.11359e-14
3.25846e-14
9.94954e-14
1.33787e-12
2.03059e-12
1.70554e-12
1.06845e-12
5.46185e-13
2.35628e-13
8.68496e-14
2.78856e-14
1.0324e-14
1.38182e-13
3.8571e-12
6.06188e-11
4.66554e-10
7.26407e-10
5.72349e-10
1.5254e-09
3.30689e-08
3.13768e-07
1.73046e-06
1.15443e-06
4.735e-07
1.16026e-07
2.83541e-08
2.03589e-07
3.59471e-06
1.75749e-05
1.55488e-05
3.88475e-06
3.89676e-07
7.46605e-06
5.18323e-05
0.000175374
5.38149e-05
2.81383e-06
5.51664e-08
1.19502e-08
5.30536e-07
5.22317e-08
2.44974e-07
1.56163e-08
1.38007e-09
1.07372e-10
5.53577e-12
1.79862e-13
5.33841e-15
1.45093e-16
3.72238e-18
9.50478e-20
2.46224e-21
6.45017e-23
1.68692e-24
4.32815e-26
1.03659e-27
2.2699e-29
4.47327e-31
8.02471e-33
1.33231e-34
2.07161e-36
3.04803e-38
4.24189e-40
5.5913e-42
6.99401e-44
8.31273e-46
9.43625e-48
9.88987e-50
1.05545e-41
1.85806e-40
1.56719e-39
2.03652e-38
1.41232e-36
1.73489e-34
1.64543e-32
8.27446e-31
1.16073e-29
6.01721e-29
2.37887e-28
8.30381e-28
1.77414e-27
2.73412e-27
3.47233e-27
4.45006e-27
8.44496e-27
2.3485e-26
2.45361e-25
4.43472e-24
5.24015e-23
1.58053e-22
3.56778e-22
1.36091e-21
4.36717e-21
2.13655e-20
2.25816e-19
3.32702e-18
1.46764e-17
2.47072e-17
4.20682e-17
9.85576e-17
1.83251e-16
2.86044e-16
7.70662e-16
7.75673e-15
1.18917e-14
1.04149e-14
6.944e-15
3.84832e-15
1.83687e-15
7.67713e-16
2.86854e-16
1.3579e-16
1.42086e-15
3.39087e-14
5.28662e-13
4.30167e-12
9.17447e-12
9.13302e-12
2.63069e-11
4.61638e-10
5.4103e-09
3.88974e-08
2.76923e-08
1.16629e-08
3.98957e-09
1.36642e-09
8.1885e-09
8.65474e-08
7.9603e-07
8.85775e-07
3.28249e-07
7.05741e-08
1.30501e-06
3.57451e-05
0.000172572
2.71598e-05
1.25414e-06
6.23826e-08
2.51054e-09
1.12012e-08
1.00886e-09
2.96037e-09
1.59212e-10
1.59618e-11
1.15549e-12
8.60452e-14
5.64079e-15
2.46388e-16
6.23496e-18
1.41553e-19
3.00364e-21
6.15739e-23
1.25361e-24
2.77927e-26
7.61334e-28
2.20857e-29
5.26054e-31
9.23427e-33
1.53742e-34
2.44898e-36
3.71641e-38
5.35261e-40
7.31104e-42
9.47441e-44
1.16534e-45
1.35974e-47
1.51155e-49
1.54294e-51
7.53927e-44
1.32823e-42
1.17406e-41
1.25666e-40
5.53719e-39
6.22943e-37
5.8949e-35
3.04191e-33
4.21455e-32
2.67718e-31
1.46082e-30
6.13786e-30
1.42689e-29
2.35647e-29
3.17918e-29
4.12936e-29
7.54829e-29
1.72094e-28
1.07242e-27
1.79771e-26
2.07806e-25
6.63604e-25
1.98642e-24
9.4659e-24
3.1858e-23
1.20899e-22
8.66965e-22
1.0913e-20
4.88598e-20
9.4249e-20
2.01769e-19
6.37622e-19
1.30381e-18
2.08938e-18
4.57532e-18
3.3226e-17
5.37815e-17
5.24147e-17
4.00017e-17
2.57439e-17
1.42591e-17
6.86282e-18
2.91665e-18
1.4673e-18
1.12573e-17
2.51175e-16
3.99491e-15
3.46072e-14
1.02645e-13
1.20999e-13
3.32609e-13
4.90751e-12
5.50151e-11
3.73724e-10
3.1695e-10
1.60913e-10
7.38847e-11
2.73024e-11
8.00712e-11
8.39806e-10
5.87038e-09
1.53328e-08
3.48758e-09
3.94916e-09
2.27782e-07
1.29949e-05
0.000165992
6.38217e-05
3.93157e-06
1.84098e-07
7.81898e-09
4.20781e-10
1.69446e-11
2.12286e-11
1.24877e-12
1.37039e-13
9.71371e-15
8.00275e-16
5.5478e-17
3.58913e-18
2.11993e-19
6.5119e-21
1.14143e-22
2.01305e-24
3.59524e-26
6.51634e-28
1.21024e-29
2.49549e-31
6.92856e-33
1.96662e-34
3.44247e-36
4.46345e-38
5.67091e-40
7.0805e-42
8.66811e-44
1.07829e-45
1.36114e-47
1.60394e-49
1.70358e-51
1.69122e-53
4.55608e-46
8.10544e-45
7.97448e-44
7.89567e-43
2.04647e-41
1.82473e-39
1.53767e-37
7.50079e-36
1.08369e-34
9.00913e-34
6.70735e-33
3.28418e-32
8.53731e-32
1.55087e-31
2.25141e-31
2.94605e-31
5.23901e-31
1.10636e-30
4.3121e-30
5.97971e-29
6.81867e-28
2.41511e-27
9.86497e-27
5.60764e-26
1.90658e-25
6.01045e-25
2.84743e-24
2.76557e-23
1.23652e-22
2.90787e-22
8.04939e-22
3.21511e-21
6.98572e-21
1.13176e-20
2.1e-20
1.16282e-19
2.07311e-19
2.34888e-19
2.08829e-19
1.53214e-19
9.47634e-20
5.01773e-20
2.32255e-20
1.17931e-20
6.53231e-20
1.39765e-18
2.2714e-17
2.18496e-16
8.51634e-16
1.12492e-15
2.03578e-15
2.42824e-14
2.85251e-13
2.0794e-12
2.61096e-12
1.78426e-12
1.04765e-12
3.98692e-13
5.38791e-13
5.55649e-12
4.59338e-11
1.68213e-10
3.99906e-11
1.85464e-10
2.04334e-08
1.22369e-06
0.000134606
3.25449e-05
1.7012e-06
6.75928e-08
2.30427e-09
7.06015e-11
2.13712e-12
1.44283e-13
9.81503e-15
9.91104e-16
6.86245e-17
5.79236e-18
4.09061e-19
2.91238e-20
1.8606e-21
1.07257e-22
5.18898e-24
9.17714e-26
1.51607e-27
2.49448e-29
4.09139e-31
6.72179e-33
1.11271e-34
1.83723e-36
4.0646e-38
7.98206e-40
9.45566e-42
1.05382e-43
1.20919e-45
1.41607e-47
1.6653e-49
1.94004e-51
2.23182e-53
2.45031e-55
2.21088e-48
4.10572e-47
4.37974e-46
4.53847e-45
7.23798e-44
4.62919e-42
3.24903e-40
1.49553e-38
2.35096e-37
2.80713e-36
2.63277e-35
1.41393e-34
3.96626e-34
7.75043e-34
1.19942e-33
1.60225e-33
2.89277e-33
6.02361e-33
1.64882e-32
1.63368e-31
1.76299e-30
7.12447e-30
3.9212e-29
2.51668e-28
8.72025e-28
2.4936e-27
8.70556e-27
5.76369e-26
2.3441e-25
6.55455e-25
2.29562e-24
1.10766e-23
2.60825e-23
4.50892e-23
7.65767e-23
3.40092e-22
6.9721e-22
9.2635e-22
9.40831e-22
7.66192e-22
5.14534e-22
2.92589e-22
1.44365e-22
7.2382e-23
2.76788e-22
5.8426e-21
1.00128e-19
1.05706e-18
5.06923e-18
7.19008e-18
1.02679e-17
9.72763e-17
1.20144e-15
8.69598e-15
1.69114e-14
1.40029e-14
1.00409e-14
3.92541e-15
2.98834e-15
2.52073e-14
2.71128e-13
1.47503e-12
4.96204e-13
9.0021e-12
1.05312e-09
3.96468e-08
1.755e-05
3.14931e-06
2.91866e-07
1.08559e-08
3.20713e-10
8.70172e-12
2.13456e-13
5.15246e-15
1.23421e-16
5.79175e-18
3.95571e-19
3.28605e-20
2.29623e-21
1.67101e-22
1.10276e-23
6.88403e-25
3.9568e-26
2.12633e-27
6.89703e-29
1.01491e-30
1.54857e-32
2.40154e-34
3.69224e-36
5.60164e-38
8.33606e-40
1.20386e-41
1.67338e-43
2.22749e-45
2.85841e-47
3.55112e-49
4.28984e-51
5.07707e-53
5.94807e-55
6.70764e-57
8.7999e-51
1.89475e-49
2.50868e-48
2.78896e-47
3.04067e-46
9.92441e-45
4.58272e-43
1.56509e-41
2.72119e-40
4.40587e-39
5.87029e-38
4.00317e-37
1.41996e-36
3.11614e-36
5.01949e-36
6.71311e-36
1.23331e-35
2.60574e-35
5.94898e-35
3.95702e-34
3.95826e-33
1.95457e-32
1.35684e-31
9.15392e-31
3.07287e-30
7.79757e-30
2.01765e-29
8.47826e-29
3.04909e-28
1.0607e-27
4.689e-27
2.63424e-26
6.9733e-26
1.30486e-25
2.1427e-25
7.98694e-25
1.90638e-24
2.91924e-24
3.25617e-24
2.82188e-24
1.99263e-24
1.18792e-24
6.12482e-25
3.08568e-25
8.82889e-25
1.80094e-23
3.16142e-22
3.58991e-21
1.96052e-20
3.06298e-20
3.5731e-20
2.46075e-19
3.04304e-18
2.47875e-17
6.56267e-17
6.61706e-17
5.47738e-17
2.32943e-17
1.33793e-17
6.91488e-17
1.13737e-15
4.95264e-15
2.05472e-15
1.82864e-13
1.81558e-11
7.47037e-10
2.72985e-07
4.53892e-08
7.03403e-09
7.96907e-10
3.24674e-11
8.08522e-13
1.82624e-14
3.86288e-16
7.64427e-18
1.51459e-19
3.05846e-21
1.44572e-22
9.4853e-24
6.67093e-25
4.37891e-26
2.81379e-27
1.70031e-28
9.73117e-30
5.15506e-31
2.57181e-32
6.70669e-34
9.23627e-36
1.28354e-37
1.78424e-39
2.46214e-41
3.36463e-43
4.53829e-45
5.98293e-47
7.64499e-49
9.44309e-51
1.13031e-52
1.32272e-54
1.53765e-56
1.7393e-58
3.09496e-53
1.03144e-51
1.35089e-50
2.2788e-49
9.13994e-49
1.36838e-47
3.18966e-46
1.03572e-44
2.16356e-43
4.52336e-42
8.66981e-41
8.52667e-40
4.09939e-39
1.01935e-38
1.7108e-38
2.24253e-38
3.90838e-38
7.936e-38
1.53365e-37
6.76197e-37
6.36215e-36
3.81638e-35
3.0372e-34
2.01783e-33
6.23316e-33
1.37767e-32
2.84011e-32
8.82681e-32
3.02503e-31
1.29571e-30
6.54064e-30
4.1444e-29
1.21968e-28
2.49632e-28
4.08381e-28
1.31618e-27
3.65119e-27
6.20681e-27
7.47331e-27
6.8854e-27
5.12449e-27
3.19959e-27
1.72314e-27
8.71117e-28
1.75612e-27
3.37034e-26
6.17845e-25
7.45185e-24
4.50376e-23
7.22936e-23
7.77798e-23
4.37352e-22
5.69531e-21
4.83087e-20
1.6627e-19
1.85869e-19
1.76478e-19
7.54128e-20
3.99929e-20
1.36563e-19
2.36736e-18
8.26184e-18
2.51699e-18
6.18784e-16
9.15317e-14
2.7739e-12
1.44795e-09
1.62227e-10
3.58662e-11
2.99409e-12
2.75064e-13
1.94768e-14
8.66501e-16
1.46944e-17
2.43913e-19
4.03426e-21
6.61422e-23
1.14289e-24
3.45493e-26
2.06534e-27
1.224e-28
7.36905e-30
4.31575e-31
2.45896e-32
1.34182e-33
7.04716e-35
3.48626e-36
1.62964e-37
5.28192e-39
6.75641e-41
8.58496e-43
1.07703e-44
1.32371e-46
1.58883e-48
1.86458e-50
2.14718e-52
2.43785e-54
2.75407e-56
3.15469e-58
3.60967e-60
)
;

boundaryField
{
    AXIS
    {
        type            empty;
    }
    OUTLET
    {
        type            zeroGradient;
    }
    COFLOW
    {
        type            fixedValue;
        value           uniform 0;
    }
    PILOT
    {
        type            fixedValue;
        value           uniform 0;
    }
    FUEL
    {
        type            fixedValue;
        value           uniform 0;
    }
    WALL
    {
        type            zeroGradient;
    }
    front
    {
        type            wedge;
    }
    back
    {
        type            wedge;
    }
}


// ************************************************************************* //
