/*--------------------------------*- C++ -*----------------------------------*\
| =========                 |                                                 |
| \\      /  F ield         | OpenFOAM: The Open Source CFD Toolbox           |
|  \\    /   O peration     | Version:  2.3.0                                 |
|   \\  /    A nd           | Web:      www.OpenFOAM.org                      |
|    \\/     M anipulation  |                                                 |
\*---------------------------------------------------------------------------*/
FoamFile
{
    version     2.0;
    format      ascii;
    class       volScalarField;
    location    "0.01";
    object      Z;
}
// * * * * * * * * * * * * * * * * * * * * * * * * * * * * * * * * * * * * * //

dimensions      [0 0 0 0 0 0 0];

internalField   nonuniform List<scalar> 
5000
(
1
1
1
1
1
1
1
1
1
1
1
1
1
1
1
1
1
1
1
1
1
1
1
1
1
1
1
1
1
1
1
1
1
1
1
1
1
1
1
1
1
1
1
0.999999
0.999999
0.999999
0.999999
0.999999
0.999999
1
1
0.999999
0.999999
0.999999
0.999999
0.999999
1
1
1
1
0.999999
0.999999
0.999999
0.999999
0.999999
0.999999
0.999999
0.999999
0.999998
0.999997
0.999996
0.999993
0.999988
0.999977
0.99994
0.99982
0.999573
0.999174
0.998611
0.997901
0.997082
0.996135
0.995131
0.994259
0.99381
0.99325
0.991244
0.983377
0.952968
0.833772
0.312982
0.00697037
0.00018031
4.41587e-06
9.70807e-08
1.91529e-09
3.42259e-11
5.62323e-13
8.64113e-15
1.19636e-16
1
1
1
1
1
1
1
1
1
1
1
1
1
1
1
1
1
1
1
1
1
1
1
1
1
1
1
1
1
1
1
1
1
1
1
1
1
1
1
0.999999
0.999998
0.999996
0.999992
0.999985
0.999976
0.999971
0.999974
0.99998
0.999984
0.999988
0.999989
0.999987
0.999981
0.999973
0.999971
0.999978
0.999985
0.99999
0.999992
0.999991
0.999986
0.999976
0.999963
0.999953
0.999954
0.999962
0.999969
0.999972
0.999968
0.999961
0.999951
0.99994
0.999922
0.999885
0.999816
0.999577
0.998938
0.99784
0.996289
0.994355
0.992169
0.989824
0.987569
0.98479
0.981161
0.97998
0.979954
0.974113
0.943995
0.829408
0.387529
0.0126395
0.000304699
6.94737e-06
1.44865e-07
2.74994e-09
4.7791e-11
7.69291e-13
1.16342e-14
1.59066e-16
1
1
1
1
1
1
1
1
1
1
1
1
1
1
1
1
1
1
1
1
1
1
1
1
1
1
1
1
1
1
1
1
1
1
1
1
1
0.999999
0.999999
0.999996
0.999986
0.999954
0.999852
0.999616
0.999276
0.999043
0.999162
0.999374
0.999549
0.999671
0.999742
0.999724
0.999609
0.999406
0.999311
0.99946
0.999635
0.999755
0.99982
0.999813
0.999727
0.999502
0.999176
0.99889
0.998924
0.999152
0.999374
0.999498
0.999528
0.999469
0.999364
0.999314
0.999356
0.999427
0.999439
0.999163
0.998229
0.996453
0.993847
0.990582
0.98693
0.983057
0.979537
0.975987
0.970676
0.96524
0.964726
0.960719
0.928097
0.800897
0.29022
0.00770737
0.000204065
4.86973e-06
1.03525e-07
1.97173e-09
3.41239e-11
5.44935e-13
8.15728e-15
1.10309e-16
1
1
1
1
1
1
1
1
1
1
1
1
1
1
1
1
1
1
1
1
1
1
1
1
1
1
1
1
1
1
1
1
1
1
1
0.999999
0.999999
0.999997
0.999994
0.999986
0.99995
0.999831
0.999441
0.998301
0.995706
0.992078
0.991193
0.992003
0.994171
0.996778
0.998244
0.998392
0.99793
0.996034
0.993348
0.993402
0.994984
0.996879
0.998322
0.998999
0.998803
0.997481
0.993965
0.988404
0.986185
0.987857
0.991753
0.994773
0.996511
0.997068
0.996705
0.99599
0.99615
0.997228
0.998377
0.998293
0.997413
0.995284
0.991907
0.987614
0.982844
0.97779
0.97321
0.969012
0.963257
0.955879
0.952835
0.946694
0.909278
0.763962
0.195763
0.00498797
0.000139972
3.28789e-06
6.7955e-08
1.26212e-09
2.14374e-11
3.37707e-13
5.00433e-15
6.71851e-17
1
1
1
1
1
1
1
1
1
1
1
1
1
1
1
1
1
1
1
1
1
1
1
1
1
1
1
0.999999
0.999999
0.999997
0.999997
0.999997
0.999997
0.999996
0.999994
0.999994
0.999992
0.999988
0.999979
0.999957
0.99986
0.999545
0.998611
0.996489
0.992634
0.986906
0.981308
0.980541
0.981963
0.986608
0.992612
0.994612
0.99407
0.991149
0.984198
0.978924
0.979997
0.984912
0.992809
0.996756
0.996505
0.993823
0.987001
0.975609
0.962137
0.955903
0.957593
0.966464
0.980877
0.988973
0.99121
0.991122
0.991284
0.992711
0.995676
0.99665
0.996121
0.994088
0.990262
0.985108
0.979293
0.973066
0.967417
0.9625
0.956304
0.948057
0.94311
0.933119
0.889838
0.71977
0.123157
0.00326398
9.10572e-05
2.10554e-06
4.29257e-08
7.89306e-10
1.33163e-11
2.08835e-13
3.08572e-15
4.13762e-17
1
1
1
1
1
1
1
1
1
1
1
1
1
1
1
1
1
1
1
0.999999
0.999997
0.999996
0.999997
0.999998
0.999999
0.999998
0.999995
0.999986
0.999964
0.999934
0.999921
0.999936
0.999946
0.99994
0.999931
0.999929
0.999927
0.999924
0.999911
0.999877
0.99973
0.999224
0.997872
0.995207
0.990951
0.98508
0.977705
0.97134
0.970541
0.972395
0.978118
0.984036
0.984343
0.98154
0.97252
0.959153
0.958066
0.962977
0.977588
0.991152
0.992835
0.990399
0.982849
0.969848
0.952484
0.932326
0.914086
0.90956
0.915388
0.939033
0.968256
0.980366
0.983824
0.986735
0.991156
0.994215
0.994133
0.992542
0.988675
0.982844
0.97591
0.968249
0.961255
0.955392
0.948455
0.939339
0.933182
0.919726
0.870681
0.661202
0.0763607
0.00204063
5.50111e-05
1.23916e-06
2.49563e-08
4.57964e-10
7.75996e-12
1.2279e-13
1.8373e-15
2.50045e-17
1
1
1
1
1
1
0.999999
0.999999
1
1
1
1
0.999999
0.999998
0.999996
0.999996
0.999997
0.999996
0.999988
0.999961
0.999911
0.999879
0.999918
0.99995
0.999968
0.999964
0.999912
0.99976
0.999428
0.998875
0.998536
0.998833
0.999151
0.999252
0.999284
0.999355
0.999396
0.999452
0.99953
0.999601
0.99947
0.998829
0.997176
0.994039
0.989149
0.982665
0.975097
0.966693
0.958961
0.956467
0.956865
0.959146
0.959493
0.95603
0.944106
0.922945
0.916662
0.923044
0.946541
0.97805
0.987732
0.986039
0.978697
0.964619
0.944845
0.920192
0.89102
0.865126
0.862077
0.871856
0.900312
0.936191
0.962388
0.975113
0.984032
0.990675
0.991588
0.99044
0.98674
0.980395
0.972303
0.962996
0.954459
0.947541
0.939712
0.92962
0.922489
0.906736
0.849246
0.583735
0.0454842
0.00122274
3.25109e-05
7.37262e-07
1.50972e-08
2.83304e-10
4.92277e-12
8.00176e-14
1.23013e-15
1.71651e-17
1
1
0.999999
0.999998
0.999993
0.999977
0.999954
0.999944
0.999965
0.999982
0.999988
0.999986
0.999968
0.999909
0.999812
0.999797
0.999856
0.999867
0.999769
0.999397
0.998635
0.997761
0.998199
0.998841
0.999289
0.999489
0.999329
0.998704
0.996612
0.989689
0.979561
0.981046
0.986161
0.989156
0.991335
0.994252
0.995867
0.996846
0.997722
0.998702
0.998771
0.998118
0.996081
0.992004
0.985359
0.976351
0.966615
0.957817
0.949489
0.941298
0.933685
0.92799
0.923434
0.915742
0.900078
0.874106
0.85497
0.859383
0.888505
0.947742
0.979432
0.979695
0.973198
0.957859
0.934806
0.905384
0.870394
0.83516
0.823957
0.829794
0.846271
0.864571
0.889075
0.93006
0.964831
0.984547
0.988766
0.987864
0.984286
0.977492
0.968239
0.957144
0.946883
0.938805
0.929934
0.918668
0.910775
0.892757
0.826065
0.500052
0.0277803
0.000761697
2.02914e-05
4.72723e-07
9.9908e-09
1.93528e-10
3.46242e-12
5.77114e-14
9.04562e-16
1.27841e-17
0.999965
0.999947
0.999958
0.999934
0.999806
0.999426
0.998717
0.998093
0.998483
0.999129
0.999414
0.999387
0.998883
0.997512
0.99482
0.993064
0.994807
0.996097
0.996141
0.994228
0.989576
0.973815
0.968756
0.979346
0.987768
0.992705
0.995987
0.994996
0.988569
0.969834
0.930017
0.884936
0.881056
0.880621
0.886077
0.9217
0.962383
0.980486
0.989767
0.996214
0.997419
0.996724
0.994191
0.988763
0.979578
0.966772
0.952754
0.94106
0.931536
0.922156
0.91147
0.90045
0.889901
0.876204
0.855614
0.829698
0.807007
0.806936
0.826273
0.89678
0.962955
0.9709
0.965533
0.949108
0.921849
0.886111
0.843667
0.79678
0.769007
0.772483
0.770919
0.752428
0.747439
0.793345
0.893701
0.966685
0.984642
0.984537
0.981296
0.974135
0.963731
0.950713
0.938548
0.929192
0.919053
0.906295
0.897911
0.877791
0.801535
0.417785
0.0175476
0.000494833
1.33493e-05
3.22346e-07
7.00453e-09
1.38263e-10
2.50064e-12
4.18268e-14
6.53514e-16
9.16086e-18
0.998037
0.995517
0.996281
0.996932
0.995909
0.992069
0.981394
0.960152
0.953798
0.971907
0.981642
0.988283
0.98769
0.978713
0.944645
0.874014
0.875861
0.910346
0.953763
0.966672
0.957616
0.909614
0.809794
0.817933
0.881055
0.955879
0.986678
0.986585
0.97756
0.950807
0.894243
0.807594
0.741715
0.694697
0.678898
0.699046
0.758369
0.870881
0.959212
0.989874
0.994912
0.994162
0.990968
0.983755
0.971205
0.953263
0.933285
0.917646
0.906544
0.896517
0.884936
0.872174
0.857755
0.837164
0.81674
0.802963
0.790535
0.790603
0.802057
0.846583
0.933251
0.958423
0.95425
0.936998
0.905523
0.863001
0.81
0.742705
0.678644
0.651323
0.629331
0.578473
0.543505
0.57505
0.719703
0.913614
0.975962
0.979978
0.977433
0.970189
0.958613
0.943371
0.928971
0.918241
0.90665
0.89204
0.883626
0.862052
0.775489
0.340193
0.0114661
0.000337536
9.221e-06
2.25216e-07
4.88092e-09
9.54782e-11
1.70473e-12
2.80681e-14
4.30784e-16
5.92759e-18
0.495439
0.498303
0.682431
0.868378
0.889584
0.863328
0.754366
0.569848
0.543793
0.640907
0.848281
0.954539
0.955032
0.924403
0.809949
0.624229
0.594655
0.655345
0.806782
0.895457
0.88266
0.794328
0.651673
0.634283
0.680027
0.833156
0.9552
0.970662
0.961943
0.929644
0.855403
0.736133
0.630547
0.563616
0.556234
0.590023
0.645481
0.71972
0.857516
0.965511
0.989622
0.989519
0.985873
0.976553
0.959453
0.933618
0.904269
0.884554
0.87388
0.865753
0.856455
0.844144
0.825021
0.800683
0.797405
0.803614
0.806116
0.802265
0.80684
0.829767
0.904204
0.941524
0.938703
0.920419
0.883766
0.830856
0.761026
0.671993
0.580138
0.524205
0.486721
0.435058
0.405686
0.422093
0.521847
0.79958
0.957251
0.973985
0.97229
0.965374
0.95278
0.934969
0.91776
0.905421
0.892182
0.875436
0.867737
0.845827
0.747245
0.266891
0.00768016
0.000236053
6.41953e-06
1.54073e-07
3.26627e-09
6.2529e-11
1.09237e-12
1.75964e-14
2.64289e-16
3.56346e-18
0.291532
0.326207
0.419865
0.590015
0.647274
0.602352
0.458531
0.379318
0.407896
0.561473
0.793848
0.884956
0.878464
0.807165
0.620599
0.463566
0.478277
0.612002
0.777431
0.801197
0.748227
0.595543
0.55943
0.581928
0.610586
0.706
0.883389
0.943684
0.936128
0.895433
0.792461
0.634598
0.503346
0.465643
0.488944
0.569465
0.678055
0.726553
0.783966
0.911631
0.977203
0.981311
0.977599
0.965747
0.941978
0.904166
0.862944
0.843504
0.840182
0.83819
0.832701
0.815954
0.787528
0.78726
0.808341
0.846209
0.850531
0.839369
0.82664
0.839225
0.88965
0.92228
0.919158
0.897536
0.852375
0.784998
0.698391
0.595817
0.492198
0.423562
0.380165
0.340605
0.331563
0.35269
0.428313
0.666188
0.922083
0.965806
0.965615
0.959341
0.94583
0.925061
0.904382
0.89019
0.875061
0.855941
0.850121
0.828356
0.71633
0.19824
0.00528512
0.000165823
4.41237e-06
1.02839e-07
2.12065e-09
3.96273e-11
6.76607e-13
1.06627e-14
1.56821e-16
2.07419e-18
0.274055
0.28427
0.312421
0.35716
0.378596
0.35191
0.315091
0.313575
0.343878
0.459016
0.650355
0.740413
0.724477
0.607374
0.417535
0.366129
0.400603
0.535786
0.638829
0.626175
0.529373
0.467615
0.533177
0.698831
0.736232
0.76749
0.869842
0.915004
0.901406
0.837097
0.694376
0.503889
0.399828
0.401804
0.464975
0.626873
0.77591
0.806105
0.819241
0.874523
0.954114
0.968179
0.964262
0.949133
0.915791
0.861895
0.817443
0.812901
0.815307
0.815076
0.804594
0.77138
0.759679
0.784699
0.851783
0.88191
0.879584
0.864847
0.846622
0.852077
0.885331
0.902994
0.896699
0.86755
0.809672
0.726066
0.626905
0.515618
0.405621
0.335237
0.298964
0.282724
0.286693
0.321705
0.407973
0.596424
0.886174
0.956056
0.957619
0.951873
0.93737
0.91303
0.888019
0.871777
0.854669
0.833065
0.830639
0.808987
0.681757
0.139819
0.00371525
0.00011439
2.96394e-06
6.73107e-08
1.35479e-09
2.47397e-11
4.12947e-13
6.36508e-15
9.16166e-17
1.1878e-18
0.271379
0.272987
0.277086
0.282081
0.285089
0.283183
0.281791
0.284883
0.297804
0.344824
0.443974
0.521186
0.500421
0.392362
0.312224
0.30535
0.322181
0.380979
0.425397
0.411128
0.372862
0.396825
0.53826
0.768106
0.861486
0.870602
0.887912
0.887665
0.847783
0.740484
0.555953
0.37453
0.335244
0.361701
0.468173
0.684934
0.820095
0.837318
0.841027
0.865386
0.927825
0.949299
0.944683
0.923561
0.874107
0.802538
0.772446
0.777754
0.784826
0.779859
0.750471
0.715682
0.724437
0.794245
0.87647
0.892695
0.889862
0.875883
0.861004
0.864793
0.882569
0.884812
0.871209
0.828588
0.753825
0.655552
0.547242
0.427269
0.315043
0.258617
0.246045
0.246487
0.260433
0.309399
0.414282
0.589707
0.863306
0.946352
0.94885
0.943123
0.927209
0.898313
0.867688
0.849225
0.830085
0.808256
0.80964
0.786814
0.64101
0.0914549
0.00248872
7.50885e-05
1.90231e-06
4.23029e-08
8.33723e-10
1.48931e-11
2.43027e-13
3.66161e-15
5.15245e-17
6.53936e-19
0.271047
0.271259
0.271717
0.272259
0.27269
0.27283
0.273048
0.274103
0.277507
0.289196
0.31131
0.333679
0.324414
0.293005
0.27402
0.269809
0.272415
0.286988
0.298109
0.296926
0.302296
0.34926
0.507628
0.745995
0.855764
0.86913
0.867072
0.836205
0.750499
0.598736
0.395404
0.287814
0.287513
0.328507
0.469747
0.710718
0.839931
0.852019
0.853658
0.868362
0.911537
0.9274
0.919071
0.884599
0.808655
0.726039
0.712036
0.725198
0.728723
0.711632
0.667803
0.652207
0.679293
0.786006
0.878862
0.895285
0.893859
0.886316
0.87624
0.876846
0.877597
0.868755
0.8384
0.776116
0.683764
0.573534
0.454203
0.326186
0.235865
0.214499
0.215274
0.222758
0.247384
0.311694
0.445122
0.629498
0.864907
0.938157
0.940076
0.933636
0.9153
0.880309
0.842278
0.821405
0.800499
0.781401
0.787067
0.76157
0.579569
0.0569714
0.0015921
4.70391e-05
1.16576e-06
2.53325e-08
4.8727e-10
8.48849e-12
1.3509e-13
1.98572e-15
2.72748e-17
3.38418e-19
0.270996
0.270962
0.270904
0.270817
0.270656
0.270324
0.269786
0.269531
0.269886
0.271821
0.275179
0.27714
0.273944
0.264797
0.253873
0.244191
0.242231
0.244857
0.248482
0.252569
0.265492
0.306769
0.416779
0.603544
0.764491
0.805575
0.788019
0.719708
0.590696
0.406094
0.263387
0.237686
0.249756
0.298577
0.443092
0.712009
0.847523
0.862645
0.863801
0.875668
0.902607
0.904581
0.884998
0.824711
0.7169
0.631401
0.622042
0.634501
0.632053
0.607131
0.572241
0.567676
0.592962
0.692344
0.819391
0.885925
0.894331
0.892372
0.886272
0.878932
0.867446
0.841762
0.791731
0.708991
0.601266
0.476183
0.342942
0.233916
0.197703
0.197589
0.201453
0.214717
0.250087
0.33509
0.5006
0.698096
0.880626
0.93188
0.932051
0.923748
0.901409
0.858356
0.810696
0.786824
0.765161
0.752105
0.762961
0.733352
0.488903
0.0335959
0.000958283
2.75928e-05
6.68281e-07
1.4146e-08
2.64615e-10
4.48139e-12
6.93934e-14
9.93496e-16
1.33041e-17
1.61207e-19
0.270926
0.270617
0.270076
0.26928
0.268273
0.267084
0.265612
0.264611
0.264545
0.264826
0.264526
0.262265
0.256118
0.244529
0.229266
0.217937
0.216307
0.218012
0.221352
0.226392
0.235544
0.254336
0.30769
0.41556
0.575057
0.640932
0.615854
0.522751
0.365961
0.235463
0.198046
0.20077
0.220814
0.268099
0.395795
0.666764
0.841737
0.869921
0.875991
0.88425
0.889427
0.877875
0.831901
0.736941
0.607404
0.522812
0.507883
0.512192
0.505098
0.486713
0.471822
0.470625
0.487717
0.55897
0.692225
0.820964
0.871068
0.878015
0.876565
0.868402
0.844375
0.798347
0.726774
0.626002
0.499548
0.353817
0.23409
0.190422
0.18919
0.194212
0.206108
0.231376
0.284373
0.385902
0.564796
0.770691
0.900209
0.926923
0.925022
0.913345
0.885195
0.832618
0.774108
0.745503
0.725314
0.721006
0.737849
0.700254
0.372322
0.0179746
0.000537415
1.52111e-05
3.58075e-07
7.32811e-09
1.326e-10
2.17605e-12
3.27259e-14
4.55896e-16
5.94835e-18
7.03458e-20
0.270495
0.268885
0.266256
0.262671
0.258678
0.255109
0.251874
0.251253
0.251661
0.251871
0.249839
0.243014
0.229352
0.209152
0.192376
0.188352
0.189873
0.195065
0.200981
0.204969
0.204017
0.197355
0.201837
0.237944
0.327472
0.38188
0.35229
0.26915
0.188233
0.16092
0.161379
0.171708
0.192964
0.233117
0.335497
0.574917
0.802751
0.86411
0.8735
0.876201
0.866999
0.830641
0.749148
0.626273
0.487298
0.410582
0.39142
0.390862
0.385606
0.383464
0.383983
0.389594
0.406347
0.452836
0.549792
0.697112
0.802643
0.837992
0.844419
0.833678
0.79481
0.728548
0.639577
0.518824
0.36717
0.231271
0.185296
0.185783
0.197033
0.221833
0.254921
0.295973
0.35475
0.448441
0.611951
0.820866
0.912407
0.922628
0.918303
0.901983
0.865821
0.801739
0.733671
0.699795
0.686372
0.689793
0.712567
0.660638
0.239788
0.00862635
0.000279042
7.76199e-06
1.76211e-07
3.47117e-09
6.06767e-11
9.64874e-13
1.40981e-14
1.91169e-16
2.43098e-18
2.80622e-20
0.267641
0.259975
0.248597
0.234291
0.223077
0.218247
0.21824
0.219919
0.222098
0.221635
0.215255
0.199499
0.175825
0.156866
0.153303
0.155762
0.16345
0.174038
0.180213
0.178069
0.165539
0.138027
0.118613
0.119742
0.138547
0.15499
0.147845
0.13294
0.125441
0.126802
0.133235
0.144447
0.162522
0.195975
0.274958
0.452834
0.701808
0.82457
0.848653
0.845873
0.816534
0.747571
0.63524
0.494733
0.364843
0.3104
0.298081
0.299347
0.303672
0.313961
0.325459
0.337385
0.354283
0.384736
0.441659
0.543532
0.663705
0.735117
0.762134
0.754437
0.709686
0.631061
0.524373
0.376298
0.230883
0.181008
0.182101
0.195025
0.23746
0.296639
0.348514
0.39098
0.435661
0.501392
0.63634
0.841369
0.914775
0.918502
0.911194
0.888984
0.842175
0.766392
0.696106
0.659557
0.655006
0.665212
0.686142
0.611853
0.126669
0.00413073
0.000135218
3.59882e-06
7.84726e-08
1.4902e-09
2.52333e-11
3.89749e-13
5.54228e-15
7.32356e-17
9.08268e-19
1.02381e-20
0.246476
0.214913
0.181395
0.153509
0.149571
0.15298
0.158917
0.165678
0.167487
0.163735
0.149061
0.126171
0.112115
0.111044
0.114934
0.124292
0.136151
0.146626
0.14622
0.138047
0.114492
0.0843068
0.0711569
0.0726066
0.0782263
0.0856407
0.0917826
0.0959307
0.0987978
0.102052
0.107861
0.117718
0.133274
0.160236
0.217301
0.335311
0.536799
0.713937
0.768606
0.765935
0.718935
0.622008
0.487581
0.349406
0.263499
0.241166
0.239455
0.245904
0.258598
0.275564
0.292402
0.309365
0.326254
0.344101
0.37172
0.423409
0.502357
0.573272
0.623939
0.6249
0.583545
0.496771
0.36721
0.227243
0.176395
0.177647
0.189867
0.23038
0.308023
0.389278
0.443699
0.472264
0.495069
0.534362
0.644702
0.84554
0.912848
0.913906
0.903
0.873995
0.814947
0.729527
0.670034
0.640739
0.639174
0.652403
0.655562
0.548411
0.0594086
0.00189931
5.91915e-05
1.49938e-06
3.1586e-08
5.81986e-10
9.58059e-12
1.43992e-13
1.99482e-15
2.57058e-17
3.11072e-19
3.42501e-21
0.0296256
0.0451746
0.0510146
0.0585326
0.0680958
0.0788229
0.0860807
0.089632
0.0879151
0.07859
0.0665583
0.0635712
0.0646604
0.0692632
0.0765502
0.0849253
0.0944339
0.0971533
0.0935994
0.0818261
0.0627826
0.0543032
0.0551613
0.0581093
0.0635719
0.0694423
0.0736995
0.0764832
0.078264
0.0810777
0.0869793
0.0965579
0.110048
0.130528
0.167759
0.235566
0.357003
0.521845
0.612304
0.617229
0.560542
0.445212
0.314417
0.232255
0.203304
0.2011
0.206113
0.219499
0.237472
0.258347
0.280185
0.300493
0.312125
0.315737
0.318641
0.332305
0.364102
0.398866
0.441857
0.446051
0.402655
0.305989
0.203113
0.169506
0.172512
0.188931
0.227766
0.297378
0.389244
0.461731
0.498182
0.511175
0.521813
0.549581
0.637985
0.835335
0.908056
0.907836
0.892752
0.855753
0.783909
0.692347
0.650645
0.637613
0.636102
0.644017
0.616706
0.41851
0.0232132
0.000752975
2.22913e-05
5.44389e-07
1.11448e-08
1.99682e-10
3.19648e-12
4.67377e-14
6.30697e-16
7.92517e-18
9.35715e-20
1.00595e-21
0.00191411
0.00639406
0.0111212
0.0151937
0.0187692
0.0221256
0.0236442
0.0240004
0.0233452
0.0229733
0.02335
0.0249996
0.0267185
0.0288664
0.0319232
0.0360523
0.0403938
0.0422935
0.0417067
0.0404531
0.041798
0.0446763
0.0490112
0.0511102
0.0532238
0.055407
0.0570441
0.0586048
0.0609165
0.0655541
0.0733231
0.0835752
0.0955517
0.110274
0.131865
0.164414
0.216977
0.300966
0.378935
0.389425
0.337064
0.252772
0.195139
0.176392
0.174475
0.179337
0.192588
0.21169
0.233254
0.257318
0.282378
0.300925
0.299854
0.287789
0.26586
0.250083
0.24803
0.247828
0.25246
0.242019
0.199477
0.164958
0.158456
0.16459
0.187683
0.236833
0.300157
0.38014
0.447665
0.490422
0.512583
0.521469
0.52895
0.551663
0.625832
0.816156
0.899962
0.899186
0.879478
0.833033
0.749389
0.6587
0.633114
0.633666
0.633562
0.63095
0.574099
0.18874
0.00705708
0.000254945
7.34087e-06
1.7366e-07
3.44662e-09
5.99459e-11
9.32686e-13
1.327e-14
1.74488e-16
2.13858e-18
2.46385e-20
2.58591e-22
0.000124316
0.000658789
0.00128423
0.00187723
0.002452
0.00294112
0.00330482
0.00358665
0.00383345
0.00438391
0.00538354
0.00671332
0.00821058
0.0105369
0.0139252
0.0177032
0.0209655
0.0236351
0.0279379
0.03679
0.0441131
0.0408599
0.0351239
0.0325481
0.0337224
0.0360085
0.0388521
0.0428034
0.0487026
0.0572037
0.0677797
0.0791914
0.0904836
0.101601
0.113738
0.128108
0.146169
0.16804
0.188273
0.194051
0.180428
0.162183
0.154564
0.155375
0.162087
0.176333
0.194987
0.216492
0.242191
0.271828
0.294594
0.295182
0.281698
0.245856
0.203323
0.174437
0.158421
0.150831
0.145478
0.141159
0.141889
0.145992
0.159661
0.191839
0.245417
0.314838
0.380463
0.433972
0.464417
0.478576
0.490014
0.503344
0.514
0.535052
0.606994
0.793613
0.888116
0.886969
0.86239
0.804328
0.709193
0.627743
0.611209
0.621605
0.626331
0.605653
0.504741
0.0531087
0.00210362
7.65782e-05
2.11425e-06
4.81306e-08
9.23868e-10
1.55987e-11
2.36079e-13
3.27075e-15
4.19199e-17
5.0115e-19
5.6344e-21
5.77446e-23
7.63169e-06
4.67225e-05
0.000100118
0.000152431
0.000199842
0.000248818
0.000343425
0.000561867
0.000965306
0.00223772
0.00555182
0.01183
0.0202281
0.0296897
0.0377216
0.0373749
0.0336501
0.032544
0.0378431
0.0435682
0.0372531
0.0220802
0.0151256
0.015232
0.0169063
0.0204706
0.0258328
0.0333408
0.043381
0.0550375
0.067267
0.079234
0.0902249
0.100017
0.108191
0.115293
0.122833
0.129644
0.134978
0.137957
0.13841
0.139226
0.143748
0.153175
0.166654
0.184969
0.208582
0.235791
0.268249
0.294223
0.294542
0.28105
0.23811
0.18028
0.138158
0.120417
0.116622
0.119305
0.122616
0.129855
0.146169
0.173708
0.21062
0.262218
0.320995
0.372069
0.423367
0.427565
0.411904
0.409221
0.42059
0.444001
0.471275
0.503482
0.583974
0.768542
0.871695
0.870258
0.841186
0.771739
0.6644
0.598599
0.5718
0.587083
0.604128
0.54166
0.277914
0.0128088
0.000554869
1.96133e-05
5.20739e-07
1.14477e-08
2.12969e-10
3.49386e-12
5.14509e-14
6.94052e-16
8.66703e-18
1.01043e-19
1.10882e-21
1.10998e-23
4.50273e-07
3.21215e-06
7.2267e-06
1.07296e-05
1.41895e-05
3.46994e-05
0.000170804
0.000672761
0.00234219
0.00726431
0.017597
0.032234
0.0480755
0.0617396
0.0677599
0.065214
0.055428
0.0512933
0.0503351
0.0399152
0.018859
0.00962328
0.00898194
0.00950508
0.0109713
0.0145399
0.0214419
0.0312422
0.0437427
0.0582701
0.0728499
0.0851898
0.0944873
0.101463
0.107225
0.11199
0.116158
0.119797
0.123212
0.127164
0.132109
0.138572
0.148422
0.163628
0.184857
0.208413
0.236067
0.266927
0.294795
0.296016
0.281246
0.23389
0.163911
0.116377
0.0991446
0.099774
0.104494
0.113504
0.130056
0.158078
0.195156
0.238589
0.283081
0.322971
0.364698
0.373749
0.372547
0.359033
0.336386
0.339054
0.357496
0.391276
0.434124
0.480183
0.563231
0.735865
0.848737
0.847791
0.8145
0.732612
0.601739
0.549681
0.503699
0.484427
0.531912
0.422981
0.0339298
0.00270516
0.000120172
4.17475e-06
1.07864e-07
2.30533e-09
4.16794e-11
6.64835e-13
9.52646e-15
1.25118e-16
1.52223e-18
1.73069e-20
1.85407e-22
1.8132e-24
3.164e-08
2.30363e-07
5.54136e-07
8.85011e-07
2.23801e-06
2.67046e-05
0.000262999
0.00116428
0.00427143
0.013944
0.0328225
0.0530333
0.0657675
0.0747256
0.0808573
0.079476
0.0736762
0.0650108
0.0494996
0.0226361
0.0100365
0.0080069
0.00781294
0.0081433
0.00954118
0.0138982
0.0228784
0.037032
0.0541057
0.0703962
0.0838807
0.093332
0.0994088
0.103696
0.107248
0.110839
0.114578
0.118679
0.123426
0.129494
0.13761
0.149691
0.167976
0.190228
0.214953
0.238661
0.264729
0.292357
0.293768
0.279579
0.229773
0.153491
0.100681
0.0848821
0.0865823
0.0931021
0.10733
0.135901
0.171467
0.212658
0.252861
0.284397
0.322546
0.330249
0.319061
0.296798
0.282691
0.276526
0.283165
0.303202
0.334005
0.3781
0.431899
0.482444
0.551943
0.694343
0.816697
0.817516
0.78034
0.688736
0.507601
0.435723
0.315123
0.168127
0.285618
0.076819
0.00529137
0.000364419
2.06872e-05
7.27661e-07
1.84796e-08
3.85284e-10
6.77954e-12
1.05233e-13
1.46809e-15
1.87852e-17
2.22814e-19
2.47186e-21
2.58697e-23
2.47349e-25
3.21884e-09
2.34275e-08
6.0691e-08
1.28263e-07
1.1116e-06
2.35921e-05
0.000313936
0.00146761
0.00555899
0.0186084
0.0435553
0.0636091
0.0677547
0.0733772
0.0829126
0.0832893
0.0775214
0.0642015
0.036344
0.0142701
0.0140035
0.0155381
0.0137287
0.0115819
0.0136485
0.0202536
0.0352718
0.053267
0.0700244
0.0841909
0.0943331
0.0997992
0.102762
0.105316
0.108456
0.112361
0.117499
0.124562
0.13365
0.145757
0.160481
0.178889
0.200764
0.221558
0.240755
0.260292
0.281843
0.284692
0.271443
0.224603
0.145846
0.0886969
0.0732464
0.0746953
0.0821416
0.0999556
0.133409
0.177327
0.219767
0.247981
0.278343
0.281817
0.27445
0.255227
0.226713
0.213467
0.219211
0.235361
0.263831
0.307606
0.360914
0.420327
0.475494
0.511129
0.552786
0.651364
0.774284
0.777454
0.737114
0.634978
0.311997
0.120396
0.0320543
0.00982124
0.0164247
0.00392542
0.000606186
4.18075e-05
2.35659e-06
9.69951e-08
2.48924e-09
5.12828e-11
8.84908e-13
1.34407e-14
1.83363e-16
2.29441e-18
2.66142e-20
2.88859e-22
2.9611e-24
2.77508e-26
3.74562e-10
2.6546e-09
7.06437e-09
1.99215e-08
3.09125e-07
8.58487e-06
0.000157969
0.00111698
0.00473409
0.0169426
0.0435783
0.0587539
0.0512393
0.0546375
0.0713759
0.0796462
0.0738245
0.0531161
0.021641
0.0186182
0.028516
0.0381653
0.0331926
0.0263419
0.0293374
0.0418787
0.0568112
0.0703612
0.0852576
0.0951728
0.0998098
0.102073
0.103475
0.105377
0.109088
0.116196
0.128132
0.144755
0.162641
0.180877
0.196549
0.210659
0.222985
0.233458
0.245935
0.25931
0.260928
0.25183
0.216339
0.144248
0.0792699
0.0616485
0.0627704
0.0698843
0.0871107
0.121024
0.171895
0.208116
0.242473
0.24211
0.228882
0.204439
0.181653
0.164387
0.165875
0.177381
0.197275
0.230852
0.293701
0.380191
0.46698
0.538461
0.56145
0.558036
0.568067
0.613967
0.721674
0.726075
0.685343
0.576565
0.188497
0.0109289
0.00183405
0.00055002
0.000698532
0.000185953
2.85497e-05
2.81797e-06
1.73081e-07
8.20536e-09
2.42501e-10
5.1508e-12
8.9125e-14
1.3439e-15
1.8113e-17
2.23388e-19
2.55059e-21
2.72394e-23
2.75093e-25
2.54353e-27
3.69167e-11
2.64274e-10
7.16616e-10
2.79985e-09
6.68253e-08
2.34086e-06
5.64284e-05
0.000727788
0.00355377
0.013399
0.0392965
0.0480668
0.034719
0.0315855
0.0470076
0.0634804
0.0568021
0.0270893
0.0136244
0.0232431
0.0506125
0.0590198
0.0511993
0.0478751
0.0512235
0.0577699
0.0683991
0.0840609
0.0971903
0.0987715
0.0997077
0.102173
0.103233
0.10465
0.110224
0.127415
0.152191
0.174012
0.187816
0.195376
0.202079
0.212107
0.212099
0.209092
0.20983
0.214806
0.211275
0.197356
0.14997
0.0780542
0.0494737
0.049557
0.0548533
0.0693185
0.100247
0.152338
0.197743
0.215287
0.202883
0.172423
0.141189
0.119837
0.11989
0.128339
0.14435
0.17277
0.21741
0.290665
0.395122
0.51203
0.604709
0.635242
0.631524
0.606022
0.577105
0.592669
0.666962
0.666226
0.626962
0.516185
0.10096
0.00317427
0.000180747
2.76777e-05
2.53651e-05
7.07697e-06
1.09634e-06
1.11765e-07
6.96357e-09
3.6998e-10
1.50351e-11
3.67527e-13
6.64597e-15
1.01933e-16
1.38021e-18
1.69946e-20
1.93118e-22
2.05191e-24
2.06996e-26
1.92482e-28
2.88332e-12
2.12974e-11
5.90917e-11
3.38771e-10
1.1887e-08
5.17281e-07
1.66323e-05
0.000303946
0.00187251
0.00754816
0.0264584
0.0378236
0.0296812
0.0138113
0.0158337
0.0234741
0.0188954
0.00803599
0.014538
0.0400334
0.0684974
0.067911
0.0601855
0.0526367
0.0492507
0.0569425
0.0790738
0.0977006
0.096485
0.0927319
0.100659
0.122417
0.122558
0.117972
0.124674
0.147538
0.168889
0.167615
0.166503
0.170087
0.181421
0.183597
0.165264
0.140918
0.14046
0.149712
0.156646
0.146822
0.092697
0.042344
0.0361214
0.0390898
0.049707
0.0736992
0.122042
0.178651
0.185243
0.163783
0.125021
0.0915145
0.0807437
0.0850054
0.097976
0.11868
0.15344
0.213768
0.303033
0.426147
0.551347
0.654591
0.698004
0.696251
0.684172
0.646143
0.57941
0.571831
0.609584
0.603084
0.567845
0.44689
0.050899
0.00176938
6.77213e-05
3.29487e-06
8.56849e-07
2.2334e-07
3.49182e-08
3.78598e-09
2.45929e-10
1.03042e-11
4.19776e-13
1.58207e-14
3.34915e-16
5.56701e-18
7.84279e-20
9.89264e-22
1.14777e-23
1.25404e-25
1.32756e-27
1.33332e-29
1.80981e-13
1.41079e-12
4.23019e-12
4.24637e-11
2.11231e-09
1.11647e-07
4.37498e-06
8.91666e-05
0.000766568
0.0033939
0.0130336
0.0194679
0.0144155
0.00476192
0.00261855
0.0025332
0.00171996
0.00292365
0.0188146
0.0557433
0.0747753
0.0622115
0.0434649
0.0325964
0.0399346
0.064595
0.0934568
0.093665
0.0811813
0.0880807
0.119785
0.159093
0.155014
0.140444
0.144832
0.154
0.142166
0.111131
0.112857
0.129462
0.148851
0.141261
0.0993505
0.0823728
0.0881688
0.110428
0.12629
0.109697
0.0520705
0.0254638
0.0252541
0.0308916
0.0472191
0.085306
0.146679
0.169737
0.144087
0.0914097
0.0574249
0.0535044
0.0589985
0.0733115
0.0971289
0.134968
0.196131
0.301534
0.447425
0.595926
0.689932
0.730341
0.736198
0.731705
0.718278
0.67962
0.594626
0.54027
0.552409
0.543818
0.515219
0.350559
0.0250559
0.000900939
3.63022e-05
1.43785e-06
7.68926e-08
7.63682e-09
9.25048e-10
1.00627e-10
7.43821e-12
3.1281e-13
9.01098e-15
2.8217e-16
1.02378e-17
2.08274e-19
3.22537e-21
4.48532e-23
5.85479e-25
7.50473e-27
9.75622e-29
1.22842e-30
9.36493e-15
7.90365e-14
2.80006e-13
5.01095e-12
3.19435e-10
1.95635e-08
8.6411e-07
1.64959e-05
0.000154158
0.00075395
0.00264711
0.00316022
0.00202
0.000921291
0.000323789
0.000185291
0.000196983
0.00298516
0.0208156
0.0579996
0.0673602
0.0484371
0.0268253
0.0200126
0.036263
0.0704978
0.0900116
0.0802562
0.0672883
0.0865416
0.138798
0.179409
0.173093
0.156269
0.143555
0.117652
0.0765429
0.0600568
0.0775949
0.104707
0.109037
0.0917816
0.0524808
0.0516265
0.0661754
0.100573
0.107239
0.0753107
0.0292191
0.0151844
0.0166948
0.0260607
0.0507179
0.108258
0.158884
0.146151
0.0837333
0.037703
0.0331494
0.0378985
0.0519539
0.0764489
0.113212
0.171251
0.275575
0.441951
0.610427
0.709208
0.742586
0.748345
0.747493
0.742638
0.725753
0.680166
0.592982
0.510122
0.491663
0.495535
0.470447
0.235633
0.0113709
0.000437464
1.80839e-05
7.32535e-07
2.97621e-08
1.31858e-09
6.88468e-11
3.86911e-12
2.01029e-13
8.52487e-15
2.68723e-16
7.50097e-18
2.1374e-19
5.95732e-21
1.28359e-22
2.53586e-24
4.65915e-26
7.99288e-28
1.28965e-29
1.87014e-31
4.13165e-16
3.79101e-15
1.68421e-14
4.4454e-13
3.16285e-11
2.08049e-09
9.44608e-08
1.54868e-06
1.44125e-05
7.84144e-05
0.000215656
0.000222303
0.000134269
6.21986e-05
2.79731e-05
1.40223e-05
3.60568e-05
0.000946041
0.00904601
0.0348478
0.055448
0.0450302
0.0240478
0.0156353
0.026422
0.0601903
0.0782967
0.0656431
0.056479
0.0819105
0.143613
0.185838
0.174736
0.144057
0.104125
0.0563935
0.0353689
0.0286589
0.0389101
0.0536256
0.0563814
0.0460014
0.0283319
0.0342455
0.0585082
0.094363
0.0891906
0.0463476
0.0175607
0.00861569
0.0123203
0.0248299
0.0620437
0.13366
0.149878
0.106982
0.0373956
0.019439
0.0216002
0.0316125
0.052736
0.0868741
0.140437
0.237074
0.406366
0.595587
0.707064
0.744967
0.748314
0.745842
0.740908
0.73543
0.719977
0.672193
0.57928
0.472451
0.438793
0.467971
0.421396
0.108164
0.00426766
0.000177848
7.13437e-06
2.85903e-07
1.2085e-08
5.18754e-10
2.17594e-11
8.90268e-13
3.50598e-14
1.28318e-15
4.28253e-17
1.28504e-18
3.46467e-20
8.57135e-22
1.95597e-23
4.08611e-25
7.76821e-27
1.34439e-28
2.15779e-30
3.08584e-32
1.58392e-17
1.56511e-16
8.45229e-16
2.47444e-14
1.80766e-12
1.15907e-10
4.38027e-09
8.52979e-08
9.32457e-07
5.03077e-06
1.17274e-05
1.13851e-05
6.96107e-06
3.35681e-06
1.57169e-06
8.59692e-07
5.59075e-06
0.000160786
0.00147224
0.00649156
0.0147018
0.0241567
0.0215982
0.014013
0.0142887
0.0403488
0.0664587
0.0557297
0.0449302
0.0606563
0.116418
0.173555
0.160161
0.114062
0.0613273
0.027833
0.0160459
0.0119338
0.0128768
0.0160862
0.01901
0.0174225
0.0143069
0.0225318
0.0485968
0.0804236
0.0692838
0.0324352
0.0134654
0.00604219
0.0110771
0.0291775
0.0849273
0.152243
0.136994
0.0652534
0.0177197
0.0121969
0.0160654
0.028973
0.0560738
0.103555
0.191794
0.353109
0.546334
0.669323
0.73444
0.733154
0.723498
0.710927
0.695434
0.697827
0.68805
0.644159
0.543503
0.426616
0.424144
0.429466
0.271341
0.0204675
0.00111892
4.9556e-05
2.08436e-06
8.56857e-08
3.65303e-09
1.55242e-10
6.51461e-12
2.60195e-13
9.72501e-15
3.33434e-16
1.04147e-17
2.92429e-19
7.41435e-21
1.70489e-22
3.5829e-24
6.91844e-26
1.23346e-27
2.04022e-29
3.15583e-31
4.36671e-33
5.37272e-19
5.60022e-18
3.27668e-17
8.04881e-16
5.57804e-14
3.60747e-12
1.50892e-10
3.82587e-09
4.54379e-08
2.36484e-07
4.78735e-07
4.39724e-07
2.70006e-07
1.33936e-07
6.5995e-08
4.21025e-08
6.13318e-07
1.04382e-05
0.000102627
0.000517261
0.00174187
0.00384083
0.00443531
0.00345219
0.0047208
0.0230275
0.0551026
0.0500756
0.0404895
0.0445314
0.0772873
0.145996
0.13123
0.0764167
0.0367947
0.0178555
0.0100146
0.00730193
0.00551346
0.00515472
0.0053809
0.0054388
0.0058581
0.0119203
0.0302898
0.0609582
0.056158
0.031915
0.0144587
0.00543138
0.012046
0.0363386
0.110472
0.159189
0.117354
0.0376002
0.0109601
0.00831605
0.0129066
0.0279706
0.0613206
0.129246
0.272154
0.482137
0.609297
0.673752
0.695668
0.681222
0.675831
0.677318
0.666722
0.653482
0.629886
0.585314
0.48849
0.405097
0.432089
0.322584
0.0275341
0.00255448
0.000205099
1.00939e-05
4.60246e-07
1.97466e-08
8.50707e-10
3.53422e-11
1.42955e-12
5.43863e-14
1.92491e-15
6.21425e-17
1.82172e-18
4.826e-20
1.16031e-21
2.53504e-23
5.07698e-25
9.37722e-27
1.60642e-28
2.56205e-30
3.83013e-32
5.13145e-34
1.63469e-20
1.82379e-19
1.09062e-18
1.752e-17
1.14865e-15
8.48505e-14
4.56581e-12
1.31766e-10
1.65851e-09
8.30388e-09
1.5033e-08
1.33768e-08
8.36056e-09
4.33512e-09
2.28841e-09
1.7383e-09
2.737e-08
3.82535e-07
4.61331e-06
2.69173e-05
0.000120497
0.000300127
0.000344593
0.000302199
0.000559825
0.00544866
0.0233299
0.0411773
0.0417201
0.034901
0.035769
0.0842875
0.124331
0.0930605
0.0464746
0.0221331
0.0119226
0.00884249
0.00554931
0.0025884
0.0016225
0.00153446
0.00180291
0.00412489
0.0121566
0.0360417
0.0472824
0.0407175
0.0229286
0.00616311
0.0141207
0.043846
0.125985
0.159196
0.106087
0.029016
0.0091055
0.00608033
0.0108342
0.0267377
0.0644984
0.150013
0.34845
0.547508
0.531831
0.536109
0.597681
0.564179
0.591668
0.636413
0.625421
0.582902
0.553062
0.516094
0.441594
0.403789
0.438014
0.138181
0.00577058
0.000358499
2.61189e-05
1.62458e-06
8.37426e-08
3.72287e-09
1.59432e-10
6.40262e-12
2.47394e-13
8.91419e-15
2.97956e-16
9.08097e-18
2.51931e-19
6.33987e-21
1.45393e-22
3.03935e-24
5.84288e-26
1.03876e-27
1.71686e-29
2.6457e-31
3.82556e-33
4.96308e-35
4.44798e-22
5.49041e-21
3.52734e-20
3.60536e-19
2.10797e-17
1.79681e-15
1.13582e-13
3.5353e-12
4.69648e-11
2.24325e-10
3.73939e-10
3.27177e-10
2.10597e-10
1.16036e-10
6.6781e-11
5.51984e-11
6.50783e-10
1.09714e-08
1.60099e-07
1.12521e-06
6.42688e-06
1.70905e-05
2.01109e-05
1.93743e-05
3.78623e-05
0.000450365
0.00471789
0.0145277
0.0295168
0.0283689
0.01973
0.0446107
0.104561
0.106426
0.0819692
0.041494
0.0220098
0.0208424
0.0142248
0.00473352
0.000846741
0.000407114
0.000476965
0.00114546
0.00385799
0.0132324
0.0331158
0.0350933
0.0257127
0.00771797
0.0156821
0.0467314
0.131135
0.164119
0.113563
0.0323972
0.00898274
0.00459881
0.00852495
0.0219003
0.059008
0.153287
0.389129
0.444776
0.357127
0.350243
0.432402
0.310476
0.346722
0.475546
0.54958
0.527973
0.509492
0.464577
0.37776
0.399338
0.418195
0.0688512
0.00298414
0.000131316
5.64951e-06
2.61448e-07
1.25214e-08
5.60112e-10
2.35437e-11
9.16338e-13
3.38018e-14
1.15752e-15
3.66715e-17
1.05862e-18
2.78775e-20
6.68167e-22
1.46558e-23
2.93937e-25
5.43335e-27
9.30607e-29
1.48449e-30
2.21103e-32
3.09204e-34
3.88149e-36
1.09427e-23
1.51376e-22
1.05126e-21
7.79623e-21
3.5888e-19
3.34424e-17
2.29423e-15
7.51721e-14
1.02551e-12
4.60861e-12
7.32847e-12
6.55745e-12
4.48661e-12
2.72918e-12
1.76748e-12
1.58866e-12
1.25865e-11
2.43781e-10
4.12454e-09
3.5404e-08
2.5604e-07
7.25291e-07
8.69356e-07
9.145e-07
1.68794e-06
2.39304e-05
0.000358736
0.00249493
0.00705076
0.00860348
0.00600597
0.00794405
0.027639
0.0677486
0.0725065
0.0640713
0.049488
0.0340339
0.0194218
0.00718325
0.00125639
0.000141605
8.74389e-05
0.000254449
0.000971715
0.00390216
0.0122178
0.0210033
0.0186264
0.00812034
0.0152041
0.0412846
0.110528
0.16793
0.145751
0.0570299
0.0106041
0.00366947
0.00681066
0.0181436
0.0528658
0.14363
0.329988
0.322195
0.184544
0.154203
0.199213
0.0840886
0.0931172
0.181478
0.418836
0.473152
0.422562
0.332324
0.168598
0.358058
0.318274
0.0230805
0.000948889
3.7644e-05
1.38215e-06
4.8389e-08
1.75163e-09
6.56445e-11
2.47974e-12
8.97825e-14
3.11881e-15
1.0165e-16
3.09427e-18
8.66213e-20
2.22608e-21
5.20868e-23
1.1091e-24
2.15434e-26
3.85167e-28
6.37409e-30
9.82873e-32
1.41604e-33
1.91572e-35
2.32424e-37
2.45104e-25
3.70875e-24
2.73128e-23
1.73388e-22
5.49838e-21
5.23055e-19
3.74618e-17
1.26422e-15
1.76928e-14
7.47074e-14
1.1575e-13
1.08147e-13
8.2449e-14
5.8397e-14
4.35955e-14
4.25675e-14
2.21775e-13
4.45837e-12
8.5893e-11
8.88683e-10
7.96894e-09
2.32994e-08
2.82232e-08
3.16053e-08
5.82164e-08
8.99064e-07
1.68366e-05
0.000161656
0.00053591
0.000721037
0.000628993
0.000575264
0.00156098
0.00773873
0.0140862
0.0209116
0.0184896
0.013325
0.00847951
0.00469037
0.00145441
0.00016334
1.55669e-05
1.71816e-05
0.000135238
0.000934093
0.00342067
0.0104658
0.0121972
0.00734124
0.0106825
0.0279191
0.0744814
0.14075
0.136827
0.0656161
0.0121693
0.00309095
0.00619198
0.0174971
0.0556886
0.151143
0.273006
0.231006
0.0766772
0.0452752
0.0281125
0.00823894
0.00709413
0.0304185
0.27249
0.324171
0.144966
0.129686
0.0364564
0.109232
0.0258841
0.00297728
0.000142335
5.44741e-06
1.90014e-07
6.24778e-09
1.94845e-10
5.82093e-12
1.77475e-13
5.43385e-15
1.66533e-16
4.95578e-18
1.41621e-19
3.81257e-21
9.60935e-23
2.23696e-24
4.77776e-26
9.31058e-28
1.66396e-29
2.73676e-31
4.16722e-33
5.88899e-35
7.77792e-37
9.14305e-39
4.91649e-27
8.05618e-26
6.10893e-25
3.63801e-24
7.37731e-23
6.42886e-21
4.6906e-19
1.6863e-17
2.43452e-16
9.61122e-16
1.49005e-15
1.52065e-15
1.37853e-15
1.18533e-15
1.0179e-15
1.06108e-15
3.70069e-15
6.53732e-14
1.36589e-12
1.64899e-11
1.68826e-10
4.98039e-10
6.38644e-10
8.3534e-10
1.7176e-09
2.5777e-08
5.1804e-07
6.19969e-06
2.43147e-05
3.40671e-05
3.24082e-05
2.95403e-05
5.85995e-05
0.000240389
0.000462042
0.00130729
0.00196004
0.00217877
0.00177031
0.000942257
0.000294333
3.95131e-05
2.8772e-06
1.08354e-06
7.65987e-06
0.000111123
0.00119872
0.0053127
0.00985825
0.00684936
0.00222454
0.00833844
0.0309275
0.0872775
0.0926221
0.0435918
0.0110066
0.00243661
0.00574947
0.0149095
0.0374316
0.0558181
0.123906
0.225945
0.0745032
0.0249775
0.00987133
0.00371254
0.0016028
0.00597077
0.0933602
0.0769549
0.0254748
0.110272
0.0184462
0.00367056
0.000792154
8.16277e-05
8.39515e-06
4.53864e-07
1.49857e-08
4.62019e-10
1.31409e-11
3.38592e-13
8.40771e-15
2.06108e-16
5.11105e-18
1.2669e-19
3.21218e-21
8.74975e-23
2.3132e-24
5.29064e-26
1.06095e-27
1.99882e-29
3.50285e-31
5.67561e-33
8.52865e-35
1.1901e-36
1.5491e-38
1.77947e-40
8.61451e-29
1.48529e-27
1.13559e-26
6.77548e-26
8.77185e-25
6.04821e-23
4.58788e-21
1.82088e-19
2.66706e-18
1.00364e-17
1.62346e-17
1.93898e-17
2.20054e-17
2.28384e-17
2.22191e-17
2.46381e-17
6.39437e-17
8.13885e-16
1.73801e-14
2.37471e-13
2.61196e-12
7.71507e-12
1.07379e-11
1.70458e-11
3.96893e-11
5.21956e-10
1.05087e-08
1.45531e-07
6.39219e-07
9.32546e-07
9.72188e-07
9.50394e-07
1.58612e-06
4.73892e-06
1.01412e-05
7.83127e-05
0.000146267
0.000150029
0.000107049
5.77207e-05
2.51764e-05
8.47517e-06
7.7343e-07
8.74922e-08
7.31331e-07
2.05642e-05
0.00048873
0.00292463
0.00432485
0.00317382
0.000889206
0.00361853
0.0199315
0.0583685
0.0470697
0.0191134
0.00820262
0.00169262
0.00352355
0.0110225
0.010181
0.0114816
0.0487804
0.23872
0.110743
0.0407059
0.0181851
0.00910103
0.00104164
0.00292946
0.0223033
0.0239061
0.015894
0.120915
0.0116546
0.000490899
3.6366e-05
2.16461e-06
1.50689e-07
1.09587e-08
6.40236e-10
2.0888e-11
5.03997e-13
1.19695e-14
2.77566e-16
6.23703e-18
1.37884e-19
3.00693e-21
6.66282e-23
1.50011e-24
3.70982e-26
9.42324e-28
2.09443e-29
3.67221e-31
5.55685e-33
8.05774e-35
1.12504e-36
1.5304e-38
1.96468e-40
2.17542e-42
1.29964e-30
2.3012e-29
1.76673e-28
1.10447e-27
1.04364e-26
4.84418e-25
3.7608e-23
1.61168e-21
2.34132e-20
8.87455e-20
1.56382e-19
2.36099e-19
3.35891e-19
4.06774e-19
4.34304e-19
4.97897e-19
1.06067e-18
8.51855e-18
1.76134e-16
2.67502e-15
3.06484e-14
9.10029e-14
1.39155e-13
2.76124e-13
7.23004e-13
7.47192e-12
1.41616e-10
2.21016e-09
1.02055e-08
1.52595e-08
1.75422e-08
2.00434e-08
3.27012e-08
7.01787e-08
2.04099e-07
2.97132e-06
5.31637e-06
4.94577e-06
3.32956e-06
1.78983e-06
7.83137e-07
2.75202e-07
8.50825e-08
1.06127e-08
3.25675e-08
1.59655e-06
5.31375e-05
0.000389566
0.000479804
0.000302555
0.00015147
0.0013484
0.00951967
0.029363
0.0163959
0.00489312
0.00244602
0.000613123
0.00191114
0.00967618
0.00894043
0.00511768
0.0077282
0.111937
0.141696
0.111837
0.0566511
0.0217388
0.000930974
0.000204652
0.00474652
0.0150869
0.00339812
0.0602899
0.00538709
0.000184091
6.42485e-06
2.49239e-07
9.36482e-09
3.49535e-10
1.32317e-11
5.0693e-13
1.6025e-14
4.02288e-16
1.0674e-17
2.76754e-19
6.85478e-21
1.60189e-22
3.51963e-24
7.28902e-26
1.43142e-27
2.67421e-29
4.7255e-31
7.80166e-33
1.19921e-34
1.72566e-36
2.34464e-38
3.01971e-40
3.70437e-42
4.16245e-44
1.65149e-32
2.97296e-31
2.33859e-30
1.55981e-29
1.25829e-28
3.38144e-27
2.40657e-25
1.07219e-23
1.55216e-22
6.22844e-22
1.3218e-21
2.73053e-21
4.72979e-21
6.43527e-21
7.41187e-21
8.72376e-21
1.65944e-20
8.21018e-20
1.48138e-18
2.43035e-17
2.83033e-16
8.46076e-16
1.43706e-15
3.62366e-15
1.03004e-14
7.97903e-14
1.3444e-12
2.21317e-11
1.03583e-10
1.58955e-10
2.03312e-10
2.91297e-10
4.9882e-10
9.03494e-10
3.32161e-09
5.20963e-08
8.34831e-08
7.14835e-08
4.46278e-08
2.22803e-08
9.24171e-09
3.19935e-09
9.30579e-10
2.4343e-10
1.12964e-09
5.72115e-08
1.01609e-06
7.82808e-06
1.09583e-05
7.49621e-06
7.4264e-06
0.000172487
0.00163799
0.00597984
0.00432933
0.00131934
0.000396365
0.000108746
0.000524697
0.00552109
0.0122154
0.0091849
0.00124536
0.00260861
0.0761566
0.0760197
0.0677998
0.0369689
0.00244394
2.12406e-05
0.000238492
0.00407652
0.000307517
0.00284842
0.000250818
1.63255e-05
6.87027e-07
2.56378e-08
8.52176e-10
2.66473e-11
8.03337e-13
2.36628e-14
6.93515e-16
2.01342e-17
5.74073e-19
1.58748e-20
4.19623e-22
1.0362e-23
2.36093e-25
4.92597e-27
9.41563e-29
1.66065e-30
2.73522e-32
4.24895e-34
6.25196e-36
8.71518e-38
1.15212e-39
1.44586e-41
1.72983e-43
1.90733e-45
1.73139e-34
3.13868e-33
2.5401e-32
1.80468e-31
1.39819e-30
2.21975e-29
1.25669e-27
5.81574e-26
8.23849e-25
3.64898e-24
1.00833e-23
2.86162e-23
5.7629e-23
8.55284e-23
1.04859e-22
1.25769e-22
2.22879e-22
7.3113e-22
9.75555e-21
1.68345e-19
1.99886e-18
6.04388e-18
1.19331e-17
3.86233e-17
1.19748e-16
6.89429e-16
9.3636e-15
1.49404e-13
6.86273e-13
1.09159e-12
1.64383e-12
3.15506e-12
5.9533e-12
1.01491e-11
3.70036e-11
4.99182e-10
7.57033e-10
6.3394e-10
3.95145e-10
2.00706e-10
8.59622e-11
3.14463e-11
1.00017e-11
3.26623e-12
2.75931e-11
7.7753e-10
1.23852e-08
9.71449e-08
1.70192e-07
1.42801e-07
3.4622e-07
7.61774e-06
7.35176e-05
0.000409621
0.000315148
0.000140044
3.98009e-05
9.84104e-06
7.93991e-05
0.00139983
0.00683803
0.00603594
0.00150081
0.000120744
0.00198739
0.0121362
0.0416656
0.0132107
0.000733103
1.47905e-05
3.73069e-06
0.000184279
1.79853e-05
5.99921e-05
3.79405e-06
3.32383e-07
2.57944e-08
1.43885e-09
5.11874e-11
1.57092e-12
4.49912e-14
1.21831e-15
3.21014e-17
8.34879e-19
2.1505e-20
5.45479e-22
1.36872e-23
3.32543e-25
7.68557e-27
1.64697e-28
3.24364e-30
5.85628e-32
9.75499e-34
1.51152e-35
2.19655e-37
3.00664e-39
3.8844e-41
4.73861e-43
5.48634e-45
5.80271e-47
1.53144e-36
2.70761e-35
2.21434e-34
1.6637e-33
1.25495e-32
1.37202e-31
5.58212e-30
2.65132e-28
3.78454e-27
1.93435e-26
7.35362e-26
2.64639e-25
5.85231e-25
9.28361e-25
1.20198e-24
1.49324e-24
2.6208e-24
6.62028e-24
5.66148e-23
9.63203e-22
1.10333e-20
3.37784e-20
8.22844e-20
3.41457e-19
1.13583e-18
4.99701e-18
4.84841e-17
6.92758e-16
3.0099e-15
5.10219e-15
9.43827e-15
2.53568e-14
5.29184e-14
9.159e-14
2.81464e-13
2.87408e-12
4.38286e-12
3.80878e-12
2.51616e-12
1.38144e-12
6.5376e-13
2.71317e-13
1.00583e-13
4.11171e-14
2.87431e-13
6.9177e-12
1.09956e-10
9.24488e-10
2.28758e-09
2.3985e-09
6.28939e-09
1.10099e-07
1.29518e-06
9.37893e-06
7.59459e-06
3.49629e-06
1.26546e-06
4.61139e-07
3.14494e-06
3.35396e-05
0.00030866
0.000334331
0.000123122
2.4104e-05
0.000355765
0.00912248
0.0431991
0.00710416
0.000329125
1.63162e-05
6.53515e-07
3.76915e-06
3.335e-07
7.25432e-07
3.8995e-08
3.88132e-09
2.80178e-10
2.10873e-11
1.38381e-12
6.72099e-14
1.96732e-15
4.66749e-17
1.07084e-18
2.37234e-20
5.11671e-22
1.07561e-23
2.40061e-25
6.0399e-27
1.53943e-28
3.41138e-30
6.1422e-32
9.96113e-34
1.54219e-35
2.28462e-37
3.2266e-39
4.30678e-41
5.41687e-43
6.40902e-45
7.17272e-47
7.30994e-49
1.09731e-38
1.94492e-37
1.7019e-36
1.36867e-35
1.04649e-34
8.92761e-34
2.19538e-32
9.8054e-31
1.37067e-29
8.53901e-29
4.50996e-28
1.97463e-27
4.75287e-27
8.07004e-27
1.10929e-26
1.40062e-26
2.37456e-26
5.09953e-26
2.61457e-25
3.98095e-24
4.44966e-23
1.46384e-22
4.78978e-22
2.43721e-21
8.46325e-21
2.9204e-20
1.89204e-19
2.27926e-18
9.97358e-18
1.96838e-17
4.6941e-17
1.68018e-16
3.83515e-16
6.78836e-16
1.63481e-15
1.21202e-14
1.94489e-14
1.87471e-14
1.41564e-14
9.0351e-15
4.97666e-15
2.38798e-15
1.0116e-15
4.53445e-16
2.35758e-15
5.28447e-14
8.64075e-13
7.84507e-12
2.69345e-11
3.27312e-11
8.39884e-11
1.21258e-09
1.35886e-08
9.3078e-08
9.21665e-08
5.04607e-08
2.393e-08
9.11493e-09
2.99685e-08
3.18127e-07
2.22535e-06
5.69795e-06
1.29229e-06
1.13498e-06
6.0499e-05
0.00337609
0.0426205
0.0164977
0.00101781
4.75265e-05
2.0125e-06
1.17854e-07
5.40974e-09
5.27366e-09
3.16464e-10
3.47002e-11
2.4851e-12
2.04634e-13
1.41166e-14
9.22004e-16
5.41481e-17
1.99956e-18
4.00917e-20
8.10034e-22
1.59363e-23
3.06687e-25
5.83501e-27
1.10006e-28
2.05437e-30
4.49895e-32
1.01e-33
1.76586e-35
2.28837e-37
2.91682e-39
3.71371e-41
5.05577e-43
6.62487e-45
7.46479e-47
7.75725e-49
7.62277e-51
6.64737e-41
1.1905e-39
1.17014e-38
1.00681e-37
7.76686e-37
5.24193e-36
6.86655e-35
2.45791e-33
3.52749e-32
2.86265e-31
2.07917e-30
1.06734e-29
2.87131e-29
5.35562e-29
7.91472e-29
1.00853e-28
1.66456e-28
3.37185e-28
1.13296e-27
1.36466e-26
1.49697e-25
5.56578e-25
2.47856e-24
1.47387e-23
5.15167e-23
1.49306e-22
6.38269e-22
5.83688e-21
2.53195e-20
6.22593e-20
1.93875e-19
8.59983e-19
2.08708e-18
3.72161e-18
7.40378e-18
4.16253e-17
7.34095e-17
8.2304e-17
7.263e-17
5.30698e-17
3.27709e-17
1.73534e-17
8.02788e-18
3.759e-18
1.42696e-17
3.04802e-16
5.12589e-15
5.20646e-14
2.29606e-13
3.09948e-13
5.35866e-13
6.1793e-12
7.29078e-11
5.40224e-10
7.95565e-10
5.71547e-10
3.40913e-10
1.31118e-10
1.95126e-10
2.0697e-09
1.71349e-08
6.18787e-08
1.46301e-08
5.18823e-08
5.40973e-06
0.00030993
0.0342094
0.00823741
0.000430591
1.71219e-05
5.84104e-07
1.78953e-08
5.41369e-10
3.66118e-11
2.56247e-12
2.63294e-13
1.86446e-14
1.57393e-15
1.10842e-16
7.79686e-18
4.89026e-19
2.75157e-20
1.43854e-21
3.56673e-23
6.32406e-25
1.16966e-26
2.16211e-28
3.8666e-30
6.6903e-32
1.1201e-33
1.81253e-35
2.80297e-37
4.12256e-39
5.76098e-41
7.71235e-43
9.91386e-45
1.22166e-46
1.44137e-48
1.63311e-50
1.72468e-52
3.23266e-43
6.0427e-42
6.46718e-41
6.27301e-40
4.55677e-39
2.72047e-38
1.93465e-37
5.05734e-36
7.68956e-35
8.92517e-34
8.21577e-33
4.63913e-32
1.34546e-31
2.69553e-31
4.2433e-31
5.53344e-31
9.27198e-31
1.86381e-30
4.66506e-30
3.8981e-29
4.00949e-28
1.72959e-27
1.01758e-26
6.72102e-26
2.38764e-25
6.32438e-25
2.01284e-24
1.24382e-23
4.87261e-23
1.4489e-22
5.66965e-22
2.98893e-21
7.89645e-21
1.50013e-20
2.68945e-20
1.19838e-19
2.42979e-19
3.20531e-19
3.24431e-19
2.63945e-19
1.77314e-19
1.00958e-19
4.98511e-20
2.37808e-20
6.34623e-20
1.32146e-18
2.3555e-17
2.62785e-16
1.38764e-15
1.99782e-15
2.78558e-15
2.56538e-14
3.2034e-13
2.38141e-12
5.3202e-12
4.52288e-12
3.26868e-12
1.2817e-12
1.03932e-12
9.27485e-12
1.00014e-10
5.3966e-10
1.80096e-10
2.47505e-09
2.75342e-07
9.90976e-06
0.00433305
0.000778633
7.35198e-05
2.7337e-06
8.08031e-08
2.19379e-09
5.35356e-11
1.29864e-12
3.13588e-14
1.55872e-15
1.09228e-16
9.25217e-18
6.52916e-19
4.71289e-20
3.06132e-21
1.86944e-22
1.05633e-23
5.44767e-25
2.40487e-26
4.77885e-28
8.12019e-30
1.4049e-31
2.41029e-33
3.98192e-35
6.28474e-37
9.49459e-39
1.37566e-40
1.90732e-42
2.52563e-44
3.19371e-46
3.86542e-48
4.49054e-50
5.02232e-52
5.24625e-54
1.28908e-45
2.79272e-44
3.71753e-43
4.02445e-42
2.86544e-41
1.18154e-40
4.11563e-40
5.5806e-39
8.96867e-38
1.40625e-36
1.84854e-35
1.32775e-34
4.86031e-34
1.09109e-33
1.7859e-33
2.33623e-33
3.97998e-33
8.13228e-33
1.77465e-32
1.0014e-31
9.43291e-31
4.99926e-30
3.6054e-29
2.47529e-28
8.50089e-28
2.00823e-27
4.79568e-27
1.89456e-26
6.51989e-26
2.42205e-25
1.17968e-24
7.16136e-24
2.14475e-23
4.3987e-23
7.55357e-23
2.78802e-22
6.58349e-22
1.00408e-21
1.11885e-21
9.69953e-22
6.85649e-22
4.09449e-22
2.11395e-22
1.03027e-22
2.11899e-22
4.20367e-21
7.68333e-20
9.18596e-19
5.40513e-18
8.53997e-18
9.86935e-18
6.66685e-17
8.38351e-16
7.06328e-15
2.08622e-14
2.13941e-14
1.77936e-14
7.57668e-15
4.48429e-15
2.51317e-14
4.16777e-13
1.79908e-12
7.33008e-13
4.89187e-11
4.53604e-09
1.85834e-07
6.76028e-05
1.12492e-05
1.7442e-06
1.97866e-07
8.17443e-09
2.03573e-10
4.59921e-12
9.72247e-14
1.92305e-15
3.82854e-17
7.82499e-19
4.13292e-20
2.7625e-21
1.94387e-22
1.26413e-23
7.98557e-25
4.72856e-26
2.63757e-27
1.38314e-28
6.78857e-30
2.97535e-31
5.6514e-33
8.63459e-35
1.31781e-36
1.98632e-38
2.91524e-40
4.12455e-42
5.59621e-44
7.26464e-46
9.02701e-48
1.0748e-49
1.22879e-51
1.35551e-53
1.40348e-55
4.54434e-48
1.52117e-46
2.00614e-45
3.37104e-44
1.09364e-43
3.03229e-43
4.96381e-43
3.9794e-42
7.1896e-41
1.45257e-39
2.76184e-38
2.85922e-37
1.41414e-36
3.58819e-36
6.11402e-36
7.86214e-36
1.27245e-35
2.49451e-35
4.72733e-35
1.83253e-34
1.60284e-33
1.01977e-32
8.20765e-32
5.50824e-31
1.7371e-30
3.59796e-30
6.89836e-30
2.04486e-29
6.69065e-29
3.03115e-28
1.66139e-27
1.13069e-26
3.78587e-26
8.47684e-26
1.44616e-25
4.58224e-25
1.25647e-24
2.13016e-24
2.56456e-24
2.3644e-24
1.76176e-24
1.10187e-24
5.94403e-25
2.94659e-25
4.41683e-25
8.02953e-24
1.53312e-22
1.94008e-21
1.24573e-20
2.01723e-20
2.16908e-20
1.22197e-19
1.62746e-18
1.42872e-17
5.32138e-17
6.00813e-17
5.72465e-17
2.44772e-17
1.31994e-17
4.90939e-17
8.62222e-16
2.97919e-15
8.77493e-16
1.53389e-13
2.30655e-11
6.86237e-10
3.59015e-07
4.02881e-08
8.91089e-09
7.44652e-10
6.84273e-11
4.85075e-12
2.18369e-13
3.7038e-15
6.14869e-17
1.01417e-18
1.66726e-20
2.91951e-22
1.01614e-23
6.09564e-25
3.58553e-26
2.12954e-27
1.22898e-28
6.89878e-30
3.7186e-31
1.9274e-32
9.5721e-34
4.49311e-35
2.03265e-36
5.26631e-38
7.28809e-40
9.95611e-42
1.31941e-43
1.67391e-45
2.02725e-47
2.35474e-49
2.64115e-51
2.87884e-53
3.07122e-55
3.12743e-57
)
;

boundaryField
{
    AXIS
    {
        type            empty;
    }
    OUTLET
    {
        type            inletOutlet;
        inletValue      uniform 0;
        value           nonuniform List<scalar> 
50
(
1.19636e-16
1.59066e-16
1.10309e-16
6.71851e-17
4.13762e-17
2.50045e-17
1.71651e-17
1.27841e-17
9.16086e-18
5.92759e-18
3.56346e-18
2.07419e-18
1.1878e-18
6.53936e-19
3.38418e-19
1.61207e-19
7.03458e-20
2.80622e-20
1.02381e-20
3.42501e-21
1.00595e-21
2.58591e-22
5.77446e-23
1.10998e-23
1.8132e-24
2.47349e-25
2.77508e-26
2.54353e-27
1.92482e-28
1.33332e-29
1.22842e-30
1.87014e-31
3.08584e-32
4.36671e-33
5.13145e-34
4.96308e-35
3.88149e-36
2.32424e-37
9.14305e-39
1.77947e-40
2.17542e-42
4.16245e-44
1.90733e-45
5.80271e-47
7.30994e-49
7.62277e-51
1.72468e-52
5.24625e-54
1.40348e-55
3.12743e-57
)
;
    }
    COFLOW
    {
        type            fixedValue;
        value           uniform 0;
    }
    PILOT
    {
        type            fixedValue;
        value           uniform 0.271;
    }
    FUEL
    {
        type            fixedValue;
        value           uniform 1;
    }
    WALL
    {
        type            zeroGradient;
    }
    front
    {
        type            wedge;
    }
    back
    {
        type            wedge;
    }
}


// ************************************************************************* //
