/*--------------------------------*- C++ -*----------------------------------*\
| =========                 |                                                 |
| \\      /  F ield         | OpenFOAM: The Open Source CFD Toolbox           |
|  \\    /   O peration     | Version:  2.3.0                                 |
|   \\  /    A nd           | Web:      www.OpenFOAM.org                      |
|    \\/     M anipulation  |                                                 |
\*---------------------------------------------------------------------------*/
FoamFile
{
    version     2.0;
    format      ascii;
    class       volScalarField;
    location    "0.05";
    object      alphaSgs;
}
// * * * * * * * * * * * * * * * * * * * * * * * * * * * * * * * * * * * * * //

dimensions      [1 -1 -1 0 0 0 0];

internalField   nonuniform List<scalar> 
5000
(
9.25955e-08
9.01207e-08
4.87315e-08
3.58031e-08
1.62e-08
4.81997e-09
1.33809e-08
1.25355e-08
1.07818e-08
5.75147e-08
4.65708e-08
4.25604e-08
1.81728e-08
2.06093e-08
4.52082e-09
4.34981e-09
1.63603e-08
1.78999e-08
1.41968e-08
3.75181e-09
1.13243e-08
4.07847e-08
4.00568e-08
4.38561e-08
3.49329e-08
3.46926e-08
2.36592e-08
2.59743e-08
2.42095e-08
1.94799e-08
2.95143e-08
1.3227e-08
2.52167e-08
4.66468e-08
6.63335e-08
4.48756e-08
6.5362e-09
5.83456e-09
6.6924e-09
1.04651e-08
3.6974e-08
1.01748e-08
7.8194e-09
5.87202e-09
1.08912e-08
2.51884e-08
2.32345e-08
1.56183e-08
3.19898e-08
1.5221e-08
4.06406e-08
7.10209e-08
1.11966e-08
5.0565e-09
2.7273e-08
1.38204e-08
3.57171e-08
4.40522e-08
1.6975e-08
6.16888e-08
8.15354e-08
3.16036e-08
7.66902e-08
8.00836e-08
5.54137e-08
4.62015e-08
8.74416e-08
6.40381e-08
6.42275e-08
7.98647e-08
6.74132e-08
1.25488e-07
1.05724e-08
1.48883e-08
5.66903e-08
2.753e-08
2.16761e-08
3.22261e-08
5.09947e-08
5.45839e-08
4.87756e-08
8.95542e-08
1.32214e-07
1.52274e-07
1.51981e-07
1.13017e-07
2.25619e-07
2.10808e-07
2.68843e-07
4.6392e-09
5.80411e-09
4.30645e-08
9.90983e-08
3.61792e-08
1.18343e-07
8.26899e-08
5.3125e-08
6.22091e-08
1.46412e-07
7.58741e-08
2.53056e-07
1.21464e-07
6.68075e-08
1.12214e-07
9.72289e-08
7.53016e-08
8.2923e-08
1.04218e-07
1.0664e-07
4.44298e-08
4.93983e-08
3.26875e-08
2.02487e-08
2.77403e-08
3.23525e-08
4.14891e-08
5.08793e-08
1.08977e-07
1.19779e-07
1.20881e-07
1.02926e-07
1.14624e-07
1.61368e-07
2.05737e-07
1.51155e-07
1.14452e-07
9.07105e-08
7.29122e-08
5.88435e-08
8.76116e-08
1.51314e-07
6.06027e-08
9.09408e-08
1.11883e-07
1.38865e-07
1.31606e-07
9.93519e-09
5.42256e-08
5.54027e-08
6.63779e-08
7.26341e-08
6.93014e-08
4.01976e-08
2.14197e-08
1.18122e-08
1.58489e-08
3.4531e-08
2.54979e-08
3.46237e-08
4.13503e-08
1.03555e-07
2.073e-07
2.05705e-07
1.78326e-07
1.80641e-08
1.12309e-07
9.90711e-08
1.16767e-07
1.99435e-07
8.86195e-08
1.33661e-07
1.4209e-07
1.07124e-07
9.08261e-08
7.14236e-08
6.69313e-08
3.74873e-08
1.67866e-07
2.90844e-07
4.02417e-07
3.67142e-07
4.29564e-07
1.79267e-07
1.6441e-07
5.71126e-08
2.59216e-07
4.00175e-07
3.23473e-07
3.677e-07
3.37875e-07
5.3211e-07
5.16981e-07
5.76884e-07
6.15567e-07
1.22119e-07
1.7148e-07
5.11962e-07
6.28752e-07
7.84318e-07
7.47126e-07
1.39832e-07
1.955e-07
2.91502e-07
4.86745e-07
4.84339e-07
4.59213e-07
4.7562e-07
3.83984e-07
5.43148e-07
3.52059e-07
4.50825e-07
5.05088e-08
1.16194e-07
8.90797e-08
3.61619e-08
2.74686e-08
4.43674e-08
5.72004e-08
7.45348e-08
8.81485e-08
8.86052e-08
7.76809e-08
1.14161e-07
1.65633e-07
1.71811e-07
1.40817e-07
1.31676e-07
6.52737e-08
3.88923e-08
6.14773e-08
4.55259e-08
8.08032e-08
1.1738e-07
1.60234e-07
4.87617e-08
3.66653e-08
4.67351e-08
7.36918e-08
1.15953e-07
1.88829e-07
2.77886e-07
1.51317e-07
1.46005e-07
2.14889e-07
3.49826e-07
3.03157e-07
1.6165e-07
1.04573e-07
9.92158e-08
1.65321e-07
2.01883e-07
1.32388e-07
9.79366e-08
8.18042e-08
9.26537e-08
1.4862e-08
2.90143e-08
5.91154e-08
5.85684e-08
1.01004e-07
1.6002e-07
2.55203e-07
3.09778e-07
2.49036e-07
8.57254e-08
6.20101e-08
7.61506e-08
1.10011e-07
1.16916e-07
1.10599e-07
9.36622e-08
5.30606e-08
4.88127e-08
6.18352e-08
5.73853e-08
5.77288e-08
7.22142e-08
9.91202e-08
2.64505e-07
5.01608e-07
8.1605e-07
7.50468e-07
4.12477e-07
4.9049e-07
5.39875e-07
6.17995e-07
5.1087e-07
5.06036e-07
4.94555e-07
5.78112e-07
4.90888e-07
6.9656e-07
8.11733e-07
8.91229e-07
6.32958e-07
5.72703e-07
6.88833e-07
4.66924e-07
5.61862e-07
8.83462e-07
7.72532e-07
1.65846e-07
2.37256e-07
2.09179e-07
4.85429e-07
5.90867e-07
5.83502e-07
5.69955e-07
5.45271e-07
4.70004e-07
4.85712e-07
1.39752e-07
3.19673e-07
2.70729e-07
1.33847e-07
8.44442e-08
8.63061e-08
1.35147e-07
1.40041e-07
7.04704e-08
8.31274e-08
9.11225e-08
2.03849e-07
2.80056e-07
2.4069e-07
9.37613e-08
7.16157e-08
6.91277e-08
9.76544e-08
2.1013e-07
2.37918e-07
2.99542e-07
3.62416e-07
4.55802e-07
1.59366e-07
1.36307e-07
1.36614e-07
9.28083e-08
1.27188e-07
2.63028e-07
3.66509e-07
2.35687e-07
1.29058e-07
1.66182e-07
2.10153e-07
3.2563e-07
1.92938e-07
6.81541e-08
4.04546e-08
1.63705e-07
3.09005e-07
3.75918e-07
1.76713e-07
1.86142e-07
1.77118e-07
1.19193e-07
5.68847e-08
7.94254e-08
1.70542e-07
1.8787e-07
2.32934e-07
3.52434e-07
3.45674e-07
3.67342e-07
1.96575e-07
4.45985e-08
5.62709e-08
4.29336e-08
4.83968e-08
4.35287e-08
3.90797e-08
5.05105e-08
5.25871e-08
1.15365e-07
1.01653e-07
1.2341e-07
1.07826e-07
9.25769e-08
1.14024e-07
2.94221e-07
6.35198e-07
1.18265e-06
9.84261e-07
7.76135e-07
5.16052e-07
4.75648e-07
5.54276e-07
4.81622e-07
5.72007e-07
5.52385e-07
5.49817e-07
5.15642e-07
5.14447e-07
5.30825e-07
5.81042e-07
6.95459e-07
5.70643e-07
5.62246e-07
6.05814e-07
9.34744e-07
9.46315e-07
2.72303e-07
1.18436e-07
2.03183e-07
1.04378e-07
5.94614e-08
1.60856e-07
3.86069e-08
2.18078e-07
2.82446e-07
2.0202e-06
4.32342e-07
2.3894e-08
1.32539e-07
1.98363e-07
2.58908e-07
1.7645e-07
1.162e-07
1.15211e-07
1.162e-07
1.61738e-07
2.40463e-07
3.97954e-07
1.89229e-07
3.3501e-08
5.54385e-08
9.0969e-08
9.50586e-08
1.13272e-07
8.89348e-08
1.00305e-07
1.67554e-07
3.18332e-07
3.73927e-07
3.24338e-07
1.55636e-07
2.51219e-08
6.00463e-08
1.5679e-07
3.43909e-07
5.57888e-07
2.81579e-07
2.35903e-07
2.37327e-07
2.92279e-07
3.72502e-07
2.7172e-07
1.45331e-07
7.19231e-08
1.17854e-07
1.93856e-07
5.62994e-07
5.44394e-07
5.01306e-07
3.15074e-07
2.16861e-07
8.2034e-08
3.33237e-08
4.17836e-08
1.11812e-07
3.42038e-07
4.4662e-07
4.57904e-07
5.1396e-07
2.88579e-07
8.71426e-08
3.37726e-08
2.11785e-08
1.99777e-08
2.42568e-08
4.54922e-08
5.66931e-08
6.0111e-08
8.37268e-08
1.26117e-07
1.02871e-07
9.9912e-08
1.26236e-07
1.00859e-07
1.44685e-07
4.3688e-07
1.41081e-06
1.02091e-06
1.36056e-06
4.87364e-07
5.70158e-07
4.35577e-07
4.27853e-07
4.00522e-07
3.60602e-07
3.01388e-07
2.71053e-07
2.87833e-07
3.02463e-07
2.50039e-07
2.60303e-07
2.26652e-07
3.5935e-07
4.4373e-07
7.88491e-07
9.28631e-07
5.3577e-07
3.49745e-08
1.47077e-08
3.65239e-08
6.80316e-08
9.06616e-08
1.03714e-07
7.87824e-08
9.92551e-08
1.85925e-07
6.99328e-08
1.47682e-07
2.08858e-07
2.00993e-07
2.50861e-07
5.0776e-07
2.83395e-07
2.37215e-07
1.98445e-07
2.23793e-07
2.93383e-07
4.07769e-07
2.32544e-07
2.20372e-07
2.20682e-07
1.62102e-07
2.37308e-07
2.77049e-07
2.7754e-07
2.3935e-07
2.97581e-08
1.53183e-07
3.51752e-07
3.78589e-07
5.14636e-08
4.56391e-08
8.74233e-08
1.55713e-07
5.36592e-07
1.00207e-06
8.22602e-07
4.21778e-07
3.19307e-07
3.14949e-07
4.89285e-07
3.27162e-07
1.62825e-07
5.79486e-08
7.73645e-08
1.04226e-07
1.3135e-07
8.24798e-07
1.02713e-06
8.54234e-07
8.12595e-07
1.65515e-07
3.28497e-08
2.86626e-08
5.82079e-08
2.17792e-07
7.05862e-07
6.25953e-07
7.63688e-07
3.49466e-07
9.6448e-08
5.54207e-08
3.03853e-08
2.96302e-08
3.24895e-08
4.51077e-08
5.62034e-08
6.5426e-08
9.5198e-08
1.13468e-07
1.37406e-07
1.4877e-07
1.40132e-07
1.08159e-07
1.60824e-08
3.23713e-07
1.3134e-06
1.54202e-06
1.41306e-06
3.92101e-07
3.00481e-07
1.98811e-07
2.03818e-07
1.71523e-07
1.25735e-07
1.03841e-07
1.0384e-07
1.3719e-07
1.71274e-07
2.23167e-07
2.90842e-07
2.23411e-07
3.4573e-07
3.02067e-07
5.96979e-07
1.01222e-06
7.27267e-07
1.98373e-07
3.84526e-08
6.81676e-08
5.22106e-08
5.56768e-08
5.42872e-08
3.47097e-08
3.42297e-08
1.66943e-06
5.12647e-07
1.836e-07
2.3217e-07
2.37736e-07
1.79921e-07
6.0669e-08
1.36255e-07
1.01588e-07
2.01061e-07
2.46357e-07
2.1887e-07
2.03851e-07
2.40596e-07
2.2321e-07
5.10917e-08
5.24223e-08
1.26239e-07
1.15833e-07
1.24553e-07
2.52473e-07
1.44333e-07
2.23704e-07
3.35548e-07
4.44976e-07
7.95858e-08
8.00114e-08
4.75547e-08
7.99092e-08
1.66919e-07
8.11136e-07
2.01012e-06
1.24432e-06
7.86274e-07
4.68062e-07
5.81869e-07
3.96295e-07
1.44722e-07
5.08039e-08
5.68e-08
5.75034e-08
8.14764e-08
1.14858e-07
7.63209e-07
1.44883e-06
1.56022e-06
8.46828e-07
2.72293e-08
1.43842e-08
2.73838e-08
1.17393e-07
5.61334e-07
9.15917e-07
9.57569e-07
4.54689e-07
9.90758e-08
3.74798e-08
1.79018e-08
2.0214e-08
2.76608e-08
4.16666e-08
5.09717e-08
6.21084e-08
1.14637e-07
1.6884e-07
1.71985e-07
1.96753e-07
2.52587e-07
1.99443e-07
1.48455e-08
2.59049e-07
8.36426e-07
1.65428e-06
1.14868e-06
4.62661e-07
2.50831e-07
1.62914e-07
1.29559e-07
8.91819e-08
6.85313e-08
4.6292e-08
4.14997e-08
6.02021e-08
1.49672e-07
2.61053e-07
3.63431e-07
2.8966e-07
2.59563e-07
2.85232e-07
4.96951e-07
7.26262e-07
7.54958e-07
7.52882e-08
1.24713e-07
1.29249e-07
1.02896e-07
5.10149e-08
5.59481e-08
3.73864e-08
4.1962e-08
1.49636e-07
6.18949e-08
5.79376e-08
1.5826e-07
1.91433e-07
2.43667e-07
1.76044e-07
1.24189e-07
2.50076e-07
2.35771e-07
2.59874e-07
3.97406e-07
5.49395e-07
3.12955e-07
2.65531e-07
3.14109e-07
1.67867e-07
1.83816e-07
3.02297e-07
4.5086e-07
6.2438e-07
4.49958e-07
5.61671e-07
5.39552e-07
5.11774e-07
1.48057e-07
1.02823e-07
3.17099e-08
4.91401e-08
8.54375e-08
2.08203e-07
5.39544e-07
1.85011e-06
1.96296e-06
1.29918e-06
1.16014e-06
6.48166e-07
2.52593e-07
6.48093e-08
5.71998e-08
6.61422e-08
8.57676e-08
6.73394e-08
1.26659e-07
8.58544e-07
1.57859e-06
1.10698e-06
7.57386e-07
2.03419e-07
7.38619e-08
7.36828e-08
3.50303e-07
1.06509e-06
1.15368e-06
6.20582e-07
2.03499e-07
6.52024e-08
4.27688e-08
3.29021e-08
3.23748e-08
3.82639e-08
4.62403e-08
8.18606e-08
2.12666e-07
3.46243e-07
4.32283e-07
4.51972e-07
3.5672e-07
3.40931e-07
2.80273e-07
3.44291e-07
6.55236e-07
1.59532e-06
1.35998e-06
6.65448e-07
1.65562e-07
1.05822e-07
9.64262e-08
1.01388e-07
8.58196e-08
7.82142e-08
9.33917e-08
1.82467e-07
4.19644e-07
6.19715e-07
5.43545e-07
5.93957e-07
3.56616e-07
2.79131e-07
3.35783e-07
6.67567e-07
5.71503e-07
6.20358e-07
3.42875e-07
2.28263e-07
1.53939e-07
9.72507e-08
4.94436e-08
2.28393e-08
4.85202e-08
4.62502e-07
2.57215e-07
3.20722e-07
3.44543e-07
1.6443e-07
1.6593e-07
4.77633e-07
5.72781e-07
4.79541e-07
5.12801e-07
7.80625e-08
1.76026e-07
2.83664e-07
1.72336e-07
8.25354e-08
4.31955e-08
3.50124e-08
5.31377e-08
7.31017e-08
3.85958e-07
1.40411e-06
7.58352e-07
6.43196e-07
5.08943e-07
4.90624e-07
3.22834e-07
1.1117e-07
2.26604e-08
4.60632e-08
7.07696e-08
8.28742e-08
1.5685e-07
1.04929e-06
1.85459e-06
2.30303e-06
2.76231e-06
1.38374e-06
3.2802e-07
1.10558e-07
8.80311e-08
7.80103e-08
6.15128e-08
6.11494e-08
5.82743e-08
3.6374e-07
7.65389e-07
1.24239e-06
1.20604e-06
1.03609e-06
4.17907e-07
2.15629e-07
4.18551e-07
1.05928e-06
1.29076e-06
9.74281e-07
2.09828e-07
6.72759e-08
3.81055e-08
2.77034e-08
3.01685e-08
4.52178e-08
9.10645e-08
1.82399e-07
3.65965e-07
4.17082e-07
4.32357e-07
4.47988e-07
3.73869e-07
4.53688e-07
3.60599e-07
3.7513e-07
6.01241e-07
1.70933e-06
1.53705e-06
7.83672e-07
1.54424e-07
8.11491e-08
6.63338e-08
6.60652e-08
8.14239e-08
1.25227e-07
1.86076e-07
4.30593e-07
5.8327e-07
7.16048e-07
7.25573e-07
5.1268e-07
3.98391e-07
3.15448e-07
3.79957e-07
4.10251e-07
3.9764e-07
2.76865e-07
1.76778e-07
1.26783e-07
5.6436e-08
5.73406e-08
1.00185e-07
9.53787e-08
1.94629e-07
8.01991e-07
6.06468e-07
6.14389e-07
3.52646e-07
2.19045e-07
2.28144e-07
5.01328e-07
5.01106e-07
8.40082e-07
2.05751e-06
2.82468e-06
4.65391e-07
6.57588e-07
5.22977e-07
4.93673e-07
3.24215e-07
2.59112e-07
2.70287e-07
2.34778e-07
2.06451e-07
6.82991e-07
2.41718e-06
1.55094e-06
1.22631e-06
6.82172e-07
4.27373e-07
2.89427e-07
1.05866e-07
6.79194e-08
8.12248e-08
8.22032e-08
2.03981e-07
6.58857e-07
7.59175e-07
2.22943e-06
1.72559e-06
1.93408e-06
3.2304e-07
1.58282e-07
1.07113e-07
1.06583e-07
9.27114e-08
1.11856e-07
1.96275e-07
3.23398e-07
4.22659e-07
5.97868e-07
5.54073e-07
9.34021e-07
5.9406e-07
4.25495e-07
5.75308e-07
1.16718e-06
1.51104e-06
9.17311e-07
2.38415e-07
7.08059e-08
4.61747e-08
2.98669e-08
3.53265e-08
7.09917e-08
1.67909e-07
3.60419e-07
4.56054e-07
4.86486e-07
5.60906e-07
5.28458e-07
4.47183e-07
4.18674e-07
3.77456e-07
4.02346e-07
6.23053e-07
1.69264e-06
1.59938e-06
1.01574e-06
1.72029e-07
8.85991e-08
6.61614e-08
6.01524e-08
7.53781e-08
1.25096e-07
3.85624e-07
6.69771e-07
7.89576e-07
8.45701e-07
7.50025e-07
5.61264e-07
5.77552e-07
3.46771e-07
3.84484e-07
4.5087e-07
4.24432e-07
1.90839e-07
1.89781e-07
1.92966e-07
2.27964e-07
2.69916e-07
3.30033e-07
3.48654e-07
4.29939e-07
1.50293e-06
1.40209e-06
9.7071e-07
6.00255e-07
5.89644e-07
7.95066e-07
8.31181e-07
6.77162e-07
8.88245e-07
1.12605e-06
1.39553e-06
1.31075e-06
1.49847e-06
1.23681e-06
8.30419e-07
6.57802e-07
5.77878e-07
5.31728e-07
4.49957e-07
5.11073e-07
4.66726e-07
1.05872e-06
8.66266e-07
1.61622e-06
1.25922e-06
1.01248e-06
5.34039e-07
1.64357e-07
8.1357e-08
9.5438e-08
1.32391e-07
2.04465e-07
2.74698e-07
2.70343e-07
1.17972e-06
2.70696e-06
1.72086e-06
4.73591e-07
2.01238e-07
1.5468e-07
1.26998e-07
1.86988e-07
3.91546e-07
6.0694e-07
7.67772e-07
8.06598e-07
4.81963e-07
2.2306e-07
3.11328e-07
4.11532e-07
3.42662e-07
6.19406e-07
1.27574e-06
1.66813e-06
1.15516e-06
2.31781e-07
7.92156e-08
5.36998e-08
4.41281e-08
6.37041e-08
1.73052e-07
3.01636e-07
3.37283e-07
3.91816e-07
4.95156e-07
5.19534e-07
8.69547e-07
9.48716e-07
8.44426e-07
6.03573e-07
4.31243e-07
7.62568e-07
1.90312e-06
1.70698e-06
1.12999e-06
1.70379e-07
8.12999e-08
5.95551e-08
6.07595e-08
1.06835e-07
3.31769e-07
7.17558e-07
7.32305e-07
8.01265e-07
8.89144e-07
8.65414e-07
6.27977e-07
6.98645e-07
4.42082e-07
4.06584e-07
4.71358e-07
4.96262e-07
2.7889e-07
4.39324e-07
4.56725e-07
5.14291e-07
5.65608e-07
5.92898e-07
6.61897e-07
7.32498e-07
3.57593e-07
2.13104e-07
2.47801e-07
3.7491e-07
4.78323e-07
4.3336e-07
3.24244e-07
3.53629e-07
4.76773e-07
4.57259e-07
9.01942e-07
1.452e-06
1.3538e-06
1.12985e-06
9.29109e-07
7.72991e-07
7.86026e-07
6.52457e-07
6.07025e-07
6.47363e-07
7.91481e-07
6.4159e-07
9.47216e-07
1.10352e-06
1.08825e-06
1.73456e-06
7.00578e-07
2.24666e-07
1.28408e-07
2.2442e-07
3.89931e-07
4.61235e-07
7.07328e-07
6.82643e-07
1.33142e-06
2.60843e-06
1.80118e-06
5.23122e-07
1.89492e-07
1.36857e-07
2.33762e-07
4.5056e-07
7.44166e-07
8.70492e-07
8.09381e-07
6.50855e-07
3.83384e-07
1.11678e-07
8.72923e-08
3.45414e-07
1.01999e-07
5.9653e-07
1.41927e-06
1.64308e-06
1.32774e-06
2.36889e-07
9.85202e-08
7.26859e-08
6.11219e-08
1.26751e-07
2.70103e-07
2.90193e-07
2.4018e-07
4.06864e-07
5.87037e-07
6.25412e-07
5.99747e-07
8.1879e-07
1.1108e-06
6.85102e-07
5.65181e-07
9.95276e-07
2.06614e-06
1.83976e-06
9.06162e-07
1.54458e-07
8.82411e-08
6.5344e-08
8.19502e-08
1.85222e-07
5.65278e-07
7.83532e-07
7.79609e-07
9.22218e-07
9.21134e-07
1.00083e-06
7.90286e-07
8.44502e-07
7.41339e-07
5.39751e-07
6.92906e-07
5.20914e-07
4.19939e-07
4.87797e-07
6.80766e-07
7.11607e-07
7.35885e-07
7.73297e-07
8.12176e-07
8.20854e-07
7.59647e-08
2.43023e-08
5.0388e-08
2.2621e-07
2.38759e-07
1.63681e-07
1.2341e-07
1.73668e-07
2.93633e-07
3.64081e-07
6.01105e-07
4.17338e-07
6.76255e-07
5.76487e-07
5.83859e-07
5.74555e-07
5.6094e-07
4.56228e-07
4.48649e-07
6.90775e-07
5.65206e-07
7.69504e-07
1.42759e-06
1.73811e-06
1.6388e-06
1.25412e-06
6.39476e-07
3.08594e-07
2.81749e-07
4.77904e-07
9.83634e-07
8.56331e-07
1.0045e-06
1.09197e-06
1.32453e-06
2.11466e-06
1.50994e-06
4.20476e-07
1.63063e-07
2.283e-07
4.23169e-07
7.31353e-07
7.73008e-07
7.96572e-07
6.9998e-07
3.94723e-07
4.87519e-07
1.93352e-07
3.63842e-07
3.89608e-07
2.37538e-07
5.823e-07
1.42066e-06
1.60232e-06
1.28624e-06
2.35155e-07
1.07112e-07
8.47774e-08
7.18655e-08
1.42809e-07
1.75683e-07
1.71169e-07
1.65005e-07
3.63727e-07
7.5196e-07
4.99902e-07
7.99125e-07
1.0013e-06
8.18086e-07
1.02813e-06
8.50871e-07
1.39425e-06
2.35464e-06
1.95474e-06
6.7131e-07
1.69868e-07
8.48554e-08
5.97931e-08
1.00578e-07
2.60119e-07
6.37176e-07
6.68845e-07
7.80716e-07
8.82885e-07
1.00683e-06
1.16496e-06
1.00213e-06
8.9805e-07
8.91182e-07
6.75242e-07
7.33116e-07
6.25365e-07
5.60882e-07
5.8409e-07
8.47218e-07
8.76152e-07
8.74567e-07
8.89143e-07
9.09659e-07
9.21627e-07
3.46696e-07
5.6246e-07
4.02804e-07
2.58522e-07
1.79169e-07
8.94655e-08
8.56654e-08
1.30631e-07
2.09511e-07
2.46807e-07
2.68569e-07
2.82107e-07
1.95794e-07
2.0698e-07
2.41793e-07
3.24406e-07
2.98648e-07
3.03194e-07
3.49253e-07
5.90603e-07
7.15674e-07
1.02956e-06
1.07112e-06
1.40253e-06
1.17499e-06
9.71256e-07
7.40965e-07
4.53963e-07
3.56885e-07
6.24398e-07
9.98901e-07
1.16596e-06
1.1694e-06
1.16348e-06
1.79957e-06
2.25652e-06
1.34941e-06
4.09421e-07
2.86919e-07
4.30596e-07
6.25375e-07
7.13558e-07
4.43436e-07
3.67593e-07
4.78069e-07
6.07279e-07
6.93011e-07
8.84693e-07
8.65322e-07
5.02829e-07
3.37238e-07
4.72748e-07
1.37359e-06
1.80517e-06
1.20186e-06
2.32825e-07
1.22718e-07
9.67512e-08
9.31293e-08
1.1359e-07
1.30738e-07
1.43039e-07
1.96478e-07
4.9154e-07
4.32528e-07
8.11054e-07
1.10087e-06
1.25198e-06
1.24057e-06
1.09934e-06
1.11695e-06
1.91031e-06
2.33534e-06
1.57587e-06
4.36872e-07
1.49044e-07
6.80562e-08
5.93992e-08
1.16633e-07
3.28046e-07
5.86379e-07
5.98388e-07
7.6766e-07
9.15096e-07
1.14313e-06
1.29716e-06
1.23599e-06
1.04831e-06
1.15269e-06
8.49408e-07
8.63543e-07
7.89377e-07
7.23453e-07
6.85547e-07
7.54917e-07
9.24134e-07
9.41171e-07
9.43575e-07
9.13029e-07
8.9575e-07
7.72422e-08
6.23942e-09
1.16791e-08
6.64745e-08
6.6689e-08
5.61818e-08
2.55543e-08
6.8776e-08
1.15245e-07
1.83712e-07
1.98417e-07
1.28853e-07
5.89119e-08
1.21752e-07
1.61005e-07
1.61361e-07
1.83603e-07
2.29214e-07
3.6823e-07
4.79716e-07
6.31269e-07
7.00933e-07
9.04738e-07
8.56276e-07
9.11895e-07
7.10154e-07
4.60036e-07
2.27583e-07
4.48476e-07
7.57973e-07
7.90514e-07
1.34403e-06
1.40787e-06
1.49055e-06
2.10946e-06
1.48251e-06
8.04304e-07
3.7206e-07
3.86236e-07
3.9874e-07
4.10459e-07
2.92993e-07
2.4792e-07
3.23278e-07
6.13263e-07
1.1958e-06
9.03845e-07
1.29382e-06
1.0647e-06
4.67167e-07
4.40003e-07
5.23635e-07
1.43222e-06
1.63918e-06
1.013e-06
1.94814e-07
1.05604e-07
8.83432e-08
9.97589e-08
6.77522e-08
1.27792e-07
1.73383e-07
3.05999e-07
6.52303e-07
6.96414e-07
9.85122e-07
1.41664e-06
1.24372e-06
1.24085e-06
1.25014e-06
1.57985e-06
2.46849e-06
2.43359e-06
9.74711e-07
3.44257e-07
1.31946e-07
5.90976e-08
6.72358e-08
1.51471e-07
3.80551e-07
4.3807e-07
5.24795e-07
6.51042e-07
9.08162e-07
1.18917e-06
1.38457e-06
1.40233e-06
1.29568e-06
1.19212e-06
1.14349e-06
1.00636e-06
9.6979e-07
8.75395e-07
7.77103e-07
7.14985e-07
9.40379e-07
9.04925e-07
8.87605e-07
8.66098e-07
8.48366e-07
5.04767e-08
2.24642e-07
1.7033e-08
1.21037e-07
8.46916e-08
5.3329e-08
2.36101e-08
7.08554e-08
1.21209e-07
1.59244e-07
1.65276e-07
1.53261e-07
1.17165e-07
8.99326e-08
6.71995e-08
9.10477e-08
1.14033e-07
1.61247e-07
2.68463e-07
3.29213e-07
4.08383e-07
4.40469e-07
3.26742e-07
3.85234e-07
3.87453e-07
3.11084e-07
1.49302e-07
4.78403e-07
5.79437e-07
7.36457e-07
7.90485e-07
1.35149e-06
1.23509e-06
1.1423e-06
8.34217e-07
6.52075e-07
4.684e-07
3.96235e-07
3.85674e-07
2.47515e-07
2.32179e-07
2.78202e-07
3.2428e-07
4.03225e-07
8.02793e-07
5.07673e-07
1.28264e-06
1.25166e-06
1.0466e-06
6.74321e-07
6.90621e-07
7.12314e-07
1.51043e-06
1.55112e-06
8.89935e-07
1.81978e-07
1.1046e-07
9.61433e-08
1.02154e-07
8.02754e-08
1.27275e-07
2.68728e-07
5.0725e-07
9.53564e-07
8.81541e-07
1.10415e-06
1.36757e-06
1.48481e-06
1.45565e-06
1.50824e-06
1.99808e-06
2.63009e-06
1.53637e-06
5.82122e-07
2.78706e-07
1.1942e-07
6.37329e-08
9.32649e-08
2.12348e-07
3.67386e-07
3.68203e-07
4.56496e-07
6.11235e-07
8.57952e-07
1.17835e-06
1.47122e-06
1.54844e-06
1.44631e-06
1.42296e-06
1.26247e-06
1.18902e-06
1.14481e-06
9.18721e-07
7.50782e-07
6.45491e-07
6.89429e-07
7.32167e-07
7.43718e-07
7.06395e-07
6.6264e-07
6.60152e-08
1.24863e-08
5.74592e-09
2.5118e-08
4.40478e-08
5.59136e-08
6.01274e-08
7.90134e-08
1.04233e-07
1.3087e-07
1.32797e-07
1.09576e-07
7.34101e-08
6.41281e-08
5.94729e-08
7.27029e-08
9.54753e-08
1.42313e-07
2.30882e-07
2.76462e-07
3.10149e-07
2.63755e-07
2.24816e-07
7.33288e-08
2.50812e-07
3.53118e-07
6.15513e-07
5.96045e-07
5.69102e-07
6.54349e-07
8.29911e-07
1.00731e-06
1.01523e-06
7.46197e-07
4.02259e-07
3.93603e-07
3.68681e-07
4.11928e-07
2.6229e-07
2.33954e-07
3.8464e-07
3.19833e-07
2.84708e-07
3.93597e-07
8.27678e-07
1.08268e-06
9.63446e-07
1.44105e-06
1.16353e-06
8.19588e-07
8.44658e-07
9.1668e-07
1.63242e-06
1.43898e-06
6.08761e-07
1.71392e-07
1.05108e-07
9.2988e-08
1.32584e-07
1.18544e-07
2.01959e-07
3.645e-07
7.17532e-07
8.72376e-07
1.11273e-06
1.25898e-06
1.37561e-06
1.49029e-06
1.52324e-06
1.819e-06
2.39849e-06
2.04715e-06
7.483e-07
4.60282e-07
2.67407e-07
1.10905e-07
7.82755e-08
1.42701e-07
2.84936e-07
3.91132e-07
3.52111e-07
4.36035e-07
5.62412e-07
7.39155e-07
1.08643e-06
1.43665e-06
1.54437e-06
1.5487e-06
1.54099e-06
1.31592e-06
1.30322e-06
1.11677e-06
8.88631e-07
6.63833e-07
5.75822e-07
5.96094e-07
6.00495e-07
5.6299e-07
5.66751e-07
5.95657e-07
1.06725e-07
6.56202e-08
5.723e-08
8.00833e-08
9.0371e-08
9.04957e-08
9.78606e-08
1.27383e-07
1.36599e-07
1.41031e-07
1.21501e-07
9.28887e-08
5.25277e-08
3.57223e-08
5.94533e-08
8.54374e-08
1.02513e-07
1.00726e-07
1.8151e-07
2.19194e-07
2.2848e-07
1.88555e-07
1.7751e-07
2.1678e-07
2.74339e-07
3.53576e-07
4.96229e-07
5.1936e-07
5.28191e-07
5.88085e-07
5.27064e-07
7.31322e-07
8.63713e-07
7.51657e-07
3.5099e-07
3.63533e-07
4.51382e-07
3.35928e-07
2.38671e-07
4.44969e-07
4.21244e-07
3.21066e-07
3.26246e-07
4.11734e-07
7.92009e-07
9.3867e-07
9.14751e-07
1.18552e-06
1.04461e-06
1.12644e-06
1.1997e-06
1.47222e-06
1.75195e-06
9.80022e-07
4.42848e-07
1.63406e-07
1.04095e-07
1.24088e-07
1.11303e-07
1.22771e-07
2.51989e-07
4.56457e-07
7.44921e-07
1.02703e-06
1.33398e-06
1.31482e-06
1.46056e-06
1.41727e-06
1.57504e-06
1.98438e-06
1.95502e-06
1.14547e-06
5.113e-07
4.14395e-07
2.46702e-07
1.14023e-07
1.16718e-07
2.26445e-07
3.54463e-07
3.77813e-07
3.56983e-07
3.69432e-07
5.52998e-07
6.50434e-07
9.6528e-07
1.19531e-06
1.59828e-06
1.40258e-06
1.43384e-06
1.42064e-06
1.24126e-06
1.03373e-06
7.48191e-07
5.33313e-07
4.60811e-07
4.36556e-07
4.80778e-07
4.69504e-07
5.20267e-07
5.50957e-07
5.85839e-08
1.86592e-08
5.25382e-08
1.18254e-07
1.80511e-07
2.10554e-07
2.14873e-07
2.07524e-07
1.94363e-07
1.75951e-07
1.41523e-07
1.07514e-07
7.59761e-08
9.4596e-08
1.13503e-07
1.39063e-07
1.52849e-07
1.94029e-07
2.21756e-07
2.33259e-07
2.13084e-07
1.72594e-07
1.60409e-07
1.75302e-07
3.34354e-07
4.76771e-07
4.72243e-07
4.95323e-07
4.99169e-07
4.90354e-07
4.35189e-07
6.79025e-07
6.32622e-07
6.73801e-07
4.56623e-07
4.52244e-07
3.59768e-07
1.89088e-07
5.0895e-07
5.87604e-07
4.54516e-07
3.66448e-07
3.26353e-07
4.13424e-07
7.38018e-07
1.07858e-06
1.28694e-06
8.51232e-07
1.03117e-06
1.37656e-06
1.44159e-06
1.87169e-06
1.46551e-06
8.26256e-07
3.67376e-07
1.58652e-07
1.16672e-07
1.24074e-07
1.47075e-07
2.90673e-07
3.61791e-07
4.40553e-07
6.07447e-07
1.16904e-06
1.07267e-06
1.62701e-06
1.29075e-06
1.43678e-06
1.56536e-06
1.62662e-06
1.21113e-06
6.41944e-07
4.22438e-07
3.76725e-07
2.25887e-07
1.22905e-07
1.67547e-07
3.03e-07
3.72196e-07
3.61695e-07
3.59221e-07
3.86024e-07
4.56734e-07
6.54913e-07
8.49019e-07
1.22391e-06
1.44699e-06
1.53603e-06
1.3835e-06
1.28014e-06
1.10715e-06
8.66357e-07
6.14426e-07
4.64408e-07
4.00318e-07
4.21109e-07
4.71618e-07
4.36812e-07
5.36461e-07
5.72538e-07
6.8941e-07
9.13445e-08
3.36103e-07
4.34127e-07
4.18793e-07
3.98271e-07
3.76867e-07
3.09606e-07
2.7888e-07
2.49707e-07
2.18642e-07
1.86421e-07
1.60135e-07
1.64536e-07
1.76233e-07
1.88049e-07
1.671e-07
2.326e-07
2.55799e-07
2.50347e-07
1.97641e-07
1.51773e-07
1.33072e-07
1.09184e-07
1.4944e-07
2.6547e-07
3.73225e-07
4.30828e-07
5.07845e-07
4.29928e-07
3.7085e-07
3.78981e-07
3.62509e-07
9.13651e-08
2.41334e-07
1.57331e-07
3.02872e-07
5.54713e-07
5.9253e-07
5.54817e-07
4.44613e-07
3.76823e-07
3.57261e-07
4.56083e-07
7.517e-07
1.13789e-06
9.79971e-07
1.34631e-06
1.00074e-06
1.11197e-06
1.29883e-06
1.59181e-06
9.15974e-07
5.31305e-07
3.42343e-07
1.44034e-07
1.10913e-07
1.39037e-07
2.1456e-07
3.28441e-07
4.40637e-07
5.02922e-07
7.2419e-07
9.95591e-07
1.38969e-06
1.63056e-06
1.44282e-06
1.40176e-06
1.41466e-06
1.05026e-06
7.47231e-07
4.03046e-07
3.80134e-07
3.05166e-07
1.89474e-07
1.41891e-07
2.4176e-07
3.51424e-07
3.68239e-07
3.63947e-07
3.82918e-07
4.03943e-07
4.70956e-07
6.2675e-07
7.67736e-07
1.01443e-06
1.19694e-06
1.28164e-06
1.14163e-06
1.05217e-06
9.12574e-07
6.76397e-07
4.99491e-07
4.0558e-07
4.18316e-07
4.46622e-07
4.83376e-07
4.65926e-07
5.2192e-07
5.00662e-07
3.62331e-07
5.68891e-07
6.8704e-07
6.54757e-07
5.77725e-07
5.19363e-07
4.59905e-07
4.2495e-07
3.98392e-07
3.85801e-07
3.41343e-07
2.93355e-07
2.67975e-07
2.76335e-07
2.90722e-07
3.21795e-07
3.51662e-07
3.79564e-07
3.67978e-07
3.16527e-07
2.37464e-07
1.72052e-07
1.11026e-07
5.80009e-08
1.05816e-07
2.28603e-07
3.0241e-07
3.6543e-07
4.40754e-07
4.58861e-07
3.38279e-07
2.94447e-07
2.58159e-07
1.00784e-07
3.40906e-07
5.45749e-07
5.8005e-07
7.86075e-07
6.76294e-07
6.12997e-07
4.97713e-07
4.42964e-07
4.1306e-07
4.84351e-07
6.27544e-07
9.58549e-07
1.64214e-06
1.49715e-06
1.05691e-06
8.72005e-07
7.99926e-07
7.39442e-07
5.07175e-07
4.72175e-07
2.61833e-07
1.54558e-07
1.0264e-07
2.39783e-07
3.65413e-07
4.25372e-07
4.78071e-07
5.14191e-07
7.35586e-07
9.97867e-07
1.3067e-06
1.79162e-06
1.38969e-06
1.31944e-06
1.02709e-06
8.41202e-07
5.19024e-07
3.81231e-07
3.09333e-07
3.06e-07
1.80587e-07
2.1576e-07
3.41924e-07
3.91137e-07
3.78062e-07
3.77371e-07
4.00127e-07
4.24242e-07
5.21502e-07
5.87104e-07
7.6673e-07
9.61011e-07
1.2345e-06
1.04287e-06
1.0436e-06
8.36817e-07
7.01229e-07
5.23855e-07
4.27367e-07
4.45118e-07
5.34214e-07
5.17128e-07
5.32771e-07
5.24035e-07
4.85621e-07
4.81016e-07
1.74224e-08
2.13237e-07
2.63785e-07
5.13247e-07
6.03637e-07
6.10413e-07
5.82921e-07
5.60797e-07
5.3249e-07
4.86382e-07
4.32243e-07
3.81342e-07
3.55642e-07
3.60949e-07
3.81592e-07
4.01456e-07
4.09711e-07
4.09852e-07
3.76813e-07
3.12575e-07
2.42841e-07
1.81672e-07
9.81935e-08
2.17801e-08
4.82491e-08
1.52417e-07
2.46568e-07
2.75306e-07
3.45736e-07
3.49561e-07
3.02711e-07
2.42967e-07
2.29106e-07
3.31633e-07
4.41356e-07
6.36776e-07
7.54224e-07
7.52869e-07
6.432e-07
5.76892e-07
4.97401e-07
4.61509e-07
4.57647e-07
5.23714e-07
6.00588e-07
1.22355e-06
1.79337e-06
1.36539e-06
9.58984e-07
5.7732e-07
4.09959e-07
3.78884e-07
3.07254e-07
3.56279e-07
2.21342e-07
1.72125e-07
2.43839e-07
4.60502e-07
5.3712e-07
4.60822e-07
5.68154e-07
5.03546e-07
7.13045e-07
9.92729e-07
1.32727e-06
1.85396e-06
1.34435e-06
1.1854e-06
9.20706e-07
7.01025e-07
5.10801e-07
3.30164e-07
2.8476e-07
2.57359e-07
2.05129e-07
3.2247e-07
4.02311e-07
4.1048e-07
3.95354e-07
4.1072e-07
4.22787e-07
4.57024e-07
4.9235e-07
5.89759e-07
7.08549e-07
8.7484e-07
1.06817e-06
9.32511e-07
7.54633e-07
5.94738e-07
5.07873e-07
3.92803e-07
4.66528e-07
5.42701e-07
5.88978e-07
5.45403e-07
5.43912e-07
5.25957e-07
4.4987e-07
4.43175e-07
2.99396e-08
5.4417e-08
4.50188e-08
9.11018e-08
7.86902e-08
8.92006e-08
1.05607e-07
1.27106e-07
1.43166e-07
1.58062e-07
1.85657e-07
1.97321e-07
2.20376e-07
2.53398e-07
2.95744e-07
3.42648e-07
3.65846e-07
3.74842e-07
3.41341e-07
3.01542e-07
2.5004e-07
1.72158e-07
8.42569e-08
1.58207e-08
6.07532e-08
1.3917e-07
1.98639e-07
2.42936e-07
2.82633e-07
2.75002e-07
2.35413e-07
2.13096e-07
2.03032e-07
2.37862e-07
3.63074e-07
6.15313e-07
6.71887e-07
7.2413e-07
6.65168e-07
6.24294e-07
5.43128e-07
4.91773e-07
4.66515e-07
5.10695e-07
5.53644e-07
7.43418e-07
1.39914e-06
1.12234e-06
8.12688e-07
5.57747e-07
3.13346e-07
2.6845e-07
2.39716e-07
2.70811e-07
2.08484e-07
3.54609e-07
5.89444e-07
6.86855e-07
5.66538e-07
5.10636e-07
5.25713e-07
6.21415e-07
7.78534e-07
9.44094e-07
1.25301e-06
1.32499e-06
1.30202e-06
1.05356e-06
8.19216e-07
6.2917e-07
4.44001e-07
3.09415e-07
2.90471e-07
2.39306e-07
3.07148e-07
4.24479e-07
4.34017e-07
4.15414e-07
4.35742e-07
4.43295e-07
4.75238e-07
4.92546e-07
5.14323e-07
5.39278e-07
6.30382e-07
7.53286e-07
1.04331e-06
7.23119e-07
5.74678e-07
4.54842e-07
3.69358e-07
4.51529e-07
5.49457e-07
6.1421e-07
5.9772e-07
5.45712e-07
5.04146e-07
5.09276e-07
4.56318e-07
4.4084e-07
7.45691e-08
3.86361e-08
7.90352e-08
1.11772e-07
1.35174e-07
1.65023e-07
1.84341e-07
1.75393e-07
1.70747e-07
1.60207e-07
1.69432e-07
1.35868e-07
1.2958e-07
1.39664e-07
1.57179e-07
1.7357e-07
1.84442e-07
1.95555e-07
1.90917e-07
1.92683e-07
1.64977e-07
1.2356e-07
6.06478e-08
2.94661e-08
6.81909e-08
1.22903e-07
1.69942e-07
1.69176e-07
2.23108e-07
2.30605e-07
2.15855e-07
1.98421e-07
1.86738e-07
1.82495e-07
2.5324e-07
4.3209e-07
4.70369e-07
5.50365e-07
5.47034e-07
5.5738e-07
5.29105e-07
5.3283e-07
4.99424e-07
5.34667e-07
5.95554e-07
5.94878e-07
9.40738e-07
9.59829e-07
9.57387e-07
6.8222e-07
4.8812e-07
3.49725e-07
3.50877e-07
2.49695e-07
3.40442e-07
7.47621e-07
8.57736e-07
7.93018e-07
6.5259e-07
5.89615e-07
6.32107e-07
5.87642e-07
6.42802e-07
8.64542e-07
1.08487e-06
1.38863e-06
1.22924e-06
9.02638e-07
7.23841e-07
5.11666e-07
4.16968e-07
3.20384e-07
3.13875e-07
3.32295e-07
4.19761e-07
4.98389e-07
4.63626e-07
4.87928e-07
5.04499e-07
5.37806e-07
5.46653e-07
5.35736e-07
5.17873e-07
5.22771e-07
5.48481e-07
6.01725e-07
6.08734e-07
4.79211e-07
3.28501e-07
2.52684e-07
2.77474e-07
5.58005e-07
6.32642e-07
6.11181e-07
5.86136e-07
5.16857e-07
4.99842e-07
4.42821e-07
4.4234e-07
4.6759e-07
2.18281e-09
1.60883e-07
1.40482e-07
1.71561e-07
2.13918e-07
2.08609e-07
1.99664e-07
1.8207e-07
1.64159e-07
1.38269e-07
1.21226e-07
8.51302e-08
5.01074e-08
6.64624e-08
5.04888e-08
5.30722e-08
5.70989e-08
7.15332e-08
7.51252e-08
4.45634e-08
4.82946e-08
5.64232e-08
3.09614e-08
2.44739e-08
6.03928e-08
1.0552e-07
1.44087e-07
1.71342e-07
2.051e-07
2.24137e-07
2.17137e-07
1.97597e-07
1.62017e-07
1.52287e-07
2.26224e-07
3.51862e-07
3.82591e-07
4.1187e-07
4.06478e-07
4.2915e-07
4.75212e-07
5.28176e-07
5.5892e-07
5.90627e-07
6.47725e-07
6.48412e-07
6.33686e-07
3.30948e-07
5.63954e-07
5.95127e-07
5.39914e-07
4.39099e-07
4.91527e-07
4.99806e-07
8.61943e-07
9.97472e-07
1.01951e-06
8.64451e-07
7.3052e-07
6.89944e-07
6.65184e-07
7.54508e-07
6.69659e-07
7.38774e-07
8.82522e-07
1.07795e-06
9.43953e-07
9.02419e-07
7.77821e-07
6.06867e-07
4.66245e-07
4.07693e-07
3.14901e-07
4.52159e-07
5.61222e-07
5.33506e-07
5.63435e-07
6.04162e-07
6.39973e-07
6.64991e-07
6.4493e-07
6.08597e-07
5.54706e-07
5.18689e-07
5.15259e-07
5.2946e-07
4.7809e-07
3.56143e-07
7.33646e-08
2.05206e-07
4.8418e-07
6.06971e-07
6.56179e-07
6.28482e-07
5.83375e-07
5.18107e-07
4.43521e-07
3.67128e-07
4.35613e-07
4.46766e-07
2.26197e-07
2.31713e-07
2.13702e-07
2.25483e-07
2.21975e-07
1.98886e-07
1.52299e-07
1.10022e-07
1.25439e-07
1.0091e-07
8.01823e-08
6.79028e-08
3.59511e-08
2.87434e-08
3.49653e-08
1.70929e-08
2.29714e-09
3.82709e-09
9.25723e-09
2.50833e-08
2.85835e-08
2.36709e-08
7.46489e-09
1.04331e-08
2.90335e-08
4.87927e-08
9.22994e-08
1.39595e-07
1.98382e-07
2.31369e-07
2.21252e-07
1.73963e-07
1.14782e-07
1.23266e-07
2.21937e-07
2.79209e-07
2.74632e-07
2.72857e-07
2.7776e-07
2.99422e-07
3.62411e-07
4.5826e-07
5.27655e-07
6.18381e-07
6.7138e-07
5.93432e-07
4.73083e-07
6.50456e-07
1.91937e-07
1.51818e-07
2.19968e-07
3.37388e-07
5.65565e-07
8.74639e-07
1.1758e-06
1.16052e-06
1.03057e-06
9.49862e-07
8.77061e-07
8.4905e-07
7.94747e-07
6.53207e-07
7.24738e-07
6.40102e-07
7.24575e-07
7.72354e-07
7.94286e-07
7.27171e-07
6.15468e-07
4.89174e-07
3.95722e-07
3.70884e-07
4.65288e-07
6.06167e-07
6.7779e-07
7.06649e-07
7.9486e-07
8.38243e-07
8.64114e-07
8.34935e-07
7.63084e-07
6.70847e-07
5.76154e-07
5.28966e-07
5.04373e-07
4.91555e-07
4.27548e-07
2.82724e-07
9.71698e-08
2.64774e-07
4.9787e-07
6.72172e-07
7.11961e-07
6.72137e-07
6.11886e-07
5.58306e-07
4.70333e-07
4.60817e-07
4.48579e-07
4.7044e-07
2.49234e-07
2.05233e-07
7.29011e-08
2.17712e-07
2.01746e-07
1.66506e-07
1.26766e-07
9.99801e-08
6.92787e-08
5.5575e-08
4.44469e-08
5.22462e-09
9.1728e-09
7.73397e-09
2.95336e-09
7.31787e-09
3.15308e-09
1.43837e-09
3.81873e-09
1.08776e-08
1.77717e-08
8.58588e-09
1.18825e-08
4.23767e-09
9.29009e-09
2.50274e-08
6.21441e-08
1.14772e-07
1.79176e-07
2.03904e-07
1.78373e-07
1.22087e-07
2.92722e-08
1.23007e-07
2.06393e-07
2.37269e-07
2.28273e-07
2.05965e-07
2.0402e-07
2.56886e-07
3.18939e-07
4.15404e-07
4.98737e-07
5.93241e-07
6.43531e-07
5.85372e-07
5.59705e-07
4.33131e-07
3.82178e-07
2.62085e-07
3.1332e-07
4.69219e-07
8.05144e-07
1.29937e-06
1.27827e-06
1.15308e-06
1.02868e-06
1.02266e-06
9.85418e-07
9.93925e-07
9.81798e-07
8.5177e-07
7.73541e-07
6.56374e-07
6.01577e-07
5.45254e-07
4.52601e-07
3.26344e-07
1.05248e-07
8.20258e-08
2.8791e-07
4.46305e-07
7.15835e-07
8.82288e-07
9.77302e-07
1.0414e-06
1.09578e-06
1.12422e-06
1.0916e-06
9.61064e-07
8.13098e-07
6.84272e-07
6.03707e-07
5.45308e-07
5.09763e-07
4.85252e-07
4.12765e-07
2.83617e-07
1.25925e-07
4.00311e-07
6.06293e-07
7.79783e-07
8.12296e-07
7.80927e-07
7.26476e-07
6.54757e-07
5.23207e-07
5.31785e-07
4.75834e-07
5.04423e-07
1.8546e-07
1.73291e-07
1.51854e-07
1.41821e-07
1.23122e-07
4.89425e-08
1.01934e-07
4.9355e-08
3.80381e-08
2.74597e-08
1.52079e-08
9.55157e-09
1.43976e-08
1.94826e-08
9.15462e-09
2.93371e-09
6.07624e-09
4.27388e-09
8.18456e-09
1.555e-08
2.04883e-08
1.436e-08
8.76802e-09
6.90135e-09
4.8628e-09
2.83174e-08
4.87265e-08
1.01861e-07
1.65447e-07
1.71592e-07
1.37099e-07
3.40238e-08
4.56078e-08
1.21578e-07
1.87986e-07
1.85073e-07
1.59046e-07
1.40075e-07
1.59591e-07
2.41114e-07
3.27311e-07
4.3419e-07
5.18078e-07
5.89385e-07
5.89033e-07
6.00331e-07
5.11477e-07
4.21014e-07
4.6254e-07
5.72534e-07
8.78979e-07
1.11958e-06
1.07695e-06
1.30262e-06
1.1604e-06
1.03402e-06
1.00425e-06
1.03134e-06
1.02665e-06
1.00605e-06
9.90578e-07
8.21281e-07
7.70591e-07
6.29331e-07
5.48717e-07
4.78957e-07
4.09038e-07
3.29517e-07
1.84151e-07
3.73011e-07
5.66634e-07
8.40925e-07
1.0889e-06
1.22557e-06
1.29654e-06
1.37072e-06
1.39639e-06
1.3323e-06
1.16432e-06
9.53555e-07
7.85359e-07
6.85747e-07
6.12715e-07
5.6335e-07
5.34411e-07
4.95049e-07
3.95795e-07
2.77611e-07
1.03992e-07
5.06352e-07
7.8073e-07
9.62543e-07
9.94053e-07
9.99775e-07
8.7719e-07
8.1061e-07
5.49766e-07
5.02841e-07
5.00258e-07
5.26021e-07
6.44999e-08
7.31686e-08
6.82873e-08
5.45378e-08
3.60599e-08
3.28148e-08
3.25655e-08
2.31161e-08
1.83887e-08
1.51239e-08
3.34773e-09
6.28787e-09
1.47072e-08
3.81238e-09
1.58421e-09
4.69982e-09
3.92342e-09
4.76788e-09
7.83848e-09
1.09976e-08
1.49021e-08
1.24818e-08
5.77074e-09
7.74446e-09
7.35058e-09
2.20984e-08
8.96944e-08
1.01708e-07
1.3643e-07
1.23287e-07
8.62485e-08
3.50769e-08
5.56328e-08
1.14603e-07
1.56505e-07
1.35752e-07
9.44841e-08
7.77943e-08
1.38802e-07
2.38707e-07
3.48846e-07
4.54555e-07
5.17915e-07
5.48489e-07
5.23269e-07
4.82019e-07
4.81056e-07
4.72419e-07
5.44174e-07
6.87114e-07
8.6742e-07
1.02932e-06
9.93537e-07
1.07069e-06
9.67105e-07
8.67504e-07
8.53126e-07
8.95233e-07
8.73513e-07
8.49122e-07
8.46381e-07
7.18183e-07
6.55132e-07
5.75628e-07
5.1497e-07
4.62872e-07
4.85152e-07
5.03463e-07
5.68495e-07
6.51454e-07
7.89495e-07
9.91173e-07
1.31816e-06
1.44479e-06
1.59059e-06
1.58439e-06
1.47354e-06
1.27646e-06
1.03121e-06
8.59058e-07
7.41136e-07
6.96219e-07
6.76052e-07
6.3223e-07
5.51193e-07
4.26935e-07
3.00383e-07
3.04811e-07
4.85981e-07
8.09562e-07
1.06254e-06
1.29385e-06
1.31642e-06
1.34147e-06
1.09489e-06
9.32669e-07
5.88353e-07
6.04989e-07
4.05835e-07
5.57779e-07
3.82882e-08
1.95339e-08
1.71441e-08
1.60338e-08
6.56021e-08
2.81658e-08
1.82606e-08
1.5975e-08
1.68583e-08
9.27551e-09
1.05667e-08
1.10518e-08
1.65392e-08
2.18873e-08
8.56685e-09
4.64152e-09
1.32599e-08
1.05711e-08
1.82378e-08
1.66837e-08
1.88368e-08
2.19901e-08
1.99019e-08
1.73331e-08
1.86459e-08
2.98065e-08
6.26153e-08
9.88542e-08
1.12533e-07
9.99903e-08
5.64001e-08
4.42966e-08
6.46017e-08
9.31237e-08
1.10691e-07
7.96046e-08
3.78529e-08
4.77118e-08
1.42719e-07
2.68942e-07
3.76517e-07
4.6051e-07
4.78682e-07
4.37878e-07
3.76267e-07
3.7904e-07
4.10288e-07
5.54587e-07
6.39429e-07
7.61404e-07
8.92542e-07
9.82702e-07
9.17483e-07
9.75727e-07
8.76336e-07
7.218e-07
6.95934e-07
6.68676e-07
6.02905e-07
5.50493e-07
4.92069e-07
4.22126e-07
4.19556e-07
4.16388e-07
4.10115e-07
4.22663e-07
4.34282e-07
4.44476e-07
5.12745e-07
6.37339e-07
9.47937e-07
1.21159e-06
1.43784e-06
1.49609e-06
1.48417e-06
1.36614e-06
1.19485e-06
1.04585e-06
8.84395e-07
7.8091e-07
7.58632e-07
8.03843e-07
7.69698e-07
6.46368e-07
4.81878e-07
3.26875e-07
2.69833e-07
4.37916e-07
7.34149e-07
9.76342e-07
1.18634e-06
1.43013e-06
1.39604e-06
1.36576e-06
1.14555e-06
9.0397e-07
5.66716e-07
4.57786e-07
1.74651e-07
3.85172e-08
1.42057e-08
1.34706e-08
3.56187e-08
1.28482e-08
3.2092e-08
1.42064e-08
1.71049e-08
1.49296e-08
5.15465e-09
1.20921e-08
3.9194e-09
1.38679e-08
1.86607e-08
1.40159e-09
2.47922e-09
6.10264e-09
5.83875e-09
1.29915e-08
1.59516e-08
1.5053e-08
1.74173e-08
1.96136e-08
1.30608e-08
1.38494e-08
2.01671e-08
3.50694e-08
6.49941e-08
9.4075e-08
1.06477e-07
9.20554e-08
6.01423e-08
5.74763e-08
6.06939e-08
6.80913e-08
6.85628e-08
4.02663e-08
8.37603e-09
7.33635e-08
1.92339e-07
3.28577e-07
4.07456e-07
4.2036e-07
3.63821e-07
2.57761e-07
2.10695e-07
2.9487e-07
4.55798e-07
6.00963e-07
7.55281e-07
8.35093e-07
9.39852e-07
1.02813e-06
9.31183e-07
9.60211e-07
8.61649e-07
6.79759e-07
5.97929e-07
5.00271e-07
3.74565e-07
3.47046e-07
3.47962e-07
3.44775e-07
3.71885e-07
4.2104e-07
4.85439e-07
5.0667e-07
4.73697e-07
3.58129e-07
3.32421e-07
4.92876e-07
7.49877e-07
9.88354e-07
1.11533e-06
1.04882e-06
9.94107e-07
8.97799e-07
8.58595e-07
7.87955e-07
7.71641e-07
7.98647e-07
9.33968e-07
9.82436e-07
8.44043e-07
6.77213e-07
3.60647e-07
1.83934e-07
2.18481e-07
2.42914e-07
5.44795e-07
8.54357e-07
1.10179e-06
1.27343e-06
1.22397e-06
1.15768e-06
8.92802e-07
6.63394e-07
4.54155e-07
3.17431e-07
1.87597e-07
5.98506e-08
1.08723e-08
1.45016e-08
1.12101e-08
9.02407e-09
1.54115e-08
6.16105e-09
4.72425e-09
1.52715e-08
1.44516e-08
6.44407e-09
8.81593e-09
5.6843e-09
1.46591e-08
8.69287e-09
5.19161e-09
1.90917e-08
1.70501e-08
2.48822e-08
2.81391e-08
2.67077e-08
2.93989e-08
2.78353e-08
2.27625e-08
2.3036e-08
2.85123e-08
4.87241e-08
9.18429e-08
1.17286e-07
1.16715e-07
1.1807e-07
8.51308e-08
7.30092e-08
5.81431e-08
3.65844e-08
3.46877e-08
2.69361e-08
5.61791e-08
1.60783e-07
2.98108e-07
3.75309e-07
3.71285e-07
3.11581e-07
1.76623e-07
6.63761e-08
1.31738e-07
2.94434e-07
4.61105e-07
6.794e-07
8.15153e-07
8.82047e-07
9.65804e-07
9.9291e-07
9.08059e-07
9.13188e-07
8.14101e-07
6.81788e-07
5.44634e-07
4.36656e-07
3.09269e-07
2.87009e-07
3.09293e-07
3.50339e-07
3.99312e-07
4.80044e-07
5.38751e-07
5.33359e-07
4.63834e-07
3.97864e-07
4.39074e-07
5.24265e-07
6.4615e-07
7.29608e-07
7.0376e-07
5.49445e-07
4.8166e-07
4.79384e-07
5.5511e-07
6.64245e-07
7.95134e-07
1.04608e-06
1.17629e-06
1.03477e-06
7.3909e-07
2.57923e-07
1.50589e-07
1.05054e-07
1.2419e-07
1.71392e-07
2.69685e-07
4.8895e-07
6.6718e-07
7.86266e-07
8.00795e-07
7.94813e-07
6.66654e-07
4.88457e-07
2.92392e-07
2.37351e-07
2.88157e-07
2.06522e-09
2.93389e-08
4.17433e-09
1.843e-08
1.05651e-08
1.31768e-08
1.15279e-08
1.84975e-08
1.48336e-08
4.4871e-09
2.90777e-09
3.43782e-09
1.19285e-08
5.95576e-09
1.77647e-09
7.13446e-09
6.91414e-09
9.09845e-09
1.96199e-08
1.84865e-08
2.18779e-08
2.45946e-08
2.42917e-08
1.02563e-08
1.48477e-08
2.55899e-08
4.25119e-08
7.12638e-08
9.34947e-08
1.54208e-07
1.52455e-07
1.12607e-07
7.47598e-08
5.07457e-08
2.64424e-08
2.37211e-08
6.39275e-08
1.63546e-07
2.90335e-07
3.48739e-07
3.37691e-07
2.70346e-07
8.89755e-08
2.87466e-08
2.00548e-08
1.09085e-07
2.56204e-07
4.37047e-07
6.13043e-07
7.92581e-07
8.47612e-07
9.38085e-07
9.32775e-07
8.70191e-07
8.31255e-07
7.3888e-07
5.99887e-07
4.64852e-07
3.53143e-07
2.63686e-07
2.6736e-07
2.85675e-07
3.15217e-07
3.64132e-07
4.54605e-07
5.1182e-07
4.82899e-07
3.92804e-07
3.23711e-07
3.87054e-07
4.8241e-07
5.69141e-07
5.49276e-07
3.77658e-07
1.99631e-07
1.9682e-07
2.72564e-07
4.92987e-07
7.87292e-07
1.24615e-06
1.39827e-06
1.1612e-06
9.08036e-07
4.30799e-07
1.89904e-07
1.05587e-07
9.25707e-08
1.57703e-07
2.42907e-07
2.92694e-07
4.16561e-07
5.27608e-07
5.86763e-07
6.40021e-07
6.98751e-07
5.8805e-07
4.28548e-07
3.21951e-07
2.24998e-07
1.30048e-08
4.29527e-08
5.53337e-08
1.18542e-08
4.30251e-09
3.26161e-09
3.01831e-09
3.01681e-10
8.0485e-09
1.23335e-08
8.14628e-09
5.05565e-09
5.82318e-09
2.99755e-09
8.79981e-09
4.5207e-09
1.18007e-08
1.4465e-08
1.80866e-08
2.87354e-08
3.55092e-08
4.52792e-08
4.10616e-08
2.83215e-08
2.41721e-08
2.68049e-08
2.23818e-08
4.45034e-08
1.33195e-07
1.07145e-07
1.99721e-07
2.20933e-07
1.47902e-07
8.20211e-08
6.12632e-08
3.12427e-08
4.87878e-08
1.45883e-07
2.82677e-07
3.64131e-07
3.33565e-07
2.76835e-07
1.3168e-07
1.1913e-07
5.82458e-08
2.48907e-08
5.18792e-08
1.56742e-07
2.96764e-07
4.75585e-07
6.06162e-07
6.82085e-07
7.56123e-07
7.56096e-07
6.95046e-07
6.59698e-07
5.68935e-07
4.86907e-07
3.78471e-07
2.71093e-07
1.95904e-07
2.01294e-07
2.49058e-07
2.94306e-07
3.43117e-07
4.32447e-07
4.5879e-07
4.27191e-07
3.91959e-07
3.71631e-07
3.98267e-07
4.23023e-07
4.56039e-07
3.93917e-07
2.1057e-07
1.04814e-07
1.59658e-07
4.30754e-07
8.59319e-07
1.2389e-06
1.23408e-06
1.27382e-06
1.05807e-06
6.15031e-07
3.98036e-07
3.05148e-07
2.35031e-07
2.14358e-07
2.08005e-07
2.50318e-07
2.79027e-07
3.99158e-07
5.00229e-07
5.67102e-07
6.27402e-07
7.12174e-07
6.17663e-07
4.07017e-07
2.45381e-07
1.83382e-08
2.70444e-07
4.84108e-09
5.1366e-08
6.55121e-09
1.54575e-09
2.65452e-09
5.95408e-09
1.27865e-08
1.44818e-08
7.98531e-09
5.63953e-09
7.59946e-09
3.41388e-09
3.62019e-09
2.47776e-09
2.22049e-09
3.02865e-09
1.10574e-08
1.86983e-08
6.40859e-08
4.69843e-08
6.73389e-08
2.09911e-08
6.72011e-08
5.679e-08
5.9e-08
3.95353e-08
1.59492e-08
5.34354e-08
1.13778e-07
2.27709e-07
3.26187e-07
2.65642e-07
7.44751e-08
5.39828e-08
6.52141e-08
1.14776e-07
2.65588e-07
3.62e-07
3.71624e-07
3.30813e-07
1.0434e-07
1.9481e-07
1.47054e-07
1.43751e-07
1.25189e-07
9.40181e-08
1.81352e-07
3.05168e-07
4.3236e-07
5.23024e-07
5.43539e-07
5.67463e-07
5.45644e-07
4.88948e-07
4.49945e-07
4.21267e-07
4.13463e-07
3.6034e-07
2.77387e-07
1.91999e-07
1.68523e-07
2.12535e-07
2.6609e-07
3.17946e-07
3.82097e-07
3.87727e-07
3.36897e-07
3.36177e-07
3.2238e-07
3.20971e-07
3.36719e-07
3.67312e-07
2.85041e-07
1.36351e-07
5.65326e-08
2.04617e-07
8.01097e-07
1.01385e-06
1.71178e-06
1.45471e-06
1.28666e-06
8.38228e-07
6.10278e-07
4.05793e-07
2.83327e-07
2.39126e-07
2.61913e-07
2.56985e-07
3.13792e-07
2.96503e-07
3.97435e-07
4.75816e-07
5.26688e-07
5.94799e-07
6.70741e-07
5.62406e-07
4.46034e-07
3.36503e-07
2.20946e-07
1.71994e-08
9.71681e-08
9.84888e-08
1.44697e-08
1.15892e-08
1.46691e-09
1.04024e-09
1.92799e-09
5.72634e-09
7.78543e-09
1.51536e-09
4.70312e-10
1.37873e-09
4.57395e-09
2.90959e-09
2.17576e-09
4.91672e-09
1.1931e-08
4.51995e-08
6.38464e-08
8.44991e-08
1.1116e-07
1.27541e-07
1.34688e-07
1.28318e-07
1.04447e-07
9.09165e-08
5.28416e-08
5.43365e-09
9.08877e-08
3.01688e-07
3.97261e-07
3.67641e-07
1.5169e-07
1.00131e-07
1.15464e-07
2.46951e-07
3.69151e-07
4.52197e-07
3.9293e-07
3.9625e-07
2.8063e-07
2.20854e-07
3.06963e-07
3.48251e-07
3.38467e-07
2.75655e-07
3.04877e-07
3.76522e-07
4.66578e-07
5.10075e-07
5.06076e-07
4.84471e-07
4.48022e-07
3.96705e-07
3.49764e-07
3.11208e-07
3.3302e-07
3.16173e-07
3.01464e-07
2.44188e-07
1.81094e-07
1.70986e-07
2.29798e-07
2.95072e-07
3.32453e-07
3.12988e-07
3.02368e-07
3.33442e-07
3.19452e-07
2.83007e-07
2.58174e-07
2.99239e-07
2.42519e-07
1.65541e-07
8.9744e-08
4.45975e-07
1.00802e-06
1.59247e-06
1.60872e-06
1.45015e-06
1.05919e-06
8.49915e-07
6.62292e-07
4.60361e-07
3.01653e-07
2.2558e-07
3.03374e-07
2.9324e-07
3.25046e-07
3.09949e-07
3.84563e-07
4.73256e-07
5.23091e-07
5.56158e-07
6.34262e-07
5.23991e-07
3.80214e-07
2.95825e-07
2.87661e-07
3.08692e-07
4.41776e-07
4.81832e-09
3.96699e-09
8.62998e-09
8.8596e-09
8.13152e-09
1.07882e-08
1.12384e-08
1.00367e-08
6.9646e-09
5.23146e-09
6.77865e-09
8.87735e-09
6.98046e-09
1.03897e-08
1.88145e-08
4.39284e-08
4.761e-08
4.33434e-08
1.64727e-07
1.98087e-07
1.96169e-07
1.83944e-07
2.10679e-07
2.1336e-07
1.71474e-07
8.56671e-08
1.2595e-07
2.08639e-07
3.88865e-07
4.09231e-07
3.71894e-07
2.03135e-07
1.53512e-07
1.5642e-07
2.81072e-07
4.4277e-07
4.82746e-07
5.0889e-07
3.54812e-07
2.33432e-07
3.12718e-07
3.47389e-07
4.1241e-07
4.06929e-07
4.05221e-07
3.73639e-07
3.97989e-07
4.65224e-07
5.00065e-07
4.83708e-07
4.51837e-07
4.0355e-07
3.60859e-07
3.05347e-07
2.61257e-07
2.55797e-07
2.33112e-07
2.54138e-07
2.69741e-07
2.0505e-07
1.25238e-07
1.50182e-07
2.39954e-07
2.63336e-07
2.42149e-07
2.71543e-07
3.22793e-07
2.98541e-07
2.33237e-07
1.84299e-07
2.55376e-07
2.2626e-07
2.43988e-07
2.97892e-07
7.36282e-07
5.9618e-07
1.37554e-06
1.59041e-06
1.31703e-06
1.08032e-06
9.56252e-07
7.68425e-07
5.60997e-07
3.4203e-07
2.1915e-07
2.35561e-07
2.88904e-07
3.31711e-07
2.91478e-07
3.75408e-07
4.48565e-07
4.99304e-07
4.88414e-07
1.83699e-07
3.22453e-07
3.84143e-07
3.26567e-07
2.01125e-07
5.24073e-08
6.05914e-07
4.4271e-08
1.30499e-08
1.13823e-08
4.85386e-09
2.35909e-09
2.15764e-09
4.55614e-09
4.96121e-09
9.43621e-09
4.96335e-09
1.34173e-08
9.75975e-09
2.05124e-08
2.57032e-08
9.51878e-08
3.61507e-08
1.50816e-07
1.07005e-07
2.07797e-07
2.20835e-07
2.22887e-07
1.14286e-07
1.51613e-07
3.79637e-09
1.70873e-07
1.61463e-07
1.64898e-07
2.29842e-07
3.20514e-07
3.71879e-07
3.63061e-07
2.79113e-07
2.36555e-07
2.60661e-07
4.11797e-07
6.12707e-07
6.03847e-07
5.88797e-07
2.16871e-07
2.37714e-07
3.6022e-07
3.48426e-07
3.87639e-07
4.38701e-07
5.17735e-07
5.15982e-07
5.10359e-07
5.07248e-07
4.8039e-07
4.54421e-07
4.17028e-07
3.8963e-07
3.50671e-07
2.91678e-07
2.17411e-07
1.9017e-07
1.55535e-07
1.78116e-07
2.24486e-07
1.99496e-07
8.2333e-08
4.162e-08
1.21735e-07
1.78192e-07
1.83758e-07
2.92644e-07
3.89571e-07
3.60296e-07
2.59831e-07
1.04111e-07
1.86627e-07
2.54569e-07
3.4657e-07
5.29284e-07
3.40792e-08
1.22653e-06
1.50446e-06
1.31735e-06
1.13815e-06
1.1659e-06
1.00808e-06
8.88656e-07
7.51697e-07
5.28822e-07
3.57572e-07
2.63509e-07
2.73142e-07
3.36622e-07
1.98064e-07
3.75738e-07
4.65897e-07
5.23179e-07
4.15234e-07
3.25337e-07
2.68857e-07
2.32443e-07
2.8233e-07
2.47055e-07
3.41755e-07
9.56757e-07
9.2191e-09
4.82242e-09
1.77798e-08
2.46166e-08
4.14726e-08
3.47687e-08
5.37782e-08
1.30527e-08
9.0354e-08
4.77866e-08
1.32223e-07
6.39088e-08
1.38433e-07
3.10881e-08
8.9901e-08
2.81374e-08
2.87098e-08
2.84473e-08
2.09093e-07
2.48799e-07
2.18583e-07
1.06722e-07
1.53578e-07
1.45878e-07
1.0945e-07
1.30233e-07
1.08739e-07
1.66435e-07
3.74009e-07
2.27668e-07
2.14623e-07
2.62083e-07
2.43565e-07
3.10513e-07
5.60109e-07
8.10426e-07
7.80532e-07
5.36772e-07
8.92293e-08
1.56763e-07
2.66283e-07
1.80693e-07
2.44829e-07
4.05071e-07
5.74968e-07
6.51387e-07
6.3408e-07
5.895e-07
5.36672e-07
4.67182e-07
3.92833e-07
3.51551e-07
3.2368e-07
2.70029e-07
1.97953e-07
1.52735e-07
9.56701e-08
1.46913e-07
1.6857e-07
1.5397e-07
9.42407e-08
2.40038e-08
8.1814e-08
1.35241e-07
1.94835e-07
3.32974e-07
4.36399e-07
4.06852e-07
3.2057e-07
6.98494e-08
1.77424e-07
3.56599e-07
5.21242e-07
1.00525e-06
1.34232e-06
1.31811e-06
1.40534e-06
9.38438e-07
1.05516e-06
1.21291e-06
1.19896e-06
1.03873e-06
8.5188e-07
6.31984e-07
4.7215e-07
3.53398e-07
2.83495e-07
3.48149e-07
3.65158e-07
4.0416e-07
4.57322e-07
5.39229e-07
3.69353e-07
1.52543e-07
8.27479e-08
1.26278e-07
1.06322e-07
6.75568e-08
7.18962e-07
2.99808e-08
1.44659e-07
1.12779e-07
1.74969e-07
4.87522e-09
1.56883e-07
1.41372e-08
8.49927e-08
3.74686e-08
1.54618e-07
6.20458e-08
2.50932e-07
8.84576e-08
2.57657e-07
1.1443e-07
2.18996e-07
1.15207e-07
2.1094e-07
3.15518e-08
1.70922e-07
1.14617e-07
1.64059e-07
1.70592e-07
9.78931e-08
8.49576e-08
8.02543e-08
6.03479e-08
6.958e-08
8.08006e-08
2.10482e-07
9.51418e-08
1.88171e-07
1.76681e-07
1.66063e-07
3.20649e-07
5.58645e-07
9.26805e-07
6.99352e-07
5.62191e-07
2.49342e-07
3.05293e-07
3.22693e-08
3.28198e-07
3.13564e-07
3.76547e-07
5.6807e-07
8.18286e-07
8.32924e-07
6.50894e-07
5.39772e-07
4.67678e-07
4.22293e-07
3.57837e-07
3.09621e-07
2.39031e-07
1.60077e-07
1.268e-07
1.03135e-07
1.16088e-07
8.42832e-08
1.17508e-07
6.18277e-08
8.56316e-08
5.32187e-08
8.09517e-08
2.7942e-07
4.49747e-07
4.54232e-07
4.27116e-07
3.72117e-07
2.67389e-07
3.52045e-07
4.90488e-07
7.57611e-07
1.2999e-07
8.79714e-07
1.32838e-06
1.00947e-06
8.14928e-07
1.14399e-06
1.56345e-06
1.56751e-06
1.31665e-06
1.01942e-06
6.90301e-07
5.1093e-07
4.57943e-07
3.8395e-07
4.3493e-07
3.94107e-07
4.69573e-07
5.31546e-07
5.4677e-07
3.16738e-07
8.17665e-08
1.33747e-07
1.90751e-07
1.46226e-07
1.42973e-07
1.33815e-07
5.99e-07
1.75233e-07
5.52299e-09
3.32609e-08
3.0844e-08
1.19781e-07
7.75331e-08
2.65735e-07
1.05353e-07
2.29659e-07
8.14051e-08
2.39283e-07
1.11607e-07
2.90814e-07
1.15654e-07
2.54438e-07
1.19382e-07
1.75442e-07
6.49692e-08
9.03282e-08
7.87358e-09
5.14442e-08
9.58015e-09
1.20441e-08
5.97021e-08
3.23325e-08
7.44579e-08
6.90786e-08
4.56984e-08
8.89545e-08
1.05971e-07
1.87504e-07
1.79271e-07
1.16203e-07
2.53213e-07
5.91762e-07
1.05085e-06
4.65928e-07
3.22697e-07
2.36009e-07
1.38672e-07
1.63439e-07
6.99733e-08
2.7814e-07
6.3033e-07
9.77471e-07
9.29478e-07
9.56841e-07
7.42604e-07
5.9331e-07
4.60028e-07
3.82344e-07
3.14304e-07
2.84822e-07
2.37623e-07
1.76465e-07
1.30961e-07
1.00338e-07
8.73739e-08
9.50844e-08
1.1204e-07
5.8061e-08
4.19374e-08
8.27773e-08
1.34077e-07
3.24805e-07
5.52341e-07
4.14368e-07
3.48176e-07
4.42785e-07
4.81235e-07
6.08265e-07
4.01577e-07
8.67104e-07
1.31359e-06
8.48745e-07
7.48783e-07
4.31854e-07
5.15963e-07
1.28091e-06
1.54376e-06
2.09681e-06
1.64793e-06
1.21965e-06
8.54849e-07
5.49184e-07
5.23757e-07
4.84505e-07
5.38783e-07
5.7262e-07
5.829e-07
5.5517e-07
4.57126e-07
5.37448e-07
2.31667e-07
2.0093e-07
8.17187e-08
6.26903e-08
1.64135e-07
1.7958e-06
1.6246e-06
3.78033e-07
5.77655e-08
2.61539e-07
2.9831e-08
9.85542e-08
5.92727e-08
2.03646e-07
9.06461e-08
2.43344e-07
1.42542e-07
2.91843e-07
1.72482e-07
2.88731e-07
1.68022e-07
2.40809e-07
1.52677e-07
1.80123e-07
1.68089e-07
1.19017e-07
1.20748e-07
4.69469e-08
5.72234e-08
5.74006e-08
8.49816e-08
7.04129e-08
1.11827e-08
4.26293e-08
1.02134e-07
1.157e-07
1.23589e-07
2.0528e-07
1.22766e-07
1.08379e-07
9.50254e-08
4.19338e-07
9.80547e-07
1.17745e-06
7.73999e-07
7.33614e-07
1.15353e-06
5.88609e-07
2.92089e-07
5.68436e-07
1.0652e-06
1.26824e-06
1.24916e-06
9.98023e-07
6.25261e-07
5.32734e-07
4.63931e-07
4.11558e-07
3.54011e-07
2.88581e-07
2.24057e-07
1.70203e-07
1.4197e-07
1.19779e-07
8.50731e-08
1.2476e-07
1.43864e-07
1.7542e-07
3.1207e-07
3.18296e-07
2.24333e-07
2.46001e-07
1.05334e-07
1.51106e-07
3.15037e-07
4.01804e-07
6.72506e-07
8.53975e-07
1.18823e-06
1.39529e-06
8.39024e-07
1.17415e-07
4.89866e-07
5.17609e-08
4.51304e-07
7.89232e-07
1.46712e-06
2.13102e-06
1.7583e-06
1.24641e-06
9.22168e-07
6.52909e-07
6.15473e-07
6.3434e-07
6.77269e-07
7.17197e-07
7.03706e-07
6.38417e-07
4.67443e-07
3.93222e-07
3.37992e-07
1.93535e-07
6.03292e-07
8.95217e-07
1.44901e-06
1.01434e-06
1.47732e-06
2.43709e-07
9.63282e-08
1.65342e-07
1.6604e-07
1.34456e-07
1.40722e-07
1.11436e-07
1.10196e-07
1.27832e-07
1.01469e-07
1.12211e-07
8.9763e-08
8.91227e-08
8.69537e-08
6.73782e-08
7.32386e-08
5.22522e-08
6.04609e-08
3.13607e-08
2.70331e-08
1.86341e-08
7.98521e-09
3.50432e-08
1.55489e-08
6.78907e-08
1.76425e-07
1.35717e-07
1.2661e-07
1.05407e-07
6.21188e-08
8.47625e-08
1.03821e-07
6.72516e-08
1.34934e-07
7.8456e-08
6.39463e-07
1.18529e-06
1.49466e-06
8.61553e-07
9.52763e-07
9.00578e-07
8.43014e-07
9.94101e-07
1.42818e-06
1.55246e-06
1.25824e-06
7.94607e-07
6.63232e-07
5.50099e-07
4.82693e-07
3.46645e-07
2.90908e-07
2.8149e-07
2.59842e-07
2.27789e-07
1.9704e-07
1.64789e-07
1.67396e-07
2.05617e-07
2.46881e-07
3.47802e-07
4.14242e-07
4.41253e-07
2.95407e-07
2.01034e-07
5.20248e-07
6.11093e-07
6.58516e-07
5.9901e-07
5.63435e-07
9.90114e-07
1.30453e-06
1.77246e-06
1.35071e-06
3.95487e-07
2.40148e-07
3.83476e-07
8.49238e-07
9.88239e-07
1.52386e-06
2.26063e-06
1.46373e-06
1.62382e-06
9.81278e-07
6.64041e-07
6.64425e-07
7.39444e-07
7.67661e-07
7.29342e-07
8.36894e-07
8.54482e-07
3.68205e-07
3.3014e-07
3.94025e-07
8.18777e-07
1.33469e-06
1.7986e-06
1.88452e-07
6.05424e-07
5.00285e-08
1.66346e-07
6.12005e-08
1.70885e-07
9.03472e-08
1.52519e-07
1.2129e-07
1.43715e-07
1.23914e-07
1.36797e-07
1.42184e-07
9.87414e-08
1.58915e-07
7.17545e-08
1.91106e-07
1.00502e-07
2.19318e-07
1.52866e-07
1.10147e-07
1.16705e-07
1.72256e-09
8.77828e-08
1.36707e-09
1.16112e-07
2.79371e-09
1.65915e-07
1.63038e-07
2.44877e-08
9.857e-09
3.72097e-08
2.49204e-08
6.06156e-08
1.07637e-07
8.52517e-08
2.8304e-07
4.74094e-08
5.54879e-07
9.84408e-07
5.54546e-07
7.78428e-07
1.40251e-06
1.30777e-06
1.46883e-06
1.45575e-06
9.30108e-07
8.07814e-07
8.79309e-07
7.91834e-07
5.80285e-07
4.83276e-07
4.01529e-07
3.82002e-07
3.24439e-07
3.02094e-07
2.40038e-07
1.9383e-07
1.85406e-07
1.89084e-07
1.84159e-07
2.84358e-07
4.11706e-07
4.16845e-07
4.26698e-07
5.56316e-07
3.51726e-07
5.69632e-07
8.40635e-07
9.06924e-07
6.82492e-07
6.66119e-07
6.84063e-07
5.30663e-07
8.99051e-07
1.59862e-06
1.71166e-06
8.57022e-07
5.13031e-07
3.2372e-07
3.62635e-07
3.13506e-07
1.39741e-06
2.85583e-06
2.79804e-06
2.17208e-06
1.0919e-06
4.78942e-07
5.32997e-07
7.4143e-07
9.05693e-07
6.4019e-07
6.0177e-07
6.14699e-07
3.08909e-07
7.18708e-07
4.82188e-07
9.08062e-07
9.92704e-07
4.79486e-07
5.39556e-07
5.37589e-07
3.63853e-08
2.24977e-07
6.22368e-08
8.43773e-08
2.1821e-09
6.81744e-08
2.72847e-09
4.4034e-08
3.34082e-09
2.75874e-08
4.05249e-09
4.79592e-08
4.65646e-08
8.61652e-08
9.89359e-08
1.42012e-07
7.9446e-08
6.82706e-08
9.25088e-09
9.7799e-08
4.0886e-08
3.54738e-08
3.01719e-08
4.6928e-08
3.31647e-08
1.2415e-07
1.16629e-08
9.67739e-09
1.18929e-08
1.70879e-08
9.51912e-09
1.92122e-08
1.4398e-07
1.86864e-08
3.71365e-07
3.77924e-07
6.4742e-07
1.15493e-07
6.91345e-07
1.48553e-06
1.48035e-06
1.08683e-06
9.11997e-07
6.92096e-07
8.35802e-07
6.93273e-07
6.26178e-07
5.70952e-07
5.97746e-07
5.19738e-07
4.17316e-07
3.40124e-07
2.9731e-07
2.55818e-07
2.45077e-07
2.34709e-07
2.31704e-07
2.50447e-07
2.47793e-07
3.59727e-07
4.45237e-07
4.06126e-07
5.33392e-07
6.5445e-07
3.71059e-07
8.3153e-07
4.49978e-07
3.06406e-07
5.66843e-07
5.63517e-07
6.02406e-07
7.8705e-07
8.28515e-07
1.11522e-06
1.67298e-06
1.34294e-06
6.32278e-07
3.57514e-07
6.25579e-07
5.54568e-07
1.36692e-06
2.26083e-06
1.98972e-06
2.41044e-06
1.20755e-06
4.79199e-07
4.09062e-07
7.98183e-07
7.58496e-07
6.30775e-07
7.11161e-07
3.76247e-07
6.43151e-07
8.51199e-07
1.22313e-06
1.42383e-06
3.91041e-07
5.889e-07
4.67361e-08
1.35615e-06
9.53111e-08
7.31778e-08
1.69634e-09
1.3947e-07
9.86938e-10
1.61045e-07
2.74655e-10
1.5583e-07
1.92389e-07
1.41824e-07
2.26755e-07
1.46956e-07
2.46058e-07
1.57354e-07
2.05487e-07
2.34304e-07
1.67415e-07
3.47198e-07
5.43723e-08
3.43687e-07
1.38767e-07
3.4994e-07
1.2932e-07
3.34579e-07
5.98053e-08
4.17873e-07
3.5954e-09
3.19054e-08
9.31001e-09
1.09882e-08
1.46007e-08
1.52874e-08
2.0776e-07
1.48803e-08
4.79639e-07
9.45036e-07
1.74848e-07
3.30085e-07
8.06929e-07
1.13998e-06
1.0351e-06
7.04091e-07
6.35847e-07
6.25493e-07
5.87317e-07
6.68785e-07
6.00575e-07
5.25811e-07
4.63162e-07
4.16726e-07
3.50116e-07
3.33251e-07
3.19748e-07
3.13024e-07
2.54084e-07
2.24275e-07
2.1068e-07
2.23103e-07
2.5386e-07
3.24605e-07
3.62471e-07
4.6378e-07
5.82581e-07
7.20542e-07
8.63584e-07
9.63536e-07
1.37202e-07
1.44294e-07
3.09895e-07
4.1131e-07
6.67118e-07
8.56361e-07
9.91992e-07
1.57392e-06
1.77508e-06
2.41236e-07
1.38115e-07
6.22311e-07
7.75198e-07
9.77022e-07
1.83214e-06
1.87669e-06
2.13359e-06
2.30339e-06
1.31753e-06
7.36457e-07
8.32991e-07
8.36522e-07
6.00208e-07
9.08735e-07
2.53631e-06
1.69412e-06
1.93451e-06
2.89842e-06
2.65176e-06
2.26667e-06
1.87249e-06
3.36129e-07
1.0772e-06
1.87586e-06
4.96188e-08
5.57498e-08
1.97361e-09
8.06554e-10
2.40869e-09
7.87783e-10
3.32135e-09
1.17456e-09
1.34146e-07
3.00786e-08
3.47995e-08
1.72076e-08
2.82037e-08
1.45185e-07
2.13496e-08
1.48363e-07
7.02713e-09
1.13362e-07
6.98337e-09
1.21644e-07
6.77673e-09
1.8556e-07
6.692e-09
2.14509e-07
6.51605e-09
3.92851e-08
7.41562e-09
2.89745e-08
2.31939e-08
1.29994e-08
1.11573e-08
1.31681e-08
2.17121e-07
1.26042e-08
8.54224e-07
2.50577e-07
1.75495e-07
5.34604e-07
1.3513e-06
8.05113e-07
6.56155e-07
5.93103e-07
3.45947e-07
5.40787e-07
1.71482e-07
4.81375e-07
5.76132e-07
4.29669e-07
4.04593e-07
3.68104e-07
3.77748e-07
3.36488e-07
3.07428e-07
2.586e-07
2.3371e-07
1.9815e-07
1.75806e-07
1.45189e-07
2.13174e-07
2.8558e-07
3.06267e-07
3.30281e-07
4.23312e-07
5.17983e-07
4.782e-07
3.18928e-07
1.38942e-07
1.45808e-07
1.95957e-07
3.38843e-07
5.22086e-07
7.27577e-07
9.84379e-07
1.45316e-06
3.71931e-07
5.9154e-07
2.32676e-07
1.80895e-06
1.83256e-06
1.68947e-06
1.7389e-06
1.49611e-06
2.51675e-06
3.0388e-06
2.06335e-06
1.51019e-06
1.97729e-06
1.34542e-06
1.27013e-06
2.28947e-06
4.92398e-06
7.0605e-06
3.23773e-06
3.51691e-06
2.67318e-06
1.93505e-06
3.19384e-06
6.87505e-07
1.01411e-06
2.86192e-06
3.24134e-06
1.43965e-07
3.38688e-10
2.0718e-09
3.96358e-09
2.72267e-09
1.16216e-08
3.1834e-09
3.26455e-07
2.52138e-09
3.00009e-07
5.3217e-07
1.19052e-07
6.05102e-07
5.98109e-08
6.33519e-07
6.41618e-08
6.26509e-07
6.72215e-08
6.22341e-07
6.2085e-08
4.01953e-07
5.64281e-08
4.41062e-09
4.82649e-08
5.2059e-09
3.75493e-08
6.54944e-09
2.40451e-08
8.44537e-09
4.57658e-09
1.06708e-08
8.34358e-09
1.0688e-08
8.9119e-09
2.5765e-07
2.32071e-08
6.38885e-07
9.46116e-07
5.0919e-08
5.93641e-07
4.91336e-09
3.09436e-07
1.03016e-07
1.43532e-07
4.6327e-07
3.7769e-07
4.26044e-07
4.21005e-07
3.92246e-07
3.30427e-07
3.15862e-07
3.11236e-07
3.06553e-07
2.68957e-07
2.60419e-07
2.29057e-07
2.03283e-07
1.84181e-07
1.8931e-07
1.7694e-07
1.7804e-07
2.97075e-07
2.95959e-07
2.53021e-07
2.37965e-08
1.38253e-07
1.75156e-07
2.39453e-07
2.80085e-07
3.73557e-07
6.2749e-07
1.03365e-06
1.32389e-06
9.43365e-07
2.01522e-06
4.00635e-06
2.24571e-06
2.39857e-06
2.08312e-06
1.98058e-06
1.87804e-06
2.51718e-06
3.94785e-06
3.48893e-06
3.01114e-06
1.37071e-06
7.7288e-07
2.00397e-06
5.58668e-06
5.54263e-06
3.1312e-06
3.79924e-07
1.66945e-07
2.70943e-07
1.28753e-06
3.51585e-06
6.17991e-07
4.17767e-07
2.25648e-06
7.80963e-08
3.07831e-07
3.67768e-09
4.1687e-08
4.58762e-09
4.43953e-08
6.69206e-08
3.01204e-08
1.29977e-07
1.23465e-08
1.6997e-07
3.22226e-10
1.94482e-07
9.75003e-11
1.52143e-07
1.23943e-07
9.53937e-09
3.65408e-07
1.01117e-08
4.93314e-07
1.0112e-08
4.09982e-07
9.574e-09
3.44849e-07
8.51011e-09
3.42706e-07
7.75521e-09
2.74248e-07
7.81439e-09
2.12588e-08
8.26853e-09
5.84844e-10
7.99442e-09
2.4524e-09
7.8128e-09
4.83158e-09
2.37697e-08
5.67113e-09
9.07256e-07
2.68587e-07
5.96144e-07
3.36136e-07
9.28462e-08
2.73517e-07
3.49094e-08
3.81552e-07
8.63228e-08
4.05997e-07
1.19735e-07
2.62953e-07
7.58388e-08
2.21137e-07
1.14708e-07
2.81378e-07
8.35708e-08
1.54805e-07
1.88332e-07
1.43458e-07
1.50679e-07
1.06652e-07
1.3221e-07
1.22082e-07
1.63617e-07
2.16688e-07
1.80387e-07
8.10793e-08
6.69122e-08
9.02832e-08
7.67677e-08
1.7574e-07
1.70215e-07
2.56943e-07
5.19022e-07
7.02203e-07
5.54179e-07
1.37667e-06
1.77731e-06
1.84005e-06
1.68628e-06
2.69187e-06
3.30617e-06
3.20945e-06
2.26132e-06
4.09815e-06
3.1745e-06
3.83687e-06
1.8914e-06
5.32184e-06
2.51634e-06
4.89505e-06
1.66018e-06
3.78506e-07
1.00492e-06
1.55714e-06
1.23283e-06
6.20688e-07
2.81975e-06
1.79346e-06
1.73057e-06
1.45088e-06
6.41631e-08
3.99626e-10
1.09634e-08
1.05311e-09
9.89221e-09
1.37355e-09
4.41979e-09
1.1344e-09
9.76585e-09
9.30359e-10
1.91569e-08
8.23502e-10
3.11824e-08
7.84022e-10
4.41613e-08
7.96578e-10
6.27583e-08
7.54883e-10
9.16546e-08
5.69218e-10
9.60929e-08
4.66341e-10
8.67268e-08
4.51013e-10
4.99083e-08
1.50519e-08
2.39188e-08
1.58285e-08
1.72899e-08
1.3265e-09
6.56329e-09
5.06472e-10
2.16017e-09
3.60907e-10
4.5038e-10
2.42211e-10
9.44296e-09
1.6313e-09
4.62899e-08
1.81468e-08
3.68104e-08
2.27745e-08
2.16284e-08
1.766e-08
5.12527e-11
1.30973e-08
2.46431e-11
7.79508e-09
6.81295e-09
4.29137e-09
1.66265e-09
7.27711e-09
2.26258e-08
4.04459e-08
3.83024e-08
4.27669e-08
3.22584e-08
2.96963e-08
2.6279e-08
2.46052e-08
2.83413e-08
2.66361e-08
1.2127e-08
2.11488e-09
6.32587e-10
6.913e-09
1.77637e-08
2.78921e-08
3.29892e-08
8.12138e-09
7.94637e-09
1.18877e-08
1.99491e-09
8.65874e-09
2.38685e-08
4.27671e-09
1.29712e-08
1.99244e-08
1.72639e-08
1.50701e-07
9.93422e-08
3.44824e-07
2.88749e-08
2.55057e-08
1.89249e-07
1.34827e-06
1.14807e-05
2.24399e-06
2.62754e-07
7.31607e-07
1.48399e-06
4.02533e-07
6.82793e-08
5.28745e-07
4.49888e-07
1.88912e-07
5.13903e-08
2.61922e-09
6.06199e-07
1.75654e-06
1.93915e-07
)
;

boundaryField
{
    AXIS
    {
        type            empty;
    }
    OUTLET
    {
        type            calculated;
        value           nonuniform List<scalar> 
50
(
1.22959e-29
1.90096e-29
1.65368e-29
7.232e-30
2.71525e-30
5.03935e-31
7.58932e-31
5.23851e-31
2.08446e-30
3.88354e-30
5.63127e-30
5.87446e-30
5.9686e-30
5.48888e-30
4.81742e-30
3.64204e-30
3.10492e-30
2.72227e-30
2.62204e-30
2.18556e-30
1.86202e-30
1.5751e-30
1.39368e-30
1.32426e-30
1.10829e-30
1.00862e-30
9.54586e-31
8.407e-31
7.86976e-31
4.98755e-32
6.2646e-32
2.3066e-33
1.11544e-32
4.35141e-33
4.50909e-32
2.65333e-31
2.35403e-31
3.57336e-31
1.45344e-32
1.92562e-31
3.8935e-31
4.46435e-31
1.06849e-32
1.10026e-32
2.58204e-32
1.20433e-32
3.82716e-31
2.11196e-30
1.10144e-32
3.70902e-31
)
;
    }
    COFLOW
    {
        type            calculated;
        value           nonuniform List<scalar> 
30
(
5.00563e-30
4.51212e-31
2.77383e-30
1.70947e-30
1.77574e-30
1.7295e-30
1.68759e-30
9.22355e-31
5.69484e-31
3.19161e-31
7.37558e-32
5.03932e-32
3.99349e-31
4.78186e-31
1.00365e-30
1.14666e-30
1.59653e-30
1.57409e-30
1.7512e-30
1.54041e-30
1.40675e-30
1.09424e-30
9.50326e-31
6.52469e-31
7.63628e-31
2.98384e-31
1.20234e-30
1.71462e-31
4.00994e-30
5.02267e-31
)
;
    }
    PILOT
    {
        type            calculated;
        value           nonuniform List<scalar> 10(2.32068e-29 4.83812e-29 1.34979e-30 1.313e-29 1.29094e-30 2.47093e-30 2.27697e-30 4.95502e-30 8.51414e-31 1.34849e-29);
    }
    FUEL
    {
        type            calculated;
        value           nonuniform List<scalar> 10(4.03612e-29 8.98779e-29 7.58056e-29 1.45017e-28 1.92408e-28 2.58507e-29 9.7609e-29 1.85207e-29 1.64055e-29 2.13458e-29);
    }
    WALL
    {
        type            zeroGradient;
    }
    front
    {
        type            wedge;
    }
    back
    {
        type            wedge;
    }
}


// ************************************************************************* //
