/*--------------------------------*- C++ -*----------------------------------*\
| =========                 |                                                 |
| \\      /  F ield         | OpenFOAM: The Open Source CFD Toolbox           |
|  \\    /   O peration     | Version:  2.3.0                                 |
|   \\  /    A nd           | Web:      www.OpenFOAM.org                      |
|    \\/     M anipulation  |                                                 |
\*---------------------------------------------------------------------------*/
FoamFile
{
    version     2.0;
    format      ascii;
    class       volScalarField;
    location    "0.05";
    object      CH4;
}
// * * * * * * * * * * * * * * * * * * * * * * * * * * * * * * * * * * * * * //

dimensions      [0 0 0 0 0 0 0];

internalField   nonuniform List<scalar> 
5000
(
0.156
0.156
0.156
0.156
0.156
0.156
0.156
0.156
0.156
0.156
0.156
0.156
0.156
0.156
0.156
0.156
0.156
0.156
0.156
0.156
0.156
0.156
0.156
0.156
0.156
0.156
0.156
0.156
0.156
0.156
0.156
0.156
0.156
0.156
0.156
0.156
0.156
0.156
0.156
0.156
0.156
0.156
0.155999
0.155998
0.155997
0.155996
0.155995
0.155995
0.155996
0.155997
0.155998
0.155999
0.155999
0.156
0.156
0.156
0.156
0.156
0.156
0.156
0.156
0.156
0.156
0.156
0.156
0.156
0.156
0.155999
0.155999
0.155999
0.155998
0.155998
0.155996
0.155989
0.155966
0.155896
0.155746
0.155491
0.155109
0.154579
0.15388
0.152942
0.151727
0.150233
0.148357
0.146108
0.143307
0.140191
0.137425
0.135
0.13188
0.126053
0.122367
0.122633
0.118466
0.0836423
0.00155056
3.62196e-23
5.86201e-26
1.50258e-27
0.156
0.156
0.156
0.156
0.156
0.156
0.156
0.156
0.156
0.156
0.156
0.156
0.156
0.156
0.156
0.156
0.156
0.156
0.156
0.156
0.156
0.156
0.156
0.156
0.156
0.156
0.156
0.156
0.156
0.156
0.156
0.156
0.156
0.156
0.156
0.156
0.156
0.156
0.156
0.156
0.155999
0.155997
0.155991
0.15598
0.155962
0.155938
0.15592
0.155923
0.155942
0.155962
0.155976
0.155985
0.155991
0.155994
0.155997
0.155998
0.155999
0.156
0.156
0.156
0.156
0.156
0.156
0.156
0.155999
0.155998
0.155996
0.155992
0.155986
0.155983
0.155985
0.155987
0.155984
0.155973
0.155941
0.155827
0.155548
0.155054
0.154284
0.153205
0.151809
0.150219
0.148339
0.146148
0.143343
0.139889
0.136321
0.132559
0.128444
0.124307
0.119086
0.10915
0.101712
0.105428
0.106521
0.0734927
0.000327616
2.60513e-23
5.68802e-26
1.4943e-27
0.156
0.156
0.156
0.156
0.156
0.156
0.156
0.156
0.156
0.156
0.156
0.156
0.156
0.156
0.156
0.156
0.156
0.156
0.156
0.156
0.156
0.156
0.156
0.156
0.156
0.156
0.156
0.156
0.156
0.156
0.156
0.156
0.156
0.156
0.156
0.156
0.156
0.156
0.156
0.155999
0.155995
0.155985
0.155949
0.15584
0.155591
0.155194
0.154784
0.154825
0.15513
0.155441
0.15566
0.155798
0.155881
0.155931
0.15596
0.155977
0.155987
0.155992
0.155996
0.155998
0.155999
0.155999
0.155998
0.155997
0.155993
0.155983
0.155959
0.155907
0.155814
0.155744
0.155787
0.155857
0.155899
0.155911
0.155871
0.155696
0.155207
0.15429
0.152835
0.150906
0.148733
0.146355
0.143511
0.140094
0.136534
0.132542
0.127695
0.122644
0.117469
0.111167
0.102662
0.0891658
0.0784562
0.083469
0.0927919
0.0602625
1.14867e-05
5.93414e-24
5.51303e-26
1.54743e-27
0.156
0.156
0.156
0.156
0.156
0.156
0.156
0.156
0.156
0.156
0.156
0.156
0.156
0.156
0.156
0.156
0.156
0.156
0.156
0.156
0.156
0.156
0.156
0.156
0.156
0.156
0.156
0.156
0.156
0.156
0.156
0.156
0.156
0.156
0.155999
0.155999
0.155999
0.155998
0.155997
0.155994
0.155985
0.155949
0.155828
0.155437
0.154353
0.151757
0.147709
0.145316
0.146225
0.149402
0.152278
0.153932
0.15483
0.155361
0.155648
0.155794
0.155876
0.155929
0.155963
0.15598
0.155988
0.155991
0.155989
0.155985
0.155971
0.155932
0.155816
0.155473
0.154376
0.152579
0.153098
0.154209
0.154947
0.155435
0.155643
0.155464
0.154786
0.153375
0.151174
0.148553
0.145699
0.142323
0.138607
0.134806
0.13028
0.125005
0.119603
0.113392
0.106304
0.0984121
0.0866194
0.0696664
0.0593563
0.0661313
0.0800548
0.0477036
5.83806e-07
1.82513e-24
5.68291e-26
1.65907e-27
0.156
0.156
0.156
0.156
0.156
0.156
0.156
0.156
0.156
0.156
0.156
0.156
0.156
0.156
0.156
0.156
0.156
0.156
0.156
0.156
0.156
0.156
0.156
0.156
0.156
0.156
0.156
0.156
0.156
0.156
0.156
0.155999
0.155998
0.155995
0.155989
0.155982
0.155981
0.155985
0.155984
0.155977
0.155954
0.15585
0.155501
0.154441
0.15185
0.147312
0.14025
0.132289
0.126817
0.127297
0.131288
0.139163
0.146961
0.150766
0.152858
0.154177
0.155049
0.155529
0.155755
0.15586
0.155915
0.155945
0.155953
0.155942
0.155902
0.15578
0.155411
0.154246
0.150725
0.143342
0.138429
0.14084
0.147625
0.153111
0.155078
0.155028
0.154275
0.152395
0.149617
0.146354
0.14259
0.13852
0.134484
0.129656
0.124148
0.11842
0.111671
0.104403
0.096497
0.0861434
0.0708169
0.0522819
0.047681
0.056158
0.0699645
0.0377403
9.92016e-09
1.70641e-24
5.85004e-26
1.73997e-27
0.156
0.156
0.156
0.156
0.156
0.156
0.156
0.156
0.156
0.156
0.156
0.156
0.156
0.156
0.156
0.156
0.156
0.156
0.156
0.155999
0.156
0.156
0.156
0.156
0.155999
0.155999
0.155998
0.155996
0.155995
0.155995
0.155994
0.15599
0.155978
0.155949
0.155885
0.155783
0.155775
0.155831
0.155872
0.155889
0.155856
0.155679
0.155042
0.15321
0.149502
0.143772
0.135713
0.125541
0.114437
0.104876
0.103522
0.105454
0.11048
0.119926
0.132608
0.143977
0.149917
0.152659
0.154103
0.154934
0.155415
0.155678
0.155811
0.155799
0.155697
0.15535
0.154401
0.151932
0.146766
0.136874
0.122541
0.119013
0.126068
0.143641
0.153424
0.154261
0.153608
0.151423
0.148089
0.144086
0.139526
0.135189
0.130286
0.124565
0.118605
0.111544
0.103995
0.0961654
0.0867988
0.0740888
0.0557997
0.0413464
0.0420875
0.0540597
0.0621544
0.0305918
5.94417e-11
1.62007e-24
5.72249e-26
1.66152e-27
0.156
0.156
0.156
0.156
0.156
0.156
0.156
0.156
0.156
0.155999
0.155998
0.155997
0.155997
0.155996
0.155996
0.155995
0.155992
0.155988
0.15598
0.155977
0.155981
0.155986
0.155989
0.15599
0.155987
0.155977
0.155958
0.155934
0.15592
0.155925
0.155928
0.155911
0.155858
0.155741
0.15541
0.154124
0.1536
0.154219
0.154791
0.155203
0.155483
0.155345
0.154444
0.151857
0.147313
0.14027
0.131429
0.119786
0.105612
0.0917817
0.0836201
0.0833518
0.0854799
0.09168
0.101337
0.111197
0.120556
0.130348
0.140924
0.148424
0.151983
0.15437
0.15537
0.155374
0.155119
0.154318
0.152423
0.148782
0.142142
0.131163
0.113614
0.0964581
0.0996047
0.121794
0.147214
0.152833
0.152442
0.15031
0.146563
0.141664
0.136685
0.131735
0.125899
0.119791
0.112613
0.104661
0.0965877
0.087712
0.0770368
0.0621417
0.043136
0.0374312
0.0418253
0.0584782
0.0571847
0.0260237
1.27931e-13
1.48485e-24
5.1177e-26
1.41404e-27
0.156
0.155999
0.155997
0.155995
0.155993
0.155992
0.155991
0.155989
0.155984
0.155973
0.155954
0.15593
0.155913
0.155907
0.155901
0.155885
0.155842
0.155751
0.155608
0.15547
0.155514
0.155653
0.155757
0.155819
0.155823
0.155745
0.155584
0.155288
0.154975
0.15503
0.155186
0.155271
0.155205
0.154924
0.153989
0.14992
0.1429
0.142785
0.146118
0.150615
0.154058
0.154493
0.153564
0.150404
0.144973
0.136816
0.126229
0.112741
0.0965585
0.080248
0.0707618
0.0702297
0.0721607
0.0772004
0.0830419
0.0862028
0.0886553
0.0920847
0.098207
0.110065
0.133873
0.149847
0.154041
0.154155
0.153666
0.15213
0.149293
0.144529
0.136339
0.12291
0.102584
0.0774898
0.0747251
0.0935475
0.13311
0.14996
0.150622
0.148881
0.144838
0.139184
0.133825
0.127901
0.121655
0.114599
0.106239
0.097819
0.0886649
0.0788793
0.0670773
0.0502585
0.0360507
0.0379494
0.0517284
0.0653997
0.0540922
0.0210388
3.52881e-16
1.31711e-24
4.24876e-26
1.09561e-27
0.155971
0.155909
0.15581
0.155709
0.155668
0.155671
0.155669
0.155626
0.155495
0.155222
0.154748
0.154153
0.153788
0.153839
0.153947
0.153949
0.153642
0.152685
0.15072
0.147475
0.145358
0.148077
0.150832
0.152812
0.154071
0.154366
0.153841
0.151512
0.146662
0.145084
0.146801
0.14889
0.150623
0.151334
0.149867
0.143754
0.130024
0.118153
0.121359
0.134396
0.148708
0.15281
0.152003
0.148694
0.142271
0.133185
0.12069
0.104407
0.0859925
0.068803
0.0613384
0.0614736
0.0640888
0.0661725
0.0665985
0.0647368
0.0622084
0.0624107
0.0648205
0.0727124
0.0937079
0.130515
0.149548
0.150945
0.150309
0.148342
0.144671
0.138337
0.128503
0.111417
0.0875572
0.0603555
0.052815
0.0660517
0.110193
0.143831
0.148191
0.146922
0.142763
0.136729
0.130527
0.123892
0.11713
0.10869
0.0998636
0.0902458
0.0800872
0.069584
0.0566582
0.0396064
0.0343
0.0431725
0.0685144
0.0708483
0.0503808
0.00985169
1.34894e-18
9.90052e-25
3.01824e-26
7.37478e-28
0.154746
0.152538
0.149358
0.146112
0.144316
0.144853
0.146254
0.14678
0.145548
0.142288
0.136556
0.129304
0.123387
0.123264
0.125244
0.130699
0.13477
0.133994
0.128343
0.112165
0.0946773
0.0953367
0.106869
0.126785
0.146686
0.149879
0.14844
0.1427
0.130031
0.113115
0.111078
0.115985
0.129826
0.141276
0.140879
0.134584
0.117859
0.0918556
0.0880777
0.100524
0.131068
0.149027
0.149402
0.146468
0.139118
0.128471
0.113714
0.0947085
0.0737886
0.0573151
0.0525597
0.0530737
0.053752
0.0531044
0.0500863
0.0453303
0.0411788
0.0402568
0.0409606
0.0458317
0.0643372
0.105781
0.139274
0.144976
0.144452
0.142269
0.137721
0.130326
0.117706
0.096258
0.0695554
0.0457777
0.0416843
0.0490669
0.0828914
0.130006
0.144646
0.144114
0.140174
0.134121
0.126833
0.119748
0.111697
0.102592
0.0926989
0.0818303
0.0707926
0.0596045
0.0461137
0.0323653
0.0333143
0.0533152
0.0797551
0.0739096
0.0454292
0.00117659
7.11977e-21
6.29986e-25
1.81781e-26
4.28808e-28
0.0609932
0.0740419
0.065307
0.0472339
0.0412894
0.0561594
0.0915754
0.112952
0.113009
0.107684
0.0925087
0.0700521
0.0557468
0.0570988
0.0657453
0.0866979
0.0985068
0.0985175
0.0935917
0.0701187
0.0416488
0.0387561
0.0476648
0.0763702
0.121249
0.139114
0.137714
0.129403
0.109548
0.0842055
0.0737665
0.0761266
0.0913376
0.119896
0.124481
0.117565
0.0968056
0.0672762
0.0532822
0.0630631
0.0994702
0.138644
0.145472
0.142982
0.135509
0.122803
0.104792
0.082862
0.0605798
0.0464239
0.0428488
0.0426891
0.0421341
0.0394754
0.034523
0.0292947
0.0261606
0.0256042
0.0262127
0.0308204
0.0476852
0.0888416
0.126328
0.135853
0.135675
0.133769
0.128349
0.11855
0.101805
0.0769516
0.0532151
0.0414603
0.0397199
0.0431965
0.0603549
0.110556
0.139182
0.140283
0.137284
0.130914
0.122897
0.114911
0.10568
0.0958474
0.0845751
0.0724956
0.0606584
0.0491775
0.0361199
0.0277251
0.0322261
0.063789
0.0850706
0.0736306
0.0397685
5.75662e-06
1.36075e-22
3.4872e-25
9.95132e-27
2.31897e-28
2.59661e-05
0.00174523
0.00116516
0.000570116
0.00117492
0.00932004
0.0394506
0.0638889
0.0656553
0.0589293
0.039377
0.0180038
0.010964
0.0126517
0.0230751
0.0444345
0.0573063
0.0571078
0.0480945
0.0247039
0.0102127
0.0104694
0.0189657
0.0498799
0.104531
0.12489
0.122769
0.109647
0.084983
0.0578737
0.0419501
0.0438608
0.0642982
0.0982222
0.101768
0.092324
0.069786
0.0364706
0.0280321
0.0332756
0.0651137
0.120996
0.139383
0.137905
0.130499
0.115749
0.0942567
0.0691988
0.0474239
0.0360927
0.0330498
0.0320876
0.0302355
0.0260064
0.0207525
0.017128
0.0157201
0.01564
0.0169356
0.0221658
0.0379844
0.0762453
0.111845
0.123591
0.123822
0.121733
0.11478
0.101018
0.0806396
0.0531647
0.0459369
0.0510779
0.0507983
0.0486485
0.0567117
0.0942814
0.132988
0.136525
0.133957
0.126917
0.118477
0.109002
0.0992379
0.0880319
0.0754067
0.0622114
0.0499204
0.039098
0.0275378
0.023936
0.030581
0.0717809
0.0857584
0.0697032
0.0364496
2.11995e-10
5.824e-24
1.82974e-25
5.12221e-27
1.19121e-28
8.5854e-08
6.93037e-07
1.43135e-06
2.77421e-06
1.18292e-05
0.00016748
0.00363914
0.011596
0.0135845
0.00997091
0.00344475
0.000730724
0.000583942
0.00115305
0.00415853
0.0113543
0.0165813
0.0159593
0.00981939
0.00307003
0.00235451
0.00540433
0.0218596
0.0597618
0.0972462
0.10596
0.101345
0.0851427
0.0599317
0.0282813
0.0201763
0.0258353
0.0504846
0.0755509
0.0766491
0.0646722
0.0340469
0.019775
0.0242874
0.0290293
0.0474815
0.105571
0.132796
0.131949
0.123451
0.105709
0.0810304
0.0545104
0.0355033
0.0265338
0.0233441
0.0211947
0.0179564
0.0138096
0.0105125
0.00889869
0.00856318
0.00879489
0.0104786
0.0156664
0.029791
0.0613124
0.0929661
0.106626
0.107658
0.104969
0.0955603
0.078351
0.0534819
0.0406132
0.0514112
0.0705771
0.0699336
0.0615811
0.0642776
0.0903593
0.127807
0.132781
0.129827
0.122289
0.112751
0.102473
0.0915819
0.0789916
0.0651879
0.0511925
0.0396009
0.0298923
0.02092
0.0200968
0.0296021
0.0762919
0.0839142
0.0614202
0.0252103
3.02323e-16
2.83183e-24
8.79324e-26
2.4589e-27
5.96242e-29
1.70421e-08
4.78899e-08
9.42925e-08
2.11051e-07
7.45392e-07
4.47511e-06
2.59213e-05
9.03473e-05
0.000125956
8.44466e-05
3.41011e-05
1.87994e-05
2.18476e-05
4.41749e-05
0.000158711
0.000513169
0.000786663
0.000688284
0.000328468
0.000202163
0.000431781
0.00305026
0.0192203
0.0557328
0.0789859
0.0814713
0.0767847
0.0580245
0.0266696
0.00891128
0.00784208
0.0134471
0.0343988
0.0457389
0.042914
0.0263082
0.0154938
0.022237
0.0537824
0.0566388
0.0622725
0.101538
0.125825
0.124556
0.114359
0.0931751
0.0655941
0.0406824
0.0246506
0.0170246
0.0135354
0.0108721
0.008188
0.00592314
0.00455377
0.00401719
0.00399812
0.00437806
0.00584194
0.00987772
0.0212157
0.045361
0.0708619
0.0853247
0.0871687
0.0836846
0.0723164
0.0517387
0.0336365
0.0361907
0.0721256
0.0913434
0.0888888
0.0771588
0.0752298
0.0953588
0.125282
0.128728
0.125029
0.116702
0.105636
0.0947218
0.082458
0.0686976
0.0539934
0.0404269
0.0302176
0.0219883
0.0157454
0.0164824
0.0290519
0.0787732
0.0803118
0.0502205
0.00217626
2.14374e-20
1.26006e-24
3.94241e-26
1.1849e-27
3.12753e-29
6.9831e-09
1.63359e-08
2.86392e-08
5.10188e-08
1.23208e-07
3.36891e-07
8.78315e-07
1.76109e-06
2.16219e-06
1.96212e-06
1.38508e-06
1.24855e-06
1.65544e-06
3.14031e-06
7.01754e-06
1.261e-05
1.66758e-05
1.69158e-05
1.58274e-05
2.00184e-05
5.79437e-05
0.000743609
0.00798858
0.0322562
0.0497176
0.0516243
0.0432999
0.0232697
0.00554044
0.00171193
0.00181835
0.00394828
0.0104299
0.0136358
0.011479
0.0075096
0.00936493
0.0350343
0.078836
0.0863157
0.0883357
0.107775
0.120048
0.116573
0.101786
0.0769954
0.0497269
0.0276402
0.014246
0.00861913
0.00595255
0.00417646
0.00282355
0.00192634
0.00148372
0.00135672
0.00141164
0.00172902
0.00267803
0.0051631
0.012299
0.0296367
0.0495901
0.0622142
0.0641696
0.0604889
0.0480821
0.0282864
0.0245947
0.0431139
0.0938275
0.106178
0.102781
0.091287
0.0889071
0.103518
0.123871
0.124705
0.119716
0.108935
0.0973275
0.0851116
0.0717218
0.0570795
0.0426772
0.0306571
0.0221086
0.0152022
0.0116128
0.0132016
0.0295577
0.0800221
0.0754318
0.0401284
5.06049e-07
1.04924e-22
5.37291e-25
1.93829e-26
6.52026e-28
1.83319e-29
3.80439e-09
8.18811e-09
1.45687e-08
2.38162e-08
3.85083e-08
6.2038e-08
9.26314e-08
1.21157e-07
1.34566e-07
1.30469e-07
1.14726e-07
1.16186e-07
1.45097e-07
2.17689e-07
3.87282e-07
5.79732e-07
7.8738e-07
9.72249e-07
1.36451e-06
2.50214e-06
8.45622e-06
5.66306e-05
0.000964923
0.00759014
0.0153924
0.0166734
0.0109947
0.00268916
0.000272131
0.000108544
0.000122198
0.000273441
0.000787349
0.00124324
0.00136076
0.00199596
0.00814082
0.0410862
0.0901635
0.106148
0.109543
0.114249
0.114088
0.105087
0.0853552
0.0591705
0.0344822
0.0147421
0.00624922
0.0031401
0.00174285
0.000988596
0.000557131
0.000356854
0.000281342
0.00027171
0.000308528
0.000444226
0.000852721
0.00204052
0.00551022
0.0144557
0.029048
0.0405178
0.0421204
0.0376389
0.0242922
0.0167509
0.0200389
0.0558556
0.107424
0.116069
0.112665
0.103112
0.101948
0.112401
0.122307
0.120801
0.112556
0.0996455
0.0866245
0.0734354
0.0593419
0.0450415
0.0323041
0.0221276
0.0150268
0.0097923
0.00832626
0.0108575
0.0324251
0.0804291
0.0694776
0.0333776
2.5325e-12
6.6281e-24
2.99291e-25
1.19208e-26
4.1354e-28
1.17255e-29
4.40151e-09
8.85094e-09
1.41292e-08
1.80403e-08
1.96808e-08
2.0632e-08
2.09862e-08
1.95723e-08
1.66496e-08
1.50663e-08
1.28667e-08
1.24377e-08
1.40472e-08
1.8102e-08
2.44095e-08
3.13889e-08
4.65116e-08
6.68455e-08
1.06415e-07
2.1054e-07
7.00946e-07
3.99019e-06
3.03724e-05
0.000215444
0.000637995
0.00071146
0.000263535
4.86543e-05
1.26003e-05
8.10627e-06
8.82484e-06
1.42617e-05
2.6755e-05
4.74818e-05
9.44848e-05
0.000481839
0.00558592
0.0381471
0.0845715
0.106128
0.110042
0.110218
0.104208
0.0889472
0.0662522
0.0422953
0.0179669
0.00556772
0.0017399
0.000570565
0.000232102
0.00012005
7.36505e-05
5.51051e-05
4.90528e-05
5.02379e-05
6.02627e-05
8.7338e-05
0.000167178
0.00050008
0.00176634
0.00514833
0.0116547
0.0187963
0.0197924
0.0161446
0.0112042
0.0109751
0.0192176
0.0617153
0.113556
0.121592
0.119895
0.114091
0.113569
0.118902
0.120286
0.115848
0.103131
0.0875886
0.073354
0.0597876
0.0463366
0.0338479
0.0231059
0.0146699
0.0092874
0.00605073
0.00582375
0.00911051
0.0379533
0.0797533
0.0624525
0.0242072
1.58155e-15
4.47001e-24
2.02017e-25
7.84697e-27
2.66198e-28
7.44662e-30
7.78733e-09
1.35878e-08
1.43281e-08
1.15599e-08
9.11621e-09
6.86819e-09
4.64702e-09
3.40401e-09
2.31139e-09
1.77586e-09
1.34707e-09
1.18841e-09
1.24867e-09
1.43103e-09
1.76613e-09
2.1857e-09
2.77051e-09
3.59462e-09
5.82548e-09
1.11417e-08
3.27619e-08
1.51498e-07
7.994e-07
3.59924e-06
7.1444e-06
7.42218e-06
3.68211e-06
1.20931e-06
5.26954e-07
3.8702e-07
4.2582e-07
7.00689e-07
1.47287e-06
4.01229e-06
1.43633e-05
8.77065e-05
0.00232897
0.0258845
0.0682916
0.0940389
0.100753
0.0982016
0.0872639
0.0690548
0.048166
0.0215106
0.00588458
0.00109093
0.000187298
6.13833e-05
3.10846e-05
1.8861e-05
1.28812e-05
1.01979e-05
1.00241e-05
1.1249e-05
1.46624e-05
2.17641e-05
4.04785e-05
9.58754e-05
0.000338752
0.0012477
0.00338294
0.00598496
0.00664582
0.00590033
0.00565407
0.00793463
0.0186669
0.0612514
0.113591
0.123878
0.12383
0.122226
0.120905
0.120405
0.117836
0.108214
0.0911445
0.0726247
0.0580544
0.0456115
0.0341902
0.0237925
0.0149788
0.00877847
0.00526949
0.00372962
0.00413818
0.0083248
0.045266
0.0778203
0.0547394
0.0112924
6.7961e-18
3.01888e-24
1.28613e-25
4.78434e-27
1.59668e-28
4.43658e-30
1.20724e-08
1.00039e-08
6.02271e-09
2.70266e-09
1.33766e-09
6.66736e-10
3.40837e-10
2.06468e-10
1.43457e-10
9.21807e-11
7.12018e-11
6.9154e-11
7.08488e-11
7.45658e-11
8.00631e-11
8.73302e-11
1.04276e-10
1.47967e-10
2.24899e-10
3.90553e-10
9.4725e-10
3.42189e-09
1.2006e-08
3.86737e-08
6.29649e-08
6.68445e-08
4.45567e-08
2.43729e-08
1.56366e-08
1.33659e-08
1.6608e-08
2.91336e-08
8.16693e-08
3.38446e-07
1.8916e-06
1.51209e-05
0.000330228
0.0100774
0.0475155
0.0730794
0.0803048
0.0775906
0.066716
0.0498159
0.0234024
0.00628754
0.000770397
8.11443e-05
2.06938e-05
7.39217e-06
3.92494e-06
2.41506e-06
1.75856e-06
1.581e-06
1.72865e-06
2.21242e-06
3.359e-06
5.45312e-06
1.09779e-05
2.53343e-05
6.58191e-05
0.000197724
0.000663528
0.00145405
0.00199605
0.00236358
0.00333903
0.00636354
0.0162793
0.0517848
0.105544
0.123626
0.124916
0.124376
0.122572
0.119571
0.111987
0.097445
0.0757804
0.055933
0.0428796
0.0325269
0.0230735
0.0147917
0.00865799
0.00484233
0.00283225
0.00234407
0.00310138
0.00888657
0.0527167
0.0743995
0.0469409
0.00239944
8.67199e-20
1.78925e-24
7.33645e-26
2.69908e-27
9.02912e-29
2.50861e-30
4.69175e-09
8.11185e-10
9.76549e-11
2.92555e-11
1.20176e-11
5.8159e-12
2.86744e-12
2.10046e-12
1.72627e-12
1.67139e-12
1.7221e-12
1.8948e-12
2.0441e-12
2.12787e-12
2.19828e-12
2.31143e-12
2.55341e-12
3.01092e-12
4.12143e-12
9.53303e-12
2.0878e-11
5.22379e-11
1.44457e-10
3.42453e-10
5.41203e-10
6.04699e-10
5.27352e-10
3.99284e-10
3.43065e-10
3.51261e-10
4.60267e-10
8.7478e-10
3.62723e-09
2.01372e-08
1.36598e-07
1.33124e-06
2.7252e-05
0.00155239
0.0193479
0.0467717
0.0582432
0.0554323
0.0415743
0.0213915
0.00586024
0.000497092
4.13252e-05
6.61159e-06
1.64619e-06
6.53485e-07
3.71662e-07
2.49061e-07
2.10681e-07
2.18827e-07
2.78059e-07
4.18512e-07
7.53429e-07
1.37201e-06
3.12208e-06
7.45059e-06
1.90223e-05
4.69012e-05
0.000119892
0.000300277
0.000581948
0.00103267
0.00209679
0.00474175
0.0128464
0.0416946
0.0924404
0.117573
0.121574
0.121765
0.120238
0.114926
0.102362
0.083103
0.058591
0.0401508
0.0287172
0.020054
0.0131196
0.00799901
0.00464581
0.00258341
0.0015776
0.00156615
0.00256756
0.0110673
0.0587787
0.0699505
0.0397018
5.99272e-05
5.10664e-22
1.00988e-24
4.1323e-26
1.52428e-27
5.06573e-29
1.39038e-30
6.1758e-22
3.03664e-19
1.88394e-17
2.90135e-16
7.92178e-16
9.57699e-16
1.07192e-15
1.55859e-15
3.35821e-15
5.36467e-15
1.01703e-14
1.6649e-14
2.02221e-14
2.21307e-14
2.37038e-14
2.58897e-14
2.96582e-14
3.85872e-14
5.53563e-14
7.74505e-14
2.46668e-13
5.99967e-13
1.35628e-12
2.54621e-12
3.54437e-12
4.058e-12
4.11963e-12
4.01631e-12
3.96019e-12
4.28098e-12
6.36023e-12
1.82585e-11
7.31936e-11
4.91049e-10
3.92345e-09
4.12601e-08
1.04594e-06
4.761e-05
0.00243349
0.0150603
0.023625
0.0218253
0.0126748
0.00316076
0.000201058
1.546e-05
1.62347e-06
2.70244e-07
7.52979e-08
3.57885e-08
2.55503e-08
2.01293e-08
2.03744e-08
2.68599e-08
4.3392e-08
8.21762e-08
1.77391e-07
3.76402e-07
9.40629e-07
2.3821e-06
5.97101e-06
1.51055e-05
3.69669e-05
8.28718e-05
0.000179959
0.000425215
0.00111295
0.0028599
0.00853654
0.0312606
0.0734682
0.103144
0.111223
0.113443
0.112026
0.104383
0.0882098
0.0654809
0.0416674
0.0241023
0.0147301
0.00951566
0.00616232
0.00391843
0.00247687
0.00145882
0.0010392
0.0012196
0.00249241
0.0152933
0.0637924
0.0646
0.0333554
2.13987e-07
4.04444e-23
6.10673e-25
2.43991e-26
8.69769e-28
2.77758e-29
7.36461e-31
9.81553e-25
3.38458e-24
7.632e-24
1.58454e-22
3.31611e-22
4.81227e-21
2.56694e-20
9.54558e-20
6.79888e-19
2.34631e-18
4.54405e-18
1.08634e-17
1.94639e-17
2.59294e-17
3.22514e-17
3.97879e-17
9.03219e-17
1.83259e-16
2.96205e-16
6.43096e-16
1.10659e-15
3.78018e-15
6.64564e-15
1.79861e-14
2.56745e-14
2.9517e-14
3.01489e-14
2.92235e-14
2.81975e-14
3.04204e-14
4.07761e-14
8.63296e-14
4.73764e-13
3.33664e-12
2.65171e-11
3.14291e-10
7.24474e-09
4.96255e-07
2.4726e-05
0.000397017
0.00145245
0.00114374
0.000267525
3.09274e-05
2.2746e-06
1.70511e-07
2.16863e-08
4.95394e-09
2.02039e-09
1.06651e-09
9.95822e-10
1.02397e-09
1.5859e-09
3.09748e-09
6.9289e-09
1.77744e-08
4.48387e-08
1.15737e-07
3.14942e-07
8.44623e-07
2.09775e-06
5.27383e-06
1.37729e-05
3.23309e-05
6.83591e-05
0.000144758
0.000389551
0.00118683
0.0044538
0.0199349
0.0524266
0.080458
0.0918551
0.0968904
0.0962007
0.0876109
0.0688144
0.0465891
0.0235912
0.00979456
0.00551276
0.00369147
0.00263764
0.00200303
0.00157055
0.00112491
0.000946958
0.00122949
0.00291148
0.0220792
0.0661607
0.0573685
0.0283685
1.60142e-11
9.19203e-24
3.73791e-25
1.3941e-26
4.65339e-28
1.40392e-29
3.56283e-31
8.06324e-26
2.6651e-25
6.66791e-25
1.27932e-24
2.21644e-24
3.6374e-24
5.55619e-24
8.18054e-24
7.26515e-23
1.98329e-22
3.2395e-22
1.40577e-21
3.96899e-21
6.5904e-21
9.39294e-21
3.5923e-20
7.33354e-20
1.77889e-19
6.07341e-19
1.34679e-18
3.78211e-18
1.16324e-17
2.82892e-17
3.84371e-17
4.10952e-17
4.04959e-17
3.5493e-17
2.89855e-17
2.4324e-17
2.55769e-17
3.66543e-17
1.25654e-16
5.91903e-16
4.19141e-15
3.52883e-14
3.06131e-13
6.06354e-12
3.98876e-10
2.45171e-08
6.21503e-07
2.22441e-06
1.72788e-06
4.36604e-07
4.15274e-08
3.41417e-09
4.60037e-10
1.04043e-10
4.555e-11
3.34129e-11
3.39446e-11
4.48874e-11
6.37078e-11
1.48837e-10
4.53937e-10
1.22899e-09
4.97672e-09
1.43935e-08
4.26595e-08
1.20349e-07
3.12542e-07
7.89674e-07
1.89561e-06
5.02293e-06
1.19955e-05
2.49219e-05
4.75254e-05
0.000101707
0.000287649
0.00160765
0.00928086
0.0306259
0.0543841
0.0656003
0.0726412
0.0728435
0.0648267
0.0475225
0.0262555
0.00820378
0.00303304
0.00193551
0.00156048
0.00146751
0.00154301
0.00151308
0.0012443
0.00107198
0.00145627
0.00403133
0.0313425
0.0652546
0.0484268
0.0183813
4.97281e-16
5.12195e-24
1.99203e-25
6.86856e-27
2.15275e-28
6.19349e-30
1.51628e-31
4.76464e-27
1.76976e-26
5.28855e-26
1.18221e-25
2.37896e-25
4.36739e-25
7.32134e-25
1.13714e-24
1.65379e-24
2.28363e-24
3.01356e-24
3.84927e-24
4.83185e-24
6.04468e-24
7.58346e-24
9.59604e-24
7.80099e-23
2.12638e-22
3.80161e-22
4.63379e-21
9.54269e-21
4.05229e-20
5.16217e-20
4.83915e-20
2.59481e-20
8.8395e-21
5.57812e-21
4.11278e-21
3.98794e-21
4.84722e-21
7.8697e-21
2.87228e-20
1.09578e-19
8.02688e-19
3.81896e-18
3.10839e-17
4.34511e-16
1.09995e-14
6.26497e-13
1.21477e-11
5.3138e-11
4.79142e-11
1.7286e-11
3.81385e-12
1.16782e-12
4.85062e-13
3.36251e-13
3.49111e-13
5.08706e-13
1.00517e-12
2.34546e-12
5.51963e-12
2.32405e-11
8.9877e-11
4.36806e-10
1.53714e-09
6.22117e-09
1.74822e-08
5.06943e-08
1.2393e-07
2.91059e-07
6.63774e-07
1.66749e-06
3.69081e-06
7.05385e-06
1.24356e-05
2.54206e-05
6.35216e-05
0.000334986
0.00284446
0.010536
0.025861
0.0372807
0.0458066
0.0470918
0.0403844
0.0235257
0.00813494
0.00218859
0.00118287
0.00111304
0.00116942
0.00140226
0.00188333
0.00200007
0.00177064
0.00151767
0.00214037
0.00691382
0.0409068
0.0601826
0.0380536
0.00167467
5.54496e-20
2.32926e-24
8.46491e-26
2.79146e-27
8.46665e-29
2.36806e-30
5.65543e-32
2.40545e-28
9.80687e-28
3.35929e-27
8.52615e-27
1.91504e-26
3.83027e-26
6.9211e-26
1.14694e-25
1.77994e-25
2.63493e-25
3.77233e-25
5.29251e-25
7.35216e-25
1.0107e-24
1.38629e-24
1.92694e-24
2.73371e-24
3.92571e-24
5.67981e-24
8.01983e-24
9.70091e-24
9.79604e-24
9.06746e-24
7.59635e-24
6.07013e-24
5.01992e-24
4.52914e-24
4.66852e-24
5.22977e-24
6.2373e-24
7.91648e-24
1.0482e-23
4.96438e-23
2.10839e-22
4.12937e-22
4.38089e-21
1.27457e-20
1.16691e-19
1.13154e-18
7.35553e-18
5.36058e-17
2.02441e-16
3.49518e-16
4.50183e-16
6.7122e-16
1.14479e-15
1.78322e-15
6.15238e-15
1.91141e-14
6.04263e-14
1.70322e-13
1.25279e-12
5.55243e-12
3.68481e-11
1.76275e-10
8.10161e-10
3.10403e-09
8.47981e-09
2.122e-08
4.80375e-08
9.14949e-08
2.16924e-07
4.73326e-07
9.20603e-07
1.56163e-06
2.44441e-06
5.09546e-06
1.38701e-05
6.67767e-05
0.000484558
0.0021352
0.00590136
0.00985473
0.0149827
0.0166666
0.0126026
0.00548494
0.00173374
0.000927993
0.000932299
0.00105253
0.00132606
0.00189896
0.00304317
0.00338971
0.00303567
0.00263769
0.0036035
0.0131236
0.0473417
0.0505316
0.0290792
9.26231e-08
2.46279e-23
8.39963e-25
3.02498e-26
9.81646e-28
2.9101e-29
7.95884e-31
1.86804e-32
9.55362e-30
4.56222e-29
1.80162e-28
5.13974e-28
1.27914e-27
2.76988e-27
5.39142e-27
9.61681e-27
1.61473e-26
2.60164e-26
4.08061e-26
6.30371e-26
9.65768e-26
1.47123e-25
2.2287e-25
3.33119e-25
4.93874e-25
7.18272e-25
9.97702e-25
1.24809e-24
1.28922e-24
1.15811e-24
9.48809e-25
7.47086e-25
6.06383e-25
5.5911e-25
6.30938e-25
8.4184e-25
1.22067e-24
1.81402e-24
2.86223e-24
4.56099e-24
7.09381e-24
1.04559e-23
1.44554e-23
1.49173e-22
3.50867e-22
5.86264e-22
7.03679e-21
1.41962e-20
8.1548e-20
1.5846e-19
8.58226e-19
1.96921e-18
6.29795e-18
2.9264e-17
9.72918e-17
5.08121e-16
1.82036e-15
1.11044e-14
7.62592e-14
5.19537e-13
3.59712e-12
2.4558e-11
1.23086e-10
5.41599e-10
1.34717e-09
4.13523e-09
8.76802e-09
1.6756e-08
3.24893e-08
5.94765e-08
1.05377e-07
1.79722e-07
2.7618e-07
4.00498e-07
8.82667e-07
2.97344e-06
1.73385e-05
8.84153e-05
0.000298727
0.000841577
0.00144074
0.00224085
0.002477
0.00186054
0.000937733
0.000658445
0.000755788
0.00106165
0.00144357
0.001987
0.00308008
0.00513217
0.00569941
0.00520169
0.00478498
0.00666742
0.0236546
0.050922
0.0388796
0.0164011
9.5425e-17
6.75603e-24
2.73124e-25
9.60338e-27
3.03604e-28
8.83527e-30
2.39382e-31
5.61213e-33
3.31958e-31
1.80878e-30
7.99208e-30
2.52936e-29
6.91937e-29
1.63006e-28
3.44861e-28
6.71007e-28
1.23336e-27
2.17848e-27
3.74598e-27
6.32096e-27
1.05193e-26
1.7318e-26
2.81712e-26
4.48257e-26
6.78033e-26
9.50626e-26
1.20655e-25
1.32251e-25
1.23672e-25
1.02932e-25
8.20389e-26
7.15973e-26
7.94944e-26
1.13803e-25
1.86203e-25
3.63599e-25
8.33406e-25
1.75659e-24
3.26277e-24
5.45184e-24
8.34989e-24
1.19153e-23
1.6088e-23
1.70023e-22
3.64853e-22
5.7767e-22
5.00786e-21
1.11974e-20
3.43228e-20
1.08366e-19
3.00921e-19
1.13874e-18
3.61648e-18
8.86764e-18
5.89371e-17
4.02776e-16
1.63636e-15
1.07777e-14
7.92724e-14
5.71245e-13
3.92045e-12
2.4393e-11
9.6629e-11
3.66156e-10
8.73469e-10
1.44162e-09
3.15033e-09
5.10204e-09
8.83772e-09
1.49371e-08
2.25194e-08
3.14225e-08
4.25078e-08
6.26156e-08
1.66311e-07
8.25971e-07
6.25191e-06
3.12551e-05
8.22704e-05
0.00015593
0.000222342
0.000313795
0.000362631
0.00034346
0.000335766
0.000438855
0.000949127
0.00187329
0.00257225
0.00344688
0.00509912
0.00793334
0.00862708
0.00813114
0.00820214
0.0128308
0.035846
0.0473413
0.0298296
3.04768e-05
7.22264e-22
1.97109e-24
7.71564e-26
2.67072e-27
8.41131e-29
2.46085e-30
6.73839e-32
1.60338e-33
9.87313e-33
6.14735e-32
3.01745e-31
1.05784e-30
3.18959e-30
8.22659e-30
1.90304e-29
4.05081e-29
8.14267e-29
1.56713e-28
2.92502e-28
5.32607e-28
9.49433e-28
1.66077e-27
2.83983e-27
4.66503e-27
7.0346e-27
9.5276e-27
1.13778e-26
1.13094e-26
1.01662e-26
8.95168e-27
9.2248e-27
1.29031e-26
2.26112e-26
4.8499e-26
1.32402e-25
3.74055e-25
9.33433e-25
2.02619e-24
3.8571e-24
6.53865e-24
1.00531e-23
1.42999e-23
6.87885e-23
2.68593e-22
4.84089e-22
1.60294e-21
7.69433e-21
1.4257e-20
6.03066e-20
1.40556e-19
5.78894e-19
1.4984e-18
5.48258e-18
2.27758e-17
8.11729e-17
5.90221e-16
2.30105e-15
2.55402e-14
1.21267e-13
9.10517e-13
5.44437e-12
2.72349e-11
8.08719e-11
2.10424e-10
4.26484e-10
6.36617e-10
8.75562e-10
1.23441e-09
1.74607e-09
3.28096e-09
4.24204e-09
4.60287e-09
5.62373e-09
1.02771e-08
4.5845e-08
4.02715e-07
3.97449e-06
1.96048e-05
4.14789e-05
6.06507e-05
7.2493e-05
8.93724e-05
0.000106026
0.000128345
0.000182936
0.000424106
0.00158678
0.00371579
0.00509375
0.00648726
0.00863399
0.0115472
0.0119393
0.0117916
0.013098
0.0238931
0.043052
0.0368628
0.0177553
2.54754e-15
1.02484e-23
4.90968e-25
1.95172e-26
6.87524e-28
2.20463e-29
6.58267e-31
1.83937e-32
4.46538e-34
2.59339e-34
1.83463e-33
9.89191e-33
3.81166e-32
1.26001e-31
3.55242e-31
8.96056e-31
2.07705e-30
4.53684e-30
9.4478e-30
1.89716e-29
3.68762e-29
6.97255e-29
1.28244e-28
2.2748e-28
3.81718e-28
5.73072e-28
7.61865e-28
8.93728e-28
9.00122e-28
9.36615e-28
1.17045e-27
1.90657e-27
3.89302e-27
1.0206e-26
3.12038e-26
9.74662e-26
2.94263e-25
7.80354e-25
1.78541e-24
3.55462e-24
6.24628e-24
9.89396e-24
1.44388e-23
5.82489e-23
2.81624e-22
5.31189e-22
2.97163e-21
1.04738e-20
2.23952e-20
1.12319e-19
3.17288e-19
1.31255e-18
4.51292e-18
1.23708e-17
7.13155e-17
4.81151e-16
1.85026e-15
1.1501e-14
7.55114e-14
4.10047e-13
2.36079e-12
7.12127e-12
2.70748e-11
6.34828e-11
9.4387e-11
1.38156e-10
1.65218e-10
2.08344e-10
2.77551e-10
5.20742e-10
6.31627e-10
6.037e-10
5.71503e-10
7.41107e-10
1.72959e-09
2.01238e-08
3.5354e-07
3.90965e-06
1.59602e-05
2.36358e-05
2.30652e-05
2.20164e-05
2.49804e-05
3.30341e-05
5.36999e-05
0.00011998
0.000491776
0.00255017
0.00658412
0.00941819
0.0117696
0.0140504
0.0157717
0.0156294
0.0161153
0.0212732
0.0381949
0.0422403
0.0267519
6.86838e-05
9.09591e-22
2.52996e-24
1.19783e-25
4.81586e-27
1.73151e-28
5.66678e-30
1.72404e-31
4.88867e-33
1.1996e-34
6.09845e-36
4.82052e-35
2.82911e-34
1.19671e-33
4.33562e-33
1.3329e-32
3.65221e-32
9.17692e-32
2.16353e-31
4.82828e-31
1.0339e-30
2.13124e-30
4.25814e-30
8.21935e-30
1.51321e-29
2.62356e-29
4.03422e-29
5.59387e-29
7.29848e-29
9.18169e-29
1.36599e-28
2.47308e-28
5.37395e-28
1.5181e-27
4.88225e-27
1.5884e-26
5.07251e-26
1.57888e-25
4.40866e-25
1.07681e-24
2.32002e-24
4.44109e-24
7.64728e-24
1.20388e-23
1.76339e-23
1.92231e-22
4.87734e-22
2.59622e-21
1.1943e-20
5.28307e-20
1.66195e-19
9.89807e-19
3.31181e-18
9.84549e-18
6.73297e-17
4.54876e-16
1.74095e-15
1.0211e-14
6.21814e-14
1.68159e-13
1.00766e-12
3.24043e-12
6.98343e-12
1.67243e-11
3.14658e-11
3.59014e-11
3.56736e-11
3.60157e-11
4.20289e-11
6.86151e-11
9.34679e-11
8.4337e-11
5.7993e-11
5.35509e-11
9.13734e-11
6.67355e-10
1.61309e-08
4.85816e-07
4.9397e-06
1.07972e-05
8.2182e-06
4.15308e-06
3.23003e-06
4.21769e-06
8.37401e-06
2.24064e-05
8.22965e-05
0.000568802
0.00370529
0.00978917
0.0144053
0.0177145
0.0195821
0.01985
0.0197525
0.0220641
0.0340825
0.0435163
0.0347518
0.0182859
1.34473e-14
1.17143e-23
6.26711e-25
2.91798e-26
1.17591e-27
4.26275e-29
1.40575e-30
4.29142e-32
1.21445e-33
2.96105e-35
6.3161e-38
1.13296e-36
7.19273e-36
3.32028e-35
1.3036e-34
4.328e-34
1.28053e-33
3.46142e-33
8.72331e-33
2.06776e-32
4.70097e-32
1.03193e-31
2.2085e-31
4.59075e-31
9.10476e-31
1.73264e-30
3.00929e-30
4.97721e-30
8.4635e-30
1.47009e-29
2.87264e-29
6.35156e-29
1.71969e-28
5.55467e-28
1.84489e-27
6.05911e-27
1.94352e-26
6.06212e-26
1.73808e-25
4.55919e-25
1.10369e-24
2.44101e-24
4.89042e-24
8.85106e-24
1.45644e-23
8.2542e-23
4.23253e-22
1.97404e-21
1.29562e-20
7.76913e-20
2.32864e-19
1.56993e-18
7.0517e-18
4.53555e-17
3.12563e-16
1.38816e-15
8.08582e-15
5.13719e-14
1.44853e-13
5.9613e-13
1.22372e-12
2.41078e-12
3.621e-12
6.00767e-12
7.16458e-12
6.64273e-12
5.08775e-12
4.9327e-12
6.91657e-12
1.06105e-11
1.0778e-11
7.05192e-12
3.64124e-12
4.01124e-12
1.13262e-11
3.10992e-10
2.37077e-08
7.35541e-07
4.48468e-06
3.54022e-06
9.58929e-07
2.68082e-07
2.86318e-07
6.38863e-07
2.08483e-06
7.85376e-06
4.9394e-05
0.00066089
0.00540844
0.0133341
0.0187153
0.0217919
0.023255
0.0237755
0.0248728
0.032015
0.0428945
0.0376958
0.0277287
6.5715e-05
1.08317e-21
3.04686e-24
1.52152e-25
6.82711e-27
2.70887e-28
9.726e-30
3.17573e-31
9.57063e-33
2.66211e-34
6.35771e-36
1.69248e-40
4.89099e-39
8.47573e-38
8.11978e-37
3.42737e-36
1.22177e-35
3.87073e-35
1.11597e-34
2.98926e-34
7.51746e-34
1.83158e-33
4.41169e-33
1.07523e-32
2.63559e-32
6.28972e-32
1.48e-31
3.2621e-31
6.88455e-31
1.47577e-30
3.09925e-30
6.97604e-30
1.81486e-29
5.69067e-29
1.90883e-28
6.38624e-28
2.1021e-27
6.75506e-27
2.11026e-26
6.3593e-26
1.87634e-25
5.3492e-25
1.40662e-24
3.28888e-24
6.73474e-24
1.21498e-23
1.96407e-23
3.39237e-22
7.51204e-22
1.17865e-20
7.03905e-20
2.17047e-19
1.67984e-18
8.40427e-18
6.7449e-17
5.74115e-16
2.48493e-15
2.42595e-14
9.92205e-14
1.6783e-13
3.10737e-13
3.84092e-13
4.41723e-13
6.52803e-13
1.01436e-12
1.03029e-12
7.52219e-13
4.0541e-13
4.76873e-13
1.07538e-12
2.1328e-12
1.14659e-12
1.93607e-13
1.22358e-13
1.90675e-13
4.01998e-12
3.64869e-10
5.24602e-08
9.83664e-07
1.27899e-06
3.73998e-07
2.81354e-08
1.04856e-08
2.11453e-08
9.96793e-08
3.84166e-07
1.63663e-06
2.94109e-05
0.00109792
0.00889081
0.0175294
0.0219853
0.0230991
0.0244878
0.0280684
0.0319577
0.0403201
0.0391639
0.0313804
0.00325685
5.95087e-18
1.01412e-23
6.13787e-25
3.10052e-26
1.3766e-27
5.38635e-29
1.90553e-30
6.11588e-32
1.8028e-33
4.88143e-35
7.75704e-37
4.00592e-43
1.28887e-41
2.44355e-40
2.95059e-39
2.75239e-38
1.98869e-37
1.00561e-36
3.07465e-36
8.72661e-36
2.34834e-35
6.35314e-35
1.80911e-34
5.54098e-34
1.7743e-33
5.58684e-33
1.72247e-32
4.84108e-32
1.22731e-31
2.99717e-31
7.0935e-31
1.80614e-30
5.45028e-30
1.85619e-29
6.40465e-29
2.18964e-28
7.39006e-28
2.45611e-27
8.02198e-27
2.58023e-26
8.19116e-26
2.56083e-25
7.58079e-25
1.97311e-24
4.43371e-24
8.6689e-24
1.49961e-23
1.21859e-22
5.09213e-22
5.18745e-21
1.82731e-20
1.55208e-19
1.25282e-18
7.0607e-18
6.37285e-17
6.24648e-16
4.11771e-15
3.11393e-14
7.45025e-14
7.78547e-14
5.31391e-14
2.60266e-14
3.05343e-14
6.60179e-14
1.15696e-13
1.03007e-13
5.71707e-14
3.64658e-14
6.04663e-14
1.64236e-13
1.66612e-13
5.77247e-14
3.03642e-15
3.02513e-15
2.39166e-14
2.36904e-12
7.4691e-10
8.86906e-08
2.93228e-07
1.14658e-07
6.31202e-09
2.81663e-10
2.80904e-10
1.63106e-09
1.26628e-08
2.6615e-08
2.16479e-07
2.74619e-05
0.00331057
0.0142929
0.0204884
0.021141
0.0201686
0.0233149
0.0282142
0.0314593
0.0366673
0.0290048
0.00683037
2.22157e-15
1.4624e-23
1.13839e-24
7.86774e-26
4.44685e-27
2.11544e-28
8.43214e-30
2.97095e-31
9.38315e-33
2.70188e-34
7.10642e-36
4.02009e-38
9.17145e-46
2.99e-44
5.96139e-43
7.80646e-42
7.8817e-41
6.15779e-40
4.04289e-39
2.2995e-38
1.1775e-37
5.74762e-37
2.10667e-36
7.70288e-36
3.11052e-35
1.30248e-34
5.16371e-34
1.96358e-33
6.84618e-33
2.11548e-32
6.06143e-32
1.65311e-31
4.81271e-31
1.65498e-30
5.93817e-30
2.10147e-29
7.33479e-29
2.52445e-28
8.56716e-28
2.8625e-27
9.42577e-27
3.0571e-26
9.70144e-26
2.98666e-25
8.21571e-25
1.98766e-24
4.26845e-24
8.1867e-24
1.41865e-23
6.03646e-23
4.69535e-22
4.95178e-21
2.0824e-20
2.12715e-19
2.30314e-18
3.18198e-17
4.64508e-16
2.30859e-15
8.94024e-15
7.08473e-15
1.66799e-15
3.7468e-16
3.39244e-16
7.18274e-16
3.10131e-15
1.01432e-14
5.18536e-15
1.81679e-15
1.79122e-15
4.00866e-15
2.61926e-14
1.3202e-14
6.08838e-16
6.17819e-17
1.17218e-16
5.93832e-15
2.74964e-12
1.34564e-09
6.09508e-08
2.94005e-08
1.77292e-09
1.4263e-11
2.79913e-12
5.91039e-12
1.22821e-10
4.38269e-10
7.24413e-10
4.1947e-08
0.000118695
0.00843143
0.0170342
0.0186175
0.0171864
0.0145342
0.0174025
0.0222464
0.0243294
0.0282675
0.0182803
1.33772e-09
2.34139e-23
1.41599e-24
8.69749e-26
5.65411e-27
3.49525e-28
1.88941e-29
8.41286e-31
3.16777e-32
1.02209e-33
2.9257e-35
4.02523e-37
1.28366e-39
3.10738e-48
7.33432e-47
1.32807e-45
1.76987e-44
1.87134e-43
1.54519e-42
1.08148e-41
6.64886e-41
3.83025e-40
2.29136e-39
1.66212e-38
1.53771e-37
1.6497e-36
8.57287e-36
3.87596e-35
1.63752e-34
6.47636e-34
2.337e-33
9.05243e-33
3.50263e-32
1.20806e-31
4.52102e-31
1.70602e-30
6.23854e-30
2.22491e-29
7.75279e-29
2.64943e-28
8.89939e-28
2.94754e-27
9.62784e-27
3.08891e-26
9.42081e-26
2.56957e-25
6.24216e-25
1.40571e-24
2.9852e-24
5.97039e-24
1.12237e-23
1.96859e-23
3.61491e-22
3.65778e-21
3.0923e-20
4.60067e-19
5.51002e-18
6.1596e-17
2.52769e-16
1.0085e-16
9.64519e-18
1.03285e-18
8.13906e-19
2.03635e-18
3.07492e-17
5.8201e-16
6.53978e-16
1.46228e-16
5.45383e-17
8.08646e-17
7.81239e-16
2.31276e-15
4.92886e-16
3.7135e-18
2.1347e-18
1.1984e-17
2.77164e-15
3.64704e-12
1.5957e-09
1.07222e-08
6.57629e-10
2.78954e-12
2.69819e-14
1.70151e-14
8.77457e-14
4.24821e-12
3.87419e-12
6.73477e-12
1.55943e-08
0.000781295
0.0111712
0.0152907
0.0136254
0.0055722
0.000104582
0.000242848
0.00591741
0.00357619
0.00375028
0.000103745
1.14265e-20
3.28849e-24
1.47682e-25
6.51618e-27
2.98165e-28
1.50967e-29
8.71279e-31
4.62412e-32
1.83299e-33
6.29226e-35
1.51217e-36
6.35474e-39
1.98659e-41
2.42896e-50
3.46137e-49
4.03251e-48
4.23287e-47
4.05622e-46
3.29087e-45
2.3767e-44
1.58984e-43
1.08886e-42
8.68858e-42
9.12047e-41
1.22577e-39
1.72474e-38
2.27083e-37
2.30167e-36
1.0214e-35
4.35886e-35
1.74933e-34
8.10325e-34
4.43066e-33
2.519e-32
1.08686e-31
4.42248e-31
1.68948e-30
6.23706e-30
2.2299e-29
7.74512e-29
2.62601e-28
8.75645e-28
2.8778e-27
9.20123e-27
2.7371e-26
7.29553e-26
1.75759e-25
3.97902e-25
8.63825e-25
1.82957e-24
3.94327e-24
8.25343e-24
1.57973e-23
1.43634e-22
7.08258e-22
1.30724e-20
8.97741e-20
1.57326e-19
1.07393e-19
1.21868e-20
7.16539e-22
7.1096e-22
5.72032e-21
1.0897e-19
2.46239e-18
1.358e-17
1.15655e-17
2.40514e-18
1.55497e-18
2.62466e-18
5.26207e-17
9.71992e-17
8.20912e-18
1.75315e-19
1.93159e-19
3.65895e-18
2.09903e-15
3.46528e-12
6.28687e-10
6.40991e-10
1.35172e-12
8.57542e-16
7.5572e-17
6.56916e-17
3.69975e-16
1.96112e-14
1.0897e-14
4.5335e-14
1.06403e-08
0.0022231
0.0104346
0.0101889
0.00267811
1.85512e-06
6.36292e-17
1.52446e-19
2.14224e-14
3.5447e-17
3.31188e-18
1.30409e-21
9.35051e-24
4.429e-25
1.60469e-26
5.31858e-28
1.70019e-29
5.89313e-31
2.58519e-32
1.4565e-33
8.00132e-35
2.57273e-36
1.10722e-38
4.27834e-41
1.28842e-43
2.60383e-52
3.24095e-51
2.82292e-50
2.02078e-49
1.33853e-48
8.35314e-48
5.28467e-47
3.59963e-46
2.98484e-45
3.30709e-44
4.96861e-43
8.77297e-42
1.4439e-40
2.11478e-39
2.46833e-38
2.3927e-37
2.2257e-36
9.82031e-36
5.21109e-35
3.43633e-34
2.4721e-33
1.67656e-32
9.58088e-32
3.99988e-31
1.5614e-30
5.79061e-30
2.0441e-29
6.9544e-29
2.31078e-28
7.51866e-28
2.34781e-27
6.7583e-27
1.76328e-26
4.24896e-26
9.75954e-26
2.16601e-25
4.71935e-25
1.03498e-24
2.1998e-24
4.29956e-24
7.53237e-24
1.17781e-23
1.57384e-23
1.67179e-23
1.54238e-23
1.2966e-23
1.05755e-23
1.10402e-23
1.57384e-23
2.10609e-22
6.25728e-21
1.38557e-19
2.54234e-19
1.9265e-19
2.41366e-20
2.00359e-20
7.31936e-20
1.29824e-18
2.11053e-18
2.49486e-19
1.69566e-20
2.12151e-20
1.10329e-18
7.42434e-16
8.08701e-13
3.0852e-11
9.27912e-12
1.07752e-15
5.46518e-19
2.33343e-19
1.49282e-19
2.92164e-19
4.62941e-17
1.35874e-17
1.10103e-16
4.45026e-09
0.00233733
0.00604532
0.000848204
6.29934e-06
3.90988e-10
3.96921e-22
5.01143e-24
1.10734e-23
8.18973e-24
6.28087e-24
2.40193e-24
3.78509e-25
4.04239e-26
1.48498e-27
4.08622e-29
1.0308e-30
2.55793e-32
7.85074e-34
3.55091e-35
2.21121e-36
2.55362e-38
9.38644e-41
2.78872e-43
7.40138e-46
2.65248e-54
3.31146e-53
2.78491e-52
1.81487e-51
9.96162e-51
4.7568e-50
2.22993e-49
1.21773e-48
1.00047e-47
1.36736e-46
2.5965e-45
5.35462e-44
9.69708e-43
1.50713e-41
1.90102e-40
1.94258e-39
1.93467e-38
2.08349e-37
2.76853e-36
2.09141e-35
1.70435e-34
1.31298e-33
8.80243e-33
4.98828e-32
2.41938e-31
1.01359e-30
3.71709e-30
1.24548e-29
3.92442e-29
1.19201e-28
3.54556e-28
1.02925e-27
2.85311e-27
7.5253e-27
1.84971e-26
4.23781e-26
9.22372e-26
1.90754e-25
3.58265e-25
5.94319e-25
8.94737e-25
1.202e-24
1.40253e-24
1.43137e-24
1.38285e-24
1.43862e-24
1.79196e-24
2.66878e-24
5.33206e-24
1.29218e-23
6.46845e-23
5.73565e-22
6.6683e-22
5.19318e-22
1.61898e-22
1.24825e-22
4.06006e-22
6.43857e-21
1.82753e-20
1.04844e-20
7.92577e-22
9.49241e-22
8.92804e-20
4.04214e-17
1.74021e-14
1.02105e-13
1.43943e-14
1.60069e-18
9.2859e-22
6.45156e-22
3.4153e-22
6.60176e-22
9.89661e-20
6.50359e-20
2.1189e-19
1.72072e-10
0.00100539
0.00292585
1.12529e-06
1.89263e-14
2.07516e-20
8.82965e-24
6.24285e-25
3.70201e-25
2.71534e-25
1.93487e-25
6.64104e-26
1.12398e-26
1.33413e-27
1.05918e-28
2.70637e-30
6.00363e-32
1.26526e-33
2.90129e-35
4.72934e-37
5.91477e-39
1.20225e-40
1.23202e-42
3.23731e-45
8.44989e-48
2.39374e-56
3.04557e-55
2.59379e-54
1.70427e-53
9.27612e-53
4.29072e-52
1.88485e-51
9.25046e-51
6.56946e-50
7.86353e-49
1.38395e-47
2.82743e-46
5.30088e-45
8.51166e-44
1.12758e-42
1.232e-41
1.30566e-40
1.60812e-39
2.79896e-38
6.72032e-37
8.90461e-36
7.32855e-35
5.2534e-34
3.23115e-33
1.68818e-32
7.55256e-32
2.86893e-31
9.68796e-31
3.03531e-30
9.19965e-30
2.80347e-29
8.58712e-29
2.54762e-28
7.21364e-28
1.88797e-27
4.43745e-27
9.56678e-27
1.87673e-26
3.24273e-26
4.97288e-26
6.9316e-26
8.69976e-26
9.82619e-26
1.06504e-25
1.29508e-25
1.96354e-25
3.40659e-25
6.35863e-25
1.44919e-24
3.35495e-24
5.93439e-24
7.71275e-24
7.73185e-24
7.263e-24
6.89722e-24
7.81703e-24
1.15401e-23
2.24544e-23
4.82411e-23
2.53432e-23
1.97836e-23
2.29026e-23
6.41832e-22
1.47477e-19
5.50767e-18
6.10298e-18
7.57732e-19
1.01714e-21
1.76439e-23
1.24857e-23
9.90917e-24
1.27321e-23
1.70641e-22
3.54832e-22
2.97517e-22
5.95824e-14
9.74567e-05
0.00115455
4.83219e-07
1.98279e-19
1.20082e-23
1.0856e-24
1.02423e-25
1.54201e-26
6.64469e-27
4.37123e-27
1.48392e-27
2.67227e-28
3.51616e-29
3.57773e-30
1.97408e-31
4.01724e-33
8.19312e-35
1.26927e-36
4.78887e-39
2.61295e-41
2.32488e-43
3.81114e-45
4.15175e-47
1.59711e-49
1.89563e-58
2.45364e-57
2.12326e-56
1.42304e-55
7.94468e-55
3.8407e-54
1.84144e-53
1.0705e-52
8.61414e-52
8.84792e-51
1.08201e-49
1.61157e-48
2.61611e-47
4.11533e-46
5.53948e-45
6.32904e-44
7.26316e-43
1.00689e-41
2.01534e-40
5.46748e-39
1.56454e-37
3.31549e-36
2.49146e-35
1.60664e-34
8.76972e-34
4.03279e-33
1.54674e-32
5.21992e-32
1.63202e-31
4.99272e-31
1.57182e-30
5.05158e-30
1.57492e-29
4.6613e-29
1.25167e-28
2.96117e-28
6.35361e-28
1.21431e-27
2.00878e-27
2.94414e-27
3.94651e-27
4.82885e-27
5.58165e-27
7.11476e-27
1.22259e-26
2.66697e-26
5.88159e-26
1.21792e-25
2.46727e-25
4.1552e-25
5.64454e-25
6.68989e-25
7.15235e-25
7.7584e-25
9.86764e-25
1.48665e-24
2.50728e-24
4.2395e-24
4.64473e-24
4.28773e-24
4.404e-24
6.01384e-24
1.30092e-23
1.06535e-22
4.37148e-22
3.67061e-22
3.02126e-23
1.46977e-23
4.31031e-24
1.5866e-24
1.05768e-24
1.7277e-24
4.09323e-24
5.34946e-24
6.97709e-24
4.72126e-18
7.01497e-08
0.000108436
5.28735e-09
7.1014e-22
3.98235e-24
3.05737e-25
2.47702e-26
2.06699e-27
2.47617e-28
8.48694e-29
2.68754e-29
5.14595e-30
7.48422e-31
8.77113e-32
8.47645e-33
3.36986e-34
6.93671e-36
3.40067e-38
1.2118e-40
4.81634e-43
2.31713e-45
1.48492e-47
1.81345e-49
3.53759e-51
1.31475e-60
1.72918e-59
1.52271e-58
1.04779e-57
6.10095e-57
3.21452e-56
1.85325e-55
1.42901e-54
1.41822e-53
1.49645e-52
1.53604e-51
1.59661e-50
1.75195e-49
2.10286e-48
2.52783e-47
2.79193e-46
3.29091e-45
5.03139e-44
1.11617e-42
3.30821e-41
1.0154e-39
2.72031e-38
5.91695e-37
6.21233e-36
3.50917e-35
1.63033e-34
6.24066e-34
2.10125e-33
6.56396e-33
2.03616e-32
6.62217e-32
2.21332e-31
7.14249e-31
2.16694e-30
5.87732e-30
1.39599e-29
2.98873e-29
5.60652e-29
9.0316e-29
1.29634e-28
1.71124e-28
2.08559e-28
2.555e-28
4.0092e-28
9.08809e-28
2.344e-27
5.52181e-27
1.13881e-26
2.00978e-26
2.94551e-26
3.71079e-26
4.3363e-26
4.84697e-26
6.06379e-26
9.65133e-26
1.74663e-25
2.79586e-25
3.64612e-25
3.73118e-25
3.71968e-25
5.40712e-25
1.0722e-24
2.14253e-24
3.36322e-24
3.61999e-24
3.23235e-24
2.37647e-24
1.50431e-24
8.73868e-25
2.97232e-25
9.16242e-26
9.83904e-26
2.05043e-25
2.80622e-25
1.29913e-24
1.2519e-20
8.91121e-13
8.50364e-08
3.53053e-12
2.61253e-22
2.41786e-24
1.42405e-25
9.05416e-27
6.05521e-28
4.23897e-29
3.79126e-30
5.26267e-31
9.55533e-32
1.42667e-32
1.79754e-33
1.95423e-34
1.8866e-35
2.6781e-37
8.7797e-40
3.05106e-42
1.08926e-44
4.30168e-47
2.60617e-49
3.60585e-51
7.73917e-53
8.05038e-63
1.0786e-61
9.70733e-61
6.9328e-60
4.34229e-59
2.66387e-58
1.99685e-57
2.00179e-56
2.29588e-55
2.56581e-54
2.61843e-53
2.48119e-52
2.18951e-51
1.85195e-50
1.55904e-49
1.37003e-48
1.42131e-47
2.13771e-46
4.93261e-45
1.53512e-43
4.92717e-42
1.37149e-40
3.10611e-39
5.44563e-38
7.45442e-37
5.18208e-36
1.97383e-35
6.60834e-35
2.06582e-34
6.52338e-34
2.18798e-33
7.5296e-33
2.475e-32
7.57128e-32
2.05541e-31
4.88818e-31
1.04282e-30
1.92962e-30
3.06651e-30
4.36953e-30
5.73842e-30
7.03273e-30
9.29063e-30
1.77692e-29
4.79652e-29
1.3286e-28
3.15767e-28
6.32913e-28
1.05415e-27
1.46703e-27
1.79752e-27
2.08211e-27
2.38126e-27
3.25261e-27
5.79296e-27
1.08652e-26
1.64734e-26
1.97931e-26
1.93983e-26
1.98115e-26
3.27278e-26
7.11077e-26
1.26461e-25
1.64818e-25
1.69971e-25
1.49837e-25
1.11753e-25
7.27384e-26
4.28164e-26
2.20422e-26
1.09099e-26
5.78715e-27
7.91351e-27
1.22754e-26
2.11768e-25
1.51512e-23
5.76596e-20
8.79725e-20
3.93372e-22
1.02411e-23
6.4788e-25
3.80564e-26
2.32888e-27
1.4727e-28
9.36337e-30
5.75867e-31
3.74918e-32
2.7365e-33
2.68423e-34
3.25345e-35
3.59739e-36
1.21787e-37
3.38225e-39
1.95108e-41
5.91009e-44
1.88507e-46
7.91226e-49
7.40855e-51
1.4111e-52
3.20051e-54
4.43777e-65
6.08805e-64
5.66652e-63
4.32021e-62
3.06456e-61
2.34286e-60
2.27969e-59
2.71967e-58
3.38738e-57
3.95283e-56
4.14531e-55
3.95988e-54
3.43238e-53
2.67808e-52
1.83069e-51
1.18984e-50
8.74982e-50
9.66726e-49
1.85919e-47
5.43284e-46
1.74287e-44
4.95155e-43
1.15198e-41
2.08911e-40
2.94022e-39
2.96538e-38
2.16967e-37
1.30942e-36
5.09522e-36
1.63653e-35
5.63679e-35
1.98768e-34
6.62049e-34
2.03006e-33
5.48401e-33
1.29795e-32
2.74992e-32
5.03058e-32
7.96405e-32
1.13979e-31
1.49819e-31
1.85599e-31
2.6549e-31
5.95149e-31
1.78478e-30
5.1239e-30
1.21881e-29
2.40385e-29
3.91934e-29
5.36482e-29
6.52306e-29
7.50385e-29
8.63496e-29
1.22665e-28
2.29692e-28
4.30893e-28
6.333e-28
7.36151e-28
7.12695e-28
7.21565e-28
1.15282e-27
2.37393e-27
3.99081e-27
5.05113e-27
5.23836e-27
4.67389e-27
3.57862e-27
2.41262e-27
1.49217e-27
8.41294e-28
4.47685e-28
2.5375e-28
2.64764e-28
4.60573e-28
2.04166e-26
1.19687e-24
6.6073e-24
4.11058e-24
1.56705e-24
4.00452e-25
9.22076e-26
7.46019e-27
4.18963e-28
2.41282e-29
1.44924e-30
8.5522e-32
4.76886e-33
2.59557e-34
1.4204e-35
4.12116e-37
7.97704e-39
2.28986e-40
6.32095e-42
1.51593e-43
1.10435e-45
3.43918e-48
2.14876e-50
3.2396e-52
7.25631e-54
1.72593e-55
2.28328e-67
3.24248e-66
3.19035e-65
2.70235e-64
2.28116e-63
2.18524e-62
2.5619e-61
3.3751e-60
4.41676e-59
5.32665e-58
5.73882e-57
5.65246e-56
5.04493e-55
4.02759e-54
2.71663e-53
1.62848e-52
1.00704e-51
8.03206e-51
9.72473e-50
1.91914e-48
5.10932e-47
1.37788e-45
3.19905e-44
5.91265e-43
8.38067e-42
8.3536e-41
6.02772e-40
3.58407e-39
1.96221e-38
1.13619e-37
7.41554e-37
4.03636e-36
1.3606e-35
4.19391e-35
1.13064e-34
2.663e-34
5.61131e-34
1.02014e-33
1.61708e-33
2.3253e-33
3.06729e-33
3.85955e-33
5.93747e-33
1.49651e-32
4.78835e-32
1.40689e-31
3.34638e-31
6.56873e-31
1.06882e-30
1.46287e-30
1.78549e-30
2.0474e-30
2.34807e-30
3.35675e-30
6.35905e-30
1.16932e-29
1.68888e-29
1.94116e-29
1.88817e-29
1.8827e-29
2.80294e-29
5.35198e-29
8.67215e-29
1.10393e-28
1.16465e-28
1.06325e-28
8.45222e-29
5.99953e-29
3.97221e-29
2.43055e-29
1.41496e-29
8.38143e-30
7.67755e-30
1.51738e-29
1.18354e-27
4.48283e-26
2.05042e-25
1.01293e-25
3.82952e-26
9.85224e-27
2.26617e-27
4.62321e-28
6.29639e-29
3.14903e-30
1.64961e-31
8.75474e-33
4.57441e-34
2.30872e-35
6.51941e-37
6.59384e-39
6.52235e-41
6.65946e-43
9.87038e-45
2.26507e-46
5.25886e-48
8.57368e-50
8.53593e-52
1.48517e-53
3.35434e-55
7.89427e-57
1.15583e-69
1.72517e-68
1.84546e-67
1.78348e-66
1.79014e-65
2.03666e-64
2.66729e-63
3.71903e-62
5.03308e-61
6.22954e-60
6.87614e-59
6.99659e-58
6.44834e-57
5.28772e-56
3.64814e-55
2.19774e-54
1.33789e-53
9.89632e-53
9.50091e-52
1.17543e-50
1.82572e-49
3.44267e-48
6.81418e-47
1.19773e-45
1.65778e-44
1.62174e-43
1.15568e-42
6.7783e-42
3.67143e-41
2.12896e-40
1.40982e-39
9.81041e-39
6.20439e-38
3.40659e-37
1.51518e-36
4.2985e-36
8.9946e-36
1.62593e-35
2.58415e-35
3.73319e-35
4.93786e-35
6.30813e-35
1.03346e-34
2.83773e-34
9.48189e-34
2.82565e-33
6.70668e-33
1.31499e-32
2.15508e-32
2.9811e-32
3.6973e-32
4.26218e-32
4.8782e-32
6.88374e-32
1.28776e-31
2.30134e-31
3.27282e-31
3.77359e-31
3.73454e-31
3.67538e-31
5.00635e-31
8.76288e-31
1.38412e-30
1.78516e-30
1.93488e-30
1.8276e-30
1.51616e-30
1.13451e-30
8.04615e-31
5.31852e-31
3.41907e-31
2.17306e-31
1.8925e-31
3.73771e-31
2.41469e-29
9.26212e-28
3.34165e-27
1.41481e-27
5.68569e-28
1.53295e-28
3.78445e-29
8.08593e-30
1.57272e-30
2.71683e-31
2.19963e-32
9.85403e-34
4.4426e-35
1.52484e-36
1.40065e-38
1.24004e-40
1.0453e-42
8.61213e-45
7.33334e-47
8.08988e-49
1.93045e-50
8.85369e-52
3.45306e-53
5.88232e-55
1.3401e-56
3.2164e-58
6.02882e-72
9.52509e-71
1.1138e-69
1.21679e-68
1.39432e-67
1.76336e-66
2.46169e-65
3.55503e-64
4.9259e-63
6.22819e-62
7.04459e-61
7.37722e-60
6.97852e-59
5.86647e-58
4.0961e-57
2.50418e-56
1.56395e-55
1.16096e-54
1.07196e-53
1.16349e-52
1.31526e-51
1.49033e-50
1.77041e-49
2.22795e-48
2.58413e-47
2.32018e-46
1.58428e-45
9.07736e-45
4.85972e-44
2.82209e-43
1.88785e-42
1.33887e-41
8.64881e-41
4.82087e-40
2.15297e-39
7.73209e-39
2.31053e-38
5.57292e-38
1.12353e-37
1.96158e-37
2.99365e-37
4.40859e-37
9.8094e-37
4.05413e-36
1.39207e-35
4.18376e-35
9.92433e-35
1.95616e-34
3.25268e-34
4.58831e-34
5.82266e-34
6.76846e-34
7.73092e-34
1.06339e-33
1.92146e-33
3.31323e-33
4.67157e-33
5.4318e-33
5.5072e-33
5.43449e-33
6.93995e-33
1.11345e-32
1.70037e-32
2.22937e-32
2.48179e-32
2.43268e-32
2.11229e-32
1.6738e-32
1.27427e-32
9.04781e-33
6.42664e-33
4.35142e-33
3.62961e-33
5.03649e-33
2.08487e-31
1.11141e-29
3.22644e-29
1.35268e-29
5.9842e-30
1.63804e-30
4.25399e-31
9.45295e-32
2.04601e-32
3.91609e-33
6.55845e-34
9.67759e-35
5.46693e-36
5.50126e-38
4.31394e-40
3.33014e-42
2.54434e-44
1.9923e-46
1.84791e-48
2.8596e-50
7.58443e-52
2.46433e-53
8.10852e-55
2.60441e-56
7.58481e-58
1.99675e-59
3.22171e-74
5.34944e-73
6.73628e-72
8.0509e-71
1.00476e-69
1.35415e-68
1.96683e-67
2.91162e-66
4.10481e-65
5.28719e-64
6.12659e-63
6.56893e-62
6.33405e-61
5.36502e-60
3.76217e-59
2.35269e-58
1.50472e-57
1.11556e-56
1.01498e-55
1.07158e-54
1.13756e-53
1.10312e-52
9.57624e-52
7.55755e-51
5.55049e-50
3.59589e-49
2.01893e-48
1.03317e-47
5.188e-47
2.90578e-46
1.89988e-45
1.33146e-44
8.55488e-44
4.73293e-43
2.09653e-42
7.48715e-42
2.22034e-41
5.35182e-41
1.08607e-40
1.90317e-40
2.92126e-40
4.39101e-40
1.03449e-39
5.38098e-39
3.48447e-38
1.82147e-37
6.65071e-37
1.86095e-36
3.73595e-36
5.36654e-36
6.94424e-36
8.11995e-36
9.23154e-36
1.22798e-35
2.1166e-35
3.53323e-35
4.95761e-35
5.85456e-35
6.1268e-35
6.10963e-35
7.37986e-35
1.08613e-34
1.6066e-34
2.13194e-34
2.44384e-34
2.49397e-34
2.26284e-34
1.88927e-34
1.5455e-34
1.16162e-34
9.05198e-35
6.46793e-35
5.33112e-35
5.36261e-35
1.27565e-33
7.9311e-32
1.85223e-31
7.93242e-32
3.99027e-32
1.13083e-32
3.21299e-33
7.44295e-34
1.72265e-34
3.5026e-35
6.64755e-36
6.38919e-37
3.52197e-38
1.63071e-39
1.64673e-41
1.1332e-43
8.07571e-46
6.54484e-48
8.21723e-50
1.90803e-51
5.96411e-53
1.96137e-54
6.33657e-56
1.98268e-57
5.94219e-59
1.56885e-60
1.67368e-76
2.8834e-75
3.82938e-74
4.85546e-73
6.38338e-72
8.96482e-71
1.33956e-69
2.01248e-68
2.86908e-67
3.75226e-66
4.42794e-65
4.81993e-64
4.68597e-63
3.96838e-62
2.81566e-61
1.81209e-60
1.176e-59
8.65188e-59
7.74758e-58
8.05398e-57
8.41022e-56
7.95338e-55
6.57043e-54
4.67223e-53
2.83243e-52
1.39933e-51
5.79541e-51
2.18248e-50
8.19479e-50
3.51315e-49
1.83458e-48
1.09564e-47
6.36827e-47
3.30874e-46
1.40996e-45
4.92083e-45
1.43896e-44
3.45123e-44
7.01541e-44
1.23025e-43
1.89763e-43
2.90362e-43
7.0973e-43
3.8478e-42
2.53961e-41
1.33906e-40
4.94583e-40
1.41223e-39
3.16816e-39
5.57834e-39
8.3953e-39
1.06565e-38
1.28029e-38
1.87598e-38
3.9743e-38
8.25887e-38
1.39178e-37
1.85715e-37
2.09011e-37
2.14333e-37
2.67501e-37
4.22843e-37
7.14052e-37
1.09292e-36
1.37357e-36
1.48712e-36
1.36293e-36
1.11648e-36
9.04687e-37
6.31405e-37
4.6904e-37
2.93421e-37
2.18904e-37
1.72241e-37
5.26316e-36
3.48381e-34
6.84338e-34
3.21569e-34
1.76765e-34
5.11055e-35
1.57951e-35
3.79298e-36
4.7177e-37
4.61086e-38
4.23483e-39
3.30704e-40
2.19185e-41
1.24492e-42
5.70647e-44
2.25417e-45
2.76335e-47
2.64155e-49
4.97742e-51
1.44911e-52
4.74429e-54
1.56177e-55
5.00114e-57
1.54241e-58
4.55683e-60
1.18983e-61
7.97215e-79
1.40759e-77
1.93773e-76
2.55864e-75
3.48699e-74
5.03814e-73
7.65037e-72
1.159e-70
1.66287e-69
2.19464e-68
2.63434e-67
2.89532e-66
2.81371e-65
2.37651e-64
1.71695e-63
1.13376e-62
7.44485e-62
5.41994e-61
4.76841e-60
4.8842e-59
5.04199e-58
4.71166e-57
3.82704e-56
2.65097e-55
1.57343e-54
7.58562e-54
2.96775e-53
1.00162e-52
3.16844e-52
1.05829e-51
3.96914e-51
1.63199e-50
6.73135e-50
2.64495e-49
9.22991e-49
2.81425e-48
7.4774e-48
1.69121e-47
3.31587e-47
5.68842e-47
8.72576e-47
1.33768e-46
3.27249e-46
1.76591e-45
1.15985e-44
6.11548e-44
2.28828e-43
6.6684e-43
1.52775e-42
2.75741e-42
4.23733e-42
5.42642e-42
6.52287e-42
9.24352e-42
1.83105e-41
3.69741e-41
6.33944e-41
8.77831e-41
1.0387e-40
1.0958e-40
1.3132e-40
1.891e-40
3.02322e-40
4.60844e-40
5.96031e-40
6.73393e-40
6.47892e-40
5.57699e-40
4.75452e-40
3.47005e-40
2.71113e-40
1.74864e-40
1.28715e-40
8.93197e-41
9.67324e-40
4.7262e-37
1.03136e-36
3.78648e-37
1.75889e-37
2.93502e-38
5.68167e-39
7.06479e-40
9.06344e-41
9.24875e-42
9.03503e-43
7.57556e-44
5.61098e-45
3.68227e-46
2.17643e-47
1.26907e-48
7.82921e-50
5.71783e-51
3.62623e-52
1.13324e-53
3.78346e-55
1.25581e-56
3.99035e-58
1.21221e-59
3.52528e-61
9.09269e-63
3.33983e-81
6.02019e-80
8.53444e-79
1.1578e-77
1.61267e-76
2.37637e-75
3.64452e-74
5.52565e-73
7.94122e-72
1.05758e-70
1.28694e-69
1.41384e-68
1.3597e-67
1.14154e-66
8.44797e-66
5.76682e-65
3.82243e-64
2.72592e-63
2.33732e-62
2.34873e-61
2.3911e-60
2.20226e-59
1.75061e-58
1.17738e-57
6.68882e-57
3.20259e-56
1.25649e-55
4.21933e-55
1.31802e-54
4.29223e-54
1.52735e-53
5.66485e-53
1.97709e-52
6.1778e-52
1.67235e-51
3.96122e-51
8.30848e-51
1.54039e-50
2.57009e-50
3.89667e-50
5.4688e-50
7.74304e-50
1.60984e-49
6.84595e-49
3.79079e-48
1.82971e-47
6.65901e-47
1.92786e-46
4.42569e-46
8.1226e-46
1.26508e-45
1.6466e-45
2.008e-45
2.79132e-45
5.21336e-45
1.02776e-44
1.79704e-44
2.61707e-44
3.24726e-44
3.58195e-44
4.18894e-44
5.65374e-44
8.60329e-44
1.29178e-43
1.6915e-43
1.95368e-43
1.93134e-43
1.70804e-43
1.45516e-43
1.07684e-43
8.22407e-44
5.27757e-44
3.72434e-44
2.35479e-44
7.98237e-44
2.70888e-41
5.18724e-41
2.17455e-41
1.05356e-41
1.89777e-42
3.91293e-43
5.12588e-44
6.91206e-45
7.45063e-46
7.89589e-47
7.62002e-48
7.33449e-49
7.48365e-50
8.36435e-51
1.00426e-51
1.20072e-52
1.38056e-53
1.4619e-54
1.4148e-55
1.3044e-56
9.52338e-58
2.95838e-59
8.91048e-61
2.54213e-62
6.39725e-64
)
;

boundaryField
{
    AXIS
    {
        type            empty;
    }
    OUTLET
    {
        type            calculated;
        value           nonuniform List<scalar> 
50
(
1.50258e-27
1.4943e-27
1.54743e-27
1.65907e-27
1.73997e-27
1.66152e-27
1.41404e-27
1.09561e-27
7.37478e-28
4.28808e-28
2.31897e-28
1.19121e-28
5.96242e-29
3.12753e-29
1.83319e-29
1.17255e-29
7.44662e-30
4.43658e-30
2.50861e-30
1.39038e-30
7.36461e-31
3.56283e-31
1.51628e-31
5.65543e-32
1.86804e-32
5.61213e-33
1.60338e-33
4.46538e-34
1.1996e-34
2.96105e-35
6.35771e-36
7.75704e-37
4.02009e-38
1.28366e-39
1.98659e-41
1.28842e-43
7.40138e-46
8.44989e-48
1.59711e-49
3.53759e-51
7.73917e-53
3.20051e-54
1.72593e-55
7.89427e-57
3.2164e-58
1.99675e-59
1.56885e-60
1.18983e-61
9.09269e-63
6.39725e-64
)
;
    }
    COFLOW
    {
        type            calculated;
        value           uniform 0;
    }
    PILOT
    {
        type            calculated;
        value           nonuniform List<scalar> 10(5.56873e-05 9.99811e-10 8.50003e-17 7.68857e-18 5.76147e-18 5.71708e-18 5.73435e-18 6.26441e-18 2.09147e-17 3.81989e-16);
    }
    FUEL
    {
        type            calculated;
        value           nonuniform List<scalar> 10(0.156 0.156 0.156 0.156 0.156 0.156 0.156 0.156 0.156 0.156);
    }
    WALL
    {
        type            calculated;
        value           nonuniform List<scalar> 
100
(
3.33983e-81
6.02019e-80
8.53444e-79
1.1578e-77
1.61267e-76
2.37637e-75
3.64452e-74
5.52565e-73
7.94122e-72
1.05758e-70
1.28694e-69
1.41384e-68
1.3597e-67
1.14154e-66
8.44797e-66
5.76682e-65
3.82243e-64
2.72592e-63
2.33732e-62
2.34873e-61
2.3911e-60
2.20226e-59
1.75061e-58
1.17738e-57
6.68882e-57
3.20259e-56
1.25649e-55
4.21933e-55
1.31802e-54
4.29223e-54
1.52735e-53
5.66485e-53
1.97709e-52
6.1778e-52
1.67235e-51
3.96122e-51
8.30848e-51
1.54039e-50
2.57009e-50
3.89667e-50
5.4688e-50
7.74304e-50
1.60984e-49
6.84595e-49
3.79079e-48
1.82971e-47
6.65901e-47
1.92786e-46
4.42569e-46
8.1226e-46
1.26508e-45
1.6466e-45
2.008e-45
2.79132e-45
5.21336e-45
1.02776e-44
1.79704e-44
2.61707e-44
3.24726e-44
3.58195e-44
4.18894e-44
5.65374e-44
8.60329e-44
1.29178e-43
1.6915e-43
1.95368e-43
1.93134e-43
1.70804e-43
1.45516e-43
1.07684e-43
8.22407e-44
5.27757e-44
3.72434e-44
2.35479e-44
7.98237e-44
2.70888e-41
5.18724e-41
2.17455e-41
1.05356e-41
1.89777e-42
3.91293e-43
5.12588e-44
6.91206e-45
7.45063e-46
7.89589e-47
7.62002e-48
7.33449e-49
7.48365e-50
8.36435e-51
1.00426e-51
1.20072e-52
1.38056e-53
1.4619e-54
1.4148e-55
1.3044e-56
9.52338e-58
2.95838e-59
8.91048e-61
2.54213e-62
6.39725e-64
)
;
    }
    front
    {
        type            wedge;
    }
    back
    {
        type            wedge;
    }
}


// ************************************************************************* //
