/*--------------------------------*- C++ -*----------------------------------*\
| =========                 |                                                 |
| \\      /  F ield         | OpenFOAM: The Open Source CFD Toolbox           |
|  \\    /   O peration     | Version:  2.3.0                                 |
|   \\  /    A nd           | Web:      www.OpenFOAM.org                      |
|    \\/     M anipulation  |                                                 |
\*---------------------------------------------------------------------------*/
FoamFile
{
    version     2.0;
    format      ascii;
    class       volScalarField;
    location    "0.05";
    object      chi;
}
// * * * * * * * * * * * * * * * * * * * * * * * * * * * * * * * * * * * * * //

dimensions      [0 0 -1 0 0 0 0];

internalField   nonuniform List<scalar> 
5000
(
3.6266e-25
2.0615e-24
3.89386e-24
1.15576e-23
1.35964e-23
1.2069e-23
5.74843e-23
1.01605e-22
1.42677e-22
8.89156e-22
8.55727e-22
9.73088e-22
6.45046e-22
1.63192e-21
1.26179e-21
5.45856e-21
6.75809e-20
2.79404e-19
7.44498e-19
7.48042e-19
8.49612e-18
8.85994e-17
2.85127e-16
1.03401e-15
3.12603e-15
1.30426e-14
3.98173e-14
1.92491e-13
6.60346e-13
1.18369e-12
2.28759e-12
1.11711e-12
6.23447e-12
3.93594e-11
1.77264e-10
3.21221e-10
1.18203e-10
2.05401e-10
4.26915e-10
8.4705e-10
2.45104e-09
5.20055e-10
2.58141e-10
1.57769e-10
3.41159e-10
1.19503e-09
1.90928e-09
1.83698e-09
4.26597e-09
2.46307e-09
1.06144e-08
3.50009e-08
1.36239e-08
2.84935e-08
2.5943e-07
1.04168e-06
5.84539e-06
2.09027e-05
5.28109e-05
0.000135354
0.00030953
0.00060287
0.00103792
0.00122001
0.00106107
0.000572922
0.00150268
0.00157977
0.00102567
0.000616733
0.000267567
0.000177497
5.53388e-05
8.98779e-07
2.52825e-06
2.44481e-06
5.4783e-06
1.30926e-05
2.95839e-05
6.40958e-05
0.000121865
0.000174405
0.00016803
0.000184905
0.000264621
0.00033507
0.000553398
0.000857874
0.000768709
0.000733766
0.000446268
0.000209221
3.03718e-05
8.34633e-06
3.0562e-05
3.98035e-05
5.36681e-05
7.85672e-05
0.000125875
0.000118479
5.69879e-22
4.59214e-22
3.01218e-22
1.81181e-21
4.43122e-21
7.39759e-21
1.40772e-20
2.62061e-20
3.12479e-20
1.43343e-20
1.62186e-20
1.26323e-20
1.49801e-20
6.21331e-20
2.10842e-19
1.0371e-18
4.63106e-18
3.77389e-17
1.47976e-16
4.9777e-16
1.40382e-15
5.08321e-15
2.4026e-14
1.08522e-13
3.06547e-13
1.05077e-12
3.92398e-12
1.47913e-11
4.68333e-11
1.58982e-10
2.77835e-10
7.30758e-11
1.98521e-10
7.87552e-10
3.37866e-09
9.27933e-09
2.21307e-09
2.30077e-08
4.63309e-08
7.62702e-08
7.95323e-08
4.62775e-08
1.71405e-08
6.30577e-09
4.05811e-09
9.20084e-09
3.52199e-08
4.25714e-08
7.13253e-08
6.63905e-08
1.43634e-07
3.17601e-07
5.24898e-07
9.42554e-07
9.32267e-07
7.79416e-06
3.48964e-05
0.000134318
0.000423433
0.0010802
0.00276402
0.0056351
0.0104961
0.0183853
0.0308268
0.050772
0.0843923
0.137694
0.158648
0.0881998
0.0216088
0.00443864
0.00034196
6.35761e-05
5.40598e-05
7.64639e-05
0.00012096
0.000203331
0.000419125
0.000906163
0.00200672
0.0036564
0.00503194
0.00549431
0.00545181
0.00598161
0.00688516
0.00752108
0.00639658
0.00526035
0.00224034
0.000964563
0.00109851
0.0014909
0.00236946
0.00344312
0.00420027
0.00445705
0.00470093
0.00540594
5.61952e-20
5.10123e-20
1.15355e-19
3.23032e-19
2.99563e-19
4.42566e-19
1.17866e-18
2.22813e-18
2.96825e-18
3.22659e-18
2.51107e-18
2.18722e-18
4.34396e-18
1.25183e-17
3.65903e-17
1.05472e-16
3.85797e-16
7.32112e-16
2.27122e-15
8.98551e-15
2.11031e-14
1.28623e-13
6.43167e-13
3.20705e-12
3.44582e-12
1.36e-11
8.25671e-11
5.47513e-10
2.7995e-09
9.99614e-09
1.48094e-08
4.05854e-09
4.40698e-09
1.59663e-08
7.69513e-08
2.04253e-07
4.05968e-07
9.72242e-07
2.9232e-06
6.96861e-06
7.06603e-06
3.25688e-06
1.32809e-06
6.62816e-07
6.45298e-07
5.95852e-07
1.99944e-06
6.1968e-06
8.58227e-06
7.093e-06
5.45396e-06
4.50512e-06
4.03948e-06
4.37826e-06
6.38408e-06
3.3698e-05
0.000171821
0.000617369
0.00163597
0.00348823
0.00643981
0.0105826
0.016128
0.0233464
0.032445
0.0441969
0.0684762
0.135016
0.29743
0.415388
0.307289
0.059679
0.00157828
0.000417727
0.000407227
0.000596347
0.00104963
0.00203564
0.00408091
0.00774329
0.014734
0.0273049
0.0446312
0.0620124
0.0829019
0.136381
0.186215
0.164501
0.112514
0.052176
0.012643
0.00301262
0.00279041
0.00337668
0.00550634
0.00942207
0.0149445
0.0217533
0.028041
0.0357224
1.35376e-17
1.54288e-17
1.72042e-16
5.17908e-16
5.66327e-16
4.43723e-16
4.25872e-16
5.46842e-16
5.0363e-16
1.84266e-16
1.59847e-16
2.04261e-16
6.74935e-16
1.58589e-15
2.48328e-15
2.18123e-15
5.48312e-15
2.03872e-14
9.88653e-14
7.05692e-13
2.28121e-12
9.85764e-12
4.17547e-11
2.00341e-10
2.9106e-10
1.17141e-09
4.97818e-09
1.34468e-08
6.52099e-08
2.79705e-07
4.05376e-07
1.23047e-07
4.62726e-08
5.32536e-08
1.67694e-07
7.0992e-07
2.54925e-06
2.05665e-05
0.000228032
0.00136813
0.00148047
0.000756769
0.000275562
0.00011161
4.35831e-05
3.09902e-05
5.48158e-05
0.000194362
0.00102781
0.00143162
0.000842788
0.000382697
0.000114
3.56613e-05
3.67169e-05
0.000115
0.000494203
0.00155548
0.0036431
0.0067867
0.0110734
0.0167813
0.0247329
0.0374754
0.0585314
0.0922286
0.138152
0.19106
0.340787
0.544496
0.674555
0.338342
0.01486
0.00142046
0.00101934
0.00157008
0.00342725
0.00711629
0.0131375
0.0222887
0.0372627
0.0639065
0.11467
0.19529
0.313607
0.550346
0.819024
0.801771
0.650045
0.346294
0.0802368
0.0119097
0.007331
0.00786842
0.0103458
0.0161239
0.0262407
0.0414723
0.0621825
0.0995862
3.5804e-15
5.61031e-15
4.1778e-15
1.55256e-13
2.97503e-13
2.75076e-13
1.19655e-13
5.31939e-14
3.4337e-14
2.31436e-14
2.60387e-14
4.77385e-14
1.29468e-13
9.17027e-14
3.30499e-14
9.84496e-14
3.83459e-13
1.24269e-12
4.96138e-12
8.17624e-12
1.53465e-11
7.91589e-11
4.89845e-10
2.25497e-09
8.33653e-09
1.98685e-08
1.7397e-08
1.82522e-07
1.71716e-06
8.99717e-06
1.44033e-05
4.37787e-06
1.64471e-06
8.49158e-07
9.81874e-07
3.05095e-06
1.09765e-05
7.94433e-05
0.00066097
0.00346715
0.0152125
0.0291243
0.0258023
0.00622842
0.00133906
0.000411611
0.000280122
0.000358064
0.00101459
0.00474985
0.00741521
0.00572659
0.00143714
0.000198185
0.000137809
0.000288654
0.00102707
0.0030264
0.00694082
0.0131804
0.0231701
0.0398852
0.0701152
0.130828
0.243955
0.406155
0.550011
0.603255
0.569198
0.690069
0.842918
0.885878
0.141187
0.00352476
0.00154321
0.00207819
0.00425084
0.00952512
0.0188245
0.033836
0.0601371
0.113127
0.234714
0.459562
0.688809
0.780166
0.780702
0.85453
0.913277
0.867261
0.372763
0.0604964
0.021856
0.0211697
0.0238973
0.0320054
0.0459279
0.0672879
0.0977297
0.184288
2.9926e-14
1.71748e-13
4.32109e-12
2.01616e-11
3.0675e-11
2.38739e-11
2.25097e-11
8.54208e-12
5.57536e-12
3.04089e-12
2.98309e-12
4.99902e-12
1.15755e-11
1.08471e-11
1.87013e-11
3.06603e-11
5.02913e-11
2.30388e-10
7.61716e-10
1.23434e-09
1.00251e-09
2.56704e-10
3.78394e-09
3.03617e-08
1.35627e-07
1.23874e-07
8.92714e-07
7.70457e-06
8.29946e-05
0.000797123
0.0015164
0.000572391
0.000151943
4.43557e-05
1.67523e-05
1.83914e-05
2.96928e-05
0.000161309
0.000847797
0.00317592
0.0102827
0.0440933
0.093931
0.0990527
0.0482222
0.00537362
0.00186959
0.00109964
0.0010424
0.00272852
0.0114745
0.015014
0.00876737
0.00132739
0.000432617
0.000616603
0.0017577
0.00509548
0.0126279
0.0271277
0.0560225
0.113532
0.230266
0.460497
0.723071
0.833449
0.714506
0.509858
0.337581
0.314894
0.409378
0.831737
0.523857
0.00902113
0.00256851
0.00272157
0.00509589
0.0118702
0.0249425
0.0480052
0.0943003
0.201652
0.421074
0.642158
0.531634
0.0800361
0.00716925
0.00540657
0.0459644
0.34496
0.655379
0.251243
0.0825035
0.0713103
0.07009
0.0753765
0.0870107
0.106672
0.133782
0.223116
1.65053e-11
8.93202e-11
3.83438e-10
1.73557e-09
2.7486e-09
1.45608e-09
2.87344e-10
3.95684e-10
2.54052e-10
3.55833e-10
3.06514e-10
2.74199e-10
3.84671e-10
7.93896e-10
1.23294e-09
4.25407e-10
1.35254e-09
8.07322e-09
1.92336e-08
3.3555e-08
4.344e-08
2.97944e-08
8.00631e-08
3.62307e-07
1.70167e-06
2.72854e-06
1.21203e-05
7.83932e-05
0.000732924
0.00862053
0.0797487
0.102998
0.0261133
0.00641588
0.00147268
0.000264386
0.000145143
0.000268012
0.000955363
0.00307143
0.00778156
0.0244851
0.117219
0.288379
0.351921
0.194575
0.0182888
0.00796152
0.0046387
0.00475534
0.0131745
0.0231256
0.0230471
0.00565445
0.00112595
0.00122204
0.00276926
0.00810233
0.0223947
0.0555089
0.133047
0.297507
0.568973
0.805707
0.663773
0.192209
0.00601956
0.00703469
0.0124368
0.000285255
0.00516879
0.11371
0.677499
0.0441739
0.00560037
0.00473558
0.00792417
0.0179936
0.0385325
0.0785071
0.171574
0.381836
0.511631
0.121761
0.00391622
0.0624544
0.0910762
0.0252731
0.00404616
0.00873703
0.224532
0.469763
0.271498
0.203085
0.186937
0.167363
0.153636
0.152006
0.161808
0.205313
9.91763e-11
1.57005e-09
1.9249e-08
1.65046e-07
4.12399e-07
4.07623e-07
1.8316e-07
8.39622e-08
1.06905e-07
4.88932e-08
3.7738e-08
3.97362e-08
5.86583e-08
5.65468e-08
8.04448e-08
1.90275e-07
2.9992e-07
1.05947e-06
4.33573e-06
1.00218e-05
8.34918e-06
4.67541e-06
4.67773e-06
7.29797e-06
1.81887e-05
4.10174e-05
0.000139745
0.000684309
0.00398859
0.0316047
0.245463
1.92187
3.00421
0.97423
0.0810399
0.00569586
0.000540861
0.000520933
0.00139964
0.00472925
0.0146613
0.0415059
0.141702
0.485312
0.824956
0.97681
0.452344
0.0871048
0.0534227
0.0377259
0.0334374
0.0424643
0.0439347
0.0146211
0.00251965
0.00237807
0.00485702
0.0145573
0.043373
0.116875
0.289921
0.574911
0.691881
0.378283
0.0359346
0.0101727
0.0192866
0.109908
0.249474
0.3462
0.152006
0.0270618
0.238365
0.16047
0.0110288
0.00716874
0.0109483
0.0253455
0.0599194
0.145526
0.363194
0.517799
0.07481
0.00553747
0.148134
0.323569
0.277602
0.317509
0.302337
0.0929598
0.00904683
0.244828
0.40556
0.304674
0.2569
0.214047
0.174293
0.148887
0.138749
0.126654
8.42488e-08
1.46035e-06
1.86535e-05
0.00012548
0.000376399
0.000462879
0.000288878
0.000187096
0.000156175
7.79049e-05
2.40074e-05
1.16574e-05
8.71444e-06
1.02419e-05
1.77663e-05
3.76555e-05
9.27568e-05
0.0002911
0.00109198
0.00327317
0.00347652
0.0017396
0.000893337
0.000524043
0.00050155
0.000769722
0.00165543
0.00526164
0.0205426
0.124024
0.940555
4.41321
8.26194
8.83824
3.86418
0.0907387
0.00357117
0.00179929
0.00359087
0.0140911
0.0538568
0.158226
0.339116
0.561548
0.719954
0.982442
1.22547
0.733053
0.45551
0.304537
0.18959
0.143117
0.0980834
0.0281319
0.00488288
0.00411981
0.00824764
0.0253844
0.080088
0.226364
0.496788
0.582028
0.263726
0.0529868
0.0278771
0.0341643
0.0391574
0.0143606
0.0483984
0.207155
0.248087
0.0835455
0.0661706
0.111684
0.010463
0.00914757
0.0164952
0.0417954
0.1107
0.306518
0.574923
0.156633
0.00527848
0.153361
0.298976
0.116989
0.0290254
0.0420444
0.11589
0.142654
0.0167827
0.0239135
0.115195
0.179446
0.143458
0.120329
0.0965411
0.0743351
0.0589683
0.0123893
0.000134744
0.00160902
0.015648
0.09599
0.471952
1.2515
1.03309
0.653991
0.735868
0.54571
0.144703
0.0409815
0.0180242
0.0140214
0.0194956
0.0330361
0.0605679
0.119929
0.308641
1.50015
4.55068
2.29519
0.695832
0.185023
0.0296577
0.0120759
0.0148938
0.0313862
0.116154
0.778837
4.59711
6.87501
4.22151
4.83122
8.19348
1.76046
0.0118957
0.00657203
0.0115696
0.0446624
0.166908
0.414967
0.570713
0.333707
0.199738
0.256268
0.588479
1.32257
1.81419
1.5901
1.12811
0.706241
0.316038
0.0569759
0.00845025
0.00692538
0.0139158
0.0450185
0.147172
0.367916
0.515271
0.24403
0.0939352
0.0708515
0.163023
0.392185
0.956598
0.468452
0.00972559
0.0255327
0.100626
0.0900803
0.0576446
0.055245
0.00697828
0.0102487
0.0260892
0.0752396
0.222328
0.54882
0.346933
0.023451
0.0854136
0.243714
0.0875058
0.00425446
0.00239868
0.00369849
0.0126603
0.071666
0.0378852
0.00328724
0.00456072
0.0181766
0.0345354
0.0301658
0.0244556
0.0148941
0.00788827
0.00329869
195.314
30.0002
29.444
64.4915
118.04
112.547
90.5988
85.9459
96.0184
86.5661
46.3005
9.61733
1.31128
0.787268
1.18032
2.51596
3.71451
4.33953
6.96912
18.513
26.1151
23.8723
17.156
6.58057
0.658378
0.0858613
0.0832614
0.162511
0.739403
4.71925
11.5287
3.85171
0.0118125
0.122484
1.28094
2.97623
0.0538204
0.0189178
0.0344645
0.12756
0.390865
0.586788
0.314642
0.0539184
0.0701005
0.27814
0.804152
1.97449
3.17789
3.51905
3.21799
2.35487
1.0555
0.147086
0.0162136
0.0123999
0.025604
0.0854503
0.253117
0.423444
0.332183
0.281865
0.469059
2.29317
4.10654
3.25628
1.67793
0.582217
0.094698
0.0109259
0.0306451
0.0718956
0.0553599
0.0469189
0.00544849
0.0128144
0.0443939
0.146103
0.44398
0.622813
0.121146
0.0176514
0.167888
0.0679972
0.00538908
0.0113249
0.00539295
0.0026833
0.00216476
0.0179696
0.0395924
0.00448957
0.0018159
0.00495135
0.00974477
0.0105184
0.00825321
0.00522877
0.00467082
0.0123883
19.1422
114.392
101.284
80.6575
29.9214
23.2916
38.2583
44.5429
31.9628
27.9982
30.8493
18.3546
10.3647
10.2155
15.5374
21.5505
21.0771
21.1007
28.4316
29.5209
8.0051
0.75905
1.20505
3.68329
1.85585
0.33874
0.33096
0.936209
4.71883
17.3919
10.261
0.132075
5.28212
4.58497
2.60111
1.26862
0.0740296
0.041813
0.0927671
0.340039
0.680567
0.46931
0.22595
0.0784826
0.247124
2.3225
4.65144
3.86415
2.28809
1.84593
2.23984
2.49276
2.1026
0.411986
0.0341093
0.0237649
0.04771
0.14882
0.346551
0.443625
0.625523
1.81648
4.5805
7.04234
4.11835
1.36448
0.274061
0.308094
0.114327
0.0204333
0.0240259
0.0610514
0.0696143
0.0380999
0.00693598
0.0197002
0.0812964
0.279856
0.703941
0.435531
0.105436
0.054987
0.0510582
0.00528721
0.056021
0.0491721
0.0284896
0.00812768
0.00319775
0.00397936
0.0258411
0.0134865
0.00283487
0.00564827
0.0179947
0.020161
0.0161912
0.0089373
0.00624886
0.00562102
0.262481
6.04561
7.49145
3.5957
3.10053
3.82296
4.80179
4.74376
4.44395
8.0355
24.7388
48.6821
48.5387
46.4333
49.6787
42.871
38.6883
38.0606
34.9134
13.1228
3.89126
4.50749
5.10953
2.4775
0.31787
0.72794
1.67197
5.63194
20.1113
27.1806
4.56052
5.06372
5.05562
3.4423
2.52725
0.969924
0.0307493
0.073959
0.236327
0.751184
1.22284
1.45044
1.41443
4.14265
12.3627
12.419
6.62796
0.744422
0.584161
0.482049
0.0387271
0.181316
1.11601
0.75092
0.0575719
0.0427726
0.0854
0.240025
0.499532
0.890169
2.42213
6.27113
9.38736
5.29429
0.941602
0.710739
1.71549
0.903678
0.131588
0.0213485
0.0273212
0.0584766
0.106992
0.00990221
0.00673825
0.0364618
0.152911
0.49779
0.861402
0.33121
0.14014
0.0652643
0.0736682
0.208531
0.129319
0.0579487
0.024683
0.010643
0.00420029
0.00300947
0.0119163
0.0187447
0.00467168
0.0250441
0.0759791
0.0845256
0.0748229
0.0515796
0.0389684
0.0539033
0.00232971
0.0684291
0.111867
0.133115
0.206427
0.33111
0.437632
0.533751
0.864116
2.96871
11.2075
31.5796
47.4127
46.4791
34.7313
26.5885
26.0658
24.48
15.3863
9.7654
10.8753
7.85244
2.63388
0.985198
0.943235
4.05352
9.09831
23.6832
45.2551
16.5953
4.874
7.1049
0.663807
1.13396
1.49073
0.634207
0.0253062
0.160945
0.740802
2.42218
5.49633
10.4759
19.1407
28.9117
26.2482
7.35372
1.00706
5.72471
4.40745
3.49499
2.15901
0.421471
0.214697
0.497384
0.0763293
0.063826
0.14741
0.416377
1.00711
2.39497
5.97582
10.6967
7.11258
1.82856
1.02391
3.63812
2.03037
0.523227
0.0609749
0.0104582
0.0232958
0.0625587
0.0973836
0.00215473
0.0113959
0.0727427
0.278831
0.796798
0.882751
0.36484
0.21341
0.282547
0.580454
0.5066
0.254388
0.0750992
0.024904
0.0130577
0.0064165
0.00353417
0.00540688
0.00955694
0.0120561
0.0845719
0.254439
0.308439
0.284745
0.225016
0.188598
0.282197
3.00514e-05
0.000958254
0.0029485
0.00795865
0.0198283
0.0361663
0.0555068
0.0943181
0.204262
0.638656
2.06027
5.54113
9.54021
10.392
8.637
8.51536
9.07804
8.63211
7.17523
8.45197
17.9192
30.8052
26.5062
17.5988
15.0243
20.4149
37.963
57.8799
33.4149
10.7916
11.7862
5.9324
0.0994716
0.201442
0.248263
0.0201162
0.0979317
0.659571
3.08791
8.88311
21.2446
37.4027
44.1973
30.995
10.1013
2.82312
9.97251
4.74316
1.22542
1.24256
1.60287
0.742459
0.260412
0.271361
0.0605953
0.0852423
0.260566
0.825679
2.34622
5.22143
10.1111
9.24281
2.97805
0.702746
4.1515
2.63564
0.584998
0.105571
0.0195959
0.00938756
0.0216965
0.0683589
0.0373822
0.00207203
0.0250132
0.142292
0.490992
1.15849
0.821358
0.435731
0.345297
0.791673
1.17876
1.00992
0.471322
0.116657
0.0307628
0.0170793
0.00981826
0.00728361
0.00695659
0.0115638
0.0502221
0.26784
0.774178
1.04341
1.02221
0.890731
0.787454
1.02008
4.88183e-06
0.000167873
0.000689198
0.00229041
0.00675857
0.0172499
0.0403912
0.0810567
0.126183
0.207704
0.402197
0.790739
1.32559
1.78365
2.1514
2.7135
3.22602
3.49467
4.05501
6.2566
13.7924
33.9019
56.976
60.7468
56.8612
65.3119
70.8296
40.6718
11.8846
8.52149
18.0569
8.16231
0.161478
0.00729866
0.00345037
0.0320888
0.682843
3.2033
10.0209
25.4298
42.581
37.16
20.8681
9.05868
3.61393
10.1075
6.22533
0.260168
0.107928
0.117138
0.330677
0.486566
0.40432
0.2244
0.05422
0.130499
0.516368
1.80187
4.84231
9.03235
11.8595
4.60133
1.54274
2.38181
4.30512
0.816976
0.105444
0.0228457
0.0108314
0.0110555
0.0273212
0.0418785
0.00201601
0.00967041
0.068387
0.272791
0.857748
1.52706
0.739477
0.451763
0.579629
1.43481
1.86455
1.62919
0.846178
0.23539
0.0503865
0.0230282
0.0168027
0.0132667
0.0136942
0.0327688
0.177518
0.828093
2.19863
2.95528
2.96717
2.66909
2.31979
2.14507
2.12729e-05
0.000477503
0.00268157
0.0105444
0.0348448
0.0982408
0.23764
0.3466
0.346691
0.342746
0.372777
0.463332
0.621372
0.865064
1.17146
1.47808
1.65837
1.86797
2.39593
3.88525
8.90988
19.4225
35.8339
54.1268
63.1951
53.7506
28.3959
10.5369
4.89668
6.71891
20.2077
17.9509
2.12336
0.563561
0.450114
1.17531
3.9721
10.7606
27.6694
46.0082
30.0571
11.9207
5.70085
3.42396
6.24081
10.1316
1.25377
0.0230108
0.016556
0.0165884
0.0718881
0.254112
0.45289
0.127594
0.0422116
0.266067
1.15242
3.77582
8.39014
12.8855
8.538
2.30503
0.969808
4.53411
2.58536
0.190933
0.0272215
0.0104756
0.00907119
0.01442
0.0249184
0.00618666
0.00399802
0.0279593
0.149289
0.521176
1.47941
1.73162
0.649429
0.484353
1.14564
2.22706
2.55916
2.28167
1.47008
0.545495
0.111637
0.0360992
0.0268512
0.023818
0.0324852
0.106538
0.580236
2.31814
4.72847
5.50467
5.32683
4.5304
3.65081
2.01076
0.000900467
0.00920549
0.0429284
0.144363
0.4215
1.0206
1.50735
1.37119
1.19676
1.04879
1.00073
1.04418
1.17272
1.37728
1.54309
1.50626
1.36994
1.46763
1.75856
2.58769
5.01355
7.84545
10.4652
13.8899
15.7888
11.0379
5.14527
2.93486
2.61301
5.18995
18.534
30.4103
13.2515
5.91348
4.68793
6.96291
14.392
31.0498
52.1267
31.0027
8.60324
3.18547
2.00837
2.28429
8.51367
8.68829
0.318524
0.00767641
0.00622972
0.018423
0.0411516
0.274161
0.398824
0.00347427
0.0820928
0.658841
2.60754
6.75401
12.6751
12.8984
4.11972
1.42568
2.01204
4.63437
1.30919
0.0745536
0.0142466
0.00796569
0.00886308
0.0136157
0.0093311
0.0018598
0.0191905
0.0845529
0.308017
1.01646
2.34519
1.54966
0.60575
0.863491
2.02238
3.15092
3.32493
3.07749
2.42714
1.23804
0.308024
0.0770261
0.0474684
0.0474574
0.0857126
0.348333
1.76886
5.01199
6.90278
6.29612
5.32434
3.68599
2.35043
0.717651
0.060215
0.311179
0.926886
2.18048
4.02649
4.59597
3.78171
3.0628
2.58662
2.34899
2.35741
2.42245
2.52737
2.51406
2.21944
1.79846
1.57151
1.63347
1.86023
2.27703
2.9128
2.68198
2.11225
2.00261
1.9879
1.56794
1.18292
1.15345
1.53634
3.61503
14.3203
38.0734
36.5547
24.1764
19.6454
25.8775
43.5831
60.7309
34.2698
7.91161
2.117
1.3047
1.04102
2.11395
9.76626
9.47488
0.249698
0.00300636
0.00797528
0.0208182
0.0678068
0.257576
0.100429
0.00335228
0.264596
1.74036
5.2518
10.8725
14.9738
8.03355
2.04189
0.755511
2.97443
3.78536
0.778124
0.0502485
0.0104062
0.00734232
0.00808503
0.00773151
0.0055776
0.0205057
0.0558328
0.193211
0.642329
1.97889
3.05698
1.1543
0.823502
1.62033
3.18455
4.14936
4.27445
4.24384
3.80526
2.52617
0.893904
0.235742
0.11947
0.121927
0.268873
1.14679
4.40129
7.94966
6.38052
4.23824
2.34422
0.940234
0.340554
0.519569
3.39403
7.93126
12.3887
10.332
7.78712
5.33583
3.89604
3.32784
3.21661
3.35983
3.51086
3.52849
3.23462
2.7228
2.17562
1.8655
1.81943
1.98381
2.04656
1.783
1.31635
0.711236
0.404504
0.349863
0.349415
0.354379
0.394624
0.505124
0.796383
1.90832
8.09706
29.7096
58.7599
63.5206
59.341
68.5844
66.7047
33.6828
7.43691
1.66536
0.968304
0.786637
0.854447
2.06677
8.92947
13.9672
0.727304
0.00393275
0.00644452
0.0265319
0.0710147
0.0134577
0.00448319
0.0959431
1.06913
4.24043
9.29989
15.5615
12.3631
3.48072
1.28519
0.993674
3.50143
3.2537
0.752803
0.0532433
0.0114024
0.00740222
0.00757007
0.00994033
0.0270628
0.0545693
0.139477
0.434949
1.39921
3.45334
2.96636
1.03155
1.37508
2.72633
4.62596
5.03158
5.29627
5.61263
5.65581
4.52789
2.34646
0.819934
0.40788
0.415718
0.958505
3.41058
8.24804
8.68152
3.59263
1.51162
0.368083
0.150076
0.14012
1.80307
0.662056
2.93835
3.53345
2.64885
1.86893
1.43848
1.46685
1.67977
1.97088
2.15957
2.13066
1.96696
1.74277
1.53777
1.47947
1.51684
1.55798
1.41892
0.982774
0.5935
0.321115
0.160346
0.107958
0.103395
0.110254
0.131568
0.166215
0.227329
0.35963
0.790776
2.9569
11.9761
32.0687
51.6084
59.1383
45.8844
20.5412
5.26173
1.26542
0.727391
0.62435
0.594682
0.778856
1.97243
8.0689
18.0636
3.1035
0.00889265
0.00255076
0.00337842
0.00419186
0.0101754
0.104771
0.735977
3.38083
8.64449
15.8999
17.6877
6.69529
1.55583
0.875786
1.41603
3.45866
3.73993
1.61071
0.190826
0.0393849
0.0209758
0.0233027
0.0416833
0.0745698
0.136289
0.353334
1.06132
3.02297
4.77405
2.24376
1.38069
2.30894
4.44146
5.69438
5.65906
6.1087
6.69941
7.54405
7.31834
5.09793
2.61101
1.5283
1.58701
3.273
7.68041
11.5196
5.42494
1.44328
0.267758
0.222349
0.363872
2.06901
4.76451
0.000547828
0.00562943
0.0178324
0.0371481
0.0699744
0.112331
0.158911
0.223033
0.275485
0.307219
0.316321
0.321805
0.338163
0.361237
0.388203
0.387489
0.33738
0.245364
0.143751
0.0902847
0.0601562
0.0455235
0.0429661
0.0443906
0.0510359
0.0615585
0.0766806
0.102162
0.139837
0.250751
0.722199
2.09328
4.75574
7.34262
7.82521
4.3607
1.86972
0.739334
0.480124
0.424157
0.406344
0.439227
0.720278
1.84984
7.03158
21.2585
9.61872
0.17962
0.0550814
0.0318419
0.0450676
0.171153
0.839604
3.09558
8.24768
17.0772
22.2283
12.029
2.48326
0.916621
0.635267
1.46975
3.8888
6.11214
3.72095
0.932967
0.235346
0.11288
0.103401
0.136997
0.204807
0.408615
1.01182
2.73405
5.4767
4.77734
1.91786
2.16799
3.95133
6.06132
6.10232
5.90297
6.31786
6.93711
8.46049
10.086
9.26314
6.43872
4.75927
5.04418
8.21341
13.2045
9.26751
2.11447
0.617208
0.295436
1.19279
3.34862
5.25481
7.62119
1.48003e-06
2.80033e-05
0.000130985
0.000404812
0.000925651
0.00168107
0.00268262
0.00388267
0.0054583
0.00782026
0.0109796
0.0147266
0.0173451
0.0189917
0.0190036
0.0178853
0.0172303
0.0166965
0.0136282
0.0133118
0.0134004
0.013932
0.0151686
0.0172161
0.0204684
0.0243921
0.0290752
0.0344031
0.0366005
0.050506
0.109551
0.214648
0.281291
0.294169
0.387312
0.329561
0.253303
0.229691
0.216474
0.211678
0.225438
0.306564
0.617096
1.59671
5.3733
19.2745
21.5327
4.02318
0.704574
0.425985
0.655659
1.4897
4.00715
8.91978
18.7371
26.9953
16.8024
4.39222
1.00022
0.577897
0.642945
1.70336
4.67763
8.98926
7.54734
3.43826
1.35124
0.651549
0.50126
0.541645
0.768268
1.41695
3.02752
5.91158
7.31452
3.70799
2.40911
3.59542
6.00485
6.74342
5.87833
5.55541
5.61041
6.02408
7.62669
10.5755
13.2185
12.4194
10.7946
11.6179
15.2609
13.1048
3.9076
0.983888
0.717195
1.72112
4.31688
6.22436
7.63008
8.10956
7.8081e-09
1.32965e-07
8.21254e-07
3.24062e-06
8.77014e-06
1.78287e-05
3.29036e-05
5.68892e-05
9.64075e-05
0.000157503
0.000243613
0.000353425
0.000462905
0.000568554
0.000668656
0.000783246
0.000994447
0.00132797
0.00161786
0.0020447
0.00246213
0.00284975
0.00330445
0.00406705
0.00504138
0.00592987
0.00630377
0.00601849
0.00542187
0.00615765
0.010297
0.0158767
0.0180217
0.0253484
0.0402484
0.056202
0.0675901
0.0729756
0.0737205
0.0793989
0.102219
0.177775
0.395829
1.00528
3.0693
12.9187
32.3862
16.5742
5.73198
4.00589
4.49967
6.83303
13.1298
23.2948
32.0799
19.4778
5.42726
1.28078
0.61635
0.480356
0.853447
2.25703
5.59376
11.1103
12.9917
8.86855
5.36456
3.1541
2.41599
2.34949
2.9673
4.48367
7.06924
9.31664
6.62434
3.35982
3.75214
5.82436
7.25747
6.18623
5.08895
4.48869
4.10384
4.25382
5.36491
7.95605
12.3073
15.9602
17.1084
17.5029
14.7413
6.06925
1.53041
1.01333
2.02806
4.62462
6.21327
6.86478
7.72305
6.82801
1.79362e-11
2.79179e-09
9.87372e-09
4.18597e-08
1.11324e-07
2.33673e-07
4.90123e-07
1.01687e-06
2.08325e-06
3.8528e-06
6.64227e-06
1.06931e-05
1.57793e-05
2.28213e-05
3.21411e-05
4.43533e-05
6.37329e-05
9.43859e-05
0.000139614
0.00020393
0.000261399
0.000325315
0.000357861
0.000546404
0.000716688
0.000829328
0.000783102
0.000667135
0.000656628
0.000789843
0.00102805
0.00131066
0.00186214
0.00384538
0.00922672
0.0135472
0.0153467
0.0161285
0.0177322
0.0217655
0.0345085
0.0719153
0.163898
0.412006
1.23823
6.03087
25.5091
37.9229
23.187
18.0676
17.8883
23.2318
35.4861
36.385
19.726
4.92801
1.24586
0.644959
0.498489
0.631973
1.29645
2.7003
5.40375
10.0106
15.5708
16.6981
13.1235
9.14457
7.69824
7.167
8.04889
9.92909
11.7571
9.69121
5.38399
4.53902
6.08339
7.50449
6.52083
4.77237
3.66529
2.83329
2.32616
2.29883
2.81087
4.21857
6.98933
10.7214
12.9429
11.4326
6.18922
2.16977
1.50817
2.18875
4.08849
5.59875
6.08933
6.14088
6.3357
4.93358
1.38622e-11
1.31519e-10
4.80344e-10
1.39932e-09
2.88307e-09
5.09483e-09
7.59673e-09
1.7743e-08
3.6567e-08
7.3101e-08
1.35441e-07
2.37141e-07
3.799e-07
6.31687e-07
1.0616e-06
1.75588e-06
3.07394e-06
5.4491e-06
9.16653e-06
1.56033e-05
1.75659e-05
3.28876e-05
5.4982e-05
0.000114156
0.000265054
0.000587205
0.0010927
0.00156166
0.00177714
0.00164666
0.00115116
0.000646879
0.000472673
0.0012647
0.00282497
0.00308102
0.00277031
0.0030718
0.00404182
0.00554726
0.00898714
0.0191018
0.0435522
0.116417
0.358921
1.70956
8.9839
29.8458
44.9111
45.3297
43.4584
42.6577
30.7308
13.8436
3.59649
0.931737
0.559058
0.485599
0.537897
0.936003
1.54155
2.38865
3.9612
7.00202
12.7484
18.8054
19.8167
17.5592
16.0632
14.8016
15.267
15.1037
12.5766
8.22517
6.22302
6.89369
7.68295
6.51046
4.33894
2.88989
1.94902
1.32975
1.03404
0.974784
1.14545
1.62508
2.59123
3.94082
4.66001
3.88643
2.38256
1.9815
2.71754
3.92905
4.63499
4.80294
4.81556
4.73676
4.31395
2.92777
5.78588e-13
4.51697e-12
7.51476e-12
5.40514e-11
1.08595e-10
1.76199e-10
2.50045e-10
4.7286e-10
8.27885e-10
1.49356e-09
2.4419e-09
3.75154e-09
7.95019e-09
1.6879e-08
3.31525e-08
6.89931e-08
1.45158e-07
3.28384e-07
6.72729e-07
1.8427e-06
5.81055e-06
2.45865e-05
0.000100345
0.000341976
0.000965824
0.00206946
0.00301335
0.00296977
0.00230041
0.00139661
0.000669733
0.000198851
0.000478447
0.00109225
0.00130025
0.00101874
0.00118897
0.00182428
0.00274885
0.00351801
0.0037045
0.004842
0.00880601
0.0245128
0.078035
0.319791
1.33524
5.89734
15.3746
20.154
19.8523
12.9337
4.60411
1.5995
0.583326
0.382182
0.367628
0.400123
0.597621
0.922728
1.12282
1.4019
2.04021
3.48151
7.26988
12.768
17.4965
20.2482
20.566
19.6749
18.2964
14.9643
10.9894
8.43054
7.78015
7.21338
5.54877
3.45135
2.02695
1.22769
0.745646
0.493219
0.391268
0.396279
0.491802
0.684744
1.04648
1.53219
1.96856
2.2918
2.66975
3.24723
3.75859
3.84591
3.52915
3.38751
3.1152
2.95375
2.18035
1.4306
9.97147e-15
1.14703e-13
4.08668e-13
1.14718e-12
2.55123e-12
1.66603e-12
2.17117e-11
1.8352e-11
3.19806e-11
4.06266e-11
5.08667e-11
8.6235e-11
2.1992e-10
6.16548e-10
1.23963e-09
2.82274e-09
7.25666e-09
2.15679e-08
1.1336e-07
8.52344e-07
7.23359e-06
4.34229e-05
0.000187056
0.000619919
0.00153746
0.00251188
0.002408
0.00160153
0.000933193
0.000370725
0.000138765
0.000568083
0.00114244
0.00111886
0.00082899
0.000891651
0.00192084
0.00406104
0.00615247
0.0054816
0.0033907
0.00281496
0.00290842
0.00562443
0.0177553
0.0560959
0.161095
0.512719
1.15349
1.30782
1.32118
0.925819
0.384531
0.256146
0.20316
0.194656
0.208312
0.274947
0.389023
0.44437
0.434802
0.481764
0.64035
1.04438
2.24279
4.3787
7.81401
12.0376
14.0751
14.6387
12.8266
10.1735
7.86742
6.15364
4.70417
3.2381
1.95
1.11022
0.623834
0.36591
0.228102
0.173181
0.176097
0.239836
0.379094
0.615609
1.02941
1.60982
2.27933
2.91761
3.17804
3.01356
2.48865
2.15112
1.81948
1.67145
1.31203
1.19298
0.764904
0.530353
8.82365e-17
8.88898e-16
1.33512e-14
1.31632e-14
3.00112e-14
1.19648e-13
3.87451e-13
6.82813e-13
1.19524e-12
1.80129e-12
1.06382e-12
4.8308e-12
2.31985e-11
2.49059e-11
5.71147e-11
2.84669e-10
1.56239e-09
1.14692e-08
1.08806e-07
1.04697e-06
9.23287e-06
5.69505e-05
0.000254899
0.000833208
0.00175739
0.00199791
0.00119952
0.000553643
0.000157854
0.0001138
0.00068898
0.0014017
0.00115223
0.000842073
0.000814595
0.00197424
0.00508144
0.00911484
0.00980706
0.00593621
0.00302546
0.0019578
0.00170894
0.00394784
0.0122497
0.0247262
0.042751
0.0737389
0.110718
0.11521
0.117516
0.102392
0.0800144
0.0794235
0.0768262
0.0731074
0.0815402
0.106129
0.113277
0.0971488
0.0852444
0.08617
0.103303
0.150017
0.304189
0.56508
1.07547
1.94845
2.60599
3.14513
2.89755
2.52876
2.01106
1.47198
1.01012
0.663649
0.410025
0.24984
0.151696
0.102611
0.0813122
0.0915871
0.15697
0.287937
0.493341
0.786982
1.14799
1.46542
1.60152
1.51104
1.1924
0.944746
0.693463
0.583432
0.450333
0.386212
0.280656
0.255591
0.178754
0.152321
3.66668e-18
2.11998e-17
7.2331e-17
3.8186e-16
5.26027e-15
5.29496e-15
1.20081e-14
3.34917e-14
8.92883e-14
1.36076e-13
4.27547e-13
1.26287e-12
5.16418e-12
2.24256e-11
3.4824e-11
1.07913e-10
1.17255e-09
8.48874e-09
8.29767e-08
7.91344e-07
7.64087e-06
5.59022e-05
0.000280976
0.000959176
0.00188818
0.00173138
0.000800444
0.00024136
0.000157181
0.000551399
0.00133075
0.0012178
0.000712052
0.000628569
0.00153362
0.00471655
0.0097344
0.0121369
0.00759223
0.00270903
0.00143384
0.00105339
0.00234293
0.00998362
0.0193061
0.0248117
0.0286219
0.0319891
0.0338424
0.0305397
0.0310189
0.0313414
0.0271168
0.0272352
0.025287
0.0215108
0.0215635
0.0213531
0.0170818
0.0109626
0.00986109
0.00927188
0.0100137
0.00931342
0.0103571
0.0112186
0.0164249
0.0363217
0.0740243
0.143511
0.203913
0.236886
0.207435
0.165501
0.128507
0.0992094
0.0726522
0.0544048
0.0438726
0.0389747
0.0504323
0.098181
0.201863
0.316596
0.371697
0.382496
0.329657
0.273978
0.219411
0.165475
0.118024
0.0963539
0.073212
0.0606755
0.0444543
0.0382453
0.0311771
0.0324433
0.0324149
0.0456817
7.42102e-20
5.26711e-19
7.3052e-18
1.16573e-17
1.23583e-16
1.85994e-16
1.1295e-15
4.32426e-15
5.97662e-15
4.71674e-14
5.90484e-14
8.40234e-13
4.19371e-12
1.79163e-12
1.06654e-11
1.14333e-10
7.06226e-10
7.42356e-09
7.02022e-08
6.81925e-07
6.69385e-06
5.35753e-05
0.000282925
0.000978536
0.00185707
0.00163493
0.000758632
0.00028367
0.000423838
0.000984165
0.00128229
0.000675842
0.000477148
0.000865813
0.00334659
0.00904242
0.0143692
0.0110801
0.00309504
0.000908213
0.000809245
0.00118368
0.0091493
0.0221793
0.0253631
0.0237705
0.0219414
0.0205839
0.0188367
0.0159735
0.015157
0.0145595
0.0122508
0.0119177
0.0107174
0.00846586
0.00647664
0.00422401
0.00224728
0.00118794
0.00101738
0.000966845
0.00113839
0.00126813
0.0012035
0.00106548
0.00160333
0.00343778
0.00698049
0.0128748
0.0169305
0.0197499
0.0193919
0.016924
0.0121402
0.0118461
0.0123873
0.0136332
0.0155532
0.0221841
0.0507262
0.121839
0.145087
0.103471
0.0631846
0.034023
0.0141098
0.0078175
0.00598412
0.00492302
0.00441204
0.00405842
0.00343854
0.00293792
0.00250945
0.00251837
0.0027125
0.00387395
0.00620103
0.014519
1.92224e-21
2.05111e-20
8.99287e-20
3.95446e-19
2.48574e-18
5.76242e-18
4.64419e-17
1.54902e-15
7.98239e-15
1.43459e-14
7.62e-14
1.8501e-13
1.96652e-12
4.13099e-12
9.96492e-12
1.37814e-10
6.35183e-10
4.94809e-09
4.17057e-08
3.93938e-07
3.9547e-06
3.75015e-05
0.000232321
0.000893085
0.00177431
0.00165199
0.000793029
0.000495734
0.000635532
0.00108801
0.00097473
0.000442867
0.000449481
0.00161631
0.0064704
0.0148644
0.0165095
0.00584241
0.000626754
0.000829564
0.00182739
0.00888998
0.0252506
0.0291936
0.0220174
0.0161971
0.0130231
0.0116375
0.0110044
0.00943092
0.00863295
0.00809603
0.00698247
0.00684341
0.00656336
0.00599048
0.0049975
0.00322089
0.00148832
0.000766727
0.000451717
0.0003762
0.000593466
0.00104668
0.00117507
0.000674948
0.000383731
0.000733301
0.00158514
0.00226116
0.00223882
0.000906071
0.000670536
0.000933502
0.00069104
0.000787175
0.00150845
0.00322879
0.00669158
0.022382
0.0646162
0.0608934
0.0242483
0.00630953
0.00196131
0.000784691
0.000376063
0.000260407
0.000252544
0.000245439
0.000238466
0.000236524
0.000233454
0.000245262
0.000238195
0.000254766
0.000332768
0.000634521
0.00140905
0.00452353
1.21713e-22
1.42937e-22
5.45984e-21
3.61818e-20
5.00082e-19
5.80806e-18
9.89674e-17
6.36289e-16
1.16024e-15
3.56438e-15
1.66145e-14
2.50056e-13
4.65474e-13
5.14405e-13
7.85843e-12
4.34703e-11
2.78583e-10
3.08115e-09
2.23837e-08
2.15957e-07
2.16351e-06
2.17172e-05
0.00015819
0.000691565
0.00157458
0.00167825
0.000857502
0.000574546
0.000697713
0.00101623
0.000773888
0.00035947
0.000595803
0.00307952
0.0115487
0.0207761
0.0130425
0.000570605
0.000904897
0.00242241
0.0101894
0.0301103
0.0345668
0.0189189
0.00860327
0.00501066
0.00371516
0.00331944
0.00348382
0.00328521
0.00318065
0.00312312
0.00283946
0.00284432
0.00291391
0.00314009
0.00351117
0.00344298
0.00239611
0.00143878
0.000639282
0.000491301
0.00074891
0.00155584
0.00144506
0.000333342
0.000256943
0.000389272
0.000547296
0.00027169
0.000336552
0.000425748
0.00128938
0.00280196
0.00243925
0.000895676
0.000427103
0.00188668
0.0118082
0.0357751
0.0268481
0.00485157
0.000372471
8.6357e-05
2.82718e-05
1.40644e-05
1.75391e-05
1.69459e-05
1.83788e-05
2.07336e-05
2.56405e-05
3.10443e-05
3.74496e-05
4.56519e-05
5.05293e-05
5.99543e-05
8.47099e-05
0.000144593
0.000287782
0.000998555
1.85501e-23
4.86446e-23
2.43376e-22
2.63108e-21
3.29934e-20
6.87206e-20
1.20426e-17
1.74279e-16
7.97759e-16
2.61445e-15
1.32133e-14
2.39782e-14
2.7292e-13
5.262e-13
5.54108e-12
2.80744e-11
1.77572e-10
1.34502e-09
9.90428e-09
8.38958e-08
7.55383e-07
7.58393e-06
7.05343e-05
0.000392624
0.00119654
0.00172835
0.0010589
0.000601208
0.000677256
0.000911396
0.000592864
0.000308196
0.000738319
0.00560624
0.0183386
0.0226961
0.00191893
0.000589952
0.00316932
0.0137498
0.0370435
0.0365493
0.0141314
0.00374856
0.000956503
0.000547657
0.000441986
0.000404996
0.000450094
0.000521612
0.000564766
0.00060976
0.000600494
0.000624019
0.000662075
0.000780519
0.001048
0.00146109
0.00157844
0.00117057
0.00067145
0.000523984
0.000807485
0.00201925
0.00208299
0.000218841
0.000246021
0.000300238
0.000231866
0.000200395
0.000454267
0.00214072
0.00722097
0.00940938
0.00578158
0.0012821
0.00198327
0.0089675
0.022454
0.0125345
0.000710107
0.000103097
2.64461e-05
7.4434e-06
4.07943e-06
2.77118e-06
1.24138e-06
2.40313e-06
2.82624e-06
4.17257e-06
6.56254e-06
1.03289e-05
1.47025e-05
1.86283e-05
1.9552e-05
2.1231e-05
3.03717e-05
4.4674e-05
0.000105565
0.000149024
1.56817e-24
4.92576e-24
2.22011e-23
4.54344e-22
1.5007e-20
4.15512e-19
5.08325e-18
2.60761e-17
1.5318e-16
1.47298e-15
4.00236e-15
1.29352e-14
3.48919e-14
1.79482e-13
6.833e-13
1.2787e-11
9.07575e-11
9.1955e-10
4.02584e-09
2.86409e-08
2.08069e-07
2.07471e-06
2.03163e-05
0.000149295
0.000623313
0.00136072
0.00123298
0.000693604
0.000698401
0.000828905
0.000444994
0.000265339
0.00124031
0.00917662
0.0248751
0.0186884
0.000528897
0.00193695
0.0171195
0.0409146
0.0298579
0.00767763
0.000943961
0.000176005
8.46826e-05
8.30368e-05
7.43669e-05
6.17888e-05
5.54787e-05
5.20208e-05
5.07478e-05
5.92798e-05
7.10907e-05
7.80554e-05
8.79372e-05
0.000110641
0.000168117
0.0003006
0.000486971
0.000495279
0.000393176
0.000361439
0.000648876
0.00195464
0.00289876
0.000479024
0.000318156
0.000303138
0.00017473
0.000225375
0.00139062
0.00673307
0.0134126
0.00798684
0.000896904
0.00495012
0.0128237
0.0168053
0.00422897
0.000215872
6.78995e-05
1.9579e-05
9.60989e-06
6.01682e-06
4.51184e-06
3.15416e-06
1.22444e-06
9.77671e-07
1.06582e-06
1.70889e-06
2.83795e-06
4.44719e-06
6.17075e-06
7.63361e-06
7.6396e-06
8.31535e-06
1.13103e-05
2.00126e-05
4.09514e-05
4.6492e-05
5.62904e-25
1.79351e-24
2.33043e-23
3.78372e-23
4.68191e-22
7.35367e-21
2.75431e-19
2.82331e-18
4.78867e-18
2.56053e-17
2.95475e-16
6.97598e-15
8.55624e-15
3.95112e-14
3.8814e-13
4.54831e-12
5.67549e-11
3.12564e-10
1.6671e-09
8.47588e-09
4.94958e-08
3.77721e-07
3.50778e-06
3.37232e-05
0.000198762
0.000660024
0.000984539
0.000759105
0.000735848
0.00070552
0.000281365
0.000242822
0.00198041
0.0123926
0.0276714
0.0112265
0.0010114
0.0125609
0.0406211
0.0231631
0.00331274
0.000251384
0.000139566
0.00014146
0.000106851
8.10215e-05
5.27474e-05
3.22042e-05
2.01963e-05
1.30366e-05
8.68886e-06
6.36045e-06
6.71493e-06
7.52804e-06
8.3276e-06
1.11594e-05
1.99242e-05
4.4888e-05
9.88844e-05
0.00015208
0.000168324
0.000198848
0.000428252
0.00145156
0.00314924
0.00192656
0.000705421
0.000497421
0.000297177
0.000538699
0.00362883
0.0114048
0.00855782
0.000258583
0.00658508
0.0194496
0.0151076
0.00285239
0.000367221
7.67298e-05
4.52501e-05
3.09257e-05
1.99966e-05
1.10587e-05
5.3026e-06
2.99301e-06
1.35404e-06
5.58394e-07
5.80572e-07
7.81871e-07
1.24427e-06
2.01383e-06
3.2012e-06
5.44843e-06
7.31152e-06
8.98518e-06
8.86614e-06
9.8131e-06
2.81232e-05
3.2704e-05
3.3459e-27
5.32998e-26
1.5781e-24
1.97485e-23
2.38272e-22
3.55725e-21
4.90277e-20
5.03229e-19
2.87594e-18
2.82695e-17
3.03835e-16
1.90516e-15
1.31803e-14
1.13389e-13
6.8898e-13
2.47705e-12
1.0365e-11
4.53837e-11
5.87242e-10
2.50394e-09
1.03778e-08
5.81075e-08
4.50118e-07
4.19287e-06
3.59959e-05
0.000177613
0.000419972
0.000499324
0.000485421
0.000348997
0.000120856
0.000203641
0.00255136
0.0143081
0.0254208
0.00352018
0.00635123
0.0365011
0.0233807
0.00190393
0.000182959
0.000282069
0.000371245
0.000384644
0.000275968
0.000125046
4.35996e-05
1.83495e-05
1.05264e-05
6.08903e-06
3.31649e-06
1.62817e-06
9.38114e-07
8.92853e-07
9.12947e-07
1.17614e-06
2.20668e-06
6.02491e-06
1.66947e-05
3.4909e-05
5.40262e-05
8.76457e-05
0.000230587
0.000834631
0.00229166
0.00259361
0.00117593
0.000643958
0.000468463
0.00156075
0.00737758
0.0115481
0.000293117
0.00198151
0.0236856
0.0200635
0.00271768
0.000337687
8.05415e-05
4.38613e-05
3.00571e-05
2.21831e-05
1.5573e-05
9.39687e-06
4.83373e-06
2.21343e-06
1.03409e-06
4.62337e-07
3.01222e-07
4.01587e-07
6.74739e-07
1.36811e-06
2.70961e-06
3.51294e-06
7.1337e-06
1.16399e-05
1.60732e-05
1.49983e-05
1.87226e-05
4.55606e-05
7.42659e-28
1.25543e-26
1.50488e-25
7.97901e-25
7.86788e-24
1.05777e-22
4.85216e-21
3.6734e-20
7.80361e-19
1.35219e-18
1.12947e-16
2.62438e-16
8.34402e-15
2.28432e-14
3.56522e-13
5.50376e-13
9.29822e-12
2.32398e-11
1.55103e-10
5.76078e-10
2.13212e-09
5.7605e-09
4.18489e-08
3.08672e-07
3.04069e-06
2.05722e-05
8.21425e-05
0.000136966
0.00012793
7.75393e-05
5.84857e-05
0.000352352
0.00371805
0.0150774
0.0175595
0.00622521
0.0195252
0.0245748
0.00177972
6.72477e-05
0.000232865
0.000320496
0.000401596
0.000640488
0.000589233
0.000226872
3.80144e-05
7.69795e-06
3.63959e-06
2.3465e-06
1.32274e-06
6.22086e-07
2.46068e-07
1.45681e-07
1.26591e-07
1.47908e-07
2.78281e-07
8.74701e-07
2.71545e-06
6.54198e-06
1.25672e-05
2.71853e-05
8.9321e-05
0.00035156
0.00108486
0.0016643
0.00106397
0.000610064
0.000789782
0.00344903
0.0105311
0.0021095
0.000516704
0.00956885
0.0311257
0.00565006
0.000457087
7.834e-05
1.99944e-05
7.94863e-06
5.27273e-06
4.07238e-06
3.85059e-06
3.04368e-06
2.17422e-06
1.37018e-06
7.1047e-07
2.9788e-07
1.32861e-07
2.40853e-07
4.94961e-07
1.22892e-06
2.47348e-06
4.564e-06
7.29806e-06
9.01311e-06
1.57102e-05
2.57912e-05
4.00948e-05
7.47287e-05
1.11722e-29
1.12151e-28
8.73303e-27
1.5041e-25
4.88647e-24
3.42328e-23
7.10881e-22
2.54206e-21
2.50724e-19
1.111e-18
3.36776e-17
1.23708e-16
2.11342e-15
3.11065e-15
4.46039e-14
7.10644e-14
3.17632e-13
1.15527e-12
3.06456e-11
1.29515e-10
4.08026e-10
7.89647e-10
4.93573e-09
2.898e-08
1.70026e-07
8.07227e-07
2.48603e-06
4.7482e-06
6.73039e-06
8.48157e-06
3.19068e-05
0.000386291
0.00367047
0.0121101
0.00569284
0.00627883
0.0143028
0.0062136
4.7462e-05
7.08414e-05
9.50371e-05
5.42676e-05
0.000215013
0.000631529
0.0008692
0.000374341
3.68754e-05
2.97628e-06
1.0946e-06
6.45084e-07
3.97376e-07
2.01142e-07
7.57275e-08
3.18244e-08
2.36921e-08
2.39326e-08
3.90383e-08
1.54424e-07
4.98816e-07
1.25796e-06
2.68085e-06
6.77934e-06
2.77468e-05
0.000126179
0.000428028
0.000725428
0.000613541
0.000546327
0.00128988
0.00529232
0.00996386
0.000328291
0.00377766
0.0299913
0.0153468
0.00080446
0.00011021
2.02698e-05
6.1755e-06
4.0885e-06
2.72809e-06
1.72011e-06
1.09403e-06
9.46079e-07
7.95107e-07
6.02809e-07
3.38255e-07
1.48548e-07
1.12579e-07
1.43673e-07
3.09336e-07
8.96797e-07
2.06379e-06
4.50218e-06
8.91696e-06
1.31941e-05
1.52964e-05
3.80641e-05
7.73156e-05
5.51455e-05
7.29357e-30
8.82435e-29
2.59062e-27
8.95502e-28
5.26773e-25
7.17647e-25
6.21941e-23
3.61709e-22
1.58251e-20
7.73256e-20
2.97678e-18
9.22157e-18
2.07739e-16
6.51381e-16
7.29841e-15
2.28011e-14
2.0772e-13
1.52147e-13
3.02761e-12
9.09352e-12
4.48094e-11
2.0235e-10
3.73472e-10
1.44901e-09
5.69689e-09
1.95364e-08
6.16982e-08
1.50889e-07
4.67602e-07
1.89736e-06
1.95729e-05
0.000241401
0.00248139
0.0089944
0.0047733
0.00300277
0.00398242
0.000445799
4.27634e-05
6.73533e-05
6.06271e-06
6.2147e-05
0.000134999
0.000527394
0.00097128
0.000482795
3.43329e-05
1.9289e-06
4.0099e-07
1.73519e-07
1.09846e-07
5.87882e-08
2.33493e-08
8.06098e-09
5.04926e-09
5.16724e-09
9.42466e-09
3.76285e-08
1.50519e-07
6.12657e-07
1.68845e-06
5.92276e-06
2.37713e-05
0.000104066
0.000303102
0.000375397
0.000331855
0.000497243
0.00163689
0.00657586
0.00885045
0.00296417
0.0152441
0.0269523
0.0023763
0.000218507
3.84694e-05
9.55969e-06
8.45821e-06
1.09287e-05
7.93452e-06
2.4879e-06
8.14468e-07
3.86994e-07
2.7694e-07
2.20246e-07
1.18322e-07
5.93636e-08
4.86761e-08
7.13528e-08
1.58554e-07
4.21435e-07
9.6824e-07
2.61937e-06
8.31713e-06
2.02061e-05
4.1224e-05
0.000102084
0.000181635
0.000234599
1.97752e-31
3.24437e-31
1.42255e-29
2.19979e-28
1.33073e-26
1.43086e-25
6.9639e-24
4.01448e-23
1.09637e-21
4.6407e-21
1.33712e-19
5.99381e-19
1.19597e-17
3.82633e-17
5.05869e-16
1.53529e-15
1.13111e-14
2.33889e-14
1.00654e-13
4.40755e-14
8.14255e-13
8.65744e-13
4.23397e-12
7.71889e-11
1.55276e-10
9.2082e-10
2.90698e-09
8.15008e-09
6.84729e-08
6.08954e-07
7.13618e-06
8.69129e-05
0.00101365
0.00574127
0.00658735
0.00105542
0.00124169
0.000443544
4.21745e-05
2.25725e-05
2.37683e-05
1.53665e-05
9.81842e-05
0.000641569
0.00113681
0.000416934
1.85352e-05
1.02337e-06
1.38038e-07
4.54587e-08
2.44629e-08
1.32094e-08
5.86257e-09
2.259e-09
1.64838e-09
2.03316e-09
4.48119e-09
1.93919e-08
1.35652e-07
1.07562e-06
5.09988e-06
1.74011e-05
6.2673e-05
0.000192606
0.000291692
0.000158834
0.00022289
0.000505704
0.00167917
0.00776447
0.0113369
0.00397049
0.0146147
0.00727599
0.000676647
9.58727e-05
4.93328e-06
7.93059e-05
0.000429594
0.000470081
0.000142813
2.19545e-05
1.63214e-06
3.20319e-07
1.05735e-07
6.2085e-08
2.88959e-08
2.19036e-08
2.528e-08
3.83072e-08
8.10716e-08
1.85638e-07
5.78376e-07
1.65703e-06
8.28441e-06
3.32236e-05
0.000131305
0.000375921
0.000535612
0.000348433
8.36875e-33
3.09827e-32
2.36816e-30
6.10401e-30
3.36712e-28
3.49557e-27
1.81772e-25
1.19147e-24
3.62995e-23
2.92955e-22
5.87705e-21
3.68435e-20
4.73522e-19
2.38511e-18
2.02673e-17
8.90932e-17
5.0409e-16
2.8021e-15
7.53788e-15
4.20161e-14
6.0686e-14
3.60239e-13
1.50307e-12
8.83696e-12
1.95739e-11
1.42657e-11
1.60205e-10
1.39871e-09
9.34089e-09
8.92598e-08
1.09043e-06
1.28898e-05
0.000157609
0.00146854
0.00562119
0.00350981
0.000470015
0.000308714
0.00018088
0.00015357
7.70631e-05
5.07467e-05
0.000226907
0.00124294
0.00117641
0.000168395
5.92937e-06
3.4145e-07
4.35308e-08
1.21486e-08
6.09478e-09
3.45757e-09
1.49268e-09
6.04636e-10
5.44449e-10
1.19396e-09
3.9041e-09
1.82918e-08
1.58466e-07
1.4442e-06
1.18761e-05
5.35624e-05
0.0001571
0.00026063
2.2827e-05
2.49144e-05
0.000195275
0.000443837
0.000895905
0.00425457
0.0146234
0.00542289
0.00649479
0.00393958
0.000644405
1.36976e-05
0.00015432
0.000707908
0.00169753
0.00192473
0.00120042
0.000188759
6.75916e-06
5.04051e-07
7.26571e-08
2.00695e-08
1.11355e-08
1.22152e-08
1.71676e-08
3.15629e-08
7.17049e-08
1.60561e-07
4.37467e-07
1.62446e-06
1.07728e-05
8.8495e-05
0.000419151
0.000611304
0.000118214
0.000118782
9.4724e-35
1.18674e-33
3.16272e-32
7.91178e-31
8.91273e-30
2.31459e-28
1.97415e-27
4.50611e-26
4.69971e-25
7.03012e-24
5.15872e-23
6.73169e-22
3.44779e-21
4.40465e-20
1.41811e-19
1.59891e-18
4.49674e-18
3.90252e-17
4.88199e-17
3.51337e-16
9.04038e-16
2.58751e-15
5.52796e-14
1.09079e-13
1.73451e-12
1.51245e-11
4.76086e-11
2.01154e-10
1.04615e-09
6.52111e-09
7.61955e-08
8.96972e-07
1.03868e-05
0.000112751
0.00103061
0.00338688
0.00279461
0.000536835
0.000114265
0.00012213
0.000151516
0.000384715
0.00143044
0.00148126
0.000438897
2.28893e-05
9.48065e-07
8.25483e-08
1.21866e-08
2.9941e-09
1.09846e-09
5.93765e-10
3.15659e-10
1.7662e-10
2.67289e-10
8.29631e-10
2.91807e-09
1.54466e-08
1.19884e-07
1.114e-06
1.13447e-05
7.67695e-05
0.000214919
0.000114694
9.88992e-06
0.000130872
0.000253949
0.000202685
0.000227485
0.000794096
0.00568054
0.00967728
0.00161406
0.00314582
0.00176349
0.000432302
0.000872807
0.00192045
0.00238916
0.00219286
0.00264782
0.000775515
2.70817e-05
1.24838e-06
8.30338e-08
1.1156e-08
7.79245e-09
9.40384e-09
1.41883e-08
3.89909e-08
1.27647e-07
3.42601e-07
1.41708e-06
4.35684e-06
1.9823e-05
0.000166671
0.000518197
1.472e-05
4.79231e-05
3.71913e-05
9.65324e-37
4.21223e-36
6.49967e-34
9.62795e-33
2.28248e-31
4.69702e-30
6.58163e-29
1.25257e-27
1.34878e-26
2.52684e-25
1.21094e-24
3.11668e-23
6.46638e-23
2.59859e-21
6.63697e-21
1.35062e-19
4.48316e-19
1.84292e-18
9.02732e-18
7.18551e-19
1.74273e-16
1.41189e-17
6.94494e-15
7.67924e-16
2.07066e-13
9.18065e-13
6.58262e-13
1.44019e-12
3.22884e-11
1.64592e-10
2.67181e-09
3.51146e-08
4.00083e-07
4.29907e-06
3.29736e-05
0.000211951
0.00103706
0.00150261
0.00121562
0.00114736
0.0012058
0.00119438
0.00071381
6.6912e-05
1.19576e-05
2.30826e-06
1.53317e-07
1.51581e-08
2.38782e-09
4.54777e-10
1.48085e-10
6.69816e-11
3.96456e-11
2.95035e-11
6.20755e-11
2.68725e-10
1.25675e-09
6.38359e-09
5.49041e-08
5.32138e-07
5.4945e-06
5.62649e-05
0.00020116
0.000163625
0.000204612
0.000283287
0.000214088
5.74244e-05
3.17518e-05
8.68914e-05
0.000782585
0.00495607
0.00376709
0.000268757
0.00151029
0.0016805
0.00203839
0.00259368
0.00124392
0.00104207
0.00283198
0.00140381
7.32273e-05
2.97489e-06
1.14175e-07
8.70303e-09
7.0886e-09
1.33609e-08
2.48267e-08
9.73088e-08
3.975e-07
1.64063e-06
6.93775e-06
1.29376e-05
2.46512e-05
0.000129314
0.000357957
0.000114304
9.51594e-05
7.54834e-05
2.4875e-38
8.39515e-38
5.40301e-36
4.27969e-36
2.03835e-33
2.09759e-33
4.42498e-31
7.11291e-31
6.75114e-29
1.59004e-28
1.07431e-26
1.04745e-25
2.47922e-24
2.71606e-23
2.62072e-22
1.04355e-21
3.73812e-21
3.44638e-21
1.76295e-19
4.25349e-19
1.83326e-18
9.96319e-18
8.13833e-17
3.47934e-16
6.65945e-15
3.23813e-15
1.43493e-14
1.07843e-13
9.83047e-13
3.27427e-12
3.95427e-11
1.14861e-09
2.80151e-09
6.59724e-08
3.62583e-07
1.80355e-06
7.58384e-06
5.18042e-05
0.00013978
9.98372e-05
4.19382e-05
1.29841e-05
3.47253e-06
1.0294e-06
2.27899e-07
5.87172e-08
1.63823e-08
3.23955e-09
4.61136e-10
7.35795e-11
1.50737e-11
4.71299e-12
2.11899e-12
1.99041e-12
7.52812e-12
4.94846e-11
2.98575e-10
1.39463e-09
1.03307e-08
8.69691e-08
9.14612e-07
1.23845e-05
6.55871e-05
0.00014679
0.000169734
0.000127904
4.05818e-05
6.62035e-06
4.06081e-06
9.69356e-06
7.67168e-05
0.000753758
0.00315653
0.00275581
0.00029893
0.00019686
0.000641272
0.000309762
0.000109463
0.000873657
0.00343303
0.00148084
0.000109503
5.73677e-06
1.83303e-07
7.21899e-09
9.7069e-09
2.47209e-08
1.05962e-07
6.61669e-07
2.648e-06
9.39814e-06
2.47233e-05
2.69198e-05
2.76012e-05
6.96847e-05
0.000206194
0.000268788
0.00027219
9.45138e-05
1.32254e-40
9.71319e-41
1.91207e-37
2.82611e-38
1.05125e-34
3.47139e-36
3.53799e-32
6.69662e-31
7.55415e-30
1.47347e-28
1.12487e-27
1.81404e-26
1.05354e-25
1.04009e-24
8.18902e-24
3.63605e-23
4.29549e-22
3.20002e-22
1.27587e-20
2.6288e-20
4.18858e-19
9.50551e-19
1.61239e-17
1.75323e-17
7.76268e-16
3.63034e-17
2.0916e-15
3.92336e-15
3.3229e-14
2.36313e-13
1.41778e-12
7.62827e-11
3.11493e-11
2.98307e-09
1.68199e-08
9.69932e-09
5.83471e-08
3.66127e-07
6.37063e-07
3.70839e-07
1.35117e-07
5.18888e-08
2.086e-08
7.95689e-09
3.53938e-09
1.20444e-09
3.81581e-10
1.14131e-10
3.49402e-11
8.24442e-12
1.84649e-12
4.31484e-13
1.39069e-13
8.39499e-14
3.17015e-13
2.2389e-12
1.64125e-11
1.1373e-10
8.32415e-10
5.21966e-09
3.78215e-08
2.78784e-07
1.42588e-06
2.65741e-06
1.89403e-06
6.17314e-07
2.69164e-07
1.85826e-07
2.75068e-07
9.11951e-07
5.78876e-06
4.38725e-05
0.000301365
0.00121766
0.00186925
0.00170553
0.00134315
0.0020935
0.00289413
0.00375329
0.0023331
0.000405698
5.13214e-05
7.98178e-06
2.71076e-07
1.38675e-08
1.15474e-08
4.95143e-08
7.81908e-07
1.01183e-05
4.95816e-05
5.93076e-05
5.59422e-05
3.91466e-05
3.32674e-05
4.32947e-05
2.40543e-05
3.12743e-05
4.69979e-05
5.84163e-06
1.47804e-42
1.46214e-42
1.46122e-41
1.02734e-39
7.23901e-39
6.11156e-37
3.9432e-36
6.99906e-33
2.43708e-32
3.21906e-31
1.96783e-30
2.81612e-29
1.33401e-27
1.71779e-27
7.04609e-26
2.22461e-26
1.8619e-24
7.56759e-25
7.31459e-23
2.44333e-23
3.97529e-21
9.93323e-22
2.21081e-19
4.46263e-20
1.78077e-18
2.10845e-18
5.84761e-17
3.46627e-16
1.44778e-15
6.59943e-15
4.58098e-14
2.95232e-12
7.69067e-13
1.97787e-10
1.34186e-10
2.10025e-10
1.81971e-09
1.05029e-08
6.88291e-09
3.51764e-09
1.61049e-09
4.36432e-10
2.79319e-10
3.53543e-11
3.79497e-11
1.64476e-11
4.35526e-12
1.38273e-12
4.10808e-13
1.32863e-13
3.62428e-14
1.00944e-14
2.78751e-15
1.73113e-15
7.12427e-15
4.9684e-14
2.95649e-13
2.75105e-12
2.17674e-11
1.22293e-10
5.77248e-10
2.89382e-09
9.06171e-09
1.07715e-08
6.11673e-09
2.16431e-09
1.87982e-09
3.7939e-09
1.57941e-08
7.19289e-08
4.01936e-07
2.41952e-06
1.29359e-05
5.60653e-05
0.00042391
0.00102791
0.00163835
0.00194905
0.00172362
0.00106307
0.00025461
5.00581e-05
1.80612e-05
6.33496e-06
3.34394e-07
2.95406e-08
2.88682e-08
1.36996e-07
5.18124e-06
0.000106806
0.000233429
0.000155373
0.00010811
8.77575e-05
7.13029e-05
0.000137634
0.000283013
0.000580784
0.000205462
7.9155e-05
4.09366e-44
2.79202e-45
4.38449e-43
1.99128e-41
3.0467e-40
2.48418e-38
1.31995e-37
1.81224e-34
2.33935e-35
2.92369e-32
6.48456e-31
1.53321e-30
6.23292e-29
3.99619e-29
3.32033e-27
1.92282e-27
1.30262e-25
7.99267e-26
5.03615e-24
2.78974e-24
1.22571e-22
1.16468e-22
9.58744e-23
4.83769e-21
3.8716e-21
1.7478e-19
2.516e-19
6.04303e-18
2.08753e-17
6.08555e-17
8.87354e-16
2.83753e-15
1.51815e-14
4.782e-14
2.97089e-12
4.90708e-13
5.01219e-11
1.32331e-10
4.92042e-12
4.70145e-11
2.08593e-13
5.67499e-12
6.69161e-13
3.84708e-13
4.37647e-13
1.29258e-13
4.98747e-14
1.63718e-14
4.90496e-15
1.29945e-15
3.86399e-16
1.19354e-16
3.97149e-17
2.74689e-17
1.41007e-16
9.75328e-16
6.19897e-15
3.62971e-14
2.26799e-13
1.08287e-12
4.67141e-12
2.82461e-11
6.51649e-11
6.72071e-11
5.1868e-12
3.28562e-11
7.30341e-11
2.96409e-10
1.20547e-09
5.75629e-09
3.30101e-08
1.72292e-07
7.71039e-07
2.9933e-06
1.61369e-05
6.93817e-05
3.27783e-05
9.93872e-06
6.86562e-06
6.98586e-06
9.83572e-06
1.24158e-05
1.14716e-05
3.42545e-06
1.06301e-07
2.73782e-08
8.08165e-08
3.11761e-07
1.77124e-05
0.000216951
7.72939e-05
7.83096e-06
9.16391e-06
5.44416e-06
2.62786e-05
0.000190706
0.00061469
0.000851548
0.000802679
0.000944718
7.58149e-46
2.74705e-46
7.58353e-44
2.34388e-43
4.25103e-41
1.24789e-39
1.02909e-38
6.48585e-37
8.2569e-37
1.44172e-34
3.76243e-37
1.72495e-32
1.29524e-34
8.63967e-31
6.82799e-30
3.08755e-30
9.0816e-28
1.52838e-28
4.68903e-26
5.79285e-27
1.47538e-24
2.37702e-25
6.10711e-23
1.00474e-23
2.69916e-21
4.45437e-22
1.17658e-19
2.73627e-20
4.86444e-19
1.55994e-18
8.23214e-19
3.95954e-17
5.0894e-17
5.6767e-16
8.44392e-16
6.79009e-15
6.8956e-15
1.38556e-12
3.66753e-13
4.74002e-13
1.30699e-13
1.08942e-14
1.71279e-14
8.8403e-16
3.00988e-15
2.49359e-16
3.79555e-16
3.67806e-17
3.03204e-17
3.27119e-18
1.91945e-18
3.11647e-19
2.60148e-19
8.58689e-20
8.69312e-19
8.35895e-18
4.48857e-17
2.95994e-16
1.20462e-15
7.09071e-15
2.52845e-14
1.20766e-13
4.44012e-13
1.05457e-12
1.60761e-12
3.59895e-12
1.9558e-11
5.54394e-11
4.41322e-10
1.64872e-09
9.14104e-09
5.49078e-08
2.04205e-07
4.24702e-07
1.34087e-06
3.30359e-06
4.91028e-06
5.30865e-06
6.89656e-06
8.48037e-06
1.01389e-05
6.59587e-06
2.0626e-06
1.72913e-07
2.43338e-08
1.74208e-07
1.2829e-06
7.92605e-07
1.13512e-06
3.60833e-05
8.68898e-05
0.000179576
4.24087e-05
0.000123919
5.19231e-06
0.000655549
0.00133997
0.000125762
0.000526476
0.000150444
1.1503e-49
7.14488e-47
1.77271e-46
3.69932e-44
9.3678e-44
5.76401e-42
2.85317e-41
2.51187e-39
5.10553e-39
6.79403e-37
6.34131e-37
1.07035e-34
5.2086e-35
1.06918e-32
3.28787e-33
8.62887e-31
1.79256e-31
5.25167e-29
6.06422e-30
1.92944e-27
1.83569e-28
6.99382e-26
8.75873e-27
2.05025e-24
1.27515e-23
6.35163e-23
7.25502e-22
3.28036e-21
2.95066e-21
1.27503e-19
6.62853e-20
2.06846e-18
9.96396e-19
1.17265e-17
6.99171e-18
8.90322e-16
3.2763e-16
9.59462e-15
3.98514e-15
3.55174e-15
1.44424e-15
4.88519e-16
2.10654e-16
2.21425e-19
2.72722e-17
1.84948e-20
2.80569e-18
1.12878e-18
3.49009e-19
5.23427e-20
3.72026e-20
2.55996e-20
1.30115e-20
8.16279e-21
4.06965e-20
2.05226e-19
1.19265e-18
5.95232e-18
2.8601e-17
1.44808e-16
5.3426e-16
1.3815e-15
2.58023e-15
7.83231e-15
6.21643e-13
7.22976e-12
4.7924e-11
2.13417e-10
2.21426e-10
9.10278e-10
5.81675e-09
2.14817e-08
2.24155e-07
1.2959e-06
2.33549e-06
1.22975e-06
7.35282e-07
8.67421e-07
5.46786e-06
3.62882e-06
7.50787e-07
3.86748e-08
1.56447e-08
7.61421e-09
4.12339e-08
4.12836e-06
2.55676e-06
5.6268e-07
1.7726e-06
4.74328e-06
3.04926e-06
4.59919e-05
0.000479349
0.000991452
0.000434118
4.49708e-05
1.26226e-06
0.00044202
0.000875171
0.000777333
)
;

boundaryField
{
    AXIS
    {
        type            empty;
    }
    OUTLET
    {
        type            zeroGradient;
    }
    COFLOW
    {
        type            calculated;
        value           nonuniform List<scalar> 
30
(
0.274291
0.000712759
2.09878e-06
6.31388e-09
1.65717e-11
4.01185e-14
8.34242e-17
1.58611e-19
2.61789e-22
3.77206e-25
4.63861e-28
4.96291e-31
4.79124e-34
6.18418e-37
2.97589e-39
6.56618e-41
1.13026e-42
5.78615e-45
8.24768e-48
7.8767e-51
6.02018e-54
3.76851e-57
1.94172e-60
8.59204e-64
2.9875e-67
7.77244e-71
1.43206e-74
2.03667e-78
1.825e-82
2.1272e-86
)
;
    }
    PILOT
    {
        type            calculated;
        value           nonuniform List<scalar> 10(372.056 19.7165 0.283358 0.0026005 3.16697e-05 4.80048e-06 2.28695e-05 0.00109389 0.0769416 4.76791);
    }
    FUEL
    {
        type            calculated;
        value           nonuniform List<scalar> 10(2.0118e-29 1.46893e-29 3.35062e-29 4.75028e-28 2.50933e-23 9.51712e-19 7.20291e-15 1.34574e-11 5.77509e-08 0.000177868);
    }
    WALL
    {
        type            zeroGradient;
    }
    front
    {
        type            wedge;
    }
    back
    {
        type            wedge;
    }
}


// ************************************************************************* //
