/*--------------------------------*- C++ -*----------------------------------*\
| =========                 |                                                 |
| \\      /  F ield         | OpenFOAM: The Open Source CFD Toolbox           |
|  \\    /   O peration     | Version:  2.3.0                                 |
|   \\  /    A nd           | Web:      www.OpenFOAM.org                      |
|    \\/     M anipulation  |                                                 |
\*---------------------------------------------------------------------------*/
FoamFile
{
    version     2.0;
    format      ascii;
    class       volScalarField;
    location    "0.05";
    object      CO2;
}
// * * * * * * * * * * * * * * * * * * * * * * * * * * * * * * * * * * * * * //

dimensions      [0 0 0 0 0 0 0];

internalField   nonuniform List<scalar> 
5000
(
0
0
0
0
0
0
0
0
0
0
0
0
0
0
0
0
0
0
0
0
0
0
0
0
0
0
0
0
0
0
0
0
0
0
0
0
0
0
0
0
0
8.52234e-08
1.7204e-07
3.42748e-07
5.98118e-07
7.7361e-07
9.43633e-07
9.40783e-07
6.87691e-07
5.14654e-07
3.43597e-07
2.55912e-07
1.70309e-07
8.62874e-08
8.42067e-08
0
0
0
0
0
0
0
0
0
0
8.40901e-08
8.68245e-08
1.71985e-07
2.57877e-07
2.61013e-07
3.43763e-07
4.29308e-07
7.68679e-07
1.96018e-06
6.04777e-06
1.85694e-05
4.52046e-05
9.05263e-05
0.000158228
0.000261306
0.000413415
0.000619421
0.000905205
0.00130931
0.00184178
0.00255835
0.00347496
0.00451216
0.0055944
0.00664549
0.0079874
0.0104684
0.0122793
0.0121138
0.0142059
0.0331556
0.104411
0.0039477
8.02348e-05
1.92759e-06
0
0
0
0
0
0
0
0
0
0
0
0
0
0
0
0
0
0
0
0
0
0
0
0
0
0
0
0
0
0
0
0
0
0
0
0
0
0
0
8.47249e-08
2.53459e-07
5.997e-07
1.62378e-06
3.50723e-06
6.83803e-06
1.1117e-05
1.43679e-05
1.36864e-05
1.03513e-05
6.84847e-06
4.36657e-06
2.6582e-06
1.62973e-06
1.02766e-06
6.01072e-07
3.44692e-07
1.74238e-07
8.80617e-08
8.53404e-08
8.34329e-08
0
0
8.36292e-08
8.63763e-08
1.73019e-07
3.4742e-07
7.79508e-07
1.47824e-06
2.52313e-06
3.13327e-06
2.78192e-06
2.42533e-06
2.84111e-06
4.88189e-06
1.05744e-05
3.07859e-05
8.03231e-05
0.000167948
0.000325401
0.000561104
0.000883638
0.00131317
0.00184715
0.00254567
0.00346362
0.00462817
0.00607209
0.00769527
0.00944431
0.0112932
0.0139244
0.0188427
0.022947
0.0208515
0.0201509
0.0392795
0.11128
0.00329115
7.07604e-05
1.71043e-06
0
0
0
0
0
0
0
0
0
0
0
0
0
0
0
0
0
0
0
0
0
0
0
0
0
0
0
0
0
0
0
0
0
0
0
0
0
8.363e-08
8.71541e-08
2.57654e-07
8.47653e-07
2.71536e-06
9.07555e-06
2.84168e-05
7.2496e-05
0.000143343
0.000217637
0.000209561
0.000155107
9.97048e-05
6.07028e-05
3.61303e-05
2.12018e-05
1.23283e-05
7.20223e-06
4.20875e-06
2.41104e-06
1.37968e-06
7.77302e-07
4.33804e-07
2.61403e-07
2.58415e-07
3.45104e-07
6.06983e-07
1.29934e-06
3.03411e-06
7.45936e-06
1.6868e-05
3.38858e-05
4.6598e-05
3.87484e-05
2.60852e-05
1.82725e-05
1.60714e-05
2.31328e-05
5.39581e-05
0.000140658
0.000323687
0.000642696
0.00112015
0.00173475
0.00247906
0.00340832
0.00454891
0.00597898
0.00770156
0.00975927
0.0121053
0.0147196
0.0178082
0.0223167
0.0300382
0.0364334
0.033383
0.0278434
0.0475871
0.122099
0.0022888
5.69258e-05
1.44118e-06
0
0
0
0
0
0
0
0
0
0
0
0
0
0
0
0
0
0
0
0
0
0
0
0
0
0
0
0
0
0
0
0
0
8.53619e-08
1.71347e-07
2.58037e-07
2.59861e-07
3.42552e-07
5.14078e-07
1.10743e-06
2.63237e-06
8.9807e-06
3.04934e-05
9.95946e-05
0.000309474
0.000895264
0.00204203
0.00281591
0.0025227
0.0015473
0.000766864
0.000402031
0.000208258
0.000114291
6.31699e-05
3.71393e-05
2.23456e-05
1.28122e-05
6.78006e-06
3.56817e-06
2.16751e-06
1.6437e-06
1.90248e-06
2.771e-06
5.28076e-06
1.23727e-05
3.31855e-05
9.49416e-05
0.000309345
0.000708732
0.000594182
0.000348754
0.000191707
0.000102944
6.41888e-05
9.54623e-05
0.000215683
0.000522991
0.00104934
0.00178549
0.0026896
0.00379943
0.00511841
0.00672605
0.0086615
0.0109439
0.0136381
0.0167103
0.0202369
0.0246357
0.0314545
0.0417573
0.0481299
0.0437691
0.0352474
0.0559474
0.119365
0.00172776
4.76699e-05
1.24441e-06
0
0
0
0
0
0
0
0
0
0
0
0
0
0
0
0
0
0
0
0
0
0
0
0
0
0
0
0
0
8.30506e-08
8.51151e-08
1.71462e-07
3.48067e-07
9.52382e-07
1.99765e-06
3.3002e-06
3.38377e-06
2.77366e-06
2.84165e-06
4.18955e-06
8.16671e-06
2.64537e-05
8.7999e-05
0.000289707
0.000869768
0.00216764
0.00448308
0.00780626
0.0101377
0.00994945
0.00825967
0.0049339
0.00229409
0.00116534
0.000643389
0.000353109
0.000172584
8.56221e-05
4.44947e-05
2.54102e-05
1.54236e-05
9.9538e-06
8.57858e-06
1.05677e-05
1.77481e-05
3.97826e-05
0.000106221
0.000337065
0.00117568
0.00347308
0.00521364
0.00431621
0.00208901
0.000592121
0.000166735
0.000173808
0.00032692
0.000739099
0.00148288
0.00247852
0.00371105
0.00515151
0.00686473
0.00892525
0.0113544
0.0142315
0.0175449
0.0212792
0.0256917
0.0316633
0.0409587
0.0527098
0.0555511
0.0499502
0.041312
0.0633323
0.100427
0.00130562
3.90746e-05
1.0452e-06
0
0
0
0
0
0
0
0
0
0
0
0
0
0
0
0
8.19666e-08
8.40982e-08
8.65545e-08
1.68872e-07
8.65409e-08
8.4992e-08
8.41991e-08
8.46978e-08
1.67886e-07
2.55275e-07
4.2857e-07
6.86097e-07
8.5667e-07
8.57045e-07
1.03172e-06
1.72941e-06
3.8981e-06
9.25504e-06
2.07861e-05
3.94345e-05
4.09033e-05
3.06144e-05
2.31668e-05
1.9932e-05
2.56653e-05
5.66818e-05
0.00016872
0.000557378
0.00151269
0.00331788
0.00632849
0.0106803
0.016202
0.0210865
0.0219256
0.0209199
0.0182654
0.0135871
0.00771413
0.00327869
0.00141381
0.000690991
0.000370593
0.00019332
0.000105983
5.82712e-05
3.42357e-05
3.63531e-05
5.4812e-05
0.000117346
0.000303783
0.000857993
0.00235476
0.00584285
0.012176
0.0140053
0.0105173
0.00339004
0.000522608
0.000332319
0.000472641
0.000983358
0.00192002
0.00321827
0.0047652
0.00655916
0.00865776
0.0111528
0.0141374
0.0176048
0.0214994
0.0258685
0.0312422
0.0388647
0.0504418
0.059898
0.0592763
0.0512786
0.0461197
0.0692736
0.0740147
0.000999123
3.13075e-05
8.35089e-07
0
0
0
0
0
0
0
8.05501e-08
8.2428e-08
1.65402e-07
3.31177e-07
4.99348e-07
5.86382e-07
6.70062e-07
7.53695e-07
9.23579e-07
1.35179e-06
2.21199e-06
3.50434e-06
4.2052e-06
3.4307e-06
2.48187e-06
1.87967e-06
1.70728e-06
2.30538e-06
4.18689e-06
7.45186e-06
1.1752e-05
1.44284e-05
1.34042e-05
1.29058e-05
1.60346e-05
2.56392e-05
4.67132e-05
0.000106034
0.000364148
0.000481193
0.000345622
0.00021998
0.000144651
9.32772e-05
0.000116572
0.000288791
0.000867114
0.00216667
0.00447468
0.00816936
0.0135415
0.0206117
0.0283986
0.0332005
0.0333806
0.0321515
0.0285822
0.0231725
0.017911
0.0132976
0.00870183
0.00430043
0.00183958
0.000849291
0.000314451
0.000114921
0.000113576
0.000159397
0.000322445
0.000741321
0.00173099
0.00387294
0.00829784
0.0166153
0.0258678
0.0241872
0.0126381
0.00222515
0.000648669
0.000731555
0.00128593
0.00241029
0.00401596
0.00591104
0.00804232
0.0105173
0.0135378
0.0170832
0.0211267
0.0256233
0.0306919
0.0370358
0.0463064
0.0587671
0.06258
0.0595017
0.0484813
0.0492342
0.0737098
0.0473312
0.000741304
2.35468e-05
6.15159e-07
7.97352e-08
2.40382e-07
5.64023e-07
8.92022e-07
1.13964e-06
1.3848e-06
1.55318e-06
1.89282e-06
2.8187e-06
4.75456e-06
8.13324e-06
1.23625e-05
1.53267e-05
1.63459e-05
1.74642e-05
2.03933e-05
2.81571e-05
4.45096e-05
7.04228e-05
9.56218e-05
8.79223e-05
6.27392e-05
4.38814e-05
3.25807e-05
3.1792e-05
4.57202e-05
7.48319e-05
0.000128006
0.000184571
0.000174751
0.000146723
0.000131544
0.000143404
0.000194165
0.000392877
0.00140258
0.00362142
0.0036665
0.00257126
0.00121534
0.000382115
0.00028158
0.000481224
0.00125668
0.00292358
0.00585012
0.0103742
0.0170235
0.0256664
0.0351382
0.0408465
0.0411663
0.0399878
0.0369805
0.033603
0.0319055
0.0306699
0.0288199
0.0253905
0.0186778
0.00720106
0.00144317
0.000386154
0.000359285
0.000465834
0.000807986
0.00158681
0.0030862
0.00608024
0.0119891
0.0223511
0.0369528
0.0388053
0.0277341
0.00749591
0.00140021
0.00120133
0.00169284
0.00297058
0.00489485
0.00714907
0.00966836
0.0125952
0.0161165
0.0202495
0.0249239
0.0301334
0.0359116
0.0431299
0.0539818
0.0636194
0.0622231
0.0530839
0.0441025
0.0512502
0.0792039
0.028708
0.000523888
1.65504e-05
4.1862e-07
4.75767e-06
1.53091e-05
3.21956e-05
4.9805e-05
5.71538e-05
5.67225e-05
5.72291e-05
6.48876e-05
8.82871e-05
0.000136698
0.000223368
0.000353554
0.00043369
0.000422924
0.000399879
0.000400085
0.000468212
0.000682487
0.00118272
0.0021362
0.00282452
0.00194674
0.00115593
0.000658602
0.000379035
0.000312878
0.000427255
0.000969982
0.00239357
0.00291042
0.00235273
0.00170621
0.0012135
0.00102053
0.00142373
0.00333672
0.00878263
0.0144632
0.0128934
0.00695703
0.00176415
0.000653684
0.000833773
0.00174272
0.00381144
0.00742324
0.0130851
0.021287
0.0317587
0.042093
0.0467119
0.0466199
0.044994
0.0437803
0.0437339
0.045176
0.0470149
0.0469996
0.0455623
0.0406698
0.0278703
0.00861931
0.00152609
0.00112282
0.00129992
0.00185877
0.00304056
0.00524305
0.00943394
0.0177056
0.0309512
0.0475499
0.0524116
0.0441785
0.0184139
0.00332968
0.00189412
0.00229813
0.00365256
0.00589037
0.00855423
0.0114749
0.0148762
0.0189975
0.0237875
0.0292325
0.0351915
0.0415623
0.0497785
0.0612943
0.0648994
0.0586976
0.0423798
0.0407179
0.0537756
0.0918404
0.0162988
0.000334024
1.03042e-05
2.51998e-07
0.000211299
0.000688974
0.00153801
0.00254424
0.00313521
0.00296263
0.00250821
0.00234124
0.00274177
0.00382203
0.00602464
0.00918751
0.0121997
0.0122721
0.0111955
0.00858436
0.0068103
0.00714183
0.00957895
0.0178462
0.0288227
0.0284687
0.0213454
0.0103526
0.00239905
0.00142484
0.00183337
0.0036944
0.00880134
0.0170177
0.0181848
0.0156885
0.00893381
0.00418124
0.00430365
0.00684299
0.014569
0.0287406
0.0313314
0.0240742
0.00838707
0.00167028
0.00154841
0.00244116
0.00491638
0.00942338
0.0165519
0.0267387
0.0390977
0.0493809
0.0524235
0.0521259
0.0518019
0.05245
0.054856
0.058418
0.0614054
0.0620505
0.061461
0.0578034
0.0454381
0.0207183
0.00490921
0.0029447
0.00311637
0.0038369
0.00548908
0.00866004
0.0146221
0.0259639
0.0418129
0.0567883
0.0595732
0.0546254
0.0339417
0.00881559
0.0030446
0.0032127
0.00451594
0.0070199
0.0101198
0.0135587
0.017528
0.0222724
0.0278352
0.0341605
0.0408201
0.0478654
0.0568338
0.066536
0.0656341
0.0519842
0.0354097
0.0388414
0.0574621
0.109302
0.00802494
0.000185768
5.52563e-06
1.32632e-07
0.054348
0.0444599
0.0506734
0.0640498
0.0683963
0.0568617
0.0311753
0.017606
0.0174725
0.0206507
0.0303458
0.0465884
0.0567812
0.0557495
0.0485278
0.0335897
0.0258219
0.025805
0.0291967
0.0450499
0.0650964
0.0666959
0.0593847
0.0392974
0.0129252
0.00496533
0.00550748
0.00906883
0.0187524
0.033819
0.0408626
0.0392323
0.0292925
0.0135823
0.0112636
0.0147498
0.0260067
0.0442604
0.0533321
0.0470706
0.0246063
0.0051477
0.00277
0.00358277
0.00641743
0.0120162
0.0210828
0.0336565
0.0474369
0.0567263
0.0592621
0.0595591
0.0602562
0.0626033
0.066563
0.0705854
0.0729368
0.0732991
0.0725858
0.0685612
0.0560876
0.0302292
0.0103883
0.0063022
0.00637613
0.00719499
0.00950417
0.0142036
0.0228676
0.0374493
0.0520069
0.0596957
0.0609115
0.0584961
0.0474749
0.0181653
0.00491471
0.00447886
0.00565204
0.00838942
0.0119657
0.0159643
0.0205592
0.0260427
0.032538
0.0397862
0.0471993
0.054711
0.064054
0.0701298
0.0665013
0.0452378
0.032209
0.0390172
0.0622415
0.11968
0.00334441
9.32551e-05
2.73219e-06
6.56104e-08
0.121073
0.107931
0.110053
0.112928
0.10935
0.0945116
0.0686154
0.0507418
0.0491886
0.0542701
0.0686796
0.0857329
0.0915197
0.0892721
0.0792033
0.0628441
0.0538457
0.0540759
0.0610204
0.0787059
0.0897933
0.0879301
0.0789248
0.0552185
0.021378
0.0110646
0.0121105
0.0186976
0.0333941
0.0517837
0.0623452
0.0604902
0.0457632
0.025064
0.0230911
0.0288418
0.043503
0.0649926
0.070212
0.0661882
0.0452934
0.0130007
0.00483515
0.0053907
0.00856595
0.0155638
0.0270212
0.04205
0.0563362
0.0644926
0.0669943
0.0680553
0.069898
0.0735303
0.0778861
0.0809148
0.082051
0.0820324
0.0806286
0.0757466
0.0630795
0.037774
0.0175347
0.0116724
0.0115546
0.0126013
0.0160758
0.0233396
0.0353945
0.052317
0.056599
0.0534868
0.0537058
0.0549074
0.0495821
0.0270039
0.00751879
0.00598329
0.00709253
0.0100844
0.0141997
0.0188412
0.0241364
0.0305038
0.0380166
0.0462213
0.0542111
0.0619089
0.070704
0.0733321
0.0678278
0.0402106
0.0317902
0.041452
0.0662832
0.0722007
0.00134638
4.36583e-05
1.28084e-06
3.13897e-08
0.117285
0.120925
0.121706
0.122241
0.121835
0.114562
0.102332
0.0921502
0.090111
0.0939169
0.102692
0.109382
0.109525
0.10642
0.099395
0.0907954
0.0862332
0.0869276
0.0929883
0.101112
0.0998472
0.0936026
0.0769392
0.0484164
0.0253224
0.0206736
0.0233375
0.0333651
0.0508604
0.0733072
0.0791083
0.0741111
0.0555471
0.0394869
0.0390997
0.0476337
0.0679331
0.0767044
0.0732425
0.0693502
0.0560615
0.020755
0.00760301
0.00795495
0.0116935
0.0205892
0.0348231
0.0517215
0.0653759
0.07251
0.0754113
0.0775068
0.0805269
0.084389
0.0875588
0.089136
0.0894062
0.0890186
0.087031
0.0818168
0.0697243
0.0474076
0.0279573
0.0201955
0.0196131
0.0211089
0.0264741
0.0369575
0.0527073
0.0604341
0.0532096
0.0412693
0.0416343
0.0467092
0.0448583
0.0291825
0.0097176
0.00759913
0.008852
0.0122745
0.0170157
0.0223415
0.0284772
0.0358579
0.0443357
0.0534003
0.0615645
0.0690315
0.0763445
0.076794
0.0687026
0.0374248
0.0328675
0.0468024
0.0786236
0.0262559
0.000587801
1.94107e-05
5.88501e-07
1.5235e-08
0.114728
0.115853
0.116803
0.118468
0.121024
0.121941
0.121106
0.117911
0.117044
0.118283
0.120722
0.120479
0.11968
0.117853
0.114529
0.110637
0.109258
0.109749
0.111934
0.110818
0.106603
0.0983786
0.0801393
0.0524886
0.0371878
0.0357018
0.0391276
0.0524531
0.0758907
0.0912937
0.0918353
0.0856014
0.068699
0.0611269
0.063312
0.0751303
0.0820735
0.0751755
0.0532006
0.0510239
0.0466924
0.0229237
0.010562
0.0111638
0.0162464
0.0276905
0.0446097
0.0619459
0.0744756
0.0811196
0.0845861
0.0874685
0.0905598
0.0932957
0.0950209
0.0956491
0.0955704
0.0947988
0.0925959
0.0878284
0.0772879
0.0588183
0.041618
0.0325394
0.0314023
0.0335452
0.0408445
0.0545718
0.0661543
0.0635449
0.0403903
0.0287628
0.0301474
0.0370739
0.0381722
0.026347
0.010815
0.00931932
0.0109289
0.0150937
0.0205899
0.0266936
0.0338069
0.0421535
0.0515865
0.061013
0.0688359
0.0757746
0.0811263
0.08019
0.0692028
0.0359201
0.0349925
0.0544716
0.107292
0.00855447
0.000248347
8.67172e-06
2.82731e-07
7.81199e-09
0.114315
0.11453
0.114914
0.115785
0.11722
0.119175
0.120822
0.121505
0.121644
0.121378
0.120906
0.120674
0.120915
0.121386
0.121808
0.122018
0.121797
0.121353
0.120398
0.118818
0.114615
0.10647
0.0930928
0.071313
0.0585459
0.0571378
0.0635189
0.0796388
0.0973829
0.103481
0.102835
0.0988802
0.090918
0.0878208
0.0895975
0.0920916
0.0880856
0.0659095
0.0363406
0.0320326
0.0306923
0.0194928
0.0134147
0.0151662
0.0228074
0.0374714
0.0557466
0.0725063
0.0840129
0.0899519
0.0934806
0.0962625
0.0986248
0.100352
0.10131
0.101503
0.101181
0.100042
0.0978227
0.0938267
0.0857975
0.0711337
0.056421
0.0475304
0.0461974
0.0487873
0.0575955
0.0712139
0.072982
0.0590246
0.0273287
0.0203498
0.022229
0.0287109
0.0300657
0.0217947
0.0114906
0.0110856
0.0135774
0.0188811
0.0252186
0.032251
0.0403068
0.0495954
0.0594416
0.0685807
0.0757795
0.0820294
0.0852716
0.0833249
0.0688878
0.0351787
0.0379085
0.062275
0.106694
0.00277188
0.000111315
4.30444e-06
1.50781e-07
4.34644e-09
0.114245
0.114217
0.114162
0.11415
0.114311
0.11474
0.11519
0.115362
0.115179
0.114622
0.113838
0.113594
0.114024
0.115323
0.116781
0.117892
0.118665
0.119329
0.119977
0.120858
0.121003
0.11747
0.107634
0.0952216
0.0871646
0.0860138
0.0918482
0.103318
0.112878
0.114799
0.114383
0.112408
0.108646
0.106472
0.105113
0.10037
0.0901469
0.0616441
0.029343
0.0203315
0.0186106
0.0162947
0.0163734
0.0209584
0.0324073
0.0493891
0.0676133
0.083981
0.0933227
0.098261
0.101488
0.103969
0.105912
0.107244
0.107838
0.10777
0.107112
0.105657
0.103285
0.0995919
0.0939264
0.0842773
0.0720069
0.0633632
0.0621486
0.0654505
0.0752129
0.0805287
0.0768475
0.0505667
0.0196613
0.0154167
0.0170814
0.0220393
0.0226903
0.0172047
0.0122676
0.0130279
0.0171151
0.0239365
0.0313835
0.0392941
0.0481777
0.057832
0.0673916
0.0758712
0.0823394
0.0874736
0.0888066
0.0858149
0.066796
0.0349354
0.0415448
0.0683515
0.055656
0.00130167
6.06685e-05
2.47894e-06
8.88085e-08
2.58046e-09
0.114168
0.113861
0.113137
0.1121
0.110975
0.109861
0.108728
0.10759
0.106289
0.104639
0.103052
0.10241
0.102581
0.103478
0.104832
0.106128
0.107378
0.108822
0.110698
0.113533
0.117663
0.1215
0.121386
0.114954
0.111075
0.110796
0.114697
0.12049
0.121823
0.121483
0.121514
0.121553
0.12093
0.118532
0.113788
0.106096
0.0942494
0.06484
0.0329164
0.020321
0.0183406
0.0182596
0.0214465
0.0302762
0.0448171
0.0621822
0.0814725
0.0950832
0.102065
0.106562
0.109749
0.112222
0.114016
0.115001
0.115177
0.11489
0.113919
0.112204
0.10936
0.105484
0.100857
0.0951106
0.0874082
0.0806066
0.0796193
0.0826006
0.0864753
0.0860083
0.0778393
0.046706
0.0166394
0.0126405
0.0135001
0.016387
0.0166407
0.0139937
0.0132878
0.015511
0.0220026
0.0308485
0.0394065
0.0479828
0.0570571
0.0663367
0.0751467
0.0827715
0.0882023
0.0917473
0.0917886
0.0877422
0.062791
0.0353318
0.045989
0.076829
0.0315397
0.000801097
3.72318e-05
1.50352e-06
5.30952e-08
1.52143e-09
0.11388
0.112499
0.110358
0.107453
0.104307
0.101352
0.0985936
0.0960228
0.0935946
0.0912562
0.089387
0.0885977
0.0885541
0.0888889
0.0895511
0.0903254
0.0913831
0.0928461
0.0949956
0.098468
0.104048
0.111121
0.11747
0.121258
0.122079
0.12206
0.121115
0.118433
0.115814
0.11488
0.115186
0.116735
0.119144
0.120934
0.120002
0.113493
0.101256
0.0751122
0.0439744
0.0273351
0.0234063
0.0248627
0.0313528
0.0431421
0.058292
0.0788732
0.0955682
0.105363
0.111568
0.115863
0.118047
0.11932
0.119921
0.120069
0.11997
0.119693
0.119102
0.117811
0.115516
0.111917
0.107228
0.102844
0.0981207
0.0940704
0.0927594
0.0929912
0.0924291
0.0892114
0.0785314
0.0470736
0.0166248
0.0114918
0.0115161
0.0123207
0.0129843
0.0132297
0.014523
0.0192494
0.0288011
0.0399375
0.0492868
0.0578123
0.0663166
0.0747406
0.0825713
0.0888369
0.0930206
0.094902
0.0940281
0.0887062
0.0576098
0.0364817
0.0510345
0.0900961
0.0189774
0.000502977
2.24059e-05
8.72312e-07
3.00642e-08
8.45303e-10
0.11217
0.107198
0.100762
0.0948707
0.089842
0.085581
0.0818937
0.0789044
0.0764754
0.0745843
0.0734043
0.0730718
0.0730466
0.0731482
0.073349
0.0736504
0.0742439
0.0752865
0.0770903
0.080034
0.0847349
0.0911282
0.0980761
0.10363
0.106086
0.106242
0.104229
0.101215
0.0988358
0.0981312
0.0989266
0.102053
0.107411
0.113989
0.119645
0.120509
0.111184
0.0908664
0.0594268
0.0409759
0.0359245
0.0376639
0.0451198
0.0575118
0.0778186
0.0956989
0.108184
0.116396
0.120055
0.120767
0.12047
0.119858
0.11904
0.118816
0.118988
0.119571
0.120011
0.12002
0.119455
0.11723
0.113659
0.109318
0.105104
0.101827
0.0997124
0.0980515
0.0955884
0.0911442
0.0809275
0.0535054
0.0207143
0.0116103
0.0109889
0.0112489
0.0121352
0.0136496
0.0173934
0.0251943
0.038039
0.050897
0.0601737
0.0679965
0.0756251
0.0829062
0.0890287
0.09365
0.0966659
0.0972612
0.095583
0.08829
0.0524176
0.0385454
0.0564089
0.104646
0.0102617
0.000294061
1.25545e-05
4.73965e-07
1.60053e-08
4.42879e-10
0.101681
0.0858939
0.0744457
0.0681898
0.0640409
0.0607338
0.0581242
0.0564507
0.0556185
0.0555054
0.0556272
0.0560178
0.0563167
0.0564329
0.0565012
0.0566565
0.0570847
0.0579566
0.0595161
0.0619016
0.0653912
0.069882
0.0746029
0.0786508
0.080833
0.0813748
0.0805406
0.0791431
0.0780585
0.0780187
0.0793898
0.0832228
0.0899113
0.0993849
0.109622
0.118422
0.121397
0.105778
0.0824812
0.0603378
0.05193
0.0538825
0.063978
0.0803098
0.0970839
0.110838
0.120457
0.121223
0.118869
0.11577
0.113726
0.112185
0.111288
0.11153
0.112719
0.114488
0.116332
0.118263
0.119775
0.119682
0.1182
0.115005
0.110968
0.10706
0.104201
0.101494
0.0980584
0.0935369
0.0845235
0.060835
0.0281871
0.0146662
0.012643
0.0125447
0.013315
0.0159624
0.0224427
0.0335918
0.0492521
0.0626045
0.0714503
0.0785362
0.0847308
0.0899076
0.0939018
0.09712
0.0991588
0.0989888
0.0965821
0.086185
0.0482937
0.041243
0.0618879
0.121313
0.00501523
0.000165115
6.81374e-06
2.50765e-07
8.28384e-09
2.25173e-10
0.00539859
0.0131522
0.0209424
0.0272491
0.0296308
0.0304171
0.0310517
0.0320783
0.0335716
0.0352873
0.0368081
0.0379354
0.0385446
0.0388643
0.0391245
0.0394974
0.0401397
0.041168
0.04272
0.0447217
0.0474186
0.050564
0.0536484
0.056312
0.0579886
0.058722
0.0586549
0.0582964
0.0579916
0.0582497
0.0597579
0.0634497
0.0699451
0.0791645
0.0899145
0.102725
0.117187
0.120894
0.104223
0.0874034
0.0793784
0.0809516
0.0897313
0.102554
0.115664
0.122356
0.118507
0.111985
0.106187
0.102027
0.0999514
0.0987265
0.0987846
0.100266
0.103242
0.106836
0.11035
0.113691
0.116795
0.119253
0.119676
0.118685
0.115698
0.112076
0.108402
0.104973
0.101287
0.0969993
0.0893495
0.0690904
0.0398032
0.0221033
0.0177896
0.0166952
0.0173839
0.0213301
0.0305636
0.0447421
0.0617116
0.0755155
0.0836035
0.0886465
0.0922759
0.0950148
0.0971686
0.0994474
0.100744
0.100015
0.0968144
0.0821938
0.0450721
0.0445474
0.0672262
0.106518
0.0023383
9.19372e-05
3.64993e-06
1.29353e-07
4.12381e-09
1.08978e-10
0.000421896
0.00110746
0.00211152
0.00353422
0.0049664
0.00668946
0.00890211
0.0115261
0.0142494
0.0166804
0.0185824
0.0199245
0.0208075
0.0214835
0.0221584
0.0229775
0.0240619
0.0254326
0.0271307
0.0290788
0.0313574
0.0338028
0.0360437
0.0378901
0.0390182
0.0394866
0.0394437
0.0391709
0.03889
0.0390448
0.0402148
0.0432335
0.0486491
0.0560963
0.0647773
0.0760726
0.0931673
0.112995
0.122291
0.114289
0.108657
0.109757
0.11597
0.122174
0.11875
0.108975
0.0986195
0.0905801
0.0857894
0.0833438
0.0828355
0.0831042
0.0847605
0.0881663
0.0928627
0.0979786
0.103069
0.108029
0.112617
0.116059
0.118637
0.119593
0.118756
0.116174
0.113055
0.109777
0.105816
0.101737
0.0949617
0.0787703
0.0541705
0.0355767
0.0285879
0.0256157
0.0259907
0.0309812
0.0426701
0.0582101
0.0761619
0.0887856
0.0935257
0.095767
0.0971201
0.098044
0.0989489
0.100435
0.101135
0.10004
0.0961622
0.0761874
0.0435863
0.0491627
0.0722547
0.061676
0.00121971
4.93354e-05
1.85167e-06
6.23831e-08
1.9034e-09
4.85847e-11
3.45977e-05
9.45327e-05
0.000204026
0.000359946
0.000586867
0.000897082
0.00131442
0.00187346
0.00266725
0.00361346
0.00452574
0.00537431
0.00622704
0.00710103
0.00804779
0.00919514
0.0105386
0.0120591
0.0138639
0.0157999
0.017972
0.0200142
0.0217174
0.0226882
0.0228405
0.0226647
0.0220889
0.021418
0.0209509
0.0210105
0.0218824
0.0241881
0.0281128
0.0332162
0.039089
0.0467201
0.0586416
0.0765827
0.0976809
0.111763
0.116583
0.115811
0.110412
0.100343
0.0880579
0.0775263
0.0705913
0.0666633
0.0652101
0.0652512
0.0665658
0.0688423
0.0724761
0.0776346
0.0837956
0.0901068
0.0963423
0.10222
0.107727
0.112173
0.115411
0.118134
0.119481
0.11895
0.11739
0.115236
0.112156
0.107704
0.10094
0.0893545
0.0707201
0.0533241
0.0454044
0.0405347
0.0403048
0.0455428
0.0578082
0.0741478
0.0908108
0.0971713
0.0987589
0.099295
0.0992379
0.098986
0.0991049
0.100092
0.100744
0.0993702
0.0945631
0.0684387
0.0441426
0.0552414
0.0833689
0.0264976
0.000608696
2.35973e-05
8.33357e-07
2.67373e-08
7.83367e-10
1.93547e-11
2.01345e-06
6.4827e-06
1.70736e-05
3.52295e-05
6.64007e-05
0.000114462
0.000182831
0.000273361
0.000385194
0.000514993
0.000663192
0.00083173
0.00102986
0.00127501
0.00158676
0.00199025
0.0026673
0.003651
0.00488807
0.00645734
0.00812096
0.00933834
0.00968324
0.00954761
0.00878046
0.00758754
0.00657306
0.0061259
0.00608371
0.00632187
0.00717153
0.00879626
0.0111495
0.0139884
0.0171643
0.0211552
0.0271035
0.0361562
0.0487691
0.0607759
0.0666187
0.0662031
0.0618526
0.0558669
0.0510296
0.0480306
0.0468219
0.0469322
0.0482527
0.050552
0.0537956
0.0578874
0.0632485
0.0698212
0.0770307
0.0842085
0.0909221
0.0970882
0.102639
0.107305
0.111217
0.114553
0.117376
0.119064
0.119286
0.119015
0.117815
0.114628
0.107505
0.0986004
0.0886066
0.074834
0.0661002
0.0597385
0.0586842
0.0635727
0.0765897
0.0911694
0.0988083
0.100557
0.100635
0.100397
0.0995684
0.0982912
0.0980596
0.0986895
0.0993758
0.0977378
0.0911199
0.0607686
0.0474016
0.0632817
0.109043
0.00898579
0.000253548
9.45465e-06
3.21478e-07
9.97465e-09
2.83524e-10
6.83366e-12
9.98317e-08
3.64463e-07
1.12121e-06
2.64265e-06
5.5734e-06
1.05327e-05
1.81587e-05
2.89622e-05
4.35472e-05
6.26475e-05
8.74018e-05
0.000119909
0.000163062
0.000219452
0.000297264
0.00040862
0.000573481
0.00081628
0.00116931
0.00162122
0.00191286
0.00190186
0.00173748
0.00144653
0.00115074
0.000942367
0.000836516
0.000852872
0.000943047
0.00110551
0.00137144
0.0017811
0.00240676
0.00334948
0.00449402
0.00605207
0.00814539
0.0109895
0.0146721
0.0189163
0.0224335
0.0246834
0.0260483
0.0269881
0.0280328
0.0294462
0.0313338
0.0337895
0.0369056
0.0407155
0.0453427
0.0509464
0.0575545
0.0650312
0.0727896
0.0801608
0.0867519
0.0924334
0.0974807
0.101671
0.105638
0.109313
0.11273
0.115027
0.116645
0.117914
0.119085
0.118896
0.114377
0.106214
0.100389
0.0944719
0.0897948
0.0845259
0.0829245
0.08683
0.0948188
0.100161
0.101612
0.101463
0.100963
0.0999717
0.0983627
0.0960795
0.0955102
0.0961249
0.0968978
0.0952401
0.0845648
0.0556881
0.0537374
0.0716182
0.0969806
0.00225214
8.79493e-05
3.24183e-06
1.079e-07
3.27013e-09
9.11129e-11
2.1673e-12
3.90586e-09
1.71054e-08
6.1622e-08
1.64386e-07
3.85687e-07
7.9302e-07
1.47616e-06
2.53517e-06
4.11977e-06
6.44549e-06
9.83954e-06
1.48247e-05
2.21733e-05
3.3045e-05
4.89875e-05
7.18138e-05
0.000105109
0.000151114
0.00020721
0.000253776
0.000255917
0.000227648
0.00018448
0.000143354
0.000114352
0.000101476
0.000109785
0.000140793
0.000200158
0.000294808
0.000433754
0.000637381
0.000993642
0.00148981
0.00205654
0.00286954
0.0038691
0.0050434
0.00652956
0.00814006
0.00988503
0.0116694
0.0136387
0.015738
0.0180806
0.0206857
0.0236233
0.0270228
0.0310203
0.0357815
0.0413785
0.0478538
0.0551489
0.0628984
0.0705487
0.0774284
0.0832441
0.0878734
0.0919109
0.0953166
0.0987219
0.102218
0.105656
0.107908
0.10969
0.111536
0.1145
0.118129
0.118378
0.112867
0.107645
0.104161
0.10223
0.100444
0.100011
0.101037
0.10295
0.103309
0.102467
0.101059
0.0997297
0.0982271
0.0960151
0.0928436
0.0920587
0.0927469
0.0934068
0.0911444
0.0749279
0.0533249
0.0620041
0.0870314
0.0229378
0.000657797
2.69785e-05
9.81268e-07
3.21615e-08
9.64143e-10
2.67339e-11
6.37304e-13
1.34517e-10
6.83521e-10
2.78885e-09
8.29901e-09
2.14769e-08
4.81905e-08
9.76601e-08
1.82979e-07
3.25198e-07
5.57029e-07
9.30884e-07
1.52901e-06
2.47983e-06
3.9858e-06
6.33572e-06
9.87556e-06
1.46805e-05
2.02374e-05
2.54042e-05
2.7262e-05
2.50341e-05
2.04197e-05
1.57446e-05
1.29804e-05
1.33159e-05
1.80105e-05
2.86406e-05
4.8699e-05
0.000108092
0.00023031
0.000429047
0.000718372
0.00110379
0.00157814
0.00213197
0.00292449
0.00383297
0.0048278
0.00600881
0.0073115
0.00873603
0.0103532
0.0121328
0.0141935
0.0165257
0.0192108
0.0223449
0.026005
0.0303145
0.0354281
0.0413486
0.0480368
0.0552859
0.0625834
0.0694218
0.0751767
0.0796382
0.0829477
0.0857852
0.0883083
0.0911736
0.094049
0.096583
0.098004
0.0994604
0.1018
0.10707
0.114182
0.118877
0.116521
0.11283
0.110231
0.108812
0.107508
0.106903
0.106737
0.106209
0.104754
0.101592
0.0986748
0.097094
0.0954673
0.0929152
0.0892582
0.0884124
0.0890148
0.0890484
0.0845434
0.0645199
0.055746
0.0704445
0.118888
0.00430509
0.000180314
7.43315e-06
2.69827e-07
8.83264e-09
2.65873e-10
7.43213e-12
1.794e-13
3.97742e-12
2.33498e-11
1.06825e-10
3.53675e-10
1.01158e-09
2.4905e-09
5.52536e-09
1.13285e-08
2.20081e-08
4.10438e-08
7.43742e-08
1.31654e-07
2.2843e-07
3.89519e-07
6.50168e-07
1.04489e-06
1.54559e-06
2.05557e-06
2.415e-06
2.33906e-06
2.02684e-06
1.67041e-06
1.54262e-06
1.9594e-06
3.27364e-06
6.31755e-06
1.62273e-05
4.5937e-05
0.000115427
0.000251442
0.0004796
0.000813707
0.00125168
0.00178169
0.00244023
0.00331399
0.00425636
0.00527788
0.00647841
0.00776887
0.0092318
0.0108781
0.012745
0.0148796
0.0173384
0.020155
0.0234209
0.0272674
0.0317926
0.0371763
0.0432497
0.0498878
0.0565563
0.0628668
0.068379
0.072566
0.0753943
0.0772297
0.0790081
0.0808973
0.0834183
0.0854494
0.0866625
0.0870586
0.0881795
0.0914916
0.0996701
0.111205
0.1184
0.117717
0.115515
0.114316
0.113781
0.112998
0.112116
0.110992
0.108909
0.104963
0.099367
0.0950581
0.0930439
0.0912098
0.0885674
0.0852245
0.0847455
0.0849507
0.0838202
0.0744616
0.0586455
0.0633816
0.0848025
0.0304126
0.00095493
4.6195e-05
1.90861e-06
6.98865e-08
2.30818e-09
7.03337e-11
1.99225e-12
4.87699e-14
1.0382e-13
6.97483e-13
3.53223e-12
1.29038e-11
4.05722e-11
1.09402e-10
2.64997e-10
5.92009e-10
1.24986e-09
2.52135e-09
4.91229e-09
9.27382e-09
1.70461e-08
3.0511e-08
5.27207e-08
8.6289e-08
1.26477e-07
1.63588e-07
1.85306e-07
1.75399e-07
1.64566e-07
1.81495e-07
2.70757e-07
5.14667e-07
1.22559e-06
3.65317e-06
1.13715e-05
3.45192e-05
9.20162e-05
0.00021132
0.000421986
0.000743512
0.00117894
0.00171855
0.00238703
0.00330915
0.00433532
0.00552342
0.00692178
0.00843697
0.0101907
0.0121095
0.0143145
0.0167783
0.0195514
0.0227114
0.0263115
0.0304869
0.0353572
0.0408589
0.0467015
0.0525386
0.0578417
0.0625715
0.0664558
0.0688588
0.0700233
0.0706366
0.0716657
0.0733419
0.0756529
0.0765041
0.0761951
0.0758847
0.077236
0.0827398
0.0951362
0.110256
0.118244
0.117987
0.117383
0.117634
0.117819
0.117585
0.11671
0.114784
0.111006
0.104487
0.0970476
0.0909325
0.0876867
0.0852073
0.0827705
0.0808458
0.0809438
0.0805554
0.0762613
0.0624939
0.059209
0.0722556
0.120395
0.00483962
0.000233837
1.13908e-05
4.73898e-07
1.75148e-08
5.83695e-10
1.79566e-11
5.12508e-13
1.26123e-14
2.42021e-15
1.82672e-14
1.01379e-13
4.08101e-13
1.41034e-12
4.15559e-12
1.09503e-11
2.65419e-11
6.0505e-11
1.30786e-10
2.71467e-10
5.42361e-10
1.04939e-09
1.95945e-09
3.48323e-09
5.81505e-09
8.55529e-09
1.11668e-08
1.33614e-08
1.49162e-08
1.98877e-08
3.38095e-08
6.8382e-08
1.74465e-07
5.52722e-07
1.79397e-06
5.72772e-06
1.78132e-05
4.95908e-05
0.000120781
0.000259757
0.000496785
0.000855941
0.00135
0.0019834
0.00290878
0.00407715
0.00544013
0.00711426
0.00899857
0.0111368
0.0135329
0.0161785
0.0191205
0.0223929
0.0260277
0.0301014
0.0347474
0.0398474
0.0450603
0.049959
0.0539183
0.0574093
0.0605456
0.0629169
0.0634428
0.0632312
0.0631541
0.0639506
0.0659353
0.0676532
0.0669139
0.0650006
0.0646745
0.0673187
0.0766014
0.0937894
0.111622
0.118299
0.118309
0.118477
0.117882
0.117305
0.117968
0.118469
0.117568
0.112805
0.103965
0.0949863
0.0871303
0.0822984
0.0790792
0.077249
0.0769124
0.0770244
0.0751436
0.0655629
0.0583304
0.0650045
0.083026
0.0345125
0.00107268
5.7325e-05
2.75367e-06
1.13912e-07
4.20473e-09
1.40132e-10
4.30397e-12
1.22192e-13
2.98156e-15
5.04842e-17
4.2666e-16
2.57754e-15
1.13673e-14
4.27045e-14
1.36192e-13
3.8811e-13
1.01299e-12
2.46923e-12
5.66355e-12
1.24346e-11
2.6228e-11
5.35111e-11
1.05101e-10
1.95034e-10
3.44073e-10
5.47125e-10
8.17804e-10
1.26205e-09
2.03239e-09
3.82325e-09
8.0728e-09
1.97419e-08
6.22064e-08
2.05929e-07
6.75688e-07
2.16368e-06
6.7262e-06
1.90974e-05
4.96271e-05
0.000119359
0.000263293
0.000528055
0.000959321
0.00158705
0.00247036
0.0037829
0.00532466
0.00724593
0.00943601
0.0119042
0.0147067
0.0177911
0.0211966
0.0249794
0.0291875
0.0338693
0.0389389
0.0438464
0.04769
0.0502616
0.0522333
0.0541353
0.0561788
0.0569204
0.0563561
0.0550936
0.0549213
0.0562767
0.0588
0.0588177
0.0562052
0.0531304
0.0536366
0.0591318
0.0736736
0.096137
0.113399
0.118157
0.117563
0.113614
0.108135
0.108501
0.112212
0.11633
0.11857
0.115079
0.103632
0.0925738
0.0833648
0.0779855
0.0750536
0.0737927
0.0733995
0.0725476
0.066949
0.0587707
0.0626352
0.0729561
0.119925
0.00500941
0.00026061
1.35614e-05
6.29295e-07
2.55181e-08
9.28295e-10
3.05316e-11
9.24149e-13
2.57669e-14
6.15674e-16
9.58254e-19
8.83319e-18
5.7756e-17
2.78573e-16
1.12862e-15
3.87318e-15
1.18366e-14
3.29747e-14
8.53557e-14
2.06675e-13
4.7928e-13
1.0746e-12
2.37063e-12
5.16619e-12
1.09353e-11
2.32191e-11
4.71743e-11
9.39956e-11
1.95636e-10
4.03896e-10
8.80835e-10
2.14553e-09
6.3631e-09
2.12219e-08
7.09407e-08
2.33258e-07
7.47664e-07
2.32599e-06
6.91585e-06
2.01888e-05
5.72838e-05
0.00015067
0.000353387
0.000726766
0.00131703
0.00213768
0.0034467
0.00502628
0.00702144
0.00928792
0.0118666
0.0148633
0.0183008
0.0222408
0.0266804
0.0315926
0.0368848
0.0416636
0.0446074
0.0458735
0.0462476
0.046513
0.0475855
0.0493851
0.0493024
0.0478083
0.0460672
0.0463872
0.0491822
0.0511047
0.04942
0.0437619
0.0414092
0.043734
0.0537359
0.0741936
0.10023
0.114174
0.114669
0.109537
0.0962698
0.0905741
0.0946753
0.103914
0.110188
0.115795
0.117093
0.101926
0.0884063
0.0791589
0.0748488
0.073902
0.0727162
0.0698049
0.0667858
0.0605785
0.0614605
0.0695858
0.105758
0.0165248
0.000831014
5.15091e-05
2.72423e-06
1.24433e-07
4.94302e-09
1.76442e-10
5.69257e-12
1.68379e-13
4.56784e-15
1.03809e-16
1.66835e-20
1.66643e-19
1.15804e-18
5.95451e-18
2.58097e-17
9.4731e-17
3.09854e-16
9.14997e-16
2.49772e-15
6.36473e-15
1.57204e-14
3.87548e-14
9.93653e-14
2.71111e-13
7.60435e-13
2.21011e-12
6.07646e-12
1.53654e-11
3.79066e-11
8.88221e-11
2.1753e-10
6.08153e-10
2.04461e-09
7.02698e-09
2.39244e-08
8.03371e-08
2.65541e-07
8.62753e-07
2.76314e-06
8.74754e-06
2.73088e-05
8.09417e-05
0.000211243
0.000476044
0.000933032
0.00161643
0.00261478
0.00406961
0.00586357
0.00807773
0.0107632
0.0139397
0.0176661
0.0219859
0.0269135
0.0323329
0.037318
0.0403143
0.0404365
0.0386497
0.0368136
0.0370617
0.0391951
0.0415348
0.0409903
0.0384371
0.0372302
0.038548
0.0428908
0.0429371
0.038337
0.0311536
0.0311676
0.0365135
0.0515019
0.0773354
0.103694
0.108892
0.104678
0.0879113
0.0721434
0.072284
0.0815188
0.0923542
0.0966852
0.107999
0.117924
0.0968072
0.0825807
0.0761774
0.0755956
0.0767366
0.0739896
0.069771
0.0672606
0.0633252
0.0696877
0.0988256
0.0291491
0.00116355
9.62869e-05
6.62648e-06
3.78881e-07
1.84847e-08
7.49388e-10
2.66238e-11
8.44585e-13
2.43891e-14
6.42236e-16
1.36805e-17
2.65746e-22
2.83545e-21
2.07524e-20
1.13318e-19
5.18247e-19
1.99726e-18
6.85412e-18
2.13417e-17
6.14206e-17
1.66878e-16
4.54771e-16
1.33382e-15
4.43865e-15
1.64672e-14
6.11683e-14
2.26386e-13
7.81025e-13
2.45773e-12
7.30292e-12
1.98683e-11
5.53799e-11
1.80166e-10
6.46733e-10
2.28212e-09
7.92566e-09
2.71168e-08
9.15055e-08
3.04408e-07
9.99784e-07
3.23928e-06
1.02778e-05
3.16465e-05
8.69879e-05
0.000210009
0.000449525
0.000858477
0.00148035
0.00238006
0.00385286
0.00579564
0.00837557
0.0116507
0.0156463
0.0204102
0.0258178
0.0309407
0.033925
0.0332486
0.0293256
0.0249978
0.0247787
0.026848
0.0317357
0.033853
0.0324095
0.0291804
0.0291142
0.0320389
0.0366189
0.0345171
0.0259532
0.0212718
0.0234006
0.0326147
0.0521055
0.0808472
0.101076
0.0969562
0.0816609
0.0595183
0.0516782
0.0551253
0.0689759
0.0745754
0.0769521
0.0990472
0.113833
0.0892893
0.0794027
0.0779797
0.0800666
0.0842839
0.0812348
0.0757769
0.0744289
0.0714724
0.0813751
0.0758835
0.00166537
0.000106817
6.87969e-06
4.58871e-07
2.82721e-08
1.54222e-09
6.98085e-11
2.67584e-12
8.74129e-14
2.51836e-15
6.28362e-17
1.31554e-18
3.84285e-24
4.32226e-23
3.30621e-22
1.90327e-21
9.12737e-21
3.67262e-20
1.31514e-19
4.27338e-19
1.29207e-18
3.78305e-18
1.20077e-17
4.59184e-17
2.08898e-16
9.88104e-16
4.32131e-15
1.79419e-14
7.01024e-14
2.51724e-13
9.72108e-13
4.00716e-12
1.34472e-11
4.88233e-11
1.84513e-10
6.74022e-10
2.39496e-09
8.29899e-09
2.81806e-08
9.41911e-08
3.11208e-07
1.01596e-06
3.26195e-06
9.93411e-06
2.7011e-05
6.52925e-05
0.000144277
0.000300416
0.00059071
0.00109909
0.00192314
0.00339994
0.00556658
0.00853633
0.012299
0.016889
0.0217363
0.0244052
0.0233534
0.018235
0.0131929
0.0128172
0.0148578
0.0201842
0.0260156
0.0263395
0.0236604
0.0209922
0.0219632
0.0268149
0.029949
0.0253736
0.0159611
0.0148469
0.0187837
0.0310248
0.0534497
0.08212
0.0911747
0.0760549
0.0516383
0.036546
0.0351843
0.0396812
0.0537309
0.0532926
0.0560641
0.0938162
0.105639
0.0855194
0.0811693
0.083794
0.096445
0.12025
0.118425
0.0989228
0.103679
0.104286
0.120005
0.00626192
0.000227992
1.00444e-05
4.44824e-07
2.09359e-08
1.10309e-09
6.89452e-11
3.80089e-12
1.47207e-13
5.02022e-15
1.4705e-16
3.63274e-18
7.70153e-20
5.00033e-26
5.86443e-25
4.64932e-24
2.79589e-23
1.39322e-22
5.80985e-22
2.1616e-21
7.36219e-21
2.39164e-20
8.01283e-20
3.22299e-19
1.63826e-18
9.12802e-18
5.04863e-17
2.48865e-16
1.08812e-15
4.58341e-15
1.81821e-14
8.34452e-14
4.57805e-13
2.64416e-12
1.16191e-11
4.75446e-11
1.82283e-10
6.71946e-10
2.39198e-09
8.24903e-09
2.77712e-08
9.21684e-08
3.02125e-07
9.636e-07
2.85428e-06
7.55908e-06
1.804e-05
4.00376e-05
8.50394e-05
0.000174939
0.00036664
0.000764352
0.00147336
0.00264486
0.00451444
0.00696788
0.00944055
0.010442
0.00965689
0.00672391
0.00436606
0.00435394
0.00581812
0.00966207
0.0155775
0.0193519
0.0186155
0.0152014
0.0138502
0.0154901
0.0209124
0.0225651
0.0173942
0.0104908
0.0107855
0.0160052
0.029868
0.0531972
0.0762483
0.0760742
0.0498257
0.0267516
0.0214993
0.0212163
0.024664
0.0360201
0.0337858
0.0377787
0.0918457
0.0998773
0.0861322
0.0875019
0.101437
0.115655
0.0212775
0.0102103
0.0358303
0.0201371
0.015666
0.00500574
0.000608607
2.96348e-05
1.02879e-06
3.27517e-08
1.04234e-09
3.88648e-11
1.94845e-12
1.24796e-13
6.81869e-15
2.06509e-16
5.04351e-18
1.21896e-19
2.51821e-21
5.80637e-28
7.04607e-27
5.7504e-26
3.57956e-25
1.84219e-24
7.91989e-24
3.05392e-23
1.10043e-22
4.00446e-22
1.67175e-21
8.97816e-21
5.7466e-20
3.62997e-19
2.15089e-18
1.10339e-17
5.04411e-17
2.29964e-16
1.00248e-15
5.27091e-15
3.46289e-14
2.49094e-13
1.69799e-12
1.00426e-11
4.25656e-11
1.66485e-10
6.15036e-10
2.15423e-09
7.26814e-09
2.39994e-08
7.76927e-08
2.41046e-07
6.87919e-07
1.77628e-06
4.22591e-06
9.53455e-06
2.07514e-05
4.41256e-05
9.47363e-05
0.000199764
0.00038988
0.000682255
0.00106226
0.0014025
0.00146199
0.00132933
0.00111304
0.000914281
0.000965203
0.00140148
0.00284209
0.0059062
0.0100744
0.0116294
0.0107223
0.00810902
0.00757372
0.00905417
0.0134825
0.0147281
0.0114499
0.00727373
0.0078949
0.0132953
0.0269343
0.0480312
0.0619053
0.0573407
0.0277433
0.0122524
0.0109067
0.00993415
0.0117667
0.0205889
0.0188245
0.0233999
0.0868582
0.0980383
0.0915307
0.107724
0.117848
0.0733001
0.00323687
0.000393231
0.00084232
0.000584258
0.000426721
0.000155731
2.50006e-05
2.65509e-06
9.50709e-08
2.50735e-09
6.12906e-11
1.56319e-12
5.42389e-14
3.00393e-15
2.12504e-16
9.63564e-18
2.03357e-19
4.17923e-21
7.7928e-23
5.96893e-30
7.43202e-29
6.20544e-28
3.97492e-27
2.10121e-26
9.30544e-26
3.74007e-25
1.46994e-24
6.44499e-24
3.59667e-23
2.49211e-22
1.85101e-21
1.26626e-20
7.82977e-20
4.21354e-19
1.97283e-18
9.11578e-18
4.47897e-17
2.76969e-16
2.08188e-15
1.69085e-14
1.29928e-13
8.69726e-13
4.93491e-12
2.38999e-11
9.98127e-11
3.63604e-10
1.2082e-09
3.77435e-09
1.13676e-08
3.35578e-08
9.68906e-08
2.67174e-07
7.0003e-07
1.73022e-06
3.92584e-06
8.40972e-06
1.71715e-05
3.20309e-05
5.29716e-05
7.94175e-05
0.000105784
0.000122548
0.00012381
0.000118979
0.000124038
0.000155906
0.000234675
0.000477029
0.00116426
0.00238361
0.00388614
0.00409842
0.00365347
0.00264479
0.00254493
0.00334047
0.00587328
0.00740592
0.00639037
0.00449694
0.00501238
0.00935422
0.0205647
0.0357998
0.0405316
0.0345714
0.0136927
0.00450296
0.00382726
0.00308513
0.00393944
0.00931045
0.00887323
0.01124
0.0704198
0.101928
0.0966879
0.112831
0.0345035
0.00704557
0.000617391
4.26586e-05
2.67231e-05
1.88262e-05
1.30175e-05
4.41225e-06
7.52944e-07
8.95135e-08
7.02424e-09
1.73559e-10
3.83342e-12
8.06068e-14
1.95347e-15
6.4068e-17
3.80492e-18
2.94585e-19
1.23028e-20
2.15874e-22
3.61397e-24
5.39173e-32
6.85816e-31
5.83672e-30
3.82844e-29
2.07545e-28
9.51267e-28
4.07852e-27
1.85861e-26
1.06537e-25
7.89837e-25
6.50084e-24
5.27321e-23
3.82013e-22
2.44269e-21
1.36292e-20
6.66935e-20
3.19819e-19
1.69953e-18
1.14571e-17
9.76013e-17
8.74324e-16
7.15907e-15
5.10582e-14
3.12599e-13
1.62535e-12
7.23239e-12
2.7268e-11
9.12582e-11
2.83267e-10
8.51039e-10
2.57513e-09
7.85051e-09
2.32003e-08
6.54138e-08
1.70607e-07
3.9928e-07
8.56044e-07
1.671e-06
2.8754e-06
4.39294e-06
6.09289e-06
7.59727e-06
8.51668e-06
9.16657e-06
1.1121e-05
1.69337e-05
2.95928e-05
5.56422e-05
0.000127633
0.000289685
0.000489539
0.000608951
0.000602835
0.000561631
0.000535619
0.000617868
0.000936779
0.00185103
0.00233469
0.00205162
0.00162101
0.00192584
0.00413376
0.0101897
0.0165101
0.0165918
0.0125569
0.00475154
0.00124038
0.00088994
0.000723352
0.00096272
0.00264467
0.00305572
0.00301693
0.0387022
0.116344
0.101461
0.108884
0.0100325
0.000709776
6.42981e-05
6.17032e-06
1.01032e-06
4.5639e-07
2.94895e-07
9.99217e-08
1.80807e-08
2.38777e-09
2.44915e-10
1.35519e-11
2.81224e-13
5.76639e-15
1.19679e-16
2.79675e-18
8.91365e-20
4.18662e-21
2.86871e-22
1.18826e-23
1.85395e-25
4.27016e-34
5.527e-33
4.78251e-32
3.2048e-31
1.78849e-30
8.63705e-30
4.1272e-29
2.37128e-28
1.83412e-27
1.6735e-26
1.52739e-25
1.30997e-24
9.92948e-24
6.65549e-23
3.84461e-22
1.95692e-21
9.93225e-21
5.7105e-20
4.19975e-19
3.79855e-18
3.6015e-17
3.20735e-16
2.39468e-15
1.53452e-14
8.32256e-14
3.80088e-13
1.44571e-12
4.83354e-12
1.49727e-11
4.54327e-11
1.4216e-10
4.5492e-10
1.41324e-09
4.16857e-09
1.11576e-08
2.63105e-08
5.62679e-08
1.07199e-07
1.76731e-07
2.57999e-07
3.442e-07
4.18778e-07
4.80437e-07
6.06071e-07
1.03021e-06
2.22992e-06
4.96825e-06
1.02775e-05
2.03296e-05
3.3157e-05
4.42514e-05
5.16142e-05
5.46627e-05
5.93453e-05
7.65917e-05
0.000117327
0.00019991
0.000333684
0.000362463
0.000335726
0.000352329
0.000497058
0.00107541
0.00249533
0.00333575
0.00314433
0.00222878
0.00109094
0.000309718
0.000107435
7.09922e-05
0.000120557
0.000276389
0.000351136
0.000528871
0.0163832
0.100606
0.113744
0.0854964
0.0036256
0.000231722
1.82057e-05
1.49565e-06
1.29021e-07
1.61952e-08
5.75639e-09
1.82345e-09
3.50491e-10
5.11976e-11
6.04832e-12
5.97849e-13
2.43664e-14
5.06836e-16
1.04159e-17
2.34938e-19
5.81902e-21
1.6383e-22
5.22439e-24
2.07417e-25
6.78588e-27
2.96166e-36
3.89523e-35
3.43011e-34
2.36026e-33
1.37425e-32
7.23984e-32
4.17207e-31
3.21166e-30
3.16888e-29
3.2808e-28
3.18258e-27
2.84588e-26
2.25453e-25
1.57559e-24
9.51018e-24
5.0015e-23
2.65226e-22
1.64748e-21
1.30255e-20
1.24577e-19
1.22028e-18
1.09803e-17
8.73936e-17
5.87751e-16
3.29645e-15
1.51968e-14
5.7656e-14
1.92297e-13
5.95349e-13
1.83315e-12
5.92988e-12
1.97379e-11
6.34606e-11
1.91897e-10
5.18909e-10
1.22894e-09
2.62408e-09
4.90932e-09
7.88375e-09
1.12737e-08
1.48189e-08
1.7967e-08
2.18072e-08
3.36088e-08
7.47278e-08
1.90258e-07
4.45923e-07
9.10744e-07
1.58418e-06
2.28639e-06
2.84191e-06
3.28441e-06
3.65005e-06
4.59071e-06
7.4015e-06
1.35068e-05
2.16478e-05
2.81199e-05
2.86422e-05
2.85179e-05
4.16972e-05
8.41126e-05
0.000161366
0.000241098
0.000255942
0.00022772
0.000166966
0.000104743
6.13098e-05
2.09417e-05
6.12554e-06
6.68566e-06
1.35865e-05
1.82984e-05
9.92164e-05
0.0066601
0.0479131
0.100386
0.0518673
0.00280182
0.000150663
8.98635e-06
5.77497e-07
3.90001e-08
2.78016e-09
2.5442e-10
3.6031e-11
6.56656e-12
9.84457e-13
1.2469e-13
1.36682e-14
1.33706e-15
4.25363e-17
8.95208e-19
1.99366e-20
4.50284e-22
1.03667e-23
2.53367e-25
6.6937e-27
1.68629e-28
1.81347e-38
2.42971e-37
2.18672e-36
1.56171e-35
9.78159e-35
6.00063e-34
4.49784e-33
4.50799e-32
5.16624e-31
5.75857e-30
5.82895e-29
5.39188e-28
4.45814e-27
3.23504e-26
2.02656e-25
1.124e-24
6.21775e-24
4.09845e-23
3.43354e-22
3.42874e-21
3.46192e-20
3.17189e-19
2.53818e-18
1.72387e-17
1.00705e-16
4.78751e-16
1.80684e-15
5.99237e-15
1.85737e-14
5.82613e-14
1.94458e-13
6.66385e-13
2.18168e-12
6.6503e-12
1.79974e-11
4.2679e-11
9.08192e-11
1.67625e-10
2.65592e-10
3.77143e-10
4.93408e-10
6.01634e-10
7.85033e-10
1.46356e-09
3.85944e-09
1.05384e-08
2.48114e-08
4.92449e-08
8.11421e-08
1.11686e-07
1.3543e-07
1.55582e-07
1.77335e-07
2.43826e-07
4.38827e-07
8.27536e-07
1.25538e-06
1.50577e-06
1.47251e-06
1.49758e-06
2.44087e-06
5.2158e-06
9.08035e-06
1.16398e-05
1.18658e-05
1.03964e-05
7.72072e-06
5.008e-06
2.9447e-06
1.5114e-06
7.43961e-07
3.91426e-07
5.2525e-07
8.04981e-07
1.50925e-05
0.00108565
0.00875845
0.00902098
0.00307779
0.000678502
4.26526e-05
2.5058e-06
1.53967e-07
9.82756e-09
6.30987e-10
3.94361e-11
2.61552e-12
1.93721e-13
1.89887e-14
2.29494e-15
2.54015e-16
2.43342e-17
2.18191e-18
7.00411e-20
1.425e-21
2.9125e-23
5.99546e-25
1.297e-26
3.04929e-28
7.16517e-30
9.99673e-41
1.37142e-39
1.27647e-38
9.73191e-38
6.90337e-37
5.27763e-36
5.13529e-35
6.12623e-34
7.62955e-33
8.9002e-32
9.32376e-31
8.87824e-30
7.62524e-29
5.80623e-28
3.74828e-27
2.15638e-26
1.24069e-25
8.51912e-25
7.4322e-24
7.65036e-23
7.90911e-22
7.38942e-21
6.00879e-20
4.13553e-19
2.40806e-18
1.12689e-17
4.28207e-17
1.44545e-16
4.54894e-16
1.45227e-15
4.97882e-15
1.74783e-14
5.79573e-14
1.77021e-13
4.76592e-13
1.12461e-12
2.3766e-12
4.33653e-12
6.84532e-12
9.76542e-12
1.27915e-11
1.57642e-11
2.21959e-11
4.82291e-11
1.41082e-10
3.99182e-10
9.399e-10
1.83685e-09
2.96815e-09
4.02714e-09
4.85641e-09
5.55076e-09
6.37492e-09
9.11918e-09
1.72374e-08
3.24861e-08
4.77868e-08
5.55137e-08
5.36792e-08
5.40726e-08
8.45638e-08
1.70296e-07
2.81646e-07
3.52442e-07
3.62505e-07
3.2152e-07
2.45173e-07
1.64841e-07
1.0177e-07
5.72777e-08
3.03937e-08
1.71993e-08
1.7659e-08
3.04536e-08
1.40695e-06
7.64011e-05
0.000407037
0.000252881
9.66787e-05
2.50623e-05
5.86951e-06
5.03294e-07
2.85804e-08
1.65505e-09
9.97994e-11
5.93613e-12
3.36045e-13
1.86767e-14
1.04527e-15
5.78576e-17
3.99999e-18
3.64781e-19
3.31645e-20
2.7327e-21
9.7932e-23
1.77926e-24
3.33089e-26
6.87716e-28
1.62087e-29
3.8833e-31
5.14342e-43
7.30416e-42
7.18673e-41
6.08744e-40
5.13864e-39
4.92258e-38
5.77105e-37
7.60288e-36
9.94926e-35
1.19984e-33
1.29252e-32
1.27257e-31
1.1345e-30
9.02859e-30
6.0424e-29
3.55698e-28
2.10638e-27
1.49887e-26
1.34691e-25
1.41716e-24
1.4917e-23
1.41748e-22
1.17014e-21
8.189e-21
4.78233e-20
2.20572e-19
8.20199e-19
2.68474e-18
8.34687e-18
2.71106e-17
9.64245e-17
3.52875e-16
1.18362e-15
3.6327e-15
9.75774e-15
2.29097e-14
4.81452e-14
8.72997e-14
1.37992e-13
1.97833e-13
2.60117e-13
3.25535e-13
4.9133e-13
1.19592e-12
3.73126e-12
1.08074e-11
2.54519e-11
4.9542e-11
7.99908e-11
1.08684e-10
1.31768e-10
1.50315e-10
1.72197e-10
2.47933e-10
4.74019e-10
8.75537e-10
1.26613e-09
1.45526e-09
1.41473e-09
1.40342e-09
2.04023e-09
3.80235e-09
6.06807e-09
7.64793e-09
8.01205e-09
7.27609e-09
5.7632e-09
4.08157e-09
2.6987e-09
1.64984e-09
9.59274e-10
5.67836e-10
5.14237e-10
1.01209e-09
8.0006e-08
2.9209e-06
1.26615e-05
6.22342e-06
2.36477e-06
6.13523e-07
1.43227e-07
2.9598e-08
4.30383e-09
2.16976e-10
1.14011e-11
6.06035e-13
3.18509e-14
1.63012e-15
7.71818e-17
3.53339e-18
1.64417e-19
7.80344e-21
4.58239e-22
3.48711e-23
2.52708e-24
1.05754e-25
1.73959e-27
3.3013e-29
7.54274e-31
1.77787e-32
2.60367e-45
3.88619e-44
4.15716e-43
4.01756e-42
4.03255e-41
4.58788e-40
6.00846e-39
8.37765e-38
1.13377e-36
1.40329e-35
1.54892e-34
1.57599e-33
1.4523e-32
1.19047e-31
8.20572e-31
4.93248e-30
2.98634e-29
2.17487e-28
1.98838e-27
2.11564e-26
2.24929e-25
2.15892e-24
1.79584e-23
1.26954e-22
7.41225e-22
3.39337e-21
1.25241e-20
4.05562e-20
1.2465e-19
4.01555e-19
1.41533e-18
5.16706e-18
1.77732e-17
5.60138e-17
1.5462e-16
3.67364e-16
7.66571e-16
1.38203e-15
2.19045e-15
3.15556e-15
4.16122e-15
5.28605e-15
8.47267e-15
2.24154e-14
7.30514e-14
2.14714e-13
5.0485e-13
9.82243e-13
1.59887e-12
2.19802e-12
2.71099e-12
3.11187e-12
3.55962e-12
5.05924e-12
9.55189e-12
1.71479e-11
2.44246e-11
2.81729e-11
2.78762e-11
2.7312e-11
3.63575e-11
6.20424e-11
9.64664e-11
1.23211e-10
1.32658e-10
1.24714e-10
1.03134e-10
7.70254e-11
5.4576e-11
3.60613e-11
2.31704e-11
1.47167e-11
1.27257e-11
2.4802e-11
1.55982e-09
6.07336e-08
2.07085e-07
8.75257e-08
3.5374e-08
9.61578e-09
2.40305e-09
5.19548e-10
1.02374e-10
1.78967e-11
1.52164e-12
6.79984e-14
3.06305e-15
1.34243e-16
5.61126e-18
2.40173e-19
1.00754e-20
4.14206e-22
1.66318e-23
6.63631e-25
3.13655e-26
1.81804e-27
7.60704e-29
1.32128e-30
3.01764e-32
7.24503e-34
1.35808e-47
2.14567e-46
2.509e-45
2.74099e-44
3.14092e-43
3.97222e-42
5.54531e-41
8.00823e-40
1.10963e-38
1.40299e-37
1.58689e-36
1.66182e-35
1.57198e-34
1.32143e-33
9.22561e-33
5.63879e-32
3.5195e-31
2.60808e-30
2.39463e-29
2.55026e-28
2.71474e-27
2.60998e-26
2.17401e-25
1.54597e-24
8.99682e-24
4.09041e-23
1.50075e-22
4.83796e-22
1.48391e-21
4.79676e-21
1.70109e-20
6.26375e-20
2.16717e-19
6.80344e-19
1.845e-18
4.3326e-18
9.01272e-18
1.62635e-17
2.60458e-17
3.78936e-17
5.03652e-17
6.52483e-17
1.10745e-16
3.17272e-16
1.06309e-15
3.153e-15
7.41317e-15
1.4508e-14
2.39782e-14
3.36441e-14
4.24963e-14
4.92237e-14
5.62105e-14
7.78558e-14
1.41972e-13
2.45964e-13
3.47442e-13
4.04248e-13
4.09893e-13
4.03004e-13
5.04199e-13
7.88621e-13
1.18416e-12
1.53664e-12
1.69929e-12
1.65817e-12
1.43559e-12
1.1357e-12
8.63984e-13
6.13391e-13
4.35625e-13
2.94833e-13
2.44835e-13
3.31762e-13
1.34525e-11
7.30733e-10
2.01582e-09
8.46148e-10
3.76347e-10
1.03817e-10
2.72309e-11
6.10961e-12
1.33548e-12
2.57849e-13
4.35128e-14
6.46389e-15
3.77597e-16
1.39874e-17
5.43756e-19
2.12961e-20
8.29176e-22
3.19274e-23
1.20157e-24
4.41405e-26
1.57521e-27
5.46684e-29
1.82146e-30
5.86371e-32
1.70845e-33
4.49792e-35
7.25737e-50
1.20504e-48
1.51745e-47
1.81358e-46
2.26337e-45
3.05041e-44
4.43058e-43
6.55885e-42
9.24669e-41
1.19102e-39
1.38011e-38
1.47975e-37
1.42683e-36
1.20854e-35
8.47472e-35
5.29957e-34
3.38927e-33
2.5123e-32
2.28451e-31
2.40739e-30
2.53998e-29
2.41805e-28
1.9968e-27
1.40132e-26
8.19973e-26
3.78706e-25
1.4122e-24
4.61154e-24
1.42987e-23
4.66617e-23
1.6626e-22
6.1371e-22
2.1252e-21
6.64539e-21
1.79038e-20
4.17763e-20
8.61328e-20
1.54671e-19
2.47649e-19
3.5956e-19
4.77806e-19
6.24693e-19
1.08754e-18
3.18841e-18
1.09868e-17
3.32558e-17
7.97823e-17
1.60918e-16
2.74148e-16
3.9198e-16
5.05211e-16
5.88979e-16
6.69556e-16
8.96354e-16
1.55882e-15
2.61497e-15
3.67681e-15
4.34575e-15
4.54914e-15
4.52361e-15
5.37097e-15
7.71394e-15
1.12049e-14
1.47012e-14
1.67344e-14
1.70001e-14
1.53812e-14
1.28219e-14
1.0482e-14
7.87806e-15
6.13891e-15
4.38517e-15
3.60424e-15
3.57604e-15
8.26328e-14
5.22794e-12
1.17095e-11
5.02918e-12
2.53999e-12
7.24834e-13
2.076e-13
4.84602e-14
1.13015e-14
2.31353e-15
4.41824e-16
7.21683e-17
1.01502e-17
1.29642e-18
6.15558e-20
2.23036e-21
8.1518e-23
2.96431e-24
1.0673e-25
3.78838e-27
1.31155e-28
4.39912e-30
1.42631e-31
4.46568e-33
1.33853e-34
3.53405e-36
3.77022e-52
6.49529e-51
8.62624e-50
1.09376e-48
1.43795e-47
2.01946e-46
3.01756e-45
4.53342e-44
6.46302e-43
8.45253e-42
9.97458e-41
1.08576e-39
1.05558e-38
8.93935e-38
6.34268e-37
4.08198e-36
2.64909e-35
1.94892e-34
1.74513e-33
1.81385e-32
1.89307e-31
1.78735e-30
1.46991e-29
1.03334e-28
6.10285e-28
2.86683e-27
1.09152e-26
3.61579e-26
1.12642e-25
3.66621e-25
1.29489e-24
4.72821e-24
1.61843e-23
5.00066e-23
1.33368e-22
3.09069e-22
6.34275e-22
1.13817e-21
1.82709e-21
2.65628e-21
3.54307e-21
4.68848e-21
8.35782e-21
2.51183e-20
8.70581e-20
2.61859e-19
6.23277e-19
1.25152e-18
2.14174e-18
3.11961e-18
4.0933e-18
4.79482e-18
5.42305e-18
7.03771e-18
1.17317e-17
1.92801e-17
2.74801e-17
3.34324e-17
3.6233e-17
3.68033e-17
4.23645e-17
5.69473e-17
8.03696e-17
1.0668e-16
1.24193e-16
1.30746e-16
1.2288e-16
1.07005e-16
9.25665e-17
7.23498e-17
5.90518e-17
4.28924e-17
3.51031e-17
2.96738e-17
3.43242e-16
2.30344e-14
4.38332e-14
2.06584e-14
1.13838e-14
3.3109e-15
1.02972e-15
2.48786e-16
5.81351e-17
1.20608e-17
2.43356e-18
4.4348e-19
7.26591e-20
1.0748e-20
1.37569e-21
1.58072e-22
8.08064e-24
2.70301e-25
9.21894e-27
3.14259e-28
1.0614e-29
3.51382e-31
1.12634e-32
3.47437e-34
1.02649e-35
2.68026e-37
1.79584e-54
3.1708e-53
4.36501e-52
5.76372e-51
7.85495e-50
1.13491e-48
1.72336e-47
2.61083e-46
3.74585e-45
4.94376e-44
5.93424e-43
6.52215e-42
6.3383e-41
5.35344e-40
3.86769e-39
2.55396e-38
1.67706e-37
1.22092e-36
1.07415e-35
1.10022e-34
1.13572e-33
1.06118e-32
8.61639e-32
5.96327e-31
3.53211e-30
1.69574e-29
6.58467e-29
2.1946e-28
6.79899e-28
2.18763e-27
7.64877e-27
2.77567e-26
9.4566e-26
2.89017e-25
7.61261e-25
1.7455e-24
3.53884e-24
6.31225e-24
1.01097e-23
1.46953e-23
1.97239e-23
2.6362e-23
4.77135e-23
1.45515e-22
5.07941e-22
1.53428e-21
3.68799e-21
7.505e-21
1.30133e-20
1.9252e-20
2.55924e-20
3.01389e-20
3.40757e-20
4.31528e-20
6.84897e-20
1.09897e-19
1.57803e-19
1.96277e-19
2.19718e-19
2.27485e-19
2.54715e-19
3.20305e-19
4.32079e-19
5.67001e-19
6.69296e-19
7.23415e-19
7.03393e-19
6.35499e-19
5.7084e-19
4.62421e-19
3.92093e-19
2.92479e-19
2.38125e-19
1.85972e-19
8.9627e-19
5.84265e-17
9.81617e-17
4.95181e-17
2.94172e-17
8.80468e-18
2.93178e-18
7.28651e-19
1.85407e-19
4.05333e-20
8.60715e-21
1.64781e-21
2.88994e-22
4.61321e-23
6.62845e-24
8.66956e-25
9.95325e-26
1.03301e-26
7.68443e-28
2.5252e-29
8.50646e-31
2.82793e-32
8.9883e-34
2.73064e-35
7.94121e-37
2.04826e-38
7.52346e-57
1.35614e-55
1.92251e-54
2.60812e-53
3.63277e-52
5.35313e-51
8.20981e-50
1.24473e-48
1.78888e-47
2.38236e-46
2.89903e-45
3.18488e-44
3.06294e-43
2.57149e-42
1.90303e-41
1.29906e-40
8.61059e-40
6.14053e-39
5.26515e-38
5.29085e-37
5.38628e-36
4.96086e-35
3.94337e-34
2.65196e-33
1.50641e-32
7.21068e-32
2.82759e-31
9.48708e-31
2.95929e-30
9.61156e-30
3.40213e-29
1.24883e-28
4.27938e-28
1.29889e-27
3.37652e-27
7.59891e-27
1.50229e-26
2.61801e-26
4.1098e-26
5.88984e-26
7.85834e-26
1.05053e-25
1.89545e-25
5.78581e-25
2.03315e-24
6.19223e-24
1.51325e-23
3.12707e-23
5.49131e-23
8.26932e-23
1.11371e-22
1.32877e-22
1.51884e-22
1.90156e-22
2.90947e-22
4.60674e-22
6.71432e-22
8.64627e-22
9.99606e-22
1.06683e-21
1.17769e-21
1.42165e-21
1.85664e-21
2.41077e-21
2.86765e-21
3.14427e-21
3.11245e-21
2.86291e-21
2.57013e-21
2.10094e-21
1.75417e-21
1.30354e-21
1.03156e-21
7.57349e-22
1.68961e-21
8.29641e-20
1.2658e-19
7.09197e-20
4.37255e-20
1.39647e-20
4.8782e-21
1.25717e-21
3.29226e-22
7.36225e-23
1.60016e-23
3.14286e-24
5.71226e-25
9.53136e-26
1.45147e-26
2.03637e-27
2.60238e-28
3.06876e-29
3.27896e-30
3.18284e-31
2.93719e-32
2.14508e-33
6.66407e-35
2.00721e-36
5.72651e-38
1.44108e-39
)
;

boundaryField
{
    AXIS
    {
        type            empty;
    }
    OUTLET
    {
        type            calculated;
        value           nonuniform List<scalar> 
50
(
1.92759e-06
1.71043e-06
1.44118e-06
1.24441e-06
1.0452e-06
8.35089e-07
6.15159e-07
4.1862e-07
2.51998e-07
1.32632e-07
6.56104e-08
3.13897e-08
1.5235e-08
7.81199e-09
4.34644e-09
2.58046e-09
1.52143e-09
8.45303e-10
4.42879e-10
2.25173e-10
1.08978e-10
4.85847e-11
1.93547e-11
6.83366e-12
2.1673e-12
6.37304e-13
1.794e-13
4.87699e-14
1.26123e-14
2.98156e-15
6.15674e-16
1.03809e-16
1.36805e-17
1.31554e-18
7.70153e-20
2.51821e-21
7.7928e-23
3.61397e-24
1.85395e-25
6.78588e-27
1.68629e-28
7.16517e-30
3.8833e-31
1.77787e-32
7.24503e-34
4.49792e-35
3.53405e-36
2.68026e-37
2.04826e-38
1.44108e-39
)
;
    }
    COFLOW
    {
        type            calculated;
        value           uniform 0;
    }
    PILOT
    {
        type            calculated;
        value           nonuniform List<scalar> 10(0.0881636 0.10937 0.114072 0.114263 0.114267 0.114267 0.114267 0.114266 0.11423 0.113342);
    }
    FUEL
    {
        type            calculated;
        value           uniform 0;
    }
    WALL
    {
        type            calculated;
        value           nonuniform List<scalar> 
100
(
7.52346e-57
1.35614e-55
1.92251e-54
2.60812e-53
3.63277e-52
5.35313e-51
8.20981e-50
1.24473e-48
1.78888e-47
2.38236e-46
2.89903e-45
3.18488e-44
3.06294e-43
2.57149e-42
1.90303e-41
1.29906e-40
8.61059e-40
6.14053e-39
5.26515e-38
5.29085e-37
5.38628e-36
4.96086e-35
3.94337e-34
2.65196e-33
1.50641e-32
7.21068e-32
2.82759e-31
9.48708e-31
2.95929e-30
9.61156e-30
3.40213e-29
1.24883e-28
4.27938e-28
1.29889e-27
3.37652e-27
7.59891e-27
1.50229e-26
2.61801e-26
4.1098e-26
5.88984e-26
7.85834e-26
1.05053e-25
1.89545e-25
5.78581e-25
2.03315e-24
6.19223e-24
1.51325e-23
3.12707e-23
5.49131e-23
8.26932e-23
1.11371e-22
1.32877e-22
1.51884e-22
1.90156e-22
2.90947e-22
4.60674e-22
6.71432e-22
8.64627e-22
9.99606e-22
1.06683e-21
1.17769e-21
1.42165e-21
1.85664e-21
2.41077e-21
2.86765e-21
3.14427e-21
3.11245e-21
2.86291e-21
2.57013e-21
2.10094e-21
1.75417e-21
1.30354e-21
1.03156e-21
7.57349e-22
1.68961e-21
8.29641e-20
1.2658e-19
7.09197e-20
4.37255e-20
1.39647e-20
4.8782e-21
1.25717e-21
3.29226e-22
7.36225e-23
1.60016e-23
3.14286e-24
5.71226e-25
9.53136e-26
1.45147e-26
2.03637e-27
2.60238e-28
3.06876e-29
3.27896e-30
3.18284e-31
2.93719e-32
2.14508e-33
6.66407e-35
2.00721e-36
5.72651e-38
1.44108e-39
)
;
    }
    front
    {
        type            wedge;
    }
    back
    {
        type            wedge;
    }
}


// ************************************************************************* //
