/*--------------------------------*- C++ -*----------------------------------*\
| =========                 |                                                 |
| \\      /  F ield         | OpenFOAM: The Open Source CFD Toolbox           |
|  \\    /   O peration     | Version:  2.3.0                                 |
|   \\  /    A nd           | Web:      www.OpenFOAM.org                      |
|    \\/     M anipulation  |                                                 |
\*---------------------------------------------------------------------------*/
FoamFile
{
    version     2.0;
    format      ascii;
    class       volScalarField;
    location    "0.05";
    object      OH;
}
// * * * * * * * * * * * * * * * * * * * * * * * * * * * * * * * * * * * * * //

dimensions      [0 0 0 0 0 0 0];

internalField   nonuniform List<scalar> 
5000
(
0
0
0
0
0
0
0
0
0
0
0
0
0
0
0
0
0
0
0
0
0
0
0
0
0
0
0
0
0
0
0
0
0
0
0
0
0
0
0
0
0
1.48389e-16
3.08331e-16
6.06998e-16
1.04999e-15
1.38334e-15
1.67705e-15
1.65639e-15
1.22991e-15
9.14353e-16
6.13156e-16
4.46921e-16
2.95775e-16
1.56103e-16
1.41018e-16
0
0
0
0
0
0
0
0
0
0
1.40172e-16
1.59996e-16
3.07929e-16
4.61164e-16
4.83902e-16
6.14356e-16
7.65077e-16
1.34759e-15
3.41324e-15
1.05132e-14
3.22817e-14
7.84404e-14
1.568e-13
2.73517e-13
4.8959e-13
8.71644e-13
1.44094e-12
2.35987e-12
3.99374e-12
6.40562e-12
1.0506e-11
1.89342e-11
3.08706e-11
5.3854e-11
8.23715e-11
1.43929e-10
3.27666e-10
6.75261e-10
6.22548e-10
9.79027e-10
4.24435e-08
0.000161737
2.79435e-07
5.15962e-09
1.24079e-10
0
0
0
0
0
0
0
0
0
0
0
0
0
0
0
0
0
0
0
0
0
0
0
0
0
0
0
0
0
0
0
0
0
0
0
0
0
0
0
1.44774e-16
4.29136e-16
1.06146e-15
2.85226e-15
6.17873e-15
1.20173e-14
1.95662e-14
2.52947e-14
2.41096e-14
1.82397e-14
1.20929e-14
7.71407e-15
4.71804e-15
2.89537e-15
1.81677e-15
1.07141e-15
6.21091e-16
3.24261e-16
1.68966e-16
1.49237e-16
1.35407e-16
0
0
1.3683e-16
1.56747e-16
3.15422e-16
6.40872e-16
1.4261e-15
2.73606e-15
4.67776e-15
5.8149e-15
5.14552e-15
4.43821e-15
5.10519e-15
8.6333e-15
1.8449e-14
5.32459e-14
1.38692e-13
2.89539e-13
6.49705e-13
1.2707e-12
2.28033e-12
4.01759e-12
6.45181e-12
1.04892e-11
1.89454e-11
3.33616e-11
6.64136e-11
1.2137e-10
2.40652e-10
4.42787e-10
9.57237e-10
3.47558e-09
9.1347e-09
6.11326e-09
4.60173e-09
1.03339e-07
0.000537784
2.28363e-07
4.55709e-09
1.1031e-10
0
0
0
0
0
0
0
0
0
0
0
0
0
0
0
0
0
0
0
0
0
0
0
0
0
0
0
0
0
0
0
0
0
0
0
0
0
1.36837e-16
1.62386e-16
4.59551e-16
1.45068e-15
4.66299e-15
1.55633e-14
4.87479e-14
1.247e-13
2.48961e-13
3.8511e-13
3.67825e-13
2.71906e-13
1.74616e-13
1.06319e-13
6.33594e-14
3.72829e-14
2.1775e-14
1.27798e-14
7.50887e-15
4.33456e-15
2.49097e-15
1.41011e-15
7.9767e-16
4.86725e-16
4.65067e-16
6.24081e-16
1.11426e-15
2.378e-15
5.56546e-15
1.3705e-14
3.12144e-14
6.30479e-14
8.71437e-14
7.24824e-14
4.87446e-14
3.38854e-14
2.91947e-14
4.09535e-14
9.30786e-14
2.41398e-13
6.43333e-13
1.50325e-12
3.14944e-12
5.90332e-12
1.00234e-11
1.82559e-11
3.15077e-11
6.34729e-11
1.20462e-10
2.58757e-10
5.72665e-10
1.12006e-09
2.71541e-09
7.72863e-09
3.04102e-08
8.28834e-08
5.42094e-08
2.18261e-08
2.82107e-07
0.00239005
1.50056e-07
3.67828e-09
9.33197e-11
0
0
0
0
0
0
0
0
0
0
0
0
0
0
0
0
0
0
0
0
0
0
0
0
0
0
0
0
0
0
0
0
0
1.49393e-16
3.03301e-16
4.62322e-16
4.75551e-16
6.05581e-16
9.10181e-16
1.92563e-15
4.53076e-15
1.53451e-14
5.20658e-14
1.70019e-13
6.04737e-13
2.31673e-12
7.59671e-12
1.32919e-11
1.16e-11
5.4842e-12
1.91899e-12
8.49033e-13
3.63009e-13
2.02009e-13
1.12939e-13
6.69184e-14
4.04111e-14
2.34052e-14
1.25359e-14
6.62053e-15
3.97741e-15
2.99665e-15
3.4644e-15
5.06638e-15
9.64717e-15
2.25665e-14
6.03173e-14
1.71509e-13
6.37148e-13
1.82098e-12
1.46759e-12
7.60463e-13
3.59213e-13
1.92459e-13
1.15619e-13
1.66298e-13
3.71788e-13
1.15244e-12
2.87621e-12
6.10378e-12
1.1177e-11
2.22378e-11
4.25038e-11
8.23795e-11
1.81838e-10
3.72229e-10
8.57217e-10
2.06701e-09
4.50651e-09
1.10423e-08
3.84843e-08
1.60506e-07
3.23895e-07
2.00978e-07
6.59678e-08
7.01008e-07
0.0035189
1.11855e-07
3.09406e-09
8.09975e-11
0
0
0
0
0
0
0
0
0
0
0
0
0
0
0
0
0
0
0
0
0
0
0
0
0
0
0
0
0
1.32636e-16
1.47603e-16
3.04137e-16
6.45562e-16
1.74047e-15
3.68492e-15
6.08619e-15
6.22261e-15
5.08562e-15
5.10909e-15
7.36967e-15
1.41385e-14
4.48422e-14
1.48817e-13
5.50794e-13
2.19616e-12
8.08139e-12
2.94563e-11
1.24156e-10
2.89161e-10
2.9503e-10
1.84132e-10
5.21835e-11
1.04901e-11
3.59282e-12
1.58397e-12
7.54793e-13
3.19852e-13
1.59321e-13
8.22207e-14
4.66678e-14
2.82541e-14
1.81748e-14
1.57161e-14
1.93393e-14
3.24305e-14
7.24669e-14
1.92708e-13
7.034e-13
3.50184e-12
2.02544e-11
5.31304e-11
3.54902e-11
9.29167e-12
1.46352e-12
3.05801e-13
3.06669e-13
6.50845e-13
1.77145e-12
4.72717e-12
9.92098e-12
2.11668e-11
4.29473e-11
8.55504e-11
1.99008e-10
4.3463e-10
9.80412e-10
2.50617e-09
5.94534e-09
1.37482e-08
3.88558e-08
1.42757e-07
5.27805e-07
6.76656e-07
3.80416e-07
1.46175e-07
1.30311e-06
0.00249399
8.49444e-08
2.55165e-09
6.84808e-11
0
0
0
0
0
0
0
0
0
0
0
0
0
0
0
0
1.24777e-16
1.40231e-16
1.58039e-16
2.8536e-16
1.5794e-16
1.46711e-16
1.40962e-16
1.44578e-16
2.78214e-16
4.42301e-16
7.59724e-16
1.21835e-15
1.51605e-15
1.51877e-15
1.84622e-15
3.14863e-15
7.13462e-15
1.68646e-14
3.80247e-14
7.3232e-14
7.59006e-14
5.67004e-14
4.26089e-14
3.60578e-14
4.52302e-14
9.6395e-14
2.83412e-13
1.23644e-12
4.80391e-12
1.68536e-11
6.96583e-11
3.18896e-10
1.74e-09
5.72867e-09
7.21781e-09
6.05634e-09
3.22233e-09
1.01002e-09
1.64813e-10
2.22365e-11
5.0176e-12
1.76111e-12
8.09023e-13
3.57742e-13
1.94786e-13
1.06994e-13
6.32362e-14
6.6851e-14
1.00216e-13
2.13755e-13
6.20158e-13
2.25561e-12
9.76513e-12
6.37989e-11
6.36758e-10
1.11162e-09
4.03996e-10
2.29803e-11
1.2413e-12
6.80322e-13
1.02059e-12
2.62167e-12
6.69891e-12
1.61613e-11
3.52379e-11
7.74111e-11
1.80132e-10
4.01711e-10
9.54324e-10
2.53145e-09
6.23208e-09
1.41932e-08
3.53978e-08
1.08058e-07
4.18295e-07
9.9158e-07
9.39293e-07
4.45465e-07
2.54162e-07
2.01953e-06
0.000902188
6.54089e-08
2.05788e-09
5.5067e-11
0
0
0
0
0
0
0
1.14508e-16
1.28122e-16
2.60205e-16
5.23111e-16
8.03387e-16
9.64903e-16
1.10211e-15
1.23896e-15
1.53166e-15
2.2888e-15
3.8304e-15
6.15777e-15
7.48316e-15
6.09335e-15
4.37859e-15
3.299e-15
2.98813e-15
4.03803e-15
7.35039e-15
1.31812e-14
2.08836e-14
2.57333e-14
2.39416e-14
2.31451e-14
2.89276e-14
4.64502e-14
8.46908e-14
1.90935e-13
7.78884e-13
1.10919e-12
7.4697e-13
4.11117e-13
2.67816e-13
1.69748e-13
2.02952e-13
5.47389e-13
2.17401e-12
8.00572e-12
2.89793e-11
1.44163e-10
8.09771e-10
4.87735e-09
2.21956e-08
4.90488e-08
5.12796e-08
4.32433e-08
2.42844e-08
9.49852e-09
3.15599e-09
1.01571e-09
2.69931e-10
4.00053e-11
7.46983e-12
2.31729e-12
6.7552e-13
2.16383e-13
2.09909e-13
2.91981e-13
6.71929e-13
1.86648e-12
6.20633e-12
2.49612e-11
1.72743e-10
2.1438e-09
1.59098e-08
1.13486e-08
8.54828e-10
9.85795e-12
1.57287e-12
1.77901e-12
3.84541e-12
9.46577e-12
2.43314e-11
6.05537e-11
1.39747e-10
3.06236e-10
8.31031e-10
2.24542e-09
5.68323e-09
1.3327e-08
3.14007e-08
8.31568e-08
2.63926e-07
9.10148e-07
1.21862e-06
9.60447e-07
3.3412e-07
3.42012e-07
3.39957e-06
0.000110826
4.88967e-08
1.55833e-09
4.08113e-11
1.08599e-16
3.34329e-16
8.02801e-16
1.30287e-15
1.68968e-15
2.05864e-15
2.34043e-15
2.92486e-15
4.4732e-15
7.71017e-15
1.34264e-14
2.06145e-14
2.56734e-14
2.7429e-14
2.94334e-14
3.47074e-14
4.87436e-14
7.85755e-14
1.26573e-13
1.74123e-13
1.61e-13
1.14516e-13
7.96542e-14
5.87506e-14
5.67875e-14
8.17186e-14
1.34599e-13
2.30166e-13
3.33749e-13
3.16897e-13
2.65997e-13
2.38922e-13
2.61092e-13
3.53859e-13
8.47199e-13
4.57424e-12
2.2961e-11
2.65217e-11
1.31236e-11
3.95982e-12
8.51028e-13
5.50429e-13
1.034e-12
3.67358e-12
1.3114e-11
5.76759e-11
2.88747e-10
2.16906e-09
1.34063e-08
6.19714e-08
1.35199e-07
1.41505e-07
1.24223e-07
8.48525e-08
5.45589e-08
4.41626e-08
3.77602e-08
2.84126e-08
1.63242e-08
4.19938e-09
1.51773e-10
5.3274e-12
8.63019e-13
7.77588e-13
1.05375e-12
2.08189e-12
5.54843e-12
1.62934e-11
7.30158e-11
6.07288e-10
7.96867e-09
8.66279e-08
1.14905e-07
2.27809e-08
1.43117e-10
4.6921e-12
3.5387e-12
5.69119e-12
1.37119e-11
3.74773e-11
9.20255e-11
2.47946e-10
6.53138e-10
1.72125e-09
4.41863e-09
1.12561e-08
2.81367e-08
6.91332e-08
1.79259e-07
5.82161e-07
1.31742e-06
1.18882e-06
5.53596e-07
2.06831e-07
4.2792e-07
9.90324e-06
1.40871e-05
3.49031e-08
1.10377e-09
2.79456e-11
6.32427e-15
2.13207e-14
4.70389e-14
7.51894e-14
8.76318e-14
8.77902e-14
8.95862e-14
1.03337e-13
1.43932e-13
2.28031e-13
3.89667e-13
7.24211e-13
9.35295e-13
9.09908e-13
8.53035e-13
8.58827e-13
1.04608e-12
1.7158e-12
3.77612e-12
9.81333e-12
1.67195e-11
8.48193e-12
3.71241e-12
1.68063e-12
8.42105e-13
6.5551e-13
9.55019e-13
2.76579e-12
1.10878e-11
1.73221e-11
1.14809e-11
6.72338e-12
3.95247e-12
3.02055e-12
4.83786e-12
1.89132e-11
2.06702e-10
1.23629e-09
9.14025e-10
1.26975e-10
7.07014e-12
1.58996e-12
2.10347e-12
5.83224e-12
2.1714e-11
9.81871e-11
7.27457e-10
5.84691e-09
3.85797e-08
1.58504e-07
2.7088e-07
2.69519e-07
2.2689e-07
1.98863e-07
2.06118e-07
2.48424e-07
3.11185e-07
3.15908e-07
2.66587e-07
1.53905e-07
2.40774e-08
2.554e-10
5.61495e-12
3.38477e-12
4.21133e-12
6.9415e-12
1.59515e-11
5.03339e-11
2.65555e-10
2.85217e-09
3.62549e-08
3.03857e-07
5.14478e-07
2.20668e-07
3.62454e-09
2.04448e-11
6.79666e-12
9.00094e-12
2.03435e-11
5.94937e-11
1.71518e-10
4.49222e-10
1.13162e-09
3.31507e-09
9.55435e-09
2.51552e-08
6.28137e-08
1.48046e-07
3.75578e-07
1.11628e-06
1.44511e-06
9.09123e-07
1.78616e-07
1.38412e-07
5.5498e-07
4.00554e-05
2.83935e-06
2.24488e-08
6.92044e-10
1.69237e-11
2.92826e-13
1.49867e-12
4.97231e-12
1.1592e-11
1.83754e-11
1.65384e-11
1.18463e-11
1.06321e-11
1.42794e-11
2.98992e-11
9.47035e-11
3.39174e-10
9.20299e-10
9.57014e-10
7.17768e-10
2.91271e-10
1.31808e-10
1.43475e-10
3.62987e-10
3.48056e-09
1.32382e-08
1.29887e-08
5.21918e-09
5.37855e-10
1.20871e-11
4.983e-12
7.059e-12
2.47218e-11
2.37244e-10
2.75689e-09
3.70594e-09
2.23072e-09
3.03476e-10
3.4318e-11
3.34598e-11
9.9532e-11
1.16871e-09
2.47977e-08
4.10369e-08
1.26299e-08
2.36118e-10
6.23151e-12
5.15548e-12
9.69483e-12
3.73124e-11
2.24931e-10
1.92072e-09
1.69321e-08
1.10329e-07
3.57404e-07
5.03062e-07
4.92196e-07
4.83732e-07
5.22297e-07
6.8444e-07
9.39851e-07
1.1951e-06
1.255e-06
1.19922e-06
8.91465e-07
2.60622e-07
6.51708e-09
4.8797e-11
1.54296e-11
1.72319e-11
2.55304e-11
5.71233e-11
2.07969e-10
1.21671e-09
1.60712e-08
1.61247e-07
7.53138e-07
9.57555e-07
6.13279e-07
5.89018e-08
2.46928e-10
1.55231e-11
1.64985e-11
3.02785e-11
8.79839e-11
2.76546e-10
8.30388e-10
2.47698e-09
7.30708e-09
2.0557e-08
5.52796e-08
1.34786e-07
3.0562e-07
7.72223e-07
1.6244e-06
1.52044e-06
4.96499e-07
7.04408e-08
1.05253e-07
8.12929e-07
0.000484958
7.8227e-07
1.25879e-08
3.73697e-10
8.9601e-12
7.98748e-07
1.29747e-07
3.4801e-07
2.48537e-06
4.47809e-06
8.54133e-07
1.95905e-08
3.37143e-09
3.19463e-09
5.41793e-09
1.71551e-08
1.88089e-07
8.21021e-07
7.03209e-07
2.78717e-07
2.99625e-08
1.59968e-08
1.57778e-08
1.50529e-08
1.64249e-07
2.37045e-06
2.87029e-06
1.16351e-06
1.09584e-07
9.76057e-10
4.94798e-11
6.26611e-11
2.60757e-10
3.7964e-09
5.97652e-08
1.35911e-07
1.18772e-07
3.2024e-08
1.11412e-09
5.29948e-10
1.31743e-09
1.6764e-08
2.20142e-07
5.99556e-07
3.14195e-07
1.39878e-08
5.45296e-11
1.24648e-11
2.00248e-11
7.22447e-11
5.30693e-10
5.5657e-09
5.17439e-08
2.95538e-07
7.70712e-07
9.613e-07
9.97595e-07
1.0706e-06
1.29595e-06
1.76845e-06
2.41246e-06
2.84683e-06
2.88596e-06
2.64917e-06
1.93823e-06
7.53375e-07
3.41995e-08
3.9049e-10
8.56861e-11
8.66766e-11
1.10895e-10
2.78731e-10
1.11652e-09
8.9977e-09
9.54275e-08
4.87594e-07
9.64637e-07
1.06224e-06
8.73995e-07
3.03431e-07
3.32828e-09
4.17326e-11
3.02472e-11
5.40832e-11
1.59792e-10
5.30478e-10
1.6313e-09
4.84989e-09
1.46635e-08
4.37101e-08
1.19562e-07
2.8624e-07
6.24734e-07
1.38507e-06
2.05178e-06
1.61597e-06
2.42655e-07
4.30364e-08
1.04475e-07
1.22975e-06
0.00355651
2.51006e-07
6.36127e-09
1.86028e-10
4.45806e-12
0.00281232
0.000560018
0.000683029
0.00087262
0.000491577
7.62134e-05
3.57371e-06
3.21023e-07
2.66586e-07
5.26283e-07
3.70921e-06
2.88597e-05
4.76363e-05
3.50603e-05
1.15776e-05
1.82302e-06
5.80883e-07
5.90503e-07
1.41799e-06
1.13919e-05
2.9402e-05
1.66091e-05
4.59045e-06
7.13284e-07
7.4289e-09
5.06797e-10
7.20808e-10
3.77675e-09
5.52919e-08
4.49967e-07
1.42283e-06
1.1509e-06
2.7019e-07
1.51757e-08
9.74319e-09
2.79233e-08
1.8183e-07
1.55148e-06
2.07646e-06
1.60296e-06
2.48268e-07
9.13064e-10
3.98649e-11
4.88364e-11
1.71457e-10
1.40283e-09
1.78674e-08
1.60575e-07
7.58641e-07
1.44842e-06
1.74655e-06
1.91699e-06
2.2962e-06
3.30241e-06
4.98952e-06
6.33111e-06
6.68111e-06
6.42574e-06
5.23653e-06
3.25001e-06
1.32608e-06
1.03057e-07
3.08643e-09
5.9498e-10
5.59789e-10
7.79477e-10
1.98679e-09
9.77735e-09
7.31779e-08
5.13576e-07
7.34183e-07
5.64761e-07
5.76511e-07
6.30089e-07
3.61141e-07
1.95032e-08
1.15462e-10
6.36452e-11
9.11021e-11
2.73631e-10
9.574e-10
3.18365e-09
1.00571e-08
3.00478e-08
9.44261e-08
2.5857e-07
5.91361e-07
1.18348e-06
2.16363e-06
2.51446e-06
1.76906e-06
1.32227e-07
3.76835e-08
1.40223e-07
2.0089e-06
0.00106861
9.28748e-08
3.0037e-09
8.78024e-11
2.14347e-12
0.00294402
0.00319619
0.00319203
0.00301202
0.00238642
0.000921593
0.000192726
5.95736e-05
4.74667e-05
7.41266e-05
0.000209045
0.000455767
0.000448977
0.000274908
0.000103747
4.15472e-05
2.73093e-05
2.99808e-05
5.71474e-05
0.000124697
9.37635e-05
3.10103e-05
4.51276e-06
3.62235e-07
1.47279e-08
6.40684e-09
1.0205e-08
5.47458e-08
3.71344e-07
5.81801e-06
7.82119e-06
4.06333e-06
7.43088e-07
1.23898e-07
1.05776e-07
2.34024e-07
2.31991e-06
3.01409e-06
2.51272e-06
1.96587e-06
7.31599e-07
6.03423e-09
1.23735e-10
1.38486e-10
4.83138e-10
4.91146e-09
5.98532e-08
4.85183e-07
1.5705e-06
2.67563e-06
3.59855e-06
4.78169e-06
7.04469e-06
1.06935e-05
1.43234e-05
1.63062e-05
1.63265e-05
1.48564e-05
1.0853e-05
5.89158e-06
2.1634e-06
3.22568e-07
2.42742e-08
5.34118e-09
4.39765e-09
6.5844e-09
1.837e-08
9.21052e-08
5.59954e-07
1.03321e-06
5.48484e-07
1.55125e-07
1.61535e-07
2.82476e-07
2.26093e-07
2.67088e-08
2.68448e-10
1.13178e-10
1.92968e-10
5.88122e-10
2.1896e-09
7.38729e-09
2.26557e-08
6.86803e-08
2.07612e-07
5.52764e-07
1.15305e-06
1.95801e-06
3.16132e-06
3.16958e-06
1.8845e-06
9.03935e-08
4.36807e-08
2.68738e-07
1.167e-05
1.3034e-05
4.09197e-08
1.34401e-09
4.04791e-11
1.04268e-12
0.0027056
0.00279528
0.00285956
0.00294045
0.00296268
0.00269278
0.00208935
0.00145822
0.00133099
0.00152576
0.0020095
0.0021143
0.00195697
0.00151497
0.000915311
0.000541748
0.000450767
0.000484109
0.000644104
0.000615809
0.000331347
7.31012e-05
9.58929e-06
5.42643e-07
9.40606e-08
7.5987e-08
1.00601e-07
4.57851e-07
7.90812e-06
3.43647e-05
3.20677e-05
1.68549e-05
3.49974e-06
1.4361e-06
1.85866e-06
6.99991e-06
6.16757e-06
2.88854e-06
5.90839e-07
4.81136e-07
2.86191e-07
9.22495e-09
3.34424e-10
4.13989e-10
1.79638e-09
2.00849e-08
2.25081e-07
1.22509e-06
3.42391e-06
6.71677e-06
1.05924e-05
1.56696e-05
2.31515e-05
3.24786e-05
4.10794e-05
4.47591e-05
4.36729e-05
3.73425e-05
2.50847e-05
1.27468e-05
4.40489e-06
9.86866e-07
1.71587e-07
4.99194e-08
4.17459e-08
5.56464e-08
1.52787e-07
6.75178e-07
1.62422e-06
1.30947e-06
1.39962e-07
2.60072e-08
3.18287e-08
8.95445e-08
1.01583e-07
1.69144e-08
3.66929e-10
2.27021e-10
3.65545e-10
1.17796e-09
4.89214e-09
1.68144e-08
5.28202e-08
1.60466e-07
4.66918e-07
1.10616e-06
1.9393e-06
3.1773e-06
4.62521e-06
4.09296e-06
1.95309e-06
7.04889e-08
5.8151e-08
6.29154e-07
0.000493003
9.41308e-07
1.7371e-08
6.00615e-10
1.94519e-11
5.35563e-13
0.00267443
0.00268967
0.00271906
0.0027873
0.00287752
0.00298212
0.0030387
0.00305033
0.00305462
0.00304388
0.0030254
0.0029928
0.00295679
0.00286506
0.00269672
0.00254721
0.00242318
0.00234133
0.00218684
0.00187154
0.00111473
0.000290588
4.4107e-05
4.78572e-06
1.03437e-06
8.42321e-07
1.89939e-06
1.23481e-05
8.30825e-05
0.000171711
0.000155479
8.69655e-05
3.78282e-05
2.8122e-05
3.21887e-05
3.17937e-05
1.15975e-05
1.64605e-06
8.34894e-08
4.68065e-08
3.7696e-08
4.18614e-09
8.49593e-10
1.24944e-09
8.1073e-09
9.20403e-08
7.38473e-07
3.22851e-06
1.04308e-05
2.08163e-05
3.43845e-05
5.31993e-05
7.92216e-05
0.000107901
0.000131121
0.000136984
0.00012926
0.000103379
6.65515e-05
3.24521e-05
1.20904e-05
3.07838e-06
8.02359e-07
3.35102e-07
2.89667e-07
3.77815e-07
8.79155e-07
2.46746e-06
2.48539e-06
9.43394e-07
2.09486e-08
5.21493e-09
8.14613e-09
2.57532e-08
3.03202e-08
7.26587e-09
4.72181e-10
3.93698e-10
8.36795e-10
3.22091e-09
1.20482e-08
4.20023e-08
1.28015e-07
3.73407e-07
9.78839e-07
1.91635e-06
3.23142e-06
5.5826e-06
7.06664e-06
5.26443e-06
1.92337e-06
6.39348e-08
8.78059e-08
1.23807e-06
0.00329087
2.08469e-07
7.75036e-09
2.9789e-10
1.03999e-11
2.99186e-13
0.00266974
0.00266732
0.00266349
0.00266518
0.00268567
0.00273671
0.00279912
0.00284078
0.00284405
0.00281165
0.00275336
0.00273522
0.00277385
0.00288664
0.00298824
0.00305247
0.00306878
0.00305911
0.00300245
0.00289161
0.00248923
0.0014472
0.000340581
6.90581e-05
2.93613e-05
2.59469e-05
5.1082e-05
0.000205786
0.00074818
0.00103634
0.00097397
0.000688353
0.00040291
0.000288518
0.000219049
0.000104176
1.91052e-05
1.20635e-06
2.74286e-08
5.12189e-09
3.52079e-09
1.98904e-09
1.93142e-09
5.59325e-09
4.43646e-08
3.90571e-07
2.23418e-06
1.25361e-05
3.48061e-05
7.388e-05
0.000131474
0.000208827
0.000301952
0.000398667
0.000452428
0.000452334
0.000409068
0.00031379
0.000196785
9.51562e-05
3.61387e-05
1.30813e-05
3.96505e-06
1.57091e-06
1.36354e-06
1.9294e-06
4.28049e-06
4.77929e-06
3.17137e-06
4.38151e-07
4.29851e-09
1.52521e-09
2.54676e-09
7.86452e-09
8.86625e-09
2.55128e-09
6.0946e-10
7.42831e-10
2.26256e-09
9.77995e-09
3.64954e-08
1.13805e-07
3.17455e-07
8.57428e-07
1.78125e-06
3.31307e-06
6.02427e-06
1.03043e-05
1.11612e-05
6.93492e-06
1.68742e-06
6.13861e-08
1.39873e-07
2.31998e-06
0.00029687
9.10854e-08
4.23247e-09
1.7254e-10
6.16371e-12
1.78719e-13
0.00266408
0.00264226
0.00259356
0.00252696
0.00245914
0.00239791
0.00233924
0.00227915
0.0022054
0.00210526
0.00200311
0.00196363
0.00198228
0.00205866
0.00216967
0.0022715
0.00236422
0.0024639
0.00259013
0.00278659
0.00302787
0.00299916
0.00223304
0.00102435
0.000613547
0.000595283
0.00100892
0.00201997
0.00262971
0.00271932
0.00269251
0.00252849
0.00219954
0.00167299
0.00098459
0.000311947
3.89553e-05
1.70111e-06
5.04717e-08
4.81213e-09
3.10539e-09
3.0157e-09
6.35296e-09
3.15096e-08
2.3303e-07
1.36124e-06
1.21172e-05
4.84828e-05
0.000142595
0.000324066
0.000571735
0.000833633
0.0010759
0.00124274
0.00128285
0.00124523
0.00111225
0.000889807
0.000586788
0.000298234
0.000120993
4.6924e-05
1.99629e-05
1.05104e-05
9.01387e-06
1.06419e-05
1.09776e-05
7.86117e-06
3.50867e-06
2.87506e-07
2.26154e-09
7.33542e-10
9.292e-10
2.13443e-09
2.27202e-09
9.98436e-10
8.02077e-10
1.4108e-09
6.98405e-09
3.34007e-08
1.16519e-07
3.13233e-07
8.09291e-07
1.66753e-06
3.19928e-06
6.51523e-06
1.21838e-05
1.92179e-05
1.81722e-05
8.95313e-06
1.2856e-06
6.36915e-08
2.42403e-07
8.28513e-06
2.2981e-05
5.65618e-08
2.62125e-09
1.05449e-10
3.70966e-12
1.06064e-13
0.00264377
0.00255268
0.00242446
0.00224444
0.00205187
0.00187508
0.00171363
0.0015692
0.00143096
0.0013078
0.00120706
0.00116476
0.00116507
0.0011889
0.00123307
0.00128283
0.00134715
0.00143244
0.00156578
0.00179142
0.00219293
0.00274539
0.0032099
0.00328624
0.00316696
0.00316394
0.00328545
0.00320961
0.00301423
0.00294032
0.00295373
0.00302017
0.0030613
0.00286784
0.00220069
0.000976693
0.000120222
6.8908e-06
2.13906e-07
2.0117e-08
9.31534e-09
1.1926e-08
3.84208e-08
1.89039e-07
9.13933e-07
1.00667e-05
5.62364e-05
0.000243314
0.000708049
0.00131463
0.00175891
0.00206449
0.00226992
0.00235514
0.00233868
0.00225203
0.00207103
0.00179233
0.00137579
0.000856869
0.00041124
0.000173969
7.51261e-05
4.13841e-05
3.26858e-05
2.95549e-05
2.23579e-05
1.1586e-05
3.84746e-06
3.01827e-07
2.26404e-09
4.85622e-10
4.9238e-10
6.65063e-10
7.93024e-10
8.0798e-10
1.07029e-09
3.55028e-09
2.40305e-08
1.25268e-07
3.80363e-07
8.74654e-07
1.68536e-06
3.19913e-06
6.61635e-06
1.36941e-05
2.57167e-05
3.54066e-05
2.82456e-05
1.06776e-05
8.55128e-07
7.40578e-08
4.27094e-07
3.56202e-05
4.75036e-06
3.5788e-08
1.5866e-09
6.14805e-11
2.11214e-12
5.93177e-14
0.00254357
0.00227512
0.00193371
0.00158217
0.0013029
0.00108424
0.000914303
0.000786111
0.000690615
0.000614244
0.000569022
0.000555632
0.000554448
0.000559057
0.00056805
0.000580335
0.000602789
0.000643011
0.000710907
0.000828936
0.00104797
0.00141861
0.0019034
0.00235769
0.00256488
0.00256848
0.00236684
0.00208273
0.00187814
0.00181494
0.00185952
0.00205628
0.00240309
0.00281501
0.00296611
0.00230724
0.000593881
3.5634e-05
1.11798e-06
1.42217e-07
7.70834e-08
9.68329e-08
2.35151e-07
8.41515e-07
9.21711e-06
6.22913e-05
0.000368891
0.00129827
0.00217725
0.00265381
0.00281711
0.00288479
0.00289104
0.00287814
0.00285251
0.00280704
0.0027144
0.0025537
0.00221926
0.00169194
0.00108703
0.00058099
0.000273968
0.000147157
9.96978e-05
7.11945e-05
4.03725e-05
1.62363e-05
4.96424e-06
6.03011e-07
5.8158e-09
4.97883e-10
3.92026e-10
4.35441e-10
5.90138e-10
8.75182e-10
2.44508e-09
1.23657e-08
9.96673e-08
4.57387e-07
1.07827e-06
1.96473e-06
3.68538e-06
7.29982e-06
1.43743e-05
2.94005e-05
5.37952e-05
6.10468e-05
4.0292e-05
1.09694e-05
5.22679e-07
9.87088e-08
7.40926e-07
0.000263466
1.32973e-06
2.09546e-08
8.90696e-10
3.35343e-11
1.13131e-12
3.13174e-14
0.00227596
0.0015655
0.000890425
0.000561319
0.000408074
0.000314364
0.00025309
0.000218037
0.000198681
0.000191789
0.000190019
0.000193909
0.000197617
0.000199297
0.000200534
0.000203026
0.000209482
0.000222458
0.000246748
0.000295609
0.000373858
0.000495776
0.000663782
0.000836783
0.000938411
0.000959102
0.000907744
0.000830661
0.000778374
0.000773142
0.000823973
0.000982917
0.00131754
0.00187678
0.00257207
0.00307268
0.00230747
0.000269377
1.59148e-05
1.24724e-06
4.04821e-07
5.26011e-07
1.93864e-06
1.23742e-05
8.15029e-05
0.000570986
0.00202973
0.00286098
0.00301295
0.00289113
0.00275743
0.00264116
0.00256168
0.00255928
0.00261535
0.00270968
0.00277408
0.00280338
0.00269707
0.00240699
0.00189866
0.00131017
0.000763864
0.000425227
0.000252421
0.000148795
7.2059e-05
2.72861e-05
7.90185e-06
1.14963e-06
2.43227e-08
1.14183e-09
6.85134e-10
6.65756e-10
8.125e-10
1.67034e-09
7.69079e-09
5.29524e-08
3.92229e-07
1.32983e-06
2.82212e-06
5.46039e-06
9.74178e-06
1.70424e-05
3.0857e-05
6.01926e-05
9.61149e-05
9.33766e-05
5.20639e-05
9.13707e-06
3.30148e-07
1.38633e-07
1.19063e-06
0.00245815
4.22434e-07
1.17727e-08
4.85364e-10
1.78673e-11
5.90627e-13
1.6072e-14
4.36031e-07
2.14947e-06
7.07032e-06
1.5436e-05
2.00411e-05
2.10222e-05
2.15601e-05
2.32561e-05
2.74366e-05
3.23606e-05
3.76317e-05
4.2445e-05
4.50432e-05
4.63427e-05
4.73594e-05
4.88364e-05
5.15029e-05
5.65644e-05
6.51173e-05
7.64644e-05
9.95776e-05
0.000130715
0.000168248
0.000207754
0.000235138
0.000247121
0.000245586
0.000239272
0.000234501
0.000239289
0.000265702
0.000343973
0.000507717
0.000835723
0.00137059
0.00221108
0.00320817
0.00217424
0.000238871
2.96511e-05
1.18543e-05
1.41501e-05
3.82473e-05
0.000190769
0.00114187
0.00283144
0.00316118
0.00277531
0.00233051
0.00201708
0.00186008
0.00176381
0.00174866
0.00182162
0.00199052
0.00220701
0.00242248
0.00262379
0.00275201
0.00272529
0.00249227
0.00204306
0.00145
0.00091914
0.000548362
0.000310152
0.000146793
5.92588e-05
1.61275e-05
2.21137e-06
1.35837e-07
7.72834e-09
2.73352e-09
2.09533e-09
2.46007e-09
6.13415e-09
3.27554e-08
2.34442e-07
1.25269e-06
4.72696e-06
1.03218e-05
1.66692e-05
2.53737e-05
3.90008e-05
6.114e-05
0.000105094
0.00014029
0.00012077
5.59463e-05
6.29344e-06
2.31892e-07
2.06268e-07
1.80259e-06
0.00308989
1.7123e-07
6.61793e-09
2.62935e-10
9.32496e-12
2.97344e-13
7.86093e-15
2.8009e-08
7.46295e-08
1.44256e-07
2.70312e-07
4.02339e-07
6.40549e-07
9.90689e-07
1.53913e-06
2.36539e-06
3.33661e-06
4.26645e-06
5.11586e-06
5.84631e-06
6.39093e-06
6.92479e-06
7.56983e-06
8.72856e-06
1.04232e-05
1.25319e-05
1.57126e-05
1.96946e-05
2.66374e-05
3.362e-05
4.19879e-05
4.75224e-05
5.0131e-05
5.0403e-05
4.96028e-05
4.87397e-05
4.99166e-05
5.60084e-05
7.44912e-05
0.00012106
0.000218149
0.00039901
0.000778187
0.00172352
0.00316442
0.00284905
0.00100001
0.000467297
0.00054394
0.00124557
0.00272254
0.00334352
0.00278598
0.00195536
0.0013973
0.00110823
0.000967537
0.000932058
0.000929203
0.000990953
0.00113887
0.0013631
0.00164411
0.00194678
0.00225418
0.00253882
0.00270782
0.00272134
0.00253288
0.00209946
0.00155336
0.0010635
0.000681419
0.000362417
0.000160935
4.25284e-05
5.94557e-06
6.64917e-07
7.68131e-08
2.43654e-08
1.44956e-08
1.55327e-08
3.6119e-08
1.8591e-07
9.34268e-07
5.61816e-06
1.96549e-05
3.39878e-05
4.80574e-05
6.18614e-05
7.64827e-05
9.51998e-05
0.000134346
0.000154188
0.00012335
4.85257e-05
3.6987e-06
1.93063e-07
3.4365e-07
3.60575e-06
0.000491608
8.92204e-08
3.61117e-09
1.35421e-10
4.55672e-12
1.38826e-13
3.54087e-15
2.29674e-09
6.33549e-09
1.37928e-08
2.44683e-08
4.00681e-08
6.1588e-08
9.05864e-08
1.29619e-07
1.95318e-07
2.81838e-07
3.65758e-07
4.59479e-07
5.76778e-07
6.96848e-07
8.26612e-07
1.04607e-06
1.32116e-06
1.66012e-06
2.20407e-06
2.83761e-06
3.844e-06
5.02956e-06
6.45408e-06
7.32404e-06
7.54972e-06
7.50473e-06
7.09763e-06
6.5731e-06
6.20326e-06
6.29555e-06
7.12226e-06
9.65055e-06
1.56431e-05
2.82548e-05
5.41527e-05
0.000111638
0.000297235
0.000940698
0.00229493
0.00325342
0.00345683
0.00343366
0.00315059
0.00243132
0.00148517
0.000854042
0.000554032
0.000423622
0.000377282
0.000370647
0.000394753
0.000439802
0.000537029
0.000696999
0.000921417
0.00121351
0.00153869
0.00188337
0.00222504
0.00250109
0.00266929
0.00271691
0.00255152
0.00220238
0.00178902
0.00139678
0.000939946
0.000492552
0.000137813
2.10304e-05
3.42941e-06
6.00341e-07
2.648e-07
1.44712e-07
1.38855e-07
2.60121e-07
9.05382e-07
4.88798e-06
2.6689e-05
6.6655e-05
9.25161e-05
0.000104139
0.000103699
9.79916e-05
0.000101162
0.000127297
0.000145628
0.000107303
3.53367e-05
1.99286e-06
2.03376e-07
6.68064e-07
1.90928e-05
1.5219e-05
4.52175e-08
1.75375e-09
6.17188e-11
1.97356e-12
5.76749e-14
1.42317e-15
1.33755e-10
4.33711e-10
1.15042e-09
2.38558e-09
4.51593e-09
7.81921e-09
1.25347e-08
1.87968e-08
2.65544e-08
3.55985e-08
4.59409e-08
5.77134e-08
7.15596e-08
8.86997e-08
1.10518e-07
1.3884e-07
1.96449e-07
2.85538e-07
3.97627e-07
6.03738e-07
8.30226e-07
1.0729e-06
1.15166e-06
1.12913e-06
9.73869e-07
7.76286e-07
6.35376e-07
5.72974e-07
5.67117e-07
6.01495e-07
7.23352e-07
9.94539e-07
1.51578e-06
2.40591e-06
3.83647e-06
6.81188e-06
1.50245e-05
4.42493e-05
0.000161115
0.000425516
0.000633886
0.00060009
0.000424303
0.00025416
0.000162065
0.000119248
0.000103074
0.000101587
0.000112075
0.000133156
0.000167831
0.000221506
0.000314025
0.000456448
0.000672174
0.00093675
0.00125069
0.00157802
0.0019074
0.00219597
0.00243785
0.00262984
0.00270395
0.002637
0.00247769
0.00226347
0.00188101
0.00128873
0.000474453
8.86722e-05
2.30763e-05
6.42272e-06
2.42438e-06
1.12558e-06
1.00022e-06
1.67345e-06
7.10528e-06
2.96134e-05
9.49946e-05
0.000142693
0.00014563
0.000138698
0.000115737
8.57163e-05
8.09943e-05
9.39427e-05
0.00010923
7.39935e-05
2.06922e-05
1.11612e-06
2.97677e-07
1.35563e-06
0.000607518
1.16078e-06
1.9089e-08
7.08947e-10
2.3993e-11
7.41916e-13
2.10385e-14
5.06404e-16
6.63748e-12
2.4365e-11
7.53994e-11
1.78504e-10
3.77986e-10
7.17069e-10
1.24037e-09
1.98392e-09
2.99019e-09
4.31137e-09
6.02746e-09
8.28448e-09
1.12861e-08
1.52167e-08
2.06348e-08
2.83931e-08
3.9889e-08
5.68296e-08
8.15066e-08
1.1325e-07
1.34013e-07
1.33479e-07
1.22055e-07
1.01622e-07
8.0842e-08
6.62513e-08
5.88982e-08
6.01152e-08
6.65611e-08
7.81718e-08
9.72243e-08
1.2657e-07
1.76134e-07
2.64725e-07
3.73265e-07
5.71397e-07
8.80136e-07
1.52009e-06
2.74706e-06
5.09882e-06
8.57775e-06
1.14666e-05
1.32901e-05
1.43402e-05
1.58343e-05
1.83995e-05
2.19225e-05
2.9223e-05
4.02453e-05
5.76424e-05
8.41552e-05
0.000135783
0.000216326
0.000349842
0.00054016
0.000783302
0.00105558
0.00132788
0.00160442
0.00185206
0.00209485
0.00232269
0.00253054
0.00264647
0.00269416
0.0027013
0.00259731
0.00223007
0.00125678
0.000379369
0.000124564
4.87432e-05
2.91133e-05
1.78715e-05
1.54485e-05
2.16588e-05
5.03906e-05
0.00012634
0.000178928
0.000175664
0.000158928
0.000129279
8.89477e-05
5.1403e-05
4.51954e-05
5.16087e-05
6.18526e-05
4.18775e-05
9.16596e-06
6.87149e-07
5.79452e-07
3.36645e-06
0.00268535
1.71889e-07
6.66301e-09
2.44676e-10
8.11102e-12
2.44978e-13
6.80621e-15
1.61573e-16
2.59872e-13
1.143e-12
4.13819e-12
1.10826e-11
2.60973e-11
5.38408e-11
1.00527e-10
1.73111e-10
2.81988e-10
4.42156e-10
6.764e-10
1.02111e-09
1.53026e-09
2.2847e-09
3.39315e-09
4.98254e-09
7.30084e-09
1.0507e-08
1.44242e-08
1.76998e-08
1.78889e-08
1.59274e-08
1.29205e-08
1.00528e-08
8.03252e-09
7.15532e-09
7.77504e-09
1.00135e-08
1.42667e-08
2.10341e-08
3.11987e-08
4.63066e-08
7.21707e-08
1.07979e-07
1.49091e-07
2.24093e-07
3.20726e-07
4.34054e-07
6.52904e-07
8.92395e-07
1.27781e-06
1.68907e-06
2.35797e-06
3.13363e-06
4.41158e-06
6.34781e-06
9.22557e-06
1.40887e-05
2.14998e-05
3.59677e-05
6.18568e-05
0.000107164
0.000184928
0.000310169
0.000481232
0.000691686
0.000903476
0.0011137
0.00131039
0.0014934
0.00168623
0.00189334
0.00210481
0.00224858
0.00236089
0.00247208
0.00262254
0.00265434
0.00208058
0.00105933
0.000504938
0.000263934
0.000181603
0.000129306
0.000120251
0.000147134
0.000223455
0.000255034
0.000219844
0.000163096
0.000123511
8.69004e-05
5.1105e-05
2.52343e-05
2.12031e-05
2.45246e-05
2.84434e-05
1.94579e-05
3.41798e-06
5.56213e-07
1.21051e-06
3.84703e-05
1.08146e-05
5.04507e-08
2.06397e-09
7.46414e-11
2.43193e-12
7.2559e-14
2.00465e-15
4.76658e-17
8.95379e-15
4.56552e-14
1.87074e-13
5.58652e-13
1.45058e-12
3.26492e-12
6.63535e-12
1.24645e-11
2.22054e-11
3.8121e-11
6.38431e-11
1.05083e-10
1.70776e-10
2.7502e-10
4.37999e-10
6.83903e-10
1.01817e-09
1.40564e-09
1.76623e-09
1.899e-09
1.7467e-09
1.42741e-09
1.10407e-09
9.15383e-10
9.46894e-10
1.28888e-09
2.0564e-09
3.55761e-09
7.93069e-09
1.6873e-08
3.14204e-08
5.25942e-08
8.07772e-08
1.15462e-07
1.55972e-07
2.31561e-07
3.20394e-07
4.17618e-07
5.82346e-07
7.79507e-07
1.02871e-06
1.40866e-06
1.86488e-06
2.59947e-06
3.62747e-06
5.11785e-06
8.04848e-06
1.28281e-05
2.04525e-05
3.53367e-05
6.25643e-05
0.000110214
0.000188971
0.000307263
0.000453796
0.000623002
0.000776149
0.000902164
0.00102963
0.00114688
0.00128616
0.0014352
0.00157642
0.00166217
0.00174913
0.00188304
0.00218895
0.00257982
0.0024748
0.00167995
0.00108455
0.000765648
0.00061957
0.000511167
0.000468429
0.00046619
0.000441313
0.000346344
0.000181541
9.69466e-05
6.65484e-05
4.54892e-05
2.57751e-05
1.2804e-05
1.10009e-05
1.21789e-05
1.27307e-05
8.17031e-06
1.48593e-06
6.95939e-07
2.60694e-06
0.00330601
4.0396e-07
1.39839e-08
5.7114e-10
2.05637e-11
6.68842e-13
2.00407e-14
5.58385e-16
1.34484e-17
2.64821e-16
1.55922e-15
7.16004e-15
2.37817e-14
6.82336e-14
1.68475e-13
3.74787e-13
7.7035e-13
1.50012e-12
2.80394e-12
5.09201e-12
9.03296e-12
1.57057e-11
2.68357e-11
4.48809e-11
7.22596e-11
1.0706e-10
1.42609e-10
1.67783e-10
1.62883e-10
1.41618e-10
1.17457e-10
1.09716e-10
1.40899e-10
2.36772e-10
4.63244e-10
1.20006e-09
3.3962e-09
8.5253e-09
1.85619e-08
3.53952e-08
6.00458e-08
9.23592e-08
1.31455e-07
1.85699e-07
2.72382e-07
3.65891e-07
4.774e-07
6.6276e-07
8.62144e-07
1.16399e-06
1.55943e-06
2.12119e-06
2.89972e-06
4.16072e-06
6.06155e-06
9.27314e-06
1.49553e-05
2.37862e-05
4.31696e-05
7.4437e-05
0.000128666
0.000208974
0.000315713
0.000432445
0.000548698
0.000639269
0.000703397
0.00076677
0.000838977
0.000934263
0.00102823
0.00108724
0.00110886
0.00116084
0.00131466
0.00174526
0.00241238
0.00256012
0.00196902
0.00152339
0.00132329
0.00123536
0.00111875
0.00100319
0.000876173
0.000663437
0.000359653
0.000112706
4.13329e-05
2.70329e-05
1.90575e-05
1.1926e-05
7.11972e-06
6.60426e-06
6.85348e-06
6.44488e-06
3.15604e-06
9.07942e-07
1.33759e-06
2.6383e-05
3.03238e-05
7.38138e-08
3.56436e-09
1.4627e-10
5.32064e-12
1.7487e-13
5.31098e-15
1.5011e-16
3.66981e-18
6.91459e-18
4.65734e-17
2.36639e-16
8.67052e-16
2.73419e-15
7.3928e-15
1.79532e-14
4.02056e-14
8.50796e-14
1.72016e-13
3.35867e-13
6.35455e-13
1.17054e-12
2.09964e-12
3.63566e-12
5.96276e-12
8.75746e-12
1.13539e-11
1.29012e-11
1.22817e-11
1.16428e-11
1.30191e-11
1.96304e-11
3.76635e-11
9.09037e-11
2.71977e-10
8.47035e-10
2.56917e-09
6.84327e-09
1.57072e-08
3.13521e-08
5.52188e-08
8.75441e-08
1.27636e-07
1.81652e-07
2.74499e-07
3.77866e-07
5.21084e-07
7.40654e-07
9.85814e-07
1.41496e-06
1.9182e-06
2.73779e-06
3.90719e-06
5.5599e-06
8.72411e-06
1.37653e-05
2.1526e-05
3.62268e-05
6.14687e-05
0.000100607
0.000159695
0.000229315
0.000313369
0.000395365
0.000450776
0.000486825
0.000507415
0.000538905
0.00058792
0.000663463
0.000694866
0.000688763
0.000680195
0.000724135
0.000917882
0.00149491
0.00235691
0.00255547
0.00207815
0.00189871
0.00196166
0.00201206
0.00194139
0.00174957
0.00140834
0.000882066
0.000324767
6.48932e-05
1.71961e-05
1.04091e-05
7.63163e-06
5.63871e-06
4.45641e-06
4.45664e-06
4.387e-06
3.37066e-06
1.26888e-06
9.50569e-07
2.69699e-06
0.00295578
4.63935e-07
1.81007e-08
8.77242e-10
3.62788e-11
1.33454e-12
4.43402e-14
1.36157e-15
3.88195e-17
9.54859e-19
1.61259e-19
1.21997e-18
6.79054e-18
2.74104e-17
9.49858e-17
2.80597e-16
7.41214e-16
1.8008e-15
4.11441e-15
8.91331e-15
1.85421e-14
3.71304e-14
7.20163e-14
1.34819e-13
2.4034e-13
4.02497e-13
5.94431e-13
7.80146e-13
9.41325e-13
1.06428e-12
1.43742e-12
2.46324e-12
5.03037e-12
1.30251e-11
4.13591e-11
1.34288e-10
4.28765e-10
1.33363e-09
3.71445e-09
9.05074e-09
1.94703e-08
3.72424e-08
6.41619e-08
1.01168e-07
1.48568e-07
2.36024e-07
3.5475e-07
5.12206e-07
7.78375e-07
1.13443e-06
1.66409e-06
2.47476e-06
3.60097e-06
5.32661e-06
8.5095e-06
1.3502e-05
2.09931e-05
3.45179e-05
5.6927e-05
8.65093e-05
0.000131714
0.000176945
0.000225898
0.000278385
0.000326237
0.000339654
0.00033862
0.000339225
0.000356174
0.000400436
0.000440419
0.000426814
0.000386627
0.000379341
0.000436661
0.00069998
0.0014285
0.0024356
0.00250424
0.00226685
0.0024131
0.00259037
0.00261183
0.00257
0.00239872
0.00194638
0.00110136
0.000287063
3.98448e-05
9.10026e-06
5.20314e-06
3.91198e-06
3.36011e-06
3.25079e-06
3.28561e-06
2.94326e-06
1.58166e-06
8.86644e-07
1.51322e-06
1.93782e-05
4.97652e-05
8.31791e-08
4.44581e-09
2.12358e-10
8.74418e-12
3.21756e-13
1.07039e-14
3.28416e-16
9.31885e-18
2.27356e-19
3.28058e-21
2.85034e-20
1.72647e-19
7.63325e-19
2.87494e-18
9.19084e-18
2.62527e-17
6.86757e-17
1.67773e-16
3.85681e-16
8.48871e-16
1.79575e-15
3.67713e-15
7.25512e-15
1.35392e-14
2.40496e-14
3.85724e-14
5.82774e-14
9.09512e-14
1.47857e-13
2.79536e-13
5.93953e-13
1.47411e-12
4.66256e-12
1.54429e-11
5.06781e-11
1.62324e-10
5.04877e-10
1.43567e-09
3.7363e-09
8.99554e-09
1.98515e-08
3.98072e-08
7.22752e-08
1.19468e-07
1.9228e-07
3.26425e-07
4.96079e-07
8.03985e-07
1.25122e-06
1.8744e-06
2.94049e-06
4.58791e-06
7.36594e-06
1.20247e-05
1.93213e-05
3.17954e-05
5.29766e-05
7.99067e-05
0.000111288
0.000136801
0.000160372
0.00018349
0.000213245
0.00022627
0.000220368
0.000203742
0.000202166
0.000222736
0.000260855
0.000262794
0.000225773
0.000184603
0.000190133
0.000267901
0.000606261
0.00155871
0.00252634
0.00251169
0.0025782
0.00257142
0.00227858
0.00228133
0.00246919
0.00260264
0.00241719
0.00144322
0.000266133
2.40798e-05
5.74531e-06
3.49779e-06
2.82006e-06
2.62003e-06
2.56834e-06
2.44922e-06
1.71721e-06
9.23645e-07
1.26463e-06
4.42568e-06
0.0030112
4.98307e-07
2.04683e-08
1.0568e-09
4.87361e-11
1.96853e-12
7.14444e-14
2.3468e-15
7.098e-17
1.97822e-18
4.72636e-20
6.09326e-23
5.66003e-22
3.76935e-21
1.87042e-20
7.59577e-20
2.61261e-19
8.00204e-19
2.23412e-18
5.79612e-18
1.40707e-17
3.27445e-17
7.3813e-17
1.6416e-16
3.61543e-16
7.7451e-16
1.6633e-15
3.41246e-15
6.84935e-15
1.43114e-14
2.96145e-14
6.48665e-14
1.59503e-13
4.77048e-13
1.59244e-12
5.32393e-12
1.75084e-11
5.61421e-11
1.74773e-10
5.20752e-10
1.52277e-09
4.324e-09
1.13727e-08
2.66607e-08
5.47923e-08
9.92237e-08
1.60952e-07
2.92607e-07
4.54355e-07
7.70004e-07
1.21847e-06
1.87023e-06
3.02478e-06
4.93809e-06
8.52149e-06
1.47816e-05
2.44819e-05
4.34559e-05
6.76405e-05
8.5381e-05
9.61083e-05
0.000100724
0.000104233
0.000115342
0.000133538
0.000134277
0.000121092
0.000104919
0.000108397
0.00013606
0.000158304
0.000140047
8.9743e-05
7.42104e-05
8.87428e-05
0.000189776
0.000625933
0.00178743
0.00253576
0.00256518
0.00236022
0.00162105
0.00130355
0.00149409
0.00199779
0.00236619
0.00262095
0.00179484
0.000182437
1.2043e-05
3.86001e-06
2.7762e-06
2.63188e-06
2.44828e-06
2.04528e-06
1.68225e-06
1.06917e-06
1.15155e-06
2.71775e-06
0.000487297
4.81588e-06
6.5823e-08
4.06054e-09
2.12863e-10
9.67139e-12
3.83124e-13
1.36534e-14
4.40087e-16
1.30091e-17
3.52796e-19
7.58439e-21
1.05755e-24
1.05749e-23
7.3688e-23
3.81096e-22
1.67098e-21
6.26019e-21
2.09375e-20
6.19648e-20
1.69582e-19
4.3375e-19
1.07851e-18
2.69034e-18
7.01509e-18
1.9481e-17
5.54343e-17
1.62395e-16
4.47855e-16
1.13289e-15
2.79088e-15
6.5487e-15
1.61276e-14
4.56087e-14
1.53646e-13
5.28382e-13
1.80013e-12
6.04962e-12
2.00135e-11
6.5079e-11
2.08572e-10
6.60591e-10
2.06276e-09
6.11269e-09
1.59461e-08
3.59188e-08
7.03734e-08
1.21893e-07
2.07652e-07
3.57518e-07
5.86476e-07
9.45815e-07
1.60247e-06
2.68951e-06
4.59564e-06
8.34226e-06
1.53168e-05
2.70401e-05
4.60792e-05
6.08798e-05
6.22278e-05
5.42677e-05
4.56626e-05
4.72795e-05
5.8466e-05
7.19948e-05
6.92625e-05
5.62474e-05
5.01587e-05
5.72529e-05
8.27743e-05
8.34256e-05
5.70599e-05
2.70701e-05
2.69315e-05
4.65973e-05
0.000162984
0.00073237
0.00197028
0.00227619
0.00207152
0.00121056
0.000593168
0.000585881
0.000887845
0.00136864
0.00160568
0.00225644
0.00193519
6.40754e-05
5.56664e-06
3.02767e-06
2.91235e-06
3.25569e-06
2.71184e-06
2.05704e-06
1.74957e-06
1.33709e-06
2.11863e-06
0.00019915
3.16285e-05
9.27222e-08
7.57879e-09
5.22006e-10
2.97795e-11
1.44585e-12
5.84292e-14
2.07262e-15
6.56956e-17
1.89609e-18
4.99187e-20
9.18971e-22
1.68383e-26
1.79686e-25
1.3156e-24
7.18973e-24
3.29373e-23
1.27342e-22
4.39512e-22
1.38202e-21
4.04438e-21
1.13194e-20
3.15489e-20
9.45105e-20
3.21615e-19
1.21246e-18
4.54602e-18
1.68931e-17
5.83742e-17
1.83187e-16
5.41408e-16
1.47348e-15
4.1337e-15
1.3564e-14
4.86866e-14
1.71878e-13
5.97398e-13
2.04587e-12
6.91008e-12
2.30037e-11
7.5584e-11
2.44932e-10
7.77158e-10
2.39288e-09
6.57822e-09
1.58868e-08
3.4024e-08
6.50239e-08
1.12222e-07
1.84526e-07
3.38048e-07
5.81075e-07
1.00558e-06
1.85158e-06
3.41171e-06
6.76172e-06
1.37154e-05
2.36487e-05
3.31385e-05
3.11929e-05
2.11314e-05
1.32236e-05
1.28779e-05
1.6431e-05
2.71181e-05
3.52432e-05
3.00079e-05
2.20187e-05
2.19211e-05
2.90896e-05
4.73964e-05
3.89123e-05
1.56882e-05
8.5318e-06
1.10014e-05
3.09019e-05
0.000170127
0.000854709
0.00181519
0.00161805
0.000935131
0.000296638
0.000174079
0.000216677
0.000482507
0.000651352
0.000730726
0.00176521
0.00112105
1.55134e-05
3.79411e-06
3.44699e-06
4.72126e-06
1.38777e-05
8.66677e-06
3.50947e-06
3.44657e-06
2.88116e-06
1.30353e-05
0.00126503
1.35946e-07
8.60646e-09
5.48823e-10
3.64152e-11
2.24514e-12
1.22246e-13
5.51536e-15
2.1067e-16
6.86552e-18
1.97549e-19
4.50386e-21
8.50169e-23
2.43478e-28
2.73859e-27
2.09491e-26
1.2061e-25
5.78533e-25
2.3289e-24
8.34645e-24
2.71615e-23
8.236e-23
2.42661e-22
7.82365e-22
3.10897e-21
1.53775e-20
7.37364e-20
3.2412e-19
1.3494e-18
5.28252e-18
1.89834e-17
7.33456e-17
2.99368e-16
1.00886e-15
3.68041e-15
1.39057e-14
5.08056e-14
1.80631e-13
6.2648e-13
2.1295e-12
7.12337e-12
2.3545e-11
7.68712e-11
2.46781e-10
7.51738e-10
2.04503e-09
4.94737e-09
1.09665e-08
2.29103e-08
4.51799e-08
8.42153e-08
1.47429e-07
2.94089e-07
5.49165e-07
1.05872e-06
2.10352e-06
4.23208e-06
8.29168e-06
1.1774e-05
1.02936e-05
5.299e-06
2.57932e-06
2.41895e-06
3.28336e-06
6.97718e-06
1.51722e-05
1.5885e-05
1.1353e-05
8.20997e-06
9.38578e-06
1.71096e-05
2.4032e-05
1.45993e-05
3.96173e-06
3.34756e-06
5.8085e-06
2.5883e-05
0.000186021
0.000895292
0.00130182
0.000717185
0.000180213
5.03879e-05
4.35237e-05
6.64205e-05
0.000195364
0.000190914
0.000227172
0.00154977
0.000329704
7.0331e-06
4.43132e-06
7.58761e-06
7.72512e-05
0.00234832
0.0018508
0.00016856
0.000323645
0.000393992
0.00273241
7.49904e-07
1.87154e-08
8.28162e-10
3.66447e-11
1.71363e-12
8.9493e-14
5.49962e-15
3.00863e-16
1.1707e-17
3.99778e-19
1.12804e-20
2.38414e-22
4.90531e-24
3.16813e-30
3.71562e-29
2.94576e-28
1.77147e-27
8.82764e-27
3.68142e-26
1.36985e-25
4.66658e-25
1.51671e-24
5.08804e-24
2.05386e-23
1.05388e-22
6.00728e-22
3.49358e-21
1.87564e-20
8.22041e-20
3.46997e-19
1.37914e-18
6.33915e-18
3.47589e-17
2.00239e-16
8.77297e-16
3.5866e-15
1.37429e-14
5.06722e-14
1.80507e-13
6.23215e-13
2.10052e-12
6.97666e-12
2.2879e-11
7.29998e-11
2.16383e-10
5.73663e-10
1.37121e-09
3.05339e-09
6.50964e-09
1.34596e-08
2.83504e-08
5.91472e-08
1.13874e-07
2.15711e-07
4.14826e-07
7.9084e-07
1.31731e-06
1.60199e-06
1.3971e-06
7.65977e-07
4.07217e-07
4.05256e-07
6.06498e-07
1.39954e-06
3.58224e-06
6.17574e-06
5.71703e-06
3.53873e-06
2.95858e-06
3.68571e-06
8.12852e-06
1.01165e-05
4.9741e-06
1.66577e-06
1.73676e-06
3.88441e-06
2.30961e-05
0.000182311
0.000690538
0.000698236
0.000154524
1.84205e-05
9.36525e-06
8.89772e-06
1.38245e-05
4.60994e-05
3.70969e-05
5.40345e-05
0.00152131
0.000118697
7.22692e-06
1.31043e-05
0.000163432
0.00321052
9.35476e-06
1.60456e-06
6.2887e-05
8.39751e-06
4.35859e-06
5.29291e-07
5.07047e-08
2.45272e-09
8.60196e-11
2.76572e-12
8.81184e-14
3.22764e-15
1.57019e-16
9.79811e-18
5.35918e-19
1.64248e-20
3.33924e-22
7.77861e-24
1.59715e-25
3.67883e-32
4.46428e-31
3.64336e-30
2.26796e-29
1.16719e-28
5.01798e-28
1.93497e-27
6.97254e-27
2.53753e-26
1.05961e-25
5.69482e-25
3.65231e-24
2.31862e-23
1.39022e-22
7.31136e-22
3.50654e-21
1.74602e-20
7.62673e-20
4.01622e-19
2.64023e-18
1.89922e-17
1.29352e-16
7.6069e-16
3.21627e-15
1.25757e-14
4.64867e-14
1.63031e-13
5.508e-13
1.82061e-12
5.89877e-12
1.83209e-11
5.2361e-11
1.35438e-10
3.22919e-10
7.3082e-10
1.59603e-09
3.40853e-09
7.34626e-09
1.55132e-08
3.02856e-08
5.30098e-08
8.26067e-08
1.09321e-07
1.14366e-07
1.04273e-07
8.7368e-08
7.16646e-08
7.54945e-08
1.09245e-07
2.38614e-07
6.18693e-07
1.52031e-06
1.98084e-06
1.73548e-06
1.03534e-06
9.40014e-07
1.27114e-06
2.78104e-06
3.33572e-06
1.95451e-06
8.73067e-07
9.7694e-07
2.62042e-06
1.67472e-05
0.000124633
0.000326908
0.000251544
2.01981e-05
2.36837e-06
1.88429e-06
1.5734e-06
2.11006e-06
8.01275e-06
6.2039e-06
1.08134e-05
0.00131241
8.07633e-05
1.89444e-05
0.000463753
0.00309753
0.000777957
2.93718e-07
3.14223e-08
6.77524e-08
4.76538e-08
3.51928e-08
1.29859e-08
2.0755e-09
2.20713e-10
7.95181e-12
2.11922e-13
5.22178e-15
1.32256e-16
4.45592e-18
2.36433e-19
1.63352e-20
6.43653e-22
1.30061e-23
2.65149e-25
4.93831e-27
3.78182e-34
4.70881e-33
3.93167e-32
2.51845e-31
1.33129e-30
5.89578e-30
2.36965e-29
9.31336e-29
4.08353e-28
2.27895e-27
1.57928e-26
1.17346e-25
8.03534e-25
4.98034e-24
2.69429e-23
1.27516e-22
6.02679e-22
3.10833e-21
2.11433e-20
1.59062e-19
1.2926e-18
9.93695e-18
6.65343e-17
3.7744e-16
1.82841e-15
7.64012e-15
2.7864e-14
9.27222e-14
2.90095e-13
8.75018e-13
2.58655e-12
7.47531e-12
2.06325e-11
5.41243e-11
1.33642e-10
3.03762e-10
6.52596e-10
1.33565e-09
2.49463e-09
4.12792e-09
6.19358e-09
8.26308e-09
9.58564e-09
9.70302e-09
9.33393e-09
9.72689e-09
1.22048e-08
1.83341e-08
3.7148e-08
9.05503e-08
1.89491e-07
3.56516e-07
3.83236e-07
3.35021e-07
2.23063e-07
2.11531e-07
2.99569e-07
6.26938e-07
9.02468e-07
7.20976e-07
4.25468e-07
4.79868e-07
1.32172e-06
7.46877e-06
4.36051e-05
7.09002e-05
4.1339e-05
3.04765e-06
4.45582e-07
3.64868e-07
2.76996e-07
3.73261e-07
1.38703e-06
1.27109e-06
1.83168e-06
0.000635961
0.000185641
6.22118e-05
0.00281745
5.56113e-05
9.39845e-07
5.05834e-08
3.51342e-09
2.17384e-09
1.54539e-09
1.07602e-09
3.65788e-10
6.23003e-11
7.40381e-12
5.82581e-13
1.45107e-14
3.20837e-16
6.75008e-18
1.61443e-19
4.67334e-21
2.48752e-22
1.88204e-23
7.8108e-25
1.36815e-26
2.28984e-28
3.41611e-36
4.34522e-35
3.69805e-34
2.42564e-33
1.31497e-32
6.02708e-32
2.58409e-31
1.17759e-30
6.75006e-30
5.00434e-29
4.11897e-28
3.34135e-27
2.42104e-26
1.54874e-25
8.64982e-25
4.24155e-24
2.04326e-23
1.09767e-22
7.62242e-22
7.05647e-21
6.69584e-20
5.48748e-19
3.91712e-18
2.40014e-17
1.24901e-16
5.56302e-16
2.10019e-15
7.03995e-15
2.18887e-14
6.58662e-14
1.99559e-13
6.08899e-13
1.80074e-12
5.0812e-12
1.32609e-11
3.10598e-11
6.666e-11
1.30241e-10
2.24287e-10
3.42903e-10
4.76043e-10
5.94317e-10
6.67196e-10
7.19075e-10
8.72778e-10
1.32786e-09
2.3173e-09
4.35107e-09
9.9684e-09
2.27105e-08
3.87229e-08
4.85985e-08
4.82358e-08
4.50161e-08
4.28928e-08
4.92987e-08
7.43421e-08
1.46461e-07
1.87037e-07
1.62928e-07
1.28406e-07
1.51778e-07
3.81525e-07
1.55867e-06
4.4017e-06
4.60226e-06
2.49024e-06
4.73101e-07
1.01513e-07
7.2602e-08
5.86998e-08
7.75352e-08
2.27111e-07
2.79592e-07
2.64939e-07
6.67909e-05
0.00150094
0.000179955
0.00255739
1.79502e-06
6.05655e-08
5.48349e-09
5.23939e-10
8.40354e-11
3.75443e-11
2.43602e-11
8.25776e-12
1.49256e-12
1.96943e-13
2.01631e-14
1.11496e-15
2.30343e-17
4.71738e-19
9.23079e-21
1.83414e-22
5.68142e-24
2.65557e-25
1.81805e-26
7.52911e-28
1.17464e-29
2.7055e-38
3.50182e-37
3.03012e-36
2.03051e-35
1.13316e-34
5.47229e-34
2.61492e-33
1.5024e-32
1.16207e-31
1.0603e-30
9.67738e-30
8.29992e-29
6.29144e-28
4.21731e-27
2.43658e-26
1.24068e-25
6.30229e-25
3.63112e-24
2.68704e-23
2.47767e-22
2.48499e-21
2.46264e-20
1.84074e-19
1.18087e-18
6.41178e-18
2.93183e-17
1.11682e-16
3.74026e-16
1.16057e-15
3.52685e-15
1.10481e-14
3.53825e-14
1.09991e-13
3.24641e-13
8.6946e-13
2.0515e-12
4.39006e-12
8.36873e-12
1.38058e-11
2.01694e-11
2.69325e-11
3.28034e-11
3.76875e-11
4.76382e-11
8.11478e-11
1.75915e-10
3.91153e-10
8.09312e-10
1.60843e-09
2.64033e-09
3.53664e-09
4.13888e-09
4.39208e-09
4.76746e-09
6.13404e-09
9.3641e-09
1.59217e-08
2.66469e-08
2.89965e-08
2.68389e-08
2.80418e-08
3.93024e-08
8.50363e-08
2.05835e-07
3.05598e-07
2.84475e-07
1.80529e-07
8.82142e-08
2.52204e-08
8.86711e-09
5.87136e-09
9.88175e-09
2.28268e-08
2.9194e-08
4.25686e-08
4.23083e-06
0.00212733
0.00121636
0.00124307
3.67494e-07
1.98527e-08
1.55049e-09
1.26927e-10
1.08586e-11
1.34764e-12
4.7492e-13
1.50429e-13
2.88886e-14
4.21563e-15
4.97106e-16
4.88855e-17
1.98139e-18
4.11197e-20
7.04087e-22
1.50425e-23
3.69306e-25
1.03829e-26
3.31025e-28
1.31417e-29
4.29943e-31
1.87646e-40
2.46795e-39
2.17326e-38
1.49542e-37
8.707e-37
4.58705e-36
2.64336e-35
2.03486e-34
2.00775e-33
2.07866e-32
2.01643e-31
1.80311e-30
1.42844e-29
9.98288e-29
6.02577e-28
3.1692e-27
1.68084e-26
1.04446e-25
8.26717e-25
7.93588e-24
7.86325e-23
7.3101e-22
6.30541e-21
4.53056e-20
2.54424e-19
1.17454e-18
4.46334e-18
1.49121e-17
4.62437e-17
1.42585e-16
4.61696e-16
1.53796e-15
4.94821e-15
1.49721e-14
4.05089e-14
9.59907e-14
2.05066e-13
3.83847e-13
6.16777e-13
8.82614e-13
1.1611e-12
1.40918e-12
1.71344e-12
2.65e-12
5.91472e-12
1.50981e-11
3.54231e-11
7.24907e-11
1.26468e-10
1.8311e-10
2.28244e-10
2.64402e-10
2.94199e-10
3.69599e-10
5.9427e-10
1.08257e-09
1.73461e-09
2.25508e-09
2.29922e-09
2.28985e-09
3.34399e-09
6.7215e-09
1.3006e-08
1.96428e-08
2.09167e-08
1.86252e-08
1.36646e-08
8.58974e-09
5.01922e-09
1.71279e-09
5.0708e-10
5.51353e-10
1.12707e-09
1.52375e-09
7.97312e-09
7.70872e-07
0.000143513
0.00205551
0.000207798
2.55195e-07
1.26854e-08
7.54275e-10
4.83462e-11
3.25726e-12
2.3119e-13
2.10426e-14
2.96623e-15
5.40123e-16
8.08991e-17
1.02343e-17
1.11976e-18
1.09212e-19
3.04277e-21
5.78585e-23
1.2671e-24
2.85432e-26
6.56865e-28
1.60531e-29
4.24103e-31
1.0684e-32
1.14898e-42
1.53942e-41
1.38547e-40
9.89476e-40
6.19746e-39
3.8019e-38
2.84976e-37
2.85619e-36
3.27325e-35
3.64853e-34
3.69313e-33
3.41621e-32
2.82461e-31
2.04967e-30
1.28401e-29
7.12159e-29
3.93962e-28
2.59696e-27
2.17606e-26
2.17437e-25
2.1998e-24
2.02745e-23
1.64847e-22
1.16292e-21
7.34847e-21
3.70618e-20
1.40109e-19
4.65476e-19
1.44504e-18
4.5384e-18
1.51616e-17
5.19983e-17
1.70366e-16
5.19665e-16
1.40718e-15
3.3388e-15
7.10825e-15
1.31261e-14
2.08094e-14
2.9569e-14
3.87129e-14
4.72506e-14
6.18023e-14
1.15802e-13
3.06811e-13
8.40215e-13
1.98203e-12
3.94192e-12
6.50985e-12
8.98121e-12
1.09147e-11
1.25611e-11
1.43277e-11
1.96719e-11
3.53256e-11
6.65398e-11
1.00929e-10
1.21105e-10
1.18485e-10
1.2061e-10
1.97147e-10
4.22799e-10
7.39527e-10
9.51497e-10
9.72508e-10
8.53266e-10
6.34285e-10
4.11751e-10
2.42169e-10
1.24382e-10
6.13027e-11
3.23148e-11
4.35548e-11
6.6942e-11
1.23122e-09
8.84687e-08
1.27348e-06
1.41742e-06
2.89521e-07
5.62892e-08
3.54368e-09
2.0818e-10
1.27792e-11
8.1389e-13
5.21368e-14
3.24637e-15
2.14399e-16
1.58272e-17
1.55165e-18
1.8765e-19
2.07652e-20
1.69991e-21
1.42633e-22
4.46298e-24
9.03618e-26
1.84554e-27
3.7987e-29
8.21759e-31
1.93198e-32
4.53974e-34
6.33377e-45
8.68912e-44
8.08749e-43
6.16598e-42
4.37386e-41
3.34382e-40
3.25363e-39
3.88148e-38
4.83396e-37
5.63903e-36
5.90739e-35
5.62511e-34
4.83123e-33
3.67873e-32
2.37485e-31
1.36625e-30
7.86088e-30
5.39766e-29
4.70912e-28
4.8478e-27
5.0133e-26
4.6882e-25
3.822e-24
2.64731e-23
1.56387e-22
7.5248e-22
2.99477e-21
1.08584e-20
3.54375e-20
1.13264e-19
3.88644e-19
1.3655e-18
4.53175e-18
1.38518e-17
3.73171e-17
8.81073e-17
1.86285e-16
3.40078e-16
5.37122e-16
7.66723e-16
1.00499e-15
1.23979e-15
1.75103e-15
3.82852e-15
1.12563e-14
3.19449e-14
7.53769e-14
1.47594e-13
2.3895e-13
3.24816e-13
3.92397e-13
4.49125e-13
5.1603e-13
7.37058e-13
1.39039e-12
2.61778e-12
3.85004e-12
4.47316e-12
4.32647e-12
4.36291e-12
6.85478e-12
1.38723e-11
2.30267e-11
2.88891e-11
2.97698e-11
2.64401e-11
2.01807e-11
1.35769e-11
8.3856e-12
4.72145e-12
2.50702e-12
1.41922e-12
1.46264e-12
2.52755e-12
1.15653e-10
6.39481e-09
3.43692e-08
2.13599e-08
8.16025e-09
2.1079e-09
4.91615e-10
4.1575e-11
2.35483e-12
1.36192e-13
8.20498e-15
4.87155e-16
2.74837e-17
1.52036e-18
8.46708e-20
4.20088e-21
2.63789e-22
2.34091e-23
2.10944e-24
1.73335e-25
6.20619e-27
1.12734e-28
2.11041e-30
4.35726e-32
1.02695e-33
2.46039e-35
3.25879e-47
4.6278e-46
4.5534e-45
3.8569e-44
3.25576e-43
3.11887e-42
3.65644e-41
4.81706e-40
6.30369e-39
7.60201e-38
8.18921e-37
8.06283e-36
7.188e-35
5.72037e-34
3.82836e-33
2.25365e-32
1.33457e-31
9.49661e-31
8.53385e-30
8.97904e-29
9.45172e-28
8.9826e-27
7.4179e-26
5.19605e-25
3.04086e-24
1.40835e-23
5.27488e-23
1.74753e-22
5.5432e-22
1.86521e-21
7.07219e-21
2.75988e-20
9.26596e-20
2.8462e-19
7.65048e-19
1.79732e-18
3.77903e-18
6.85581e-18
1.08427e-17
1.55538e-17
2.04635e-17
2.5637e-17
3.88397e-17
9.52036e-17
2.98584e-16
8.67423e-16
2.04712e-15
3.99185e-15
6.45595e-15
8.7856e-15
1.06671e-14
1.21823e-14
1.39591e-14
2.00674e-14
3.82904e-14
7.06563e-14
1.0215e-13
1.17409e-13
1.14153e-13
1.13365e-13
1.65662e-13
3.10407e-13
4.97072e-13
6.27907e-13
6.58861e-13
5.99065e-13
4.749e-13
3.36506e-13
2.22565e-13
1.36092e-13
7.91515e-14
4.68606e-14
4.25506e-14
8.38275e-14
6.60589e-12
2.43273e-10
1.06846e-09
5.25836e-10
1.99555e-10
5.16651e-11
1.20173e-11
2.47561e-12
3.54443e-13
1.78363e-14
9.36556e-16
4.97655e-17
2.61201e-18
1.33261e-19
5.73665e-21
2.3243e-22
1.05018e-23
4.95273e-25
2.90458e-26
2.20965e-27
1.60117e-28
6.70042e-30
1.10218e-31
2.09165e-33
4.77896e-35
1.12643e-36
1.64964e-49
2.46223e-48
2.63391e-47
2.54546e-46
2.55496e-45
2.90681e-44
3.80686e-43
5.30794e-42
7.18341e-41
8.891e-40
9.81371e-39
9.98519e-38
9.20154e-37
7.5426e-36
5.19901e-35
3.12514e-34
1.8921e-33
1.37796e-32
1.25981e-31
1.34044e-30
1.42513e-29
1.36789e-28
1.13789e-27
8.04509e-27
4.69839e-26
2.15207e-25
7.94998e-25
2.57835e-24
7.94525e-24
2.57181e-23
9.15031e-23
3.40113e-22
1.20664e-21
3.99127e-21
1.1764e-20
2.88572e-20
6.02482e-20
1.08676e-19
1.72339e-19
2.48407e-19
3.27766e-19
4.16827e-19
6.71009e-19
1.78868e-18
5.85964e-18
1.7273e-17
4.06951e-17
7.93085e-17
1.29286e-16
1.77972e-16
2.19773e-16
2.52508e-16
2.88876e-16
4.09931e-16
7.72409e-16
1.38529e-15
1.97248e-15
2.27499e-15
2.25112e-15
2.2077e-15
2.95363e-15
5.06877e-15
7.90925e-15
1.01245e-14
1.09174e-14
1.02748e-14
8.50315e-15
6.35338e-15
4.50265e-15
2.9754e-15
1.91201e-15
1.2146e-15
1.05202e-15
2.05676e-15
1.30183e-13
5.05068e-12
1.74597e-11
7.38264e-12
2.97953e-12
8.08296e-13
2.01395e-13
4.34174e-14
8.52843e-15
1.48669e-15
1.24971e-16
5.58782e-18
2.51757e-19
1.04854e-20
3.73705e-22
1.53778e-23
6.39715e-25
2.62543e-26
1.05385e-27
4.20473e-29
1.98728e-30
1.15188e-31
4.8197e-33
8.37143e-35
1.91193e-36
4.59034e-38
8.60458e-52
1.35946e-50
1.58966e-49
1.73665e-48
1.99004e-47
2.51673e-46
3.51342e-45
5.07389e-44
7.03045e-43
8.88913e-42
1.00543e-40
1.0529e-39
9.95982e-39
8.37237e-38
5.8452e-37
3.57265e-36
2.2299e-35
1.65244e-34
1.5172e-33
1.61581e-32
1.72002e-31
1.65365e-30
1.37743e-29
9.79521e-29
5.70052e-28
2.5919e-27
9.51046e-27
3.06641e-26
9.40802e-26
3.04279e-25
1.08023e-24
3.98596e-24
1.3843e-23
4.37311e-23
1.19691e-22
2.84545e-22
6.0103e-22
1.10279e-21
1.7961e-21
2.65557e-21
3.57977e-21
4.70647e-21
8.29035e-21
2.53662e-20
8.5432e-20
2.54096e-19
5.98555e-19
1.17321e-18
1.94158e-18
2.72743e-18
3.44858e-18
3.99762e-18
4.56527e-18
6.31364e-18
1.14901e-17
1.98861e-17
2.80794e-17
3.26657e-17
3.31213e-17
3.25904e-17
4.09568e-17
6.4424e-17
9.71061e-17
1.26308e-16
1.39891e-16
1.36648e-16
1.18385e-16
9.36903e-17
7.12871e-17
5.06121e-17
3.59456e-17
2.43305e-17
2.02254e-17
2.75599e-17
1.12305e-15
6.07298e-14
1.69615e-13
7.11753e-14
3.16153e-14
8.70467e-15
2.27769e-15
5.09843e-16
1.11181e-16
2.1422e-17
3.60852e-18
5.35207e-19
3.10228e-20
9.57649e-22
3.50114e-23
1.3536e-24
5.25678e-26
2.02311e-27
7.61315e-29
2.79668e-30
9.9803e-32
3.4637e-33
1.15405e-34
3.71515e-36
1.08245e-37
2.84981e-39
4.59815e-54
7.63493e-53
9.61429e-52
1.14906e-50
1.43404e-49
1.93269e-48
2.80714e-47
4.15558e-46
5.85855e-45
7.5461e-44
8.74412e-43
9.37543e-42
9.04019e-41
7.65713e-40
5.36945e-39
3.35772e-38
2.14739e-37
1.59175e-36
1.44743e-35
1.52528e-34
1.60929e-33
1.53204e-32
1.26514e-31
8.87855e-31
5.19524e-30
2.39944e-29
8.94768e-29
2.9219e-28
9.06001e-28
2.95676e-27
1.05364e-26
3.89006e-26
1.34759e-25
4.21652e-25
1.13707e-24
2.65658e-24
5.48601e-24
9.86914e-24
1.58316e-23
2.3028e-23
3.06521e-23
4.01494e-23
7.02475e-23
2.08998e-22
7.4135e-22
2.34354e-21
5.91846e-21
1.26119e-20
2.22207e-20
3.18037e-20
4.10265e-20
4.78606e-20
5.44092e-20
7.2737e-20
1.26249e-19
2.11559e-19
2.97332e-19
3.51362e-19
3.67783e-19
3.65942e-19
4.36124e-19
6.29778e-19
9.18545e-19
1.20828e-18
1.3776e-18
1.40094e-18
1.26836e-18
1.0577e-18
8.64809e-19
6.49979e-19
5.06492e-19
3.61824e-19
2.97584e-19
2.96206e-19
6.89194e-18
4.3422e-16
9.82412e-16
4.21644e-16
2.12744e-16
6.06083e-17
1.73253e-17
4.03684e-18
9.39731e-19
1.92063e-19
3.66251e-20
5.40209e-21
6.88827e-22
8.42556e-23
3.92143e-24
1.41458e-25
5.16585e-27
1.87821e-28
6.76229e-30
2.40026e-31
8.30976e-33
2.78721e-34
9.03687e-36
2.82938e-37
8.48074e-39
2.23912e-40
2.38875e-56
4.11531e-55
5.46544e-54
6.92992e-53
9.11062e-52
1.2795e-50
1.91187e-49
2.8723e-48
4.09486e-47
5.35539e-46
6.31973e-45
6.8792e-44
6.68801e-43
5.66383e-42
4.01862e-41
2.58628e-40
1.67842e-39
1.2348e-38
1.10569e-37
1.14923e-36
1.19942e-35
1.13244e-34
9.31313e-34
6.54705e-33
3.86667e-32
1.81638e-31
6.91572e-31
2.29092e-30
7.13685e-30
2.32287e-29
8.20439e-29
2.99583e-28
1.02549e-27
3.16874e-27
8.45174e-27
1.95883e-26
4.0205e-26
7.21569e-26
1.15852e-25
1.68456e-25
2.24727e-25
2.97429e-25
5.30455e-25
1.59644e-24
5.54879e-24
1.67647e-23
4.01317e-23
8.11275e-23
1.3981e-22
2.04895e-22
2.70245e-22
3.17627e-22
3.60218e-22
4.70254e-22
7.94902e-22
1.32879e-21
1.92181e-21
2.35937e-21
2.56705e-21
2.6101e-21
3.03148e-21
4.15714e-21
6.01928e-21
8.17821e-21
9.65226e-21
1.02149e-20
9.55523e-21
8.22939e-21
7.03959e-21
5.40383e-21
4.35046e-21
3.09859e-21
2.50832e-21
2.10373e-21
2.85816e-20
1.9118e-18
3.66582e-18
1.72644e-18
9.50789e-19
2.76134e-19
8.57517e-20
2.06879e-20
4.29593e-21
8.24021e-22
1.59684e-22
2.85274e-23
4.63198e-24
6.82588e-25
8.72349e-26
1.0018e-26
5.12007e-28
1.7126e-29
5.84099e-31
1.99109e-32
6.72484e-34
2.2263e-35
7.1363e-37
2.20131e-38
6.50366e-40
1.69817e-41
1.13782e-58
2.00897e-57
2.7656e-56
3.6518e-55
4.97677e-54
7.19064e-53
1.09189e-51
1.65418e-50
2.37331e-49
3.13228e-48
3.75984e-47
4.13233e-46
4.01585e-45
3.39185e-44
2.45051e-43
1.61815e-42
1.06256e-41
7.73555e-41
6.80564e-40
6.9708e-39
7.19571e-38
6.72344e-37
5.45921e-36
3.77823e-35
2.23789e-34
1.07439e-33
4.17194e-33
1.39046e-32
4.30773e-32
1.38605e-31
4.84614e-31
1.75862e-30
5.99158e-30
1.83118e-29
4.8233e-29
1.10594e-28
2.24223e-28
3.99952e-28
6.40572e-28
9.31134e-28
1.24978e-27
1.67041e-27
3.02345e-27
9.2218e-27
3.21971e-26
9.7288e-26
2.3396e-25
4.76366e-25
8.26478e-25
1.22335e-24
1.62698e-24
1.91658e-24
2.16743e-24
2.74607e-24
4.36313e-24
7.01087e-24
1.00804e-23
1.25497e-23
1.40557e-23
1.45552e-23
1.63087e-23
2.05394e-23
2.77682e-23
3.65224e-23
4.31791e-23
4.67084e-23
4.54068e-23
4.0988e-23
3.67846e-23
2.97486e-23
2.51942e-23
1.87579e-23
1.52542e-23
1.18988e-23
5.80418e-23
4.31549e-21
7.55858e-21
3.62905e-21
2.09221e-21
5.95958e-22
1.93129e-22
4.70831e-23
1.18647e-23
2.58011e-24
5.46504e-25
1.045e-25
1.83173e-26
2.92331e-27
4.19993e-28
5.49301e-29
6.30626e-30
6.54498e-31
4.86873e-32
1.59993e-33
5.38956e-35
1.79173e-36
5.69484e-38
1.73009e-39
5.03142e-41
1.29775e-42
4.76674e-61
8.59226e-60
1.21807e-58
1.65246e-57
2.30166e-56
3.39165e-55
5.20161e-54
7.88644e-53
1.1334e-51
1.50943e-50
1.83678e-49
2.01789e-48
1.94063e-47
1.62925e-46
1.20573e-45
8.23064e-45
5.45553e-44
3.89054e-43
3.33592e-42
3.3522e-41
3.41266e-40
3.14312e-39
2.49846e-38
1.68024e-37
9.54439e-37
4.56857e-36
1.79152e-35
6.01086e-35
1.87496e-34
6.08973e-34
2.15554e-33
7.91237e-33
2.71135e-32
8.22954e-32
2.13931e-31
4.81456e-31
9.51827e-31
1.65873e-30
2.60391e-30
3.73172e-30
4.97894e-30
6.65602e-30
1.20094e-29
3.66585e-29
1.28821e-28
3.9235e-28
9.58847e-28
1.98149e-27
3.47975e-27
5.24031e-27
7.05784e-27
8.42096e-27
9.62564e-27
1.20515e-26
1.84405e-26
2.92007e-26
4.25638e-26
5.48148e-26
6.3375e-26
6.76385e-26
7.46703e-26
9.01458e-26
1.17744e-25
1.52909e-25
1.81908e-25
1.99468e-25
1.97449e-25
1.8161e-25
1.63027e-25
1.33251e-25
1.11247e-25
8.26579e-26
6.54058e-26
4.80146e-26
1.07154e-25
5.2916e-24
8.0872e-24
4.52156e-24
2.78404e-24
8.87237e-25
3.0958e-25
7.97178e-26
2.0868e-26
4.66553e-27
1.01393e-27
1.99134e-28
3.61926e-29
6.03896e-30
9.19633e-31
1.29021e-31
1.64883e-32
1.94432e-33
2.0775e-34
2.01659e-35
1.86095e-36
1.35909e-37
4.22225e-39
1.27174e-40
3.62822e-42
9.13042e-44
)
;

boundaryField
{
    AXIS
    {
        type            empty;
    }
    OUTLET
    {
        type            calculated;
        value           nonuniform List<scalar> 
50
(
1.24079e-10
1.1031e-10
9.33197e-11
8.09975e-11
6.84808e-11
5.5067e-11
4.08113e-11
2.79456e-11
1.69237e-11
8.9601e-12
4.45806e-12
2.14347e-12
1.04268e-12
5.35563e-13
2.99186e-13
1.78719e-13
1.06064e-13
5.93177e-14
3.13174e-14
1.6072e-14
7.86093e-15
3.54087e-15
1.42317e-15
5.06404e-16
1.61573e-16
4.76658e-17
1.34484e-17
3.66981e-18
9.54859e-19
2.27356e-19
4.72636e-20
7.58439e-21
9.18971e-22
8.50169e-23
4.90531e-24
1.59715e-25
4.93831e-27
2.28984e-28
1.17464e-29
4.29943e-31
1.0684e-32
4.53974e-34
2.46039e-35
1.12643e-36
4.59034e-38
2.84981e-39
2.23912e-40
1.69817e-41
1.29775e-42
9.13042e-44
)
;
    }
    COFLOW
    {
        type            calculated;
        value           uniform 0;
    }
    PILOT
    {
        type            calculated;
        value           nonuniform List<scalar> 10(0.00252273 0.00353434 0.00278164 0.0026746 0.00267193 0.00267187 0.0026719 0.00267263 0.00269291 0.00319281);
    }
    FUEL
    {
        type            calculated;
        value           uniform 0;
    }
    WALL
    {
        type            calculated;
        value           nonuniform List<scalar> 
100
(
4.76674e-61
8.59226e-60
1.21807e-58
1.65246e-57
2.30166e-56
3.39165e-55
5.20161e-54
7.88644e-53
1.1334e-51
1.50943e-50
1.83678e-49
2.01789e-48
1.94063e-47
1.62925e-46
1.20573e-45
8.23064e-45
5.45553e-44
3.89054e-43
3.33592e-42
3.3522e-41
3.41266e-40
3.14312e-39
2.49846e-38
1.68024e-37
9.54439e-37
4.56857e-36
1.79152e-35
6.01086e-35
1.87496e-34
6.08973e-34
2.15554e-33
7.91237e-33
2.71135e-32
8.22954e-32
2.13931e-31
4.81456e-31
9.51827e-31
1.65873e-30
2.60391e-30
3.73172e-30
4.97894e-30
6.65602e-30
1.20094e-29
3.66585e-29
1.28821e-28
3.9235e-28
9.58847e-28
1.98149e-27
3.47975e-27
5.24031e-27
7.05784e-27
8.42096e-27
9.62564e-27
1.20515e-26
1.84405e-26
2.92007e-26
4.25638e-26
5.48148e-26
6.3375e-26
6.76385e-26
7.46703e-26
9.01458e-26
1.17744e-25
1.52909e-25
1.81908e-25
1.99468e-25
1.97449e-25
1.8161e-25
1.63027e-25
1.33251e-25
1.11247e-25
8.26579e-26
6.54058e-26
4.80146e-26
1.07154e-25
5.2916e-24
8.0872e-24
4.52156e-24
2.78404e-24
8.87237e-25
3.0958e-25
7.97178e-26
2.0868e-26
4.66553e-27
1.01393e-27
1.99134e-28
3.61926e-29
6.03896e-30
9.19633e-31
1.29021e-31
1.64883e-32
1.94432e-33
2.0775e-34
2.01659e-35
1.86095e-36
1.35909e-37
4.22225e-39
1.27174e-40
3.62822e-42
9.13042e-44
)
;
    }
    front
    {
        type            wedge;
    }
    back
    {
        type            wedge;
    }
}


// ************************************************************************* //
