/*--------------------------------*- C++ -*----------------------------------*\
| =========                 |                                                 |
| \\      /  F ield         | OpenFOAM: The Open Source CFD Toolbox           |
|  \\    /   O peration     | Version:  2.3.0                                 |
|   \\  /    A nd           | Web:      www.OpenFOAM.org                      |
|    \\/     M anipulation  |                                                 |
\*---------------------------------------------------------------------------*/
FoamFile
{
    version     2.0;
    format      ascii;
    class       volScalarField;
    location    "0.05";
    object      thermo:mu;
}
// * * * * * * * * * * * * * * * * * * * * * * * * * * * * * * * * * * * * * //

dimensions      [1 -1 -1 0 0 0 0];

internalField   nonuniform List<scalar> 
5000
(
1.81402e-05
1.81402e-05
1.81402e-05
1.81402e-05
1.81402e-05
1.81402e-05
1.81402e-05
1.81402e-05
1.81402e-05
1.81402e-05
1.81402e-05
1.81402e-05
1.81402e-05
1.81402e-05
1.81402e-05
1.81402e-05
1.81402e-05
1.81402e-05
1.81402e-05
1.81402e-05
1.81402e-05
1.81402e-05
1.81402e-05
1.81402e-05
1.81402e-05
1.81402e-05
1.81402e-05
1.81402e-05
1.81402e-05
1.81402e-05
1.81402e-05
1.81402e-05
1.81402e-05
1.81402e-05
1.81402e-05
1.81402e-05
1.81402e-05
1.81402e-05
1.81402e-05
1.81402e-05
1.81402e-05
1.81402e-05
1.81402e-05
1.81402e-05
1.81402e-05
1.81402e-05
1.81402e-05
1.81402e-05
1.81402e-05
1.81403e-05
1.81403e-05
1.81405e-05
1.81409e-05
1.81417e-05
1.81439e-05
1.81501e-05
1.8164e-05
1.81909e-05
1.82355e-05
1.83047e-05
1.84086e-05
1.85556e-05
1.87428e-05
1.89417e-05
1.91289e-05
1.92615e-05
1.91985e-05
1.89783e-05
1.87494e-05
1.85625e-05
1.84161e-05
1.8319e-05
1.82413e-05
1.81928e-05
1.81902e-05
1.81967e-05
1.82096e-05
1.823e-05
1.82609e-05
1.83077e-05
1.83731e-05
1.84489e-05
1.85184e-05
1.85888e-05
1.86744e-05
1.87741e-05
1.88948e-05
1.90533e-05
1.91926e-05
1.91619e-05
1.89732e-05
1.86591e-05
1.84846e-05
1.84689e-05
1.84793e-05
1.85056e-05
1.85436e-05
1.85903e-05
1.8643e-05
1.86999e-05
1.81402e-05
1.81402e-05
1.81402e-05
1.81402e-05
1.81402e-05
1.81402e-05
1.81402e-05
1.81402e-05
1.81402e-05
1.81402e-05
1.81402e-05
1.81402e-05
1.81402e-05
1.81402e-05
1.81402e-05
1.81402e-05
1.81402e-05
1.81402e-05
1.81402e-05
1.81402e-05
1.81402e-05
1.81402e-05
1.81402e-05
1.81402e-05
1.81402e-05
1.81402e-05
1.81402e-05
1.81402e-05
1.81402e-05
1.81402e-05
1.81402e-05
1.81402e-05
1.81402e-05
1.81402e-05
1.81402e-05
1.81403e-05
1.81405e-05
1.81408e-05
1.81414e-05
1.81419e-05
1.81418e-05
1.81413e-05
1.81409e-05
1.81406e-05
1.81406e-05
1.81408e-05
1.81412e-05
1.81418e-05
1.81421e-05
1.81419e-05
1.81419e-05
1.81426e-05
1.81448e-05
1.81496e-05
1.81618e-05
1.81974e-05
1.82759e-05
1.8416e-05
1.86298e-05
1.89397e-05
1.94118e-05
2.00983e-05
2.10141e-05
2.21276e-05
2.34263e-05
2.49081e-05
2.59562e-05
2.59488e-05
2.51385e-05
2.29388e-05
2.09045e-05
1.95479e-05
1.86063e-05
1.83426e-05
1.83373e-05
1.83564e-05
1.84055e-05
1.84969e-05
1.86466e-05
1.88781e-05
1.92076e-05
1.95645e-05
1.9805e-05
1.99184e-05
2.00161e-05
2.01578e-05
2.03344e-05
2.0522e-05
2.05231e-05
2.03805e-05
1.99522e-05
1.93254e-05
1.91741e-05
1.9224e-05
1.93841e-05
1.95908e-05
1.97321e-05
1.98111e-05
1.98797e-05
2.00222e-05
1.81402e-05
1.81402e-05
1.81402e-05
1.81402e-05
1.81402e-05
1.81402e-05
1.81402e-05
1.81402e-05
1.81402e-05
1.81402e-05
1.81402e-05
1.81402e-05
1.81402e-05
1.81402e-05
1.81402e-05
1.81402e-05
1.81402e-05
1.81402e-05
1.81402e-05
1.81402e-05
1.81402e-05
1.81402e-05
1.81402e-05
1.81402e-05
1.81402e-05
1.81402e-05
1.81402e-05
1.81402e-05
1.81402e-05
1.81403e-05
1.81403e-05
1.81402e-05
1.81403e-05
1.81404e-05
1.81408e-05
1.8142e-05
1.81459e-05
1.8154e-05
1.81688e-05
1.81841e-05
1.81828e-05
1.81695e-05
1.81579e-05
1.81518e-05
1.81503e-05
1.81548e-05
1.81672e-05
1.81857e-05
1.81948e-05
1.81858e-05
1.81747e-05
1.81663e-05
1.81651e-05
1.81753e-05
1.82056e-05
1.83049e-05
1.85355e-05
1.89509e-05
1.9595e-05
2.04462e-05
2.15298e-05
2.28022e-05
2.42164e-05
2.56981e-05
2.72284e-05
2.88461e-05
3.06314e-05
3.26042e-05
3.33047e-05
3.25886e-05
2.89351e-05
2.27621e-05
1.93768e-05
1.87535e-05
1.87456e-05
1.88131e-05
1.89918e-05
1.93094e-05
1.98281e-05
2.06319e-05
2.1757e-05
2.29967e-05
2.38896e-05
2.42737e-05
2.45801e-05
2.53039e-05
2.57047e-05
2.54284e-05
2.46288e-05
2.34042e-05
2.17027e-05
2.0533e-05
2.04971e-05
2.07592e-05
2.13771e-05
2.21158e-05
2.26872e-05
2.30642e-05
2.32735e-05
2.36429e-05
1.81402e-05
1.81402e-05
1.81402e-05
1.81402e-05
1.81402e-05
1.81402e-05
1.81402e-05
1.81402e-05
1.81402e-05
1.81402e-05
1.81402e-05
1.81402e-05
1.81402e-05
1.81402e-05
1.81402e-05
1.81402e-05
1.81402e-05
1.81402e-05
1.81402e-05
1.81402e-05
1.81402e-05
1.81402e-05
1.81402e-05
1.81402e-05
1.81402e-05
1.81402e-05
1.81403e-05
1.81405e-05
1.81412e-05
1.81424e-05
1.81427e-05
1.81416e-05
1.81411e-05
1.81413e-05
1.81429e-05
1.81479e-05
1.81676e-05
1.82356e-05
1.84509e-05
1.88664e-05
1.88874e-05
1.86749e-05
1.84704e-05
1.83487e-05
1.82716e-05
1.82577e-05
1.83054e-05
1.85705e-05
1.89302e-05
1.88814e-05
1.87099e-05
1.85192e-05
1.83516e-05
1.82779e-05
1.83298e-05
1.85799e-05
1.91396e-05
2.00199e-05
2.11253e-05
2.23826e-05
2.37527e-05
2.51878e-05
2.66802e-05
2.82249e-05
2.98158e-05
3.14877e-05
3.32824e-05
3.54088e-05
3.80555e-05
3.86902e-05
3.6879e-05
2.98497e-05
2.17213e-05
1.96312e-05
1.96115e-05
1.98937e-05
2.04935e-05
2.13432e-05
2.24057e-05
2.37538e-05
2.54114e-05
2.72318e-05
2.88778e-05
3.00932e-05
3.12765e-05
3.34123e-05
3.49155e-05
3.44418e-05
3.28581e-05
2.98506e-05
2.54572e-05
2.24709e-05
2.22546e-05
2.25708e-05
2.34281e-05
2.4585e-05
2.57158e-05
2.67343e-05
2.75045e-05
2.83174e-05
1.81402e-05
1.81402e-05
1.81402e-05
1.81402e-05
1.81402e-05
1.81402e-05
1.81402e-05
1.81402e-05
1.81402e-05
1.81402e-05
1.81402e-05
1.81402e-05
1.81402e-05
1.81402e-05
1.81402e-05
1.81402e-05
1.81402e-05
1.81402e-05
1.81402e-05
1.81402e-05
1.81402e-05
1.81402e-05
1.81402e-05
1.81402e-05
1.81403e-05
1.81405e-05
1.81416e-05
1.81455e-05
1.81576e-05
1.81817e-05
1.81887e-05
1.81687e-05
1.81555e-05
1.815e-05
1.81523e-05
1.81671e-05
1.82345e-05
1.84657e-05
1.91944e-05
2.08348e-05
2.23967e-05
2.22556e-05
2.11453e-05
1.9712e-05
1.89311e-05
1.86303e-05
1.86791e-05
1.91254e-05
2.03115e-05
2.11084e-05
2.09194e-05
2.01038e-05
1.90103e-05
1.85253e-05
1.85821e-05
1.90064e-05
1.99641e-05
2.13348e-05
2.2932e-05
2.45719e-05
2.62274e-05
2.79189e-05
2.96842e-05
3.15893e-05
3.36712e-05
3.58896e-05
3.80894e-05
4.01977e-05
4.25603e-05
4.39831e-05
4.31085e-05
3.77884e-05
2.65373e-05
2.09614e-05
2.07163e-05
2.12294e-05
2.23902e-05
2.38926e-05
2.55035e-05
2.72615e-05
2.92745e-05
3.15504e-05
3.39802e-05
3.61949e-05
3.8286e-05
4.11301e-05
4.33312e-05
4.31779e-05
4.19538e-05
3.8539e-05
3.18528e-05
2.57746e-05
2.48166e-05
2.51048e-05
2.60429e-05
2.74445e-05
2.89202e-05
3.03572e-05
3.16519e-05
3.34306e-05
1.81402e-05
1.81402e-05
1.81402e-05
1.81402e-05
1.81402e-05
1.81402e-05
1.81402e-05
1.81402e-05
1.81402e-05
1.81402e-05
1.81402e-05
1.81402e-05
1.81402e-05
1.81402e-05
1.81402e-05
1.81402e-05
1.81402e-05
1.81402e-05
1.81402e-05
1.81402e-05
1.81402e-05
1.81402e-05
1.81403e-05
1.81406e-05
1.81416e-05
1.81452e-05
1.81573e-05
1.8192e-05
1.83184e-05
1.86789e-05
1.88565e-05
1.85797e-05
1.83717e-05
1.82634e-05
1.8217e-05
1.82295e-05
1.83421e-05
1.8749e-05
1.9924e-05
2.2165e-05
2.52954e-05
2.71566e-05
2.68628e-05
2.52426e-05
2.20671e-05
1.98544e-05
1.94484e-05
1.97265e-05
2.08412e-05
2.28828e-05
2.35905e-05
2.29646e-05
2.09397e-05
1.91619e-05
1.90795e-05
1.96443e-05
2.10109e-05
2.29416e-05
2.50593e-05
2.7134e-05
2.92452e-05
3.14579e-05
3.38812e-05
3.66435e-05
3.95766e-05
4.23502e-05
4.44636e-05
4.59192e-05
4.72215e-05
4.83642e-05
4.80163e-05
4.46095e-05
3.35254e-05
2.31206e-05
2.18436e-05
2.23516e-05
2.37773e-05
2.57417e-05
2.78564e-05
3.00958e-05
3.26229e-05
3.55779e-05
3.89188e-05
4.21561e-05
4.44716e-05
4.60426e-05
4.67508e-05
4.68955e-05
4.64008e-05
4.4867e-05
3.93815e-05
3.1234e-05
2.82841e-05
2.83919e-05
2.91768e-05
3.05696e-05
3.21621e-05
3.38054e-05
3.53388e-05
3.78421e-05
1.81402e-05
1.81402e-05
1.81402e-05
1.81403e-05
1.81404e-05
1.81403e-05
1.81403e-05
1.81402e-05
1.81402e-05
1.81402e-05
1.81402e-05
1.81402e-05
1.81402e-05
1.81402e-05
1.81403e-05
1.81403e-05
1.81404e-05
1.81406e-05
1.81411e-05
1.81416e-05
1.81413e-05
1.81413e-05
1.81421e-05
1.81448e-05
1.81537e-05
1.81734e-05
1.82186e-05
1.83481e-05
1.88784e-05
2.07441e-05
2.39276e-05
2.29158e-05
2.08829e-05
1.96299e-05
1.88966e-05
1.85098e-05
1.85549e-05
1.90579e-05
2.04474e-05
2.29096e-05
2.6247e-05
2.99283e-05
3.20224e-05
3.181e-05
2.9881e-05
2.50905e-05
2.14224e-05
2.11438e-05
2.17858e-05
2.35962e-05
2.58959e-05
2.58744e-05
2.40542e-05
2.07266e-05
1.99218e-05
2.04728e-05
2.21275e-05
2.45987e-05
2.73426e-05
3.00858e-05
3.29531e-05
3.60178e-05
3.92769e-05
4.28355e-05
4.57315e-05
4.75414e-05
4.81531e-05
4.82663e-05
4.87251e-05
4.97302e-05
4.96685e-05
4.80096e-05
4.06999e-05
2.70736e-05
2.3347e-05
2.38011e-05
2.54784e-05
2.7931e-05
3.05215e-05
3.31827e-05
3.62234e-05
3.97877e-05
4.36747e-05
4.66457e-05
4.7197e-05
4.6563e-05
4.59378e-05
4.65247e-05
4.69101e-05
4.6496e-05
4.42066e-05
3.78126e-05
3.34781e-05
3.31814e-05
3.36172e-05
3.46089e-05
3.58813e-05
3.73114e-05
3.87193e-05
4.13456e-05
1.81403e-05
1.81406e-05
1.81425e-05
1.81469e-05
1.8151e-05
1.81501e-05
1.81466e-05
1.81443e-05
1.81432e-05
1.8142e-05
1.81414e-05
1.81412e-05
1.81413e-05
1.81419e-05
1.81428e-05
1.81445e-05
1.81478e-05
1.8156e-05
1.81726e-05
1.81894e-05
1.81815e-05
1.81719e-05
1.817e-05
1.81815e-05
1.82178e-05
1.82893e-05
1.84315e-05
1.87964e-05
2.005e-05
2.35746e-05
3.08132e-05
3.65282e-05
3.45341e-05
2.85434e-05
2.27354e-05
1.97234e-05
1.90969e-05
1.95396e-05
2.09691e-05
2.3602e-05
2.70992e-05
3.11532e-05
3.54476e-05
3.81948e-05
3.80122e-05
3.53526e-05
2.85731e-05
2.45642e-05
2.4566e-05
2.55986e-05
2.79325e-05
2.86683e-05
2.73226e-05
2.31482e-05
2.11117e-05
2.15929e-05
2.34209e-05
2.63939e-05
2.98498e-05
3.33784e-05
3.71564e-05
4.10222e-05
4.47107e-05
4.76255e-05
4.8713e-05
4.86101e-05
4.80646e-05
4.67542e-05
4.66832e-05
4.75146e-05
4.87355e-05
4.80535e-05
4.43342e-05
3.17034e-05
2.51826e-05
2.54043e-05
2.71332e-05
2.99508e-05
3.30012e-05
3.62083e-05
3.98784e-05
4.4166e-05
4.73808e-05
4.752e-05
4.65156e-05
4.33296e-05
4.13774e-05
4.18373e-05
4.36887e-05
4.55234e-05
4.50852e-05
4.26202e-05
3.93432e-05
3.83051e-05
3.84166e-05
3.87924e-05
3.9464e-05
4.0468e-05
4.16265e-05
4.40017e-05
1.81441e-05
1.8163e-05
1.82224e-05
1.83551e-05
1.85111e-05
1.85484e-05
1.84581e-05
1.83912e-05
1.8368e-05
1.82972e-05
1.82332e-05
1.82025e-05
1.81924e-05
1.81998e-05
1.82221e-05
1.82608e-05
1.83299e-05
1.84748e-05
1.87761e-05
1.91976e-05
1.91886e-05
1.89072e-05
1.87031e-05
1.85925e-05
1.86178e-05
1.87838e-05
1.9143e-05
2.00068e-05
2.21892e-05
2.70881e-05
3.56235e-05
4.57852e-05
4.77509e-05
4.4379e-05
3.63147e-05
2.37824e-05
2.00352e-05
2.03108e-05
2.1838e-05
2.49061e-05
2.91237e-05
3.3857e-05
3.86655e-05
4.30915e-05
4.46392e-05
4.37972e-05
3.96875e-05
3.34537e-05
3.0775e-05
3.06294e-05
3.15003e-05
3.20547e-05
3.07959e-05
2.59224e-05
2.26174e-05
2.29985e-05
2.49842e-05
2.84998e-05
3.27418e-05
3.71469e-05
4.16561e-05
4.58176e-05
4.8524e-05
4.91768e-05
4.90862e-05
4.85491e-05
4.7295e-05
4.51029e-05
4.38195e-05
4.41198e-05
4.60758e-05
4.6889e-05
4.4808e-05
3.53169e-05
2.71671e-05
2.71244e-05
2.89035e-05
3.21223e-05
3.58016e-05
3.97619e-05
4.43484e-05
4.78965e-05
4.80261e-05
4.67213e-05
4.32686e-05
3.99181e-05
3.91239e-05
3.93795e-05
4.05382e-05
4.33083e-05
4.4731e-05
4.43395e-05
4.33646e-05
4.2228e-05
4.191e-05
4.19676e-05
4.22328e-05
4.2845e-05
4.36931e-05
4.55766e-05
1.83557e-05
1.88807e-05
2.02685e-05
2.26315e-05
2.602e-05
2.87085e-05
2.81238e-05
2.68248e-05
2.71246e-05
2.62851e-05
2.32615e-05
2.12908e-05
2.03704e-05
2.01544e-05
2.04712e-05
2.10675e-05
2.19093e-05
2.30985e-05
2.51541e-05
2.95034e-05
3.28634e-05
3.06988e-05
2.71359e-05
2.39809e-05
2.12082e-05
2.07635e-05
2.13403e-05
2.29948e-05
2.64247e-05
3.31404e-05
4.27947e-05
5.24006e-05
5.76364e-05
5.67197e-05
4.89716e-05
3.40977e-05
2.23368e-05
2.19269e-05
2.3534e-05
2.74352e-05
3.27894e-05
3.83532e-05
4.33358e-05
4.70477e-05
4.80563e-05
4.77031e-05
4.5571e-05
4.22053e-05
4.02322e-05
3.86765e-05
3.77688e-05
3.71748e-05
3.50317e-05
2.87293e-05
2.43052e-05
2.45942e-05
2.66862e-05
3.06876e-05
3.57405e-05
4.09356e-05
4.58131e-05
4.89502e-05
4.97021e-05
4.96993e-05
4.98392e-05
4.96777e-05
4.8772e-05
4.6652e-05
4.32459e-05
4.26727e-05
4.38133e-05
4.53564e-05
4.38586e-05
3.6157e-05
2.86916e-05
2.87143e-05
3.07942e-05
3.45226e-05
3.88479e-05
4.37018e-05
4.81743e-05
4.8827e-05
4.75898e-05
4.37667e-05
4.02992e-05
3.87523e-05
3.85213e-05
3.86539e-05
3.92261e-05
4.11843e-05
4.38403e-05
4.4528e-05
4.43756e-05
4.40153e-05
4.35881e-05
4.35031e-05
4.35958e-05
4.3947e-05
4.45354e-05
4.58604e-05
5.64661e-05
3.95199e-05
4.11418e-05
4.92397e-05
6.07518e-05
6.25581e-05
5.83084e-05
5.6464e-05
5.89034e-05
5.90886e-05
5.42622e-05
4.28162e-05
3.06208e-05
2.82509e-05
2.94966e-05
3.19208e-05
3.41742e-05
3.59076e-05
3.82918e-05
4.46519e-05
5.32706e-05
5.34372e-05
4.82338e-05
3.89636e-05
2.81451e-05
2.49373e-05
2.5595e-05
2.7922e-05
3.28932e-05
4.10967e-05
5.04204e-05
5.94576e-05
6.08242e-05
6.04474e-05
5.8302e-05
4.49931e-05
2.68041e-05
2.44966e-05
2.61929e-05
3.08618e-05
3.71898e-05
4.29929e-05
4.70827e-05
4.88287e-05
4.91582e-05
4.89164e-05
4.79587e-05
4.75966e-05
4.81026e-05
4.75114e-05
4.62324e-05
4.44716e-05
4.06916e-05
3.1977e-05
2.61927e-05
2.64186e-05
2.86828e-05
3.32604e-05
3.90667e-05
4.46345e-05
4.88146e-05
5.02386e-05
5.0855e-05
5.13268e-05
5.30043e-05
5.41108e-05
5.39064e-05
5.09185e-05
4.48491e-05
4.22241e-05
4.26958e-05
4.38317e-05
4.25177e-05
3.55708e-05
2.97934e-05
3.01979e-05
3.28657e-05
3.72708e-05
4.24472e-05
4.77745e-05
4.99699e-05
4.91855e-05
4.55919e-05
4.14147e-05
3.95358e-05
3.90755e-05
3.87345e-05
3.85674e-05
3.88538e-05
3.99739e-05
4.26999e-05
4.43259e-05
4.4479e-05
4.43833e-05
4.41722e-05
4.40694e-05
4.40821e-05
4.41973e-05
4.44794e-05
4.53494e-05
6.95103e-05
6.52636e-05
6.47047e-05
6.80939e-05
6.90733e-05
6.95069e-05
6.8975e-05
6.88674e-05
6.90875e-05
6.88474e-05
6.34098e-05
4.95223e-05
4.01991e-05
3.97506e-05
4.25743e-05
4.67214e-05
4.81416e-05
4.88925e-05
5.17067e-05
5.95978e-05
6.28301e-05
6.2618e-05
6.09761e-05
5.52826e-05
4.23134e-05
3.19339e-05
3.19444e-05
3.48046e-05
4.09947e-05
4.96501e-05
5.98654e-05
6.17855e-05
5.6882e-05
5.58911e-05
5.56508e-05
4.82913e-05
3.08626e-05
2.77176e-05
2.97935e-05
3.53914e-05
4.20234e-05
4.68113e-05
4.86049e-05
4.92306e-05
5.00682e-05
5.07849e-05
5.07863e-05
5.28228e-05
5.50621e-05
5.51753e-05
5.41833e-05
5.22298e-05
4.70854e-05
3.60464e-05
2.84211e-05
2.85601e-05
3.10169e-05
3.61696e-05
4.23863e-05
4.7437e-05
5.05577e-05
5.20839e-05
5.29011e-05
5.55032e-05
5.85279e-05
5.88007e-05
5.70897e-05
5.21589e-05
4.49753e-05
4.17043e-05
4.18649e-05
4.24194e-05
4.09753e-05
3.43402e-05
3.07422e-05
3.17158e-05
3.52122e-05
4.04066e-05
4.63412e-05
5.08928e-05
5.11492e-05
4.88701e-05
4.38359e-05
4.09068e-05
4.07207e-05
4.05768e-05
3.99956e-05
3.90219e-05
3.89891e-05
3.95843e-05
4.16823e-05
4.38278e-05
4.44139e-05
4.45255e-05
4.45365e-05
4.44839e-05
4.4387e-05
4.43824e-05
4.4491e-05
4.49654e-05
7.10905e-05
7.06953e-05
7.04834e-05
7.10172e-05
7.11073e-05
7.10661e-05
7.09375e-05
7.09784e-05
7.11717e-05
7.05744e-05
6.8366e-05
6.16938e-05
5.62274e-05
5.58723e-05
5.89972e-05
6.14009e-05
6.14909e-05
6.18214e-05
6.45743e-05
6.66495e-05
6.50138e-05
5.95722e-05
5.33559e-05
4.9782e-05
4.2196e-05
3.75788e-05
3.85593e-05
4.24498e-05
4.94909e-05
6.10662e-05
6.37758e-05
5.93216e-05
4.86883e-05
4.90857e-05
5.02801e-05
4.57678e-05
3.30168e-05
3.11951e-05
3.40393e-05
4.04765e-05
4.62547e-05
4.87737e-05
5.03689e-05
5.08023e-05
5.06007e-05
5.59997e-05
5.77166e-05
5.92459e-05
5.81189e-05
5.75138e-05
5.74552e-05
5.66067e-05
5.30655e-05
4.09519e-05
3.11611e-05
3.10915e-05
3.37007e-05
3.91784e-05
4.53741e-05
5.00363e-05
5.3161e-05
5.4879e-05
5.76029e-05
6.11765e-05
6.15403e-05
5.96462e-05
5.51013e-05
4.92458e-05
4.34718e-05
4.08403e-05
4.08469e-05
4.09139e-05
3.90929e-05
3.30371e-05
3.17107e-05
3.34357e-05
3.78656e-05
4.38521e-05
5.00894e-05
5.30235e-05
5.23215e-05
4.84199e-05
4.41748e-05
4.30319e-05
4.25985e-05
4.2026e-05
4.10194e-05
3.9618e-05
3.92013e-05
3.95729e-05
4.09842e-05
4.3121e-05
4.4286e-05
4.50292e-05
4.5416e-05
4.54059e-05
4.52479e-05
4.50261e-05
4.49992e-05
4.55294e-05
7.09317e-05
7.1033e-05
7.10641e-05
7.10846e-05
7.11248e-05
7.11615e-05
7.11771e-05
7.11995e-05
7.12838e-05
7.12558e-05
7.02094e-05
6.90927e-05
6.84111e-05
6.82135e-05
6.86737e-05
6.88877e-05
6.88427e-05
6.89411e-05
6.94578e-05
6.92248e-05
6.5425e-05
5.7079e-05
5.13918e-05
4.72122e-05
4.46277e-05
4.3523e-05
4.50372e-05
5.11954e-05
6.17308e-05
6.74813e-05
6.56653e-05
5.43825e-05
4.44018e-05
4.41037e-05
4.47804e-05
4.13492e-05
3.43686e-05
3.4651e-05
3.88136e-05
4.51351e-05
4.92732e-05
5.0096e-05
5.2772e-05
5.67952e-05
6.21178e-05
6.3211e-05
6.2039e-05
5.57002e-05
5.01846e-05
5.0739e-05
5.3544e-05
5.54431e-05
5.38632e-05
4.47629e-05
3.41117e-05
3.38211e-05
3.66517e-05
4.23453e-05
4.84925e-05
5.30214e-05
5.60337e-05
5.97571e-05
6.32304e-05
6.36243e-05
6.1856e-05
5.56694e-05
4.94492e-05
4.48925e-05
4.17731e-05
4.01333e-05
3.97672e-05
3.93297e-05
3.65964e-05
3.24338e-05
3.26612e-05
3.5538e-05
4.086e-05
4.74667e-05
5.33368e-05
5.46682e-05
5.34309e-05
4.95007e-05
4.69823e-05
4.59931e-05
4.49378e-05
4.34767e-05
4.18767e-05
4.02215e-05
3.94955e-05
3.97224e-05
4.0679e-05
4.25209e-05
4.4309e-05
4.60192e-05
4.71537e-05
4.72339e-05
4.69911e-05
4.65382e-05
4.6331e-05
4.70701e-05
7.09175e-05
7.09245e-05
7.09304e-05
7.09372e-05
7.09417e-05
7.09369e-05
7.09256e-05
7.09203e-05
7.09547e-05
7.10704e-05
7.10479e-05
7.06861e-05
7.01475e-05
7.01354e-05
7.04439e-05
7.04922e-05
7.04067e-05
7.04931e-05
7.07425e-05
7.04451e-05
6.87224e-05
6.28622e-05
5.52736e-05
5.05464e-05
4.90853e-05
5.05787e-05
5.56535e-05
6.34358e-05
6.88546e-05
6.98826e-05
6.63352e-05
5.21636e-05
4.14408e-05
3.92494e-05
3.85621e-05
3.67231e-05
3.61855e-05
3.8704e-05
4.44451e-05
4.95978e-05
5.54204e-05
6.03095e-05
6.46675e-05
6.73481e-05
6.78584e-05
6.52561e-05
5.5117e-05
4.5513e-05
4.28907e-05
4.36503e-05
4.74165e-05
5.28577e-05
5.2465e-05
4.52033e-05
3.63821e-05
3.64623e-05
3.97664e-05
4.5804e-05
5.20523e-05
5.60082e-05
6.01199e-05
6.48051e-05
6.57066e-05
6.46156e-05
5.91448e-05
5.08436e-05
4.5395e-05
4.25402e-05
4.08492e-05
3.96903e-05
3.88463e-05
3.7462e-05
3.40101e-05
3.26024e-05
3.39667e-05
3.80084e-05
4.40937e-05
5.10607e-05
5.58195e-05
5.62741e-05
5.4728e-05
5.19916e-05
5.06511e-05
4.96254e-05
4.76936e-05
4.4971e-05
4.26641e-05
4.08779e-05
3.99398e-05
4.00147e-05
4.08288e-05
4.25817e-05
4.48994e-05
4.76724e-05
4.96944e-05
4.99673e-05
4.96789e-05
4.90746e-05
4.87604e-05
4.98834e-05
7.09172e-05
7.09153e-05
7.09108e-05
7.08999e-05
7.08773e-05
7.08357e-05
7.0754e-05
7.06404e-05
7.05767e-05
7.05903e-05
7.06849e-05
7.07591e-05
7.07926e-05
7.08069e-05
7.07604e-05
7.06011e-05
7.04265e-05
7.04263e-05
7.04054e-05
7.04319e-05
7.00238e-05
6.88209e-05
6.64127e-05
6.2931e-05
6.11604e-05
6.31443e-05
6.7621e-05
6.85586e-05
6.93829e-05
7.03194e-05
6.75842e-05
5.1261e-05
4.05921e-05
3.7676e-05
3.73174e-05
3.74422e-05
3.94952e-05
4.4379e-05
4.93974e-05
5.74971e-05
6.49801e-05
6.86191e-05
6.95242e-05
7.0195e-05
6.96879e-05
6.2862e-05
4.83591e-05
4.11819e-05
3.99953e-05
4.0861e-05
4.39839e-05
4.99316e-05
5.03938e-05
4.39596e-05
3.80569e-05
3.89378e-05
4.3115e-05
4.95759e-05
5.52467e-05
5.94608e-05
6.4798e-05
6.74783e-05
6.70491e-05
6.43029e-05
5.57304e-05
4.74421e-05
4.3358e-05
4.15206e-05
4.03428e-05
3.92714e-05
3.78728e-05
3.53343e-05
3.30251e-05
3.33275e-05
3.5845e-05
4.08748e-05
4.75322e-05
5.43253e-05
5.7743e-05
5.77049e-05
5.62154e-05
5.47718e-05
5.42495e-05
5.33108e-05
5.07093e-05
4.66995e-05
4.3527e-05
4.16146e-05
4.05904e-05
4.05519e-05
4.12263e-05
4.30588e-05
4.61941e-05
5.01299e-05
5.28792e-05
5.33792e-05
5.31716e-05
5.26701e-05
5.24001e-05
5.36814e-05
7.09144e-05
7.09017e-05
7.0877e-05
7.08275e-05
7.07309e-05
7.05743e-05
7.03359e-05
7.00645e-05
6.99228e-05
6.99253e-05
6.99689e-05
6.99915e-05
6.99351e-05
6.97725e-05
6.94622e-05
6.89984e-05
6.85639e-05
6.84679e-05
6.82463e-05
6.83676e-05
6.87171e-05
6.83503e-05
6.7859e-05
6.80637e-05
6.8115e-05
6.76967e-05
6.62973e-05
6.59546e-05
6.69826e-05
6.93003e-05
6.90849e-05
5.56162e-05
4.4878e-05
4.01715e-05
3.97024e-05
4.08135e-05
4.50235e-05
4.95121e-05
5.7779e-05
6.63257e-05
6.89078e-05
6.95028e-05
7.03798e-05
7.11802e-05
6.98504e-05
5.96633e-05
4.54168e-05
3.90363e-05
3.88685e-05
3.97972e-05
4.28389e-05
4.79278e-05
4.77255e-05
4.20792e-05
3.9593e-05
4.16114e-05
4.68305e-05
5.32806e-05
5.85941e-05
6.3957e-05
6.81821e-05
6.90646e-05
6.78546e-05
6.28649e-05
5.29455e-05
4.54191e-05
4.25269e-05
4.10987e-05
3.99854e-05
3.87091e-05
3.66613e-05
3.40147e-05
3.33369e-05
3.45772e-05
3.82904e-05
4.41075e-05
5.11357e-05
5.71538e-05
5.906e-05
5.87459e-05
5.771e-05
5.73768e-05
5.72964e-05
5.6484e-05
5.3729e-05
4.8956e-05
4.47037e-05
4.2484e-05
4.14522e-05
4.13403e-05
4.19992e-05
4.41677e-05
4.83697e-05
5.31702e-05
5.6131e-05
5.69735e-05
5.69336e-05
5.66471e-05
5.64551e-05
5.7575e-05
7.08973e-05
7.08337e-05
7.07099e-05
7.05028e-05
7.01467e-05
6.95487e-05
6.88057e-05
6.83219e-05
6.82646e-05
6.83605e-05
6.84659e-05
6.84518e-05
6.82581e-05
6.78399e-05
6.72034e-05
6.64536e-05
6.58861e-05
6.56083e-05
6.49277e-05
6.44057e-05
6.40937e-05
6.25577e-05
6.10021e-05
6.08572e-05
6.09577e-05
6.02011e-05
5.96657e-05
6.03983e-05
6.24194e-05
6.65114e-05
6.96266e-05
6.21907e-05
4.9472e-05
4.54642e-05
4.50957e-05
4.65596e-05
5.09981e-05
5.80606e-05
6.67668e-05
6.85159e-05
6.80161e-05
6.84727e-05
6.92967e-05
7.08942e-05
6.97154e-05
5.81453e-05
4.279e-05
3.81215e-05
3.84041e-05
3.97543e-05
4.30637e-05
4.58216e-05
4.45396e-05
4.07318e-05
4.10339e-05
4.47902e-05
5.08473e-05
5.65383e-05
6.30038e-05
6.7798e-05
7.00688e-05
7.01098e-05
6.81332e-05
6.11879e-05
5.09855e-05
4.43924e-05
4.21446e-05
4.08827e-05
3.96863e-05
3.80734e-05
3.57474e-05
3.41232e-05
3.43391e-05
3.65842e-05
4.12497e-05
4.76616e-05
5.45472e-05
5.92495e-05
6.01017e-05
5.95641e-05
5.92608e-05
5.95796e-05
5.96948e-05
5.88874e-05
5.64874e-05
5.18239e-05
4.64861e-05
4.36044e-05
4.25163e-05
4.23984e-05
4.32167e-05
4.61001e-05
5.14098e-05
5.62361e-05
5.9902e-05
6.1124e-05
6.11073e-05
6.06567e-05
6.01962e-05
5.98906e-05
7.07316e-05
7.0344e-05
6.97555e-05
6.88244e-05
6.73663e-05
6.57249e-05
6.44271e-05
6.4275e-05
6.45207e-05
6.49522e-05
6.51738e-05
6.51155e-05
6.47257e-05
6.40147e-05
6.31775e-05
6.25217e-05
6.21746e-05
6.17787e-05
6.06253e-05
5.90034e-05
5.68642e-05
5.33705e-05
5.06714e-05
5.01792e-05
5.06718e-05
5.1294e-05
5.2368e-05
5.4174e-05
5.68283e-05
6.16354e-05
6.82392e-05
6.81286e-05
5.9192e-05
5.34895e-05
5.23176e-05
5.45637e-05
6.05722e-05
6.74508e-05
6.78131e-05
6.56286e-05
6.51951e-05
6.57649e-05
6.75829e-05
7.04185e-05
6.98295e-05
5.77136e-05
4.21063e-05
3.76318e-05
3.80909e-05
3.99513e-05
4.23139e-05
4.26321e-05
4.12196e-05
4.08694e-05
4.30053e-05
4.85361e-05
5.4426e-05
6.05541e-05
6.70324e-05
7.00536e-05
7.10532e-05
7.07607e-05
6.79088e-05
6.02235e-05
4.99563e-05
4.39797e-05
4.19719e-05
4.0751e-05
3.94415e-05
3.76594e-05
3.57474e-05
3.5127e-05
3.60438e-05
3.92453e-05
4.46676e-05
5.14758e-05
5.75959e-05
6.08746e-05
6.09699e-05
6.07569e-05
6.10132e-05
6.18586e-05
6.20144e-05
6.11961e-05
5.88064e-05
5.47739e-05
4.91324e-05
4.53046e-05
4.39356e-05
4.38526e-05
4.51135e-05
4.89909e-05
5.45945e-05
5.99033e-05
6.37085e-05
6.42975e-05
6.39132e-05
6.29439e-05
6.1969e-05
6.05843e-05
6.87521e-05
6.62138e-05
6.3939e-05
6.16626e-05
5.87922e-05
5.6292e-05
5.60426e-05
5.66599e-05
5.77836e-05
5.8632e-05
5.88256e-05
5.8639e-05
5.80096e-05
5.72224e-05
5.6778e-05
5.66868e-05
5.65107e-05
5.58145e-05
5.37476e-05
5.10203e-05
4.76846e-05
4.42116e-05
4.2632e-05
4.28843e-05
4.36819e-05
4.4994e-05
4.65688e-05
4.84584e-05
5.07752e-05
5.50005e-05
6.30076e-05
6.81207e-05
6.81241e-05
6.49416e-05
6.33225e-05
6.5622e-05
6.83918e-05
6.63946e-05
6.25884e-05
6.14275e-05
6.17647e-05
6.30673e-05
6.57003e-05
6.96673e-05
7.01693e-05
6.04517e-05
4.3872e-05
3.74832e-05
3.75581e-05
3.88182e-05
3.97306e-05
3.98253e-05
4.02252e-05
4.17288e-05
4.60999e-05
5.23991e-05
5.78894e-05
6.49008e-05
6.96407e-05
7.11736e-05
7.15188e-05
7.11068e-05
6.75261e-05
5.99232e-05
4.97088e-05
4.39038e-05
4.19253e-05
4.06943e-05
3.93659e-05
3.77872e-05
3.66807e-05
3.68377e-05
3.84338e-05
4.24958e-05
4.84795e-05
5.50246e-05
6.02812e-05
6.19177e-05
6.19066e-05
6.20738e-05
6.31085e-05
6.42217e-05
6.4416e-05
6.36657e-05
6.13928e-05
5.74705e-05
5.24901e-05
4.79794e-05
4.61137e-05
4.60657e-05
4.796e-05
5.24599e-05
5.8028e-05
6.40632e-05
6.62181e-05
6.60805e-05
6.50121e-05
6.33464e-05
6.1993e-05
6.12407e-05
3.04927e-05
3.79104e-05
4.04285e-05
4.01578e-05
4.00833e-05
4.09641e-05
4.28905e-05
4.51323e-05
4.6621e-05
4.72887e-05
4.72732e-05
4.70298e-05
4.70442e-05
4.72844e-05
4.78445e-05
4.80815e-05
4.76358e-05
4.59103e-05
4.26658e-05
4.00243e-05
3.80245e-05
3.68893e-05
3.69179e-05
3.74827e-05
3.86186e-05
3.99918e-05
4.14114e-05
4.30355e-05
4.46936e-05
4.78099e-05
5.42365e-05
6.11839e-05
6.52678e-05
6.67992e-05
6.72484e-05
6.58612e-05
6.20789e-05
5.82229e-05
5.69139e-05
5.71575e-05
5.81126e-05
6.00693e-05
6.35459e-05
6.85293e-05
7.0467e-05
6.36897e-05
4.67383e-05
3.78955e-05
3.72199e-05
3.77143e-05
3.85697e-05
3.94988e-05
4.09286e-05
4.43299e-05
5.02774e-05
5.59776e-05
6.29209e-05
6.86896e-05
7.06353e-05
7.12106e-05
7.15004e-05
7.12088e-05
6.73712e-05
6.03447e-05
5.15776e-05
4.49436e-05
4.24086e-05
4.10715e-05
3.99185e-05
3.88909e-05
3.85666e-05
3.91672e-05
4.16232e-05
4.64143e-05
5.25664e-05
5.83787e-05
6.23384e-05
6.29146e-05
6.31254e-05
6.39622e-05
6.55957e-05
6.66591e-05
6.69187e-05
6.63673e-05
6.44578e-05
6.06495e-05
5.57842e-05
5.17367e-05
4.94841e-05
4.94498e-05
5.17407e-05
5.59866e-05
6.30228e-05
6.71731e-05
6.77144e-05
6.68405e-05
6.50804e-05
6.33038e-05
6.25624e-05
6.27825e-05
1.89214e-05
2.05833e-05
2.2161e-05
2.35967e-05
2.51144e-05
2.66005e-05
2.81564e-05
2.93352e-05
3.01339e-05
3.0879e-05
3.16324e-05
3.26091e-05
3.3546e-05
3.42857e-05
3.44606e-05
3.4031e-05
3.28603e-05
3.16232e-05
3.06876e-05
3.06272e-05
3.07459e-05
3.10497e-05
3.16225e-05
3.25136e-05
3.37189e-05
3.50142e-05
3.63098e-05
3.75946e-05
3.85044e-05
4.03382e-05
4.428e-05
4.829e-05
5.09809e-05
5.23058e-05
5.34323e-05
5.23636e-05
5.13799e-05
5.13976e-05
5.1846e-05
5.26437e-05
5.40443e-05
5.67231e-05
6.105e-05
6.65603e-05
7.01965e-05
6.72862e-05
4.98766e-05
4.04926e-05
3.8248e-05
3.84927e-05
3.93709e-05
4.08938e-05
4.39666e-05
4.88908e-05
5.42974e-05
6.1707e-05
6.78639e-05
6.99885e-05
7.02686e-05
7.05024e-05
7.1157e-05
7.13332e-05
6.82616e-05
6.20674e-05
5.437e-05
4.74379e-05
4.39615e-05
4.23976e-05
4.14556e-05
4.09733e-05
4.11265e-05
4.24879e-05
4.5789e-05
5.10237e-05
5.64856e-05
6.18956e-05
6.38305e-05
6.41974e-05
6.49377e-05
6.65011e-05
6.81445e-05
6.90026e-05
6.92861e-05
6.8953e-05
6.76141e-05
6.46999e-05
5.9802e-05
5.55075e-05
5.35565e-05
5.35195e-05
5.56569e-05
6.17016e-05
6.7317e-05
6.90028e-05
6.86608e-05
6.69101e-05
6.53889e-05
6.44214e-05
6.45075e-05
6.57725e-05
1.81847e-05
1.83485e-05
1.85923e-05
1.8927e-05
1.9314e-05
1.96971e-05
2.00811e-05
2.04549e-05
2.08613e-05
2.13441e-05
2.18609e-05
2.23663e-05
2.27e-05
2.29257e-05
2.30139e-05
2.30198e-05
2.31121e-05
2.34663e-05
2.39552e-05
2.45846e-05
2.51535e-05
2.57059e-05
2.64046e-05
2.74074e-05
2.86794e-05
3.0007e-05
3.11917e-05
3.2162e-05
3.2824e-05
3.40151e-05
3.62095e-05
3.832e-05
3.97635e-05
4.09853e-05
4.28687e-05
4.4175e-05
4.51095e-05
4.59328e-05
4.68129e-05
4.80571e-05
5.0001e-05
5.32237e-05
5.76438e-05
6.30852e-05
6.81805e-05
6.95311e-05
5.7812e-05
4.59156e-05
4.13745e-05
4.1077e-05
4.22621e-05
4.50145e-05
4.91947e-05
5.34733e-05
6.07534e-05
6.76681e-05
6.96199e-05
6.90343e-05
6.86367e-05
6.92484e-05
7.07253e-05
7.14448e-05
6.95338e-05
6.49867e-05
5.76157e-05
5.16053e-05
4.74475e-05
4.52709e-05
4.43423e-05
4.42215e-05
4.49472e-05
4.70873e-05
5.0863e-05
5.54813e-05
6.1021e-05
6.45952e-05
6.5409e-05
6.59953e-05
6.73714e-05
6.90894e-05
7.01161e-05
7.05445e-05
7.06757e-05
7.05455e-05
6.99602e-05
6.84054e-05
6.5136e-05
6.10191e-05
5.83877e-05
5.86297e-05
6.22691e-05
6.71761e-05
6.98104e-05
7.0043e-05
6.9221e-05
6.75945e-05
6.72013e-05
6.70346e-05
6.75065e-05
6.88295e-05
1.81427e-05
1.81543e-05
1.81767e-05
1.82151e-05
1.82651e-05
1.83208e-05
1.83894e-05
1.8474e-05
1.85811e-05
1.87078e-05
1.88498e-05
1.89992e-05
1.91306e-05
1.92509e-05
1.93654e-05
1.94895e-05
1.96784e-05
1.99553e-05
2.02876e-05
2.06918e-05
2.10978e-05
2.15556e-05
2.21996e-05
2.31967e-05
2.44745e-05
2.58289e-05
2.70831e-05
2.82591e-05
2.94315e-05
3.07152e-05
3.22444e-05
3.38444e-05
3.53047e-05
3.6788e-05
3.8595e-05
3.96109e-05
4.03413e-05
4.12267e-05
4.24673e-05
4.40801e-05
4.63447e-05
4.9578e-05
5.33263e-05
5.80619e-05
6.35337e-05
6.91689e-05
6.61036e-05
5.31739e-05
4.75464e-05
4.68682e-05
4.81752e-05
5.07065e-05
5.49128e-05
6.12254e-05
6.78363e-05
6.90466e-05
6.7172e-05
6.61696e-05
6.6414e-05
6.78355e-05
6.97564e-05
7.10327e-05
7.06525e-05
6.84525e-05
6.30131e-05
5.59895e-05
5.24489e-05
5.02514e-05
4.91907e-05
4.92199e-05
5.02808e-05
5.24871e-05
5.57549e-05
6.08004e-05
6.51536e-05
6.66954e-05
6.73291e-05
6.83881e-05
6.97723e-05
7.06036e-05
7.08458e-05
7.06516e-05
7.04632e-05
7.05792e-05
7.07502e-05
7.03671e-05
6.92205e-05
6.70149e-05
6.53317e-05
6.57073e-05
6.81989e-05
7.01814e-05
7.09388e-05
7.07209e-05
7.00657e-05
6.94904e-05
6.95691e-05
6.9604e-05
6.99495e-05
7.04953e-05
1.81403e-05
1.81411e-05
1.81428e-05
1.81464e-05
1.81517e-05
1.81587e-05
1.8169e-05
1.81843e-05
1.8206e-05
1.82323e-05
1.82635e-05
1.8299e-05
1.83363e-05
1.8379e-05
1.84287e-05
1.84863e-05
1.85655e-05
1.86715e-05
1.88071e-05
1.89873e-05
1.92065e-05
1.95457e-05
2.0136e-05
2.10227e-05
2.2278e-05
2.376e-05
2.53583e-05
2.68848e-05
2.83354e-05
2.97655e-05
3.12535e-05
3.27305e-05
3.40126e-05
3.50762e-05
3.60493e-05
3.64877e-05
3.7044e-05
3.80539e-05
3.95387e-05
4.13225e-05
4.3533e-05
4.62435e-05
4.9068e-05
5.26929e-05
5.74093e-05
6.49688e-05
6.90668e-05
6.45245e-05
5.68401e-05
5.49891e-05
5.5957e-05
5.8991e-05
6.45409e-05
6.87478e-05
6.80309e-05
6.42525e-05
6.27383e-05
6.28626e-05
6.38578e-05
6.58095e-05
6.74567e-05
6.90124e-05
7.02299e-05
7.0149e-05
6.81717e-05
6.34563e-05
5.90911e-05
5.57183e-05
5.46885e-05
5.47499e-05
5.57015e-05
5.81238e-05
6.22356e-05
6.60567e-05
6.80928e-05
6.88582e-05
6.95711e-05
7.02834e-05
7.05826e-05
7.01361e-05
6.91907e-05
6.82279e-05
6.78111e-05
6.82196e-05
6.91867e-05
7.01732e-05
7.04925e-05
7.0059e-05
6.97489e-05
6.98742e-05
7.06542e-05
7.13257e-05
7.14055e-05
7.11866e-05
7.09258e-05
7.0733e-05
7.06881e-05
7.06673e-05
7.04203e-05
6.99277e-05
1.81402e-05
1.81402e-05
1.81404e-05
1.81406e-05
1.81411e-05
1.81418e-05
1.8143e-05
1.8145e-05
1.81482e-05
1.81524e-05
1.81577e-05
1.8164e-05
1.81718e-05
1.8182e-05
1.81956e-05
1.82141e-05
1.82417e-05
1.82813e-05
1.8338e-05
1.84276e-05
1.85867e-05
1.88833e-05
1.94951e-05
2.0483e-05
2.18507e-05
2.35297e-05
2.54035e-05
2.7269e-05
2.89803e-05
3.04697e-05
3.17376e-05
3.2887e-05
3.37158e-05
3.41783e-05
3.45031e-05
3.4787e-05
3.54653e-05
3.66883e-05
3.83002e-05
4.01191e-05
4.2049e-05
4.40413e-05
4.6027e-05
4.85376e-05
5.17034e-05
5.71399e-05
6.38923e-05
6.83396e-05
6.83233e-05
6.71127e-05
6.72747e-05
6.86536e-05
6.78448e-05
6.48426e-05
6.04098e-05
5.83271e-05
5.82963e-05
5.90576e-05
6.06249e-05
6.21731e-05
6.28412e-05
6.39966e-05
6.61015e-05
6.84843e-05
6.9902e-05
6.91207e-05
6.67992e-05
6.40459e-05
6.26946e-05
6.23142e-05
6.33685e-05
6.54407e-05
6.78157e-05
6.94456e-05
7.01715e-05
7.0447e-05
7.04404e-05
6.97507e-05
6.81925e-05
6.63224e-05
6.4578e-05
6.35958e-05
6.35037e-05
6.43002e-05
6.56878e-05
6.73935e-05
6.89653e-05
6.9983e-05
7.03761e-05
7.06754e-05
7.08883e-05
7.09782e-05
7.07761e-05
7.04479e-05
6.98978e-05
6.95882e-05
6.89296e-05
6.87275e-05
6.72365e-05
6.58308e-05
1.81402e-05
1.81402e-05
1.81402e-05
1.81402e-05
1.81403e-05
1.81403e-05
1.81404e-05
1.81407e-05
1.81411e-05
1.81416e-05
1.81423e-05
1.81434e-05
1.81448e-05
1.81472e-05
1.81506e-05
1.81559e-05
1.81646e-05
1.81792e-05
1.8207e-05
1.82607e-05
1.84203e-05
1.88205e-05
1.96543e-05
2.10469e-05
2.29912e-05
2.52697e-05
2.75212e-05
2.93429e-05
3.0724e-05
3.17976e-05
3.25381e-05
3.31592e-05
3.33476e-05
3.33548e-05
3.34618e-05
3.39237e-05
3.49812e-05
3.64327e-05
3.81111e-05
3.99182e-05
4.16543e-05
4.31622e-05
4.4561e-05
4.60724e-05
4.7701e-05
5.01003e-05
5.35853e-05
5.90578e-05
6.3343e-05
6.4324e-05
6.43421e-05
6.17453e-05
5.67383e-05
5.46142e-05
5.33523e-05
5.28938e-05
5.31685e-05
5.42744e-05
5.5565e-05
5.56635e-05
5.52904e-05
5.58633e-05
5.77752e-05
6.10425e-05
6.57524e-05
6.84851e-05
6.95695e-05
6.94349e-05
6.90446e-05
6.88107e-05
6.91853e-05
6.9711e-05
7.00858e-05
7.02641e-05
6.99293e-05
6.89571e-05
6.70389e-05
6.44703e-05
6.18855e-05
5.99376e-05
5.88033e-05
5.86861e-05
5.92427e-05
6.05508e-05
6.2107e-05
6.38999e-05
6.56908e-05
6.72594e-05
6.82632e-05
6.87837e-05
6.86826e-05
6.82089e-05
6.69772e-05
6.59776e-05
6.46748e-05
6.40594e-05
6.25862e-05
6.21774e-05
5.97515e-05
5.89475e-05
1.81402e-05
1.81402e-05
1.81402e-05
1.81402e-05
1.81402e-05
1.81402e-05
1.81402e-05
1.81402e-05
1.81403e-05
1.81403e-05
1.81404e-05
1.81405e-05
1.81408e-05
1.81413e-05
1.81422e-05
1.81438e-05
1.8147e-05
1.81531e-05
1.81709e-05
1.82289e-05
1.84094e-05
1.89126e-05
2.00141e-05
2.18937e-05
2.44816e-05
2.72494e-05
2.95218e-05
3.09946e-05
3.19319e-05
3.24896e-05
3.28405e-05
3.27651e-05
3.24465e-05
3.23245e-05
3.26144e-05
3.35793e-05
3.50763e-05
3.68995e-05
3.88574e-05
4.05775e-05
4.18835e-05
4.30674e-05
4.41651e-05
4.49705e-05
4.55351e-05
4.61601e-05
4.71019e-05
4.86959e-05
5.01741e-05
5.00063e-05
4.99479e-05
4.9161e-05
4.77249e-05
4.76516e-05
4.74002e-05
4.70008e-05
4.72851e-05
4.81708e-05
4.79201e-05
4.66398e-05
4.56353e-05
4.57186e-05
4.6926e-05
4.94505e-05
5.40707e-05
5.83865e-05
6.25755e-05
6.58729e-05
6.72201e-05
6.79597e-05
6.77514e-05
6.73139e-05
6.65458e-05
6.50973e-05
6.30542e-05
6.07349e-05
5.81826e-05
5.59644e-05
5.42563e-05
5.36099e-05
5.37719e-05
5.46237e-05
5.57569e-05
5.71184e-05
5.85133e-05
6.00936e-05
6.1428e-05
6.25736e-05
6.3167e-05
6.29593e-05
6.15369e-05
5.99181e-05
5.76508e-05
5.64018e-05
5.47151e-05
5.37946e-05
5.17928e-05
5.16006e-05
4.99691e-05
5.0813e-05
1.81402e-05
1.81402e-05
1.81402e-05
1.81402e-05
1.81402e-05
1.81402e-05
1.81402e-05
1.81402e-05
1.81402e-05
1.81402e-05
1.81402e-05
1.81402e-05
1.81403e-05
1.81404e-05
1.81407e-05
1.81413e-05
1.81432e-05
1.81496e-05
1.81702e-05
1.82356e-05
1.84382e-05
1.90089e-05
2.02812e-05
2.25218e-05
2.55752e-05
2.85602e-05
3.06068e-05
3.17423e-05
3.24036e-05
3.25331e-05
3.22982e-05
3.16304e-05
3.11121e-05
3.12051e-05
3.20116e-05
3.36579e-05
3.59351e-05
3.84144e-05
4.05908e-05
4.19841e-05
4.27384e-05
4.34447e-05
4.40904e-05
4.43573e-05
4.40735e-05
4.37065e-05
4.34936e-05
4.3514e-05
4.35823e-05
4.28636e-05
4.27411e-05
4.26584e-05
4.18841e-05
4.19e-05
4.16384e-05
4.1101e-05
4.11233e-05
4.0919e-05
3.95917e-05
3.7506e-05
3.64072e-05
3.61575e-05
3.67723e-05
3.81843e-05
4.10304e-05
4.37105e-05
4.67385e-05
4.99073e-05
5.19441e-05
5.38598e-05
5.42025e-05
5.42735e-05
5.34677e-05
5.22724e-05
5.11209e-05
5.01218e-05
4.90953e-05
4.84785e-05
4.84062e-05
4.90713e-05
5.02332e-05
5.15146e-05
5.23521e-05
5.29654e-05
5.31705e-05
5.33847e-05
5.3005e-05
5.24154e-05
5.1238e-05
4.93846e-05
4.70385e-05
4.56309e-05
4.39028e-05
4.28295e-05
4.10576e-05
4.02694e-05
3.92966e-05
3.98055e-05
4.01734e-05
4.34543e-05
1.81402e-05
1.81402e-05
1.81402e-05
1.81402e-05
1.81402e-05
1.81402e-05
1.81402e-05
1.81402e-05
1.81402e-05
1.81402e-05
1.81402e-05
1.81402e-05
1.81402e-05
1.81403e-05
1.81404e-05
1.81408e-05
1.81424e-05
1.81476e-05
1.8165e-05
1.82213e-05
1.83978e-05
1.89311e-05
2.02275e-05
2.26332e-05
2.59341e-05
2.90064e-05
3.09152e-05
3.19319e-05
3.22498e-05
3.20229e-05
3.11579e-05
3.00785e-05
2.98639e-05
3.03012e-05
3.17792e-05
3.43472e-05
3.74081e-05
4.02638e-05
4.22313e-05
4.30506e-05
4.3344e-05
4.36612e-05
4.37563e-05
4.32556e-05
4.19479e-05
4.07892e-05
3.99321e-05
3.94205e-05
3.906e-05
3.82815e-05
3.80113e-05
3.78369e-05
3.7113e-05
3.70585e-05
3.68107e-05
3.63405e-05
3.60148e-05
3.5286e-05
3.37402e-05
3.18922e-05
3.07654e-05
3.05996e-05
3.11854e-05
3.25007e-05
3.41809e-05
3.57617e-05
3.73175e-05
3.87914e-05
4.00879e-05
4.13949e-05
4.20881e-05
4.2552e-05
4.2619e-05
4.26015e-05
4.26223e-05
4.27363e-05
4.29316e-05
4.34972e-05
4.43959e-05
4.5774e-05
4.72198e-05
4.80133e-05
4.72099e-05
4.56113e-05
4.33522e-05
4.091e-05
3.76279e-05
3.51036e-05
3.34615e-05
3.21703e-05
3.11456e-05
3.06888e-05
2.99192e-05
2.93556e-05
2.86392e-05
2.86434e-05
2.89934e-05
3.05944e-05
3.26487e-05
3.75227e-05
1.81402e-05
1.81402e-05
1.81402e-05
1.81402e-05
1.81402e-05
1.81402e-05
1.81402e-05
1.81402e-05
1.81402e-05
1.81402e-05
1.81402e-05
1.81402e-05
1.81402e-05
1.81402e-05
1.81404e-05
1.81408e-05
1.81422e-05
1.8147e-05
1.81631e-05
1.82153e-05
1.83803e-05
1.8887e-05
2.01688e-05
2.25957e-05
2.59224e-05
2.89168e-05
3.07521e-05
3.16823e-05
3.1668e-05
3.10522e-05
2.97186e-05
2.87393e-05
2.87831e-05
2.96988e-05
3.20653e-05
3.55563e-05
3.92336e-05
4.20854e-05
4.34426e-05
4.35771e-05
4.35733e-05
4.34932e-05
4.27778e-05
4.08835e-05
3.86349e-05
3.69028e-05
3.57254e-05
3.50726e-05
3.47941e-05
3.41437e-05
3.38124e-05
3.36157e-05
3.30874e-05
3.30655e-05
3.30083e-05
3.29225e-05
3.28381e-05
3.24448e-05
3.13869e-05
2.98726e-05
2.86261e-05
2.84761e-05
2.91206e-05
3.07154e-05
3.2778e-05
3.44373e-05
3.55691e-05
3.63702e-05
3.68512e-05
3.71767e-05
3.72245e-05
3.73251e-05
3.74515e-05
3.77356e-05
3.81648e-05
3.86886e-05
3.93165e-05
4.0225e-05
4.13539e-05
4.29659e-05
4.36556e-05
4.23609e-05
3.82686e-05
3.33922e-05
2.93284e-05
2.64695e-05
2.42979e-05
2.31881e-05
2.2806e-05
2.25651e-05
2.24931e-05
2.25345e-05
2.25364e-05
2.25857e-05
2.26893e-05
2.30859e-05
2.39243e-05
2.55922e-05
2.76451e-05
3.21985e-05
1.81402e-05
1.81402e-05
1.81402e-05
1.81402e-05
1.81402e-05
1.81402e-05
1.81402e-05
1.81402e-05
1.81402e-05
1.81402e-05
1.81402e-05
1.81402e-05
1.81402e-05
1.81402e-05
1.81403e-05
1.81406e-05
1.81416e-05
1.8145e-05
1.81565e-05
1.8195e-05
1.83197e-05
1.87108e-05
1.98145e-05
2.2109e-05
2.54054e-05
2.83555e-05
3.02088e-05
3.09194e-05
3.07539e-05
2.98549e-05
2.8319e-05
2.75664e-05
2.78242e-05
2.93707e-05
3.27191e-05
3.7105e-05
4.11277e-05
4.35267e-05
4.39809e-05
4.37241e-05
4.33836e-05
4.25677e-05
4.03481e-05
3.69185e-05
3.38079e-05
3.17506e-05
3.04748e-05
2.98543e-05
2.98019e-05
2.94415e-05
2.9246e-05
2.91823e-05
2.88899e-05
2.89444e-05
2.90826e-05
2.94298e-05
3.00048e-05
3.04458e-05
3.0251e-05
2.93694e-05
2.78399e-05
2.76124e-05
2.8335e-05
3.0426e-05
3.297e-05
3.46462e-05
3.53218e-05
3.54915e-05
3.53669e-05
3.513e-05
3.50074e-05
3.50131e-05
3.52452e-05
3.58677e-05
3.66976e-05
3.72897e-05
3.77411e-05
3.83118e-05
3.92607e-05
3.99922e-05
3.83537e-05
3.27534e-05
2.6319e-05
2.31458e-05
2.13937e-05
2.04061e-05
1.98031e-05
1.95895e-05
1.95918e-05
1.96188e-05
1.97064e-05
1.98868e-05
2.01136e-05
2.03672e-05
2.06579e-05
2.11088e-05
2.18267e-05
2.30159e-05
2.45569e-05
2.81079e-05
1.81402e-05
1.81402e-05
1.81402e-05
1.81402e-05
1.81402e-05
1.81402e-05
1.81402e-05
1.81402e-05
1.81402e-05
1.81402e-05
1.81402e-05
1.81402e-05
1.81402e-05
1.81402e-05
1.81403e-05
1.81405e-05
1.81412e-05
1.81436e-05
1.81521e-05
1.81801e-05
1.82713e-05
1.85591e-05
1.94261e-05
2.13972e-05
2.44453e-05
2.73521e-05
2.92677e-05
2.9804e-05
2.95915e-05
2.85706e-05
2.68919e-05
2.63482e-05
2.69171e-05
2.92511e-05
3.37484e-05
3.89003e-05
4.28148e-05
4.42732e-05
4.40488e-05
4.34328e-05
4.2412e-05
4.00558e-05
3.57059e-05
3.1075e-05
2.77362e-05
2.5906e-05
2.48709e-05
2.43362e-05
2.43058e-05
2.42092e-05
2.42029e-05
2.42837e-05
2.42345e-05
2.43341e-05
2.45099e-05
2.4964e-05
2.58246e-05
2.69875e-05
2.77463e-05
2.75819e-05
2.66963e-05
2.64973e-05
2.73434e-05
2.99354e-05
3.3159e-05
3.48286e-05
3.51023e-05
3.48757e-05
3.43775e-05
3.41481e-05
3.42459e-05
3.46452e-05
3.54236e-05
3.64849e-05
3.74238e-05
3.77029e-05
3.75544e-05
3.74643e-05
3.73253e-05
3.52696e-05
2.877e-05
2.32427e-05
2.07382e-05
1.97673e-05
1.92547e-05
1.89487e-05
1.87477e-05
1.86992e-05
1.87206e-05
1.87745e-05
1.88942e-05
1.91046e-05
1.93616e-05
1.96185e-05
1.98858e-05
2.02656e-05
2.08432e-05
2.16922e-05
2.26661e-05
2.47279e-05
1.81402e-05
1.81402e-05
1.81402e-05
1.81402e-05
1.81402e-05
1.81402e-05
1.81402e-05
1.81402e-05
1.81402e-05
1.81402e-05
1.81402e-05
1.81402e-05
1.81402e-05
1.81402e-05
1.81402e-05
1.81403e-05
1.81407e-05
1.8142e-05
1.81466e-05
1.81619e-05
1.82128e-05
1.83776e-05
1.88925e-05
2.02818e-05
2.28187e-05
2.57621e-05
2.79228e-05
2.84617e-05
2.82559e-05
2.71751e-05
2.53604e-05
2.50272e-05
2.60315e-05
2.93884e-05
3.51115e-05
4.06615e-05
4.38975e-05
4.43404e-05
4.37133e-05
4.23184e-05
3.94514e-05
3.43005e-05
2.86514e-05
2.50972e-05
2.34189e-05
2.23911e-05
2.16598e-05
2.11339e-05
2.08234e-05
2.06195e-05
2.05464e-05
2.05933e-05
2.06497e-05
2.07491e-05
2.08777e-05
2.11758e-05
2.17945e-05
2.28841e-05
2.41784e-05
2.4687e-05
2.46571e-05
2.48056e-05
2.58762e-05
2.88366e-05
3.27478e-05
3.47114e-05
3.484e-05
3.4473e-05
3.39985e-05
3.40609e-05
3.44147e-05
3.54367e-05
3.73255e-05
3.91269e-05
3.96457e-05
3.91794e-05
3.7545e-05
3.60332e-05
3.22965e-05
2.59635e-05
2.15568e-05
2.02802e-05
1.9764e-05
1.93991e-05
1.90556e-05
1.87282e-05
1.84962e-05
1.84559e-05
1.8471e-05
1.85211e-05
1.86272e-05
1.87938e-05
1.89868e-05
1.91819e-05
1.94068e-05
1.97252e-05
2.02125e-05
2.09493e-05
2.18095e-05
2.34532e-05
1.81402e-05
1.81402e-05
1.81402e-05
1.81402e-05
1.81402e-05
1.81402e-05
1.81402e-05
1.81402e-05
1.81402e-05
1.81402e-05
1.81402e-05
1.81402e-05
1.81402e-05
1.81402e-05
1.81402e-05
1.81403e-05
1.81405e-05
1.81411e-05
1.81433e-05
1.81509e-05
1.8176e-05
1.82578e-05
1.85164e-05
1.9303e-05
2.10475e-05
2.36176e-05
2.60289e-05
2.68401e-05
2.66933e-05
2.5679e-05
2.38293e-05
2.36715e-05
2.51476e-05
2.96933e-05
3.65084e-05
4.20477e-05
4.42221e-05
4.39852e-05
4.24063e-05
3.87198e-05
3.2445e-05
2.67134e-05
2.40234e-05
2.28675e-05
2.20973e-05
2.12958e-05
2.06089e-05
2.0078e-05
1.96705e-05
1.93468e-05
1.91087e-05
1.89913e-05
1.89869e-05
1.90168e-05
1.9076e-05
1.92121e-05
1.95237e-05
2.01802e-05
2.11853e-05
2.20548e-05
2.25243e-05
2.2998e-05
2.42669e-05
2.72845e-05
3.16123e-05
3.42466e-05
3.44942e-05
3.41073e-05
3.38279e-05
3.41319e-05
3.51353e-05
3.74638e-05
4.06308e-05
4.21758e-05
4.18487e-05
3.93072e-05
3.58201e-05
3.0618e-05
2.36392e-05
2.10116e-05
2.03759e-05
2.00705e-05
1.98242e-05
1.95248e-05
1.91614e-05
1.87755e-05
1.847e-05
1.83721e-05
1.83735e-05
1.83941e-05
1.8454e-05
1.85643e-05
1.87254e-05
1.89484e-05
1.92188e-05
1.95208e-05
1.98891e-05
2.04265e-05
2.11118e-05
2.26524e-05
1.81402e-05
1.81402e-05
1.81402e-05
1.81402e-05
1.81402e-05
1.81402e-05
1.81402e-05
1.81402e-05
1.81402e-05
1.81402e-05
1.81402e-05
1.81402e-05
1.81402e-05
1.81402e-05
1.81402e-05
1.81402e-05
1.81403e-05
1.81405e-05
1.81413e-05
1.81439e-05
1.81528e-05
1.8183e-05
1.82823e-05
1.85971e-05
1.94913e-05
2.12415e-05
2.34908e-05
2.46516e-05
2.45789e-05
2.36982e-05
2.22036e-05
2.23234e-05
2.43639e-05
2.99379e-05
3.73971e-05
4.25804e-05
4.39637e-05
4.28216e-05
3.8609e-05
3.17235e-05
2.65423e-05
2.47872e-05
2.40184e-05
2.3248e-05
2.21502e-05
2.09365e-05
2.00713e-05
1.9559e-05
1.92159e-05
1.89218e-05
1.86632e-05
1.84889e-05
1.84278e-05
1.84295e-05
1.84439e-05
1.84887e-05
1.86088e-05
1.89136e-05
1.94677e-05
2.01463e-05
2.07434e-05
2.13864e-05
2.26692e-05
2.54425e-05
2.9727e-05
3.31443e-05
3.36549e-05
3.33697e-05
3.33719e-05
3.40886e-05
3.62713e-05
3.99747e-05
4.34535e-05
4.38879e-05
4.20799e-05
3.70489e-05
2.98762e-05
2.31884e-05
2.0838e-05
2.03018e-05
1.99914e-05
1.97614e-05
1.9548e-05
1.93231e-05
1.9066e-05
1.87686e-05
1.84758e-05
1.83233e-05
1.8305e-05
1.83136e-05
1.83557e-05
1.84579e-05
1.86418e-05
1.89222e-05
1.9282e-05
1.96112e-05
1.99066e-05
2.02868e-05
2.08204e-05
2.24088e-05
1.81402e-05
1.81402e-05
1.81402e-05
1.81402e-05
1.81402e-05
1.81402e-05
1.81402e-05
1.81402e-05
1.81402e-05
1.81402e-05
1.81402e-05
1.81402e-05
1.81402e-05
1.81402e-05
1.81402e-05
1.81402e-05
1.81402e-05
1.81403e-05
1.81405e-05
1.81413e-05
1.81439e-05
1.81531e-05
1.81841e-05
1.82862e-05
1.86152e-05
1.94715e-05
2.09414e-05
2.18874e-05
2.18339e-05
2.11769e-05
2.05875e-05
2.12579e-05
2.38207e-05
3.0212e-05
3.76786e-05
4.2268e-05
4.30013e-05
3.98944e-05
3.25784e-05
2.75642e-05
2.61602e-05
2.56757e-05
2.53562e-05
2.42057e-05
2.232e-05
2.05001e-05
1.93746e-05
1.89461e-05
1.87676e-05
1.86319e-05
1.84793e-05
1.83316e-05
1.82504e-05
1.82369e-05
1.82393e-05
1.82533e-05
1.82997e-05
1.84303e-05
1.86837e-05
1.9053e-05
1.95016e-05
2.00944e-05
2.12115e-05
2.35015e-05
2.72199e-05
3.08451e-05
3.20948e-05
3.21366e-05
3.25106e-05
3.40638e-05
3.76164e-05
4.22807e-05
4.47559e-05
4.40256e-05
4.0553e-05
3.14965e-05
2.34993e-05
2.07918e-05
1.97228e-05
1.92491e-05
1.90039e-05
1.8889e-05
1.88295e-05
1.87838e-05
1.87169e-05
1.86105e-05
1.84413e-05
1.82925e-05
1.82605e-05
1.8268e-05
1.83116e-05
1.84252e-05
1.86433e-05
1.90001e-05
1.94943e-05
1.99973e-05
2.03095e-05
2.05652e-05
2.09982e-05
2.2433e-05
1.81402e-05
1.81402e-05
1.81402e-05
1.81402e-05
1.81402e-05
1.81402e-05
1.81402e-05
1.81402e-05
1.81402e-05
1.81402e-05
1.81402e-05
1.81402e-05
1.81402e-05
1.81402e-05
1.81402e-05
1.81402e-05
1.81402e-05
1.81402e-05
1.81403e-05
1.81405e-05
1.81412e-05
1.81438e-05
1.81526e-05
1.81821e-05
1.82774e-05
1.8527e-05
1.90296e-05
1.9428e-05
1.94165e-05
1.92869e-05
1.94153e-05
2.05347e-05
2.4104e-05
3.11466e-05
3.77581e-05
4.11035e-05
4.02173e-05
3.44093e-05
2.86394e-05
2.73396e-05
2.71392e-05
2.74039e-05
2.6978e-05
2.55658e-05
2.30742e-05
2.04527e-05
1.9001e-05
1.85422e-05
1.84213e-05
1.83669e-05
1.8315e-05
1.82495e-05
1.81925e-05
1.81735e-05
1.81733e-05
1.81776e-05
1.81965e-05
1.82524e-05
1.83637e-05
1.85427e-05
1.88103e-05
1.92288e-05
2.00359e-05
2.16947e-05
2.45803e-05
2.79725e-05
2.99632e-05
3.06658e-05
3.16875e-05
3.43948e-05
3.92099e-05
4.3888e-05
4.46191e-05
4.30006e-05
3.57104e-05
2.52908e-05
2.11758e-05
1.9622e-05
1.8938e-05
1.87064e-05
1.85846e-05
1.84988e-05
1.84626e-05
1.84626e-05
1.84533e-05
1.842e-05
1.83388e-05
1.82476e-05
1.82253e-05
1.82331e-05
1.82787e-05
1.8402e-05
1.86389e-05
1.90177e-05
1.95499e-05
2.02074e-05
2.07638e-05
2.10977e-05
2.1459e-05
2.28091e-05
1.81402e-05
1.81402e-05
1.81402e-05
1.81402e-05
1.81402e-05
1.81402e-05
1.81402e-05
1.81402e-05
1.81402e-05
1.81402e-05
1.81402e-05
1.81402e-05
1.81402e-05
1.81402e-05
1.81402e-05
1.81402e-05
1.81402e-05
1.81402e-05
1.81402e-05
1.81403e-05
1.81405e-05
1.81411e-05
1.81434e-05
1.8151e-05
1.81739e-05
1.82245e-05
1.83018e-05
1.83716e-05
1.84263e-05
1.85108e-05
1.88658e-05
2.0101e-05
2.38566e-05
3.0836e-05
3.64391e-05
3.77387e-05
3.58481e-05
3.04567e-05
2.81253e-05
2.79218e-05
2.84077e-05
2.83998e-05
2.79503e-05
2.66737e-05
2.39972e-05
2.06706e-05
1.88507e-05
1.83766e-05
1.82684e-05
1.82351e-05
1.8213e-05
1.81883e-05
1.81642e-05
1.81524e-05
1.81515e-05
1.81531e-05
1.81609e-05
1.8185e-05
1.82385e-05
1.83418e-05
1.85235e-05
1.88248e-05
1.93911e-05
2.05882e-05
2.28965e-05
2.60143e-05
2.82413e-05
2.93713e-05
3.10145e-05
3.46679e-05
4.02488e-05
4.40066e-05
4.38334e-05
4.03474e-05
2.92125e-05
2.22306e-05
2.01346e-05
1.91176e-05
1.87497e-05
1.85855e-05
1.84758e-05
1.83885e-05
1.83267e-05
1.83107e-05
1.83026e-05
1.82858e-05
1.82435e-05
1.81985e-05
1.8191e-05
1.81979e-05
1.82338e-05
1.83284e-05
1.85141e-05
1.88419e-05
1.93939e-05
2.0191e-05
2.10869e-05
2.17359e-05
2.20949e-05
2.3386e-05
1.81402e-05
1.81402e-05
1.81402e-05
1.81402e-05
1.81402e-05
1.81402e-05
1.81402e-05
1.81402e-05
1.81402e-05
1.81402e-05
1.81402e-05
1.81402e-05
1.81402e-05
1.81402e-05
1.81402e-05
1.81402e-05
1.81402e-05
1.81402e-05
1.81402e-05
1.81402e-05
1.81402e-05
1.81404e-05
1.81408e-05
1.81422e-05
1.81457e-05
1.81529e-05
1.81649e-05
1.8182e-05
1.82106e-05
1.82931e-05
1.85912e-05
1.96001e-05
2.2678e-05
2.91015e-05
3.43822e-05
3.44325e-05
3.18319e-05
2.88071e-05
2.81902e-05
2.84283e-05
2.86652e-05
2.85693e-05
2.82219e-05
2.71484e-05
2.45198e-05
2.08419e-05
1.87512e-05
1.82914e-05
1.81981e-05
1.81767e-05
1.81677e-05
1.81591e-05
1.81502e-05
1.81448e-05
1.81442e-05
1.8145e-05
1.81489e-05
1.81611e-05
1.81965e-05
1.82876e-05
1.84721e-05
1.87786e-05
1.93296e-05
2.05072e-05
2.2725e-05
2.54514e-05
2.71884e-05
2.82067e-05
3.0028e-05
3.42036e-05
4.02302e-05
4.30724e-05
4.19639e-05
3.50261e-05
2.43501e-05
2.1108e-05
1.96944e-05
1.90556e-05
1.89005e-05
1.87761e-05
1.85725e-05
1.83864e-05
1.82881e-05
1.824e-05
1.82208e-05
1.82051e-05
1.8182e-05
1.81653e-05
1.81646e-05
1.81696e-05
1.8191e-05
1.82454e-05
1.83594e-05
1.85903e-05
1.90691e-05
1.99548e-05
2.12621e-05
2.26327e-05
2.31759e-05
2.44021e-05
1.81402e-05
1.81402e-05
1.81402e-05
1.81402e-05
1.81402e-05
1.81402e-05
1.81402e-05
1.81402e-05
1.81402e-05
1.81402e-05
1.81402e-05
1.81402e-05
1.81402e-05
1.81402e-05
1.81402e-05
1.81402e-05
1.81402e-05
1.81402e-05
1.81402e-05
1.81402e-05
1.81402e-05
1.81402e-05
1.81403e-05
1.81404e-05
1.81408e-05
1.81417e-05
1.81438e-05
1.81485e-05
1.81602e-05
1.82103e-05
1.83892e-05
1.9003e-05
2.09319e-05
2.5801e-05
3.17838e-05
3.27641e-05
3.13379e-05
2.89495e-05
2.82881e-05
2.83576e-05
2.8452e-05
2.84202e-05
2.81252e-05
2.70897e-05
2.40417e-05
2.02459e-05
1.85647e-05
1.82316e-05
1.81665e-05
1.81527e-05
1.81488e-05
1.81462e-05
1.81435e-05
1.81417e-05
1.81417e-05
1.81425e-05
1.81455e-05
1.81556e-05
1.81882e-05
1.82904e-05
1.85825e-05
1.91449e-05
1.99104e-05
2.12071e-05
2.33978e-05
2.53515e-05
2.60971e-05
2.65941e-05
2.80254e-05
3.2101e-05
3.88425e-05
4.08489e-05
3.74683e-05
2.85e-05
2.30206e-05
2.09456e-05
1.97017e-05
1.98215e-05
2.06475e-05
2.0594e-05
1.95633e-05
1.86549e-05
1.83096e-05
1.82151e-05
1.81797e-05
1.81639e-05
1.81537e-05
1.81503e-05
1.81513e-05
1.81561e-05
1.81715e-05
1.82119e-05
1.82991e-05
1.8485e-05
1.89391e-05
1.99983e-05
2.18223e-05
2.4104e-05
2.53082e-05
2.65886e-05
1.81402e-05
1.81402e-05
1.81402e-05
1.81402e-05
1.81402e-05
1.81402e-05
1.81402e-05
1.81402e-05
1.81402e-05
1.81402e-05
1.81402e-05
1.81402e-05
1.81402e-05
1.81402e-05
1.81402e-05
1.81402e-05
1.81402e-05
1.81402e-05
1.81402e-05
1.81402e-05
1.81402e-05
1.81402e-05
1.81402e-05
1.81402e-05
1.81402e-05
1.81404e-05
1.81407e-05
1.81418e-05
1.81458e-05
1.81624e-05
1.82242e-05
1.84423e-05
1.91671e-05
2.14333e-05
2.62569e-05
3.06142e-05
3.06978e-05
2.9859e-05
2.893e-05
2.86605e-05
2.86077e-05
2.84683e-05
2.80697e-05
2.65674e-05
2.26569e-05
1.93245e-05
1.83656e-05
1.81864e-05
1.81514e-05
1.81443e-05
1.81427e-05
1.81419e-05
1.81412e-05
1.81407e-05
1.81408e-05
1.81416e-05
1.81445e-05
1.81549e-05
1.81899e-05
1.83048e-05
1.86667e-05
1.96183e-05
2.12146e-05
2.3198e-05
2.47529e-05
2.49183e-05
2.43495e-05
2.39046e-05
2.43385e-05
2.6845e-05
3.365e-05
3.82316e-05
3.58365e-05
2.81854e-05
2.33663e-05
2.1066e-05
2.10087e-05
2.27079e-05
2.53551e-05
2.55335e-05
2.29985e-05
1.96952e-05
1.84831e-05
1.82242e-05
1.81658e-05
1.81495e-05
1.81455e-05
1.81455e-05
1.81471e-05
1.81524e-05
1.81676e-05
1.82074e-05
1.82922e-05
1.84633e-05
1.89083e-05
2.02319e-05
2.32875e-05
2.68761e-05
2.76988e-05
2.74843e-05
1.81402e-05
1.81402e-05
1.81402e-05
1.81402e-05
1.81402e-05
1.81402e-05
1.81402e-05
1.81402e-05
1.81402e-05
1.81402e-05
1.81402e-05
1.81402e-05
1.81402e-05
1.81402e-05
1.81402e-05
1.81402e-05
1.81402e-05
1.81402e-05
1.81402e-05
1.81402e-05
1.81402e-05
1.81402e-05
1.81402e-05
1.81402e-05
1.81402e-05
1.81402e-05
1.81402e-05
1.81404e-05
1.81414e-05
1.81454e-05
1.81608e-05
1.82174e-05
1.84128e-05
1.90617e-05
2.08803e-05
2.46614e-05
2.83072e-05
2.89281e-05
2.87325e-05
2.85262e-05
2.8235e-05
2.76229e-05
2.63774e-05
2.34607e-05
2.0132e-05
1.85671e-05
1.82203e-05
1.81567e-05
1.8144e-05
1.81413e-05
1.81408e-05
1.81406e-05
1.81404e-05
1.81403e-05
1.81404e-05
1.8141e-05
1.81431e-05
1.81508e-05
1.81787e-05
1.82751e-05
1.85935e-05
1.95824e-05
2.16621e-05
2.40287e-05
2.4687e-05
2.42993e-05
2.26265e-05
2.09179e-05
2.08323e-05
2.1785e-05
2.60421e-05
3.3819e-05
3.45419e-05
3.0463e-05
2.53752e-05
2.26961e-05
2.36137e-05
2.6573e-05
3.02064e-05
3.06377e-05
2.78581e-05
2.17716e-05
1.88467e-05
1.82782e-05
1.81668e-05
1.81456e-05
1.81436e-05
1.81441e-05
1.81462e-05
1.81531e-05
1.81739e-05
1.82374e-05
1.83817e-05
1.86073e-05
1.91317e-05
2.07252e-05
2.48215e-05
2.80851e-05
2.79926e-05
2.68481e-05
1.81402e-05
1.81402e-05
1.81402e-05
1.81402e-05
1.81402e-05
1.81402e-05
1.81402e-05
1.81402e-05
1.81402e-05
1.81402e-05
1.81402e-05
1.81402e-05
1.81402e-05
1.81402e-05
1.81402e-05
1.81402e-05
1.81402e-05
1.81402e-05
1.81402e-05
1.81402e-05
1.81402e-05
1.81402e-05
1.81402e-05
1.81402e-05
1.81402e-05
1.81402e-05
1.81402e-05
1.81402e-05
1.81403e-05
1.81409e-05
1.81437e-05
1.81548e-05
1.81959e-05
1.83351e-05
1.87329e-05
1.96471e-05
2.11647e-05
2.35671e-05
2.54429e-05
2.53884e-05
2.47981e-05
2.31165e-05
2.05943e-05
1.90292e-05
1.85156e-05
1.82638e-05
1.81644e-05
1.81448e-05
1.81412e-05
1.81404e-05
1.81403e-05
1.81402e-05
1.81402e-05
1.81402e-05
1.81403e-05
1.81405e-05
1.81415e-05
1.81455e-05
1.81611e-05
1.82205e-05
1.84327e-05
1.91341e-05
2.10417e-05
2.32625e-05
2.35893e-05
2.2885e-05
2.09852e-05
1.93238e-05
1.91328e-05
1.94623e-05
2.11934e-05
2.63191e-05
3.22222e-05
3.21786e-05
3.04392e-05
2.78675e-05
2.85263e-05
3.06806e-05
3.33563e-05
3.3335e-05
3.05663e-05
2.35338e-05
1.93117e-05
1.83671e-05
1.8178e-05
1.81456e-05
1.81435e-05
1.81451e-05
1.81511e-05
1.81717e-05
1.82227e-05
1.83516e-05
1.86873e-05
1.90946e-05
1.95906e-05
2.09643e-05
2.45635e-05
2.76075e-05
2.75726e-05
2.64442e-05
1.81402e-05
1.81402e-05
1.81402e-05
1.81402e-05
1.81402e-05
1.81402e-05
1.81402e-05
1.81402e-05
1.81402e-05
1.81402e-05
1.81402e-05
1.81402e-05
1.81402e-05
1.81402e-05
1.81402e-05
1.81402e-05
1.81402e-05
1.81402e-05
1.81402e-05
1.81402e-05
1.81402e-05
1.81402e-05
1.81402e-05
1.81402e-05
1.81402e-05
1.81402e-05
1.81402e-05
1.81402e-05
1.81402e-05
1.81403e-05
1.81405e-05
1.81416e-05
1.81458e-05
1.81613e-05
1.82041e-05
1.82903e-05
1.84815e-05
1.90046e-05
1.95299e-05
1.93093e-05
1.89077e-05
1.85661e-05
1.83548e-05
1.82419e-05
1.81807e-05
1.81559e-05
1.81456e-05
1.81414e-05
1.81404e-05
1.81402e-05
1.81402e-05
1.81402e-05
1.81402e-05
1.81402e-05
1.81402e-05
1.81402e-05
1.81405e-05
1.81414e-05
1.81452e-05
1.81616e-05
1.82281e-05
1.84857e-05
1.94375e-05
2.03942e-05
2.02834e-05
1.96819e-05
1.88914e-05
1.84749e-05
1.84598e-05
1.85973e-05
1.91973e-05
2.11353e-05
2.58692e-05
2.98964e-05
3.12762e-05
3.17705e-05
3.29079e-05
3.46111e-05
3.49995e-05
3.42331e-05
3.10329e-05
2.38823e-05
1.96198e-05
1.84676e-05
1.81921e-05
1.81467e-05
1.81447e-05
1.81508e-05
1.81723e-05
1.82476e-05
1.84073e-05
1.86645e-05
1.93205e-05
1.99452e-05
2.03151e-05
2.12713e-05
2.39361e-05
2.59487e-05
2.57354e-05
2.483e-05
1.81402e-05
1.81402e-05
1.81402e-05
1.81402e-05
1.81402e-05
1.81402e-05
1.81402e-05
1.81402e-05
1.81402e-05
1.81402e-05
1.81402e-05
1.81402e-05
1.81402e-05
1.81402e-05
1.81402e-05
1.81402e-05
1.81402e-05
1.81402e-05
1.81402e-05
1.81402e-05
1.81402e-05
1.81402e-05
1.81402e-05
1.81402e-05
1.81402e-05
1.81402e-05
1.81402e-05
1.81402e-05
1.81402e-05
1.81402e-05
1.81402e-05
1.81403e-05
1.81406e-05
1.81416e-05
1.81442e-05
1.8149e-05
1.81632e-05
1.81983e-05
1.8215e-05
1.81934e-05
1.81706e-05
1.81556e-05
1.81474e-05
1.81434e-05
1.81415e-05
1.81407e-05
1.81404e-05
1.81403e-05
1.81402e-05
1.81402e-05
1.81402e-05
1.81402e-05
1.81402e-05
1.81402e-05
1.81402e-05
1.81402e-05
1.81402e-05
1.81403e-05
1.81409e-05
1.81435e-05
1.8154e-05
1.81926e-05
1.82825e-05
1.8338e-05
1.8301e-05
1.82452e-05
1.8209e-05
1.81954e-05
1.82102e-05
1.82622e-05
1.84382e-05
1.89793e-05
2.03541e-05
2.25853e-05
2.56992e-05
2.8715e-05
3.14628e-05
3.25059e-05
3.21373e-05
3.03375e-05
2.57891e-05
2.14779e-05
1.95022e-05
1.85476e-05
1.82012e-05
1.81471e-05
1.81459e-05
1.81632e-05
1.82476e-05
1.85494e-05
1.92188e-05
1.97028e-05
2.05566e-05
2.09167e-05
2.10123e-05
2.14639e-05
2.2458e-05
2.32653e-05
2.3507e-05
2.36922e-05
1.81402e-05
1.81402e-05
1.81402e-05
1.81402e-05
1.81402e-05
1.81402e-05
1.81402e-05
1.81402e-05
1.81402e-05
1.81402e-05
1.81402e-05
1.81402e-05
1.81402e-05
1.81402e-05
1.81402e-05
1.81402e-05
1.81402e-05
1.81402e-05
1.81402e-05
1.81402e-05
1.81402e-05
1.81402e-05
1.81402e-05
1.81402e-05
1.81402e-05
1.81402e-05
1.81402e-05
1.81402e-05
1.81402e-05
1.81402e-05
1.81402e-05
1.81402e-05
1.81402e-05
1.81403e-05
1.81403e-05
1.81405e-05
1.81411e-05
1.81423e-05
1.81424e-05
1.81416e-05
1.81409e-05
1.81405e-05
1.81403e-05
1.81403e-05
1.81402e-05
1.81402e-05
1.81402e-05
1.81402e-05
1.81402e-05
1.81402e-05
1.81402e-05
1.81402e-05
1.81402e-05
1.81402e-05
1.81402e-05
1.81402e-05
1.81402e-05
1.81402e-05
1.81402e-05
1.81403e-05
1.81407e-05
1.81422e-05
1.81451e-05
1.81463e-05
1.81452e-05
1.8144e-05
1.81436e-05
1.81456e-05
1.81521e-05
1.81679e-05
1.82131e-05
1.83414e-05
1.8651e-05
1.92695e-05
2.06945e-05
2.42567e-05
2.62093e-05
2.588e-05
2.46993e-05
2.27639e-05
2.08934e-05
1.98783e-05
1.92352e-05
1.85643e-05
1.81979e-05
1.81471e-05
1.81497e-05
1.81765e-05
1.84314e-05
1.96131e-05
2.18511e-05
2.18051e-05
2.17862e-05
2.17725e-05
2.18676e-05
2.27761e-05
2.43528e-05
2.53863e-05
2.47771e-05
2.40807e-05
1.81402e-05
1.81402e-05
1.81402e-05
1.81402e-05
1.81402e-05
1.81402e-05
1.81402e-05
1.81402e-05
1.81402e-05
1.81402e-05
1.81402e-05
1.81402e-05
1.81402e-05
1.81402e-05
1.81402e-05
1.81402e-05
1.81402e-05
1.81402e-05
1.81402e-05
1.81402e-05
1.81402e-05
1.81402e-05
1.81402e-05
1.81402e-05
1.81402e-05
1.81402e-05
1.81402e-05
1.81402e-05
1.81402e-05
1.81402e-05
1.81402e-05
1.81402e-05
1.81402e-05
1.81402e-05
1.81402e-05
1.81402e-05
1.81402e-05
1.81402e-05
1.81402e-05
1.81402e-05
1.81402e-05
1.81402e-05
1.81402e-05
1.81402e-05
1.81402e-05
1.81402e-05
1.81402e-05
1.81402e-05
1.81402e-05
1.81402e-05
1.81402e-05
1.81402e-05
1.81402e-05
1.81402e-05
1.81402e-05
1.81402e-05
1.81402e-05
1.81402e-05
1.81402e-05
1.81402e-05
1.81402e-05
1.81402e-05
1.81403e-05
1.81403e-05
1.81403e-05
1.81403e-05
1.81404e-05
1.81407e-05
1.81418e-05
1.81453e-05
1.81556e-05
1.81829e-05
1.82544e-05
1.84285e-05
1.88504e-05
1.95548e-05
1.94769e-05
1.93375e-05
1.92878e-05
1.93004e-05
1.92782e-05
1.91483e-05
1.88026e-05
1.8329e-05
1.81555e-05
1.81503e-05
1.81734e-05
1.8206e-05
1.86675e-05
2.17333e-05
2.40395e-05
2.43553e-05
2.41329e-05
2.41695e-05
2.38213e-05
2.43514e-05
2.75156e-05
3.0496e-05
2.71611e-05
2.48455e-05
1.81402e-05
1.81402e-05
1.81402e-05
1.81402e-05
1.81402e-05
1.81402e-05
1.81402e-05
1.81402e-05
1.81402e-05
1.81402e-05
1.81402e-05
1.81402e-05
1.81402e-05
1.81402e-05
1.81402e-05
1.81402e-05
1.81402e-05
1.81402e-05
1.81402e-05
1.81402e-05
1.81402e-05
1.81402e-05
1.81402e-05
1.81402e-05
1.81402e-05
1.81402e-05
1.81402e-05
1.81402e-05
1.81402e-05
1.81402e-05
1.81402e-05
1.81402e-05
1.81402e-05
1.81402e-05
1.81402e-05
1.81402e-05
1.81402e-05
1.81402e-05
1.81402e-05
1.81402e-05
1.81402e-05
1.81402e-05
1.81402e-05
1.81402e-05
1.81402e-05
1.81402e-05
1.81402e-05
1.81402e-05
1.81402e-05
1.81402e-05
1.81402e-05
1.81402e-05
1.81402e-05
1.81402e-05
1.81402e-05
1.81402e-05
1.81402e-05
1.81402e-05
1.81402e-05
1.81402e-05
1.81402e-05
1.81402e-05
1.81402e-05
1.81402e-05
1.81402e-05
1.81402e-05
1.81403e-05
1.81405e-05
1.81412e-05
1.81433e-05
1.81501e-05
1.81695e-05
1.82156e-05
1.83039e-05
1.84318e-05
1.85877e-05
1.88184e-05
1.91825e-05
1.92811e-05
1.91826e-05
1.89939e-05
1.86083e-05
1.82778e-05
1.81635e-05
1.81437e-05
1.81749e-05
1.82608e-05
1.8279e-05
1.82706e-05
1.90159e-05
1.99167e-05
2.19389e-05
2.3376e-05
2.30666e-05
2.12782e-05
2.32583e-05
2.79592e-05
3.24194e-05
3.04004e-05
2.74746e-05
1.81402e-05
1.81402e-05
1.81402e-05
1.81402e-05
1.81402e-05
1.81402e-05
1.81402e-05
1.81402e-05
1.81402e-05
1.81402e-05
1.81402e-05
1.81402e-05
1.81402e-05
1.81402e-05
1.81402e-05
1.81402e-05
1.81402e-05
1.81402e-05
1.81402e-05
1.81402e-05
1.81402e-05
1.81402e-05
1.81402e-05
1.81402e-05
1.81402e-05
1.81402e-05
1.81402e-05
1.81402e-05
1.81402e-05
1.81402e-05
1.81402e-05
1.81402e-05
1.81402e-05
1.81402e-05
1.81402e-05
1.81402e-05
1.81402e-05
1.81402e-05
1.81402e-05
1.81402e-05
1.81402e-05
1.81402e-05
1.81402e-05
1.81402e-05
1.81402e-05
1.81402e-05
1.81402e-05
1.81402e-05
1.81402e-05
1.81402e-05
1.81402e-05
1.81402e-05
1.81402e-05
1.81402e-05
1.81402e-05
1.81402e-05
1.81402e-05
1.81402e-05
1.81402e-05
1.81402e-05
1.81402e-05
1.81402e-05
1.81402e-05
1.81402e-05
1.81402e-05
1.81402e-05
1.81402e-05
1.81404e-05
1.81408e-05
1.81422e-05
1.8147e-05
1.81631e-05
1.82146e-05
1.83739e-05
1.86961e-05
1.90345e-05
1.91194e-05
1.90833e-05
1.88693e-05
1.847e-05
1.82337e-05
1.81826e-05
1.81585e-05
1.81434e-05
1.81444e-05
1.8231e-05
1.83655e-05
1.84449e-05
1.85405e-05
1.86812e-05
1.88152e-05
1.95883e-05
2.27575e-05
2.77454e-05
3.02733e-05
3.13652e-05
3.16291e-05
3.08791e-05
2.89595e-05
2.69756e-05
)
;

boundaryField
{
    AXIS
    {
        type            empty;
    }
    OUTLET
    {
        type            calculated;
        value           nonuniform List<scalar> 
50
(
1.86999e-05
2.00222e-05
2.36429e-05
2.83174e-05
3.34306e-05
3.78421e-05
4.13456e-05
4.40017e-05
4.55766e-05
4.58604e-05
4.53494e-05
4.49654e-05
4.55294e-05
4.70701e-05
4.98834e-05
5.36814e-05
5.7575e-05
5.98906e-05
6.05843e-05
6.12407e-05
6.27825e-05
6.57725e-05
6.88295e-05
7.04953e-05
6.99277e-05
6.58308e-05
5.89475e-05
5.0813e-05
4.34543e-05
3.75227e-05
3.21985e-05
2.81079e-05
2.47279e-05
2.34532e-05
2.26524e-05
2.24088e-05
2.2433e-05
2.28091e-05
2.3386e-05
2.44021e-05
2.65886e-05
2.74843e-05
2.68481e-05
2.64442e-05
2.483e-05
2.36922e-05
2.40807e-05
1.81402e-05
2.74746e-05
1.81402e-05
)
;
    }
    COFLOW
    {
        type            calculated;
        value           nonuniform List<scalar> 
30
(
1.81402e-05
1.81402e-05
1.81402e-05
1.81402e-05
1.81402e-05
1.81402e-05
1.81402e-05
1.81402e-05
1.81402e-05
1.81402e-05
1.81402e-05
1.81402e-05
1.81402e-05
1.81402e-05
1.81402e-05
1.81402e-05
1.81402e-05
1.81402e-05
1.81402e-05
1.81402e-05
1.81402e-05
1.81402e-05
1.81402e-05
1.81402e-05
1.81402e-05
1.81402e-05
1.81402e-05
1.81402e-05
1.81402e-05
1.81402e-05
)
;
    }
    PILOT
    {
        type            calculated;
        value           nonuniform List<scalar> 10(6.2379e-05 6.80498e-05 7.08622e-05 7.09182e-05 7.09187e-05 7.09187e-05 7.09187e-05 7.09185e-05 7.09034e-05 6.99558e-05);
    }
    FUEL
    {
        type            calculated;
        value           nonuniform List<scalar> 10(1.81402e-05 1.81402e-05 1.81402e-05 1.81402e-05 1.81402e-05 1.81402e-05 1.81402e-05 1.81402e-05 1.81402e-05 1.81402e-05);
    }
    WALL
    {
        type            calculated;
        value           nonuniform List<scalar> 
100
(
1.81402e-05
1.81402e-05
1.81402e-05
1.81402e-05
1.81402e-05
1.81402e-05
1.81402e-05
1.81402e-05
1.81402e-05
1.81402e-05
1.81402e-05
1.81402e-05
1.81402e-05
1.81402e-05
1.81402e-05
1.81402e-05
1.81402e-05
1.81402e-05
1.81402e-05
1.81402e-05
1.81402e-05
1.81402e-05
1.81402e-05
1.81402e-05
1.81402e-05
1.81402e-05
1.81402e-05
1.81402e-05
1.81402e-05
1.81402e-05
1.81402e-05
1.81402e-05
1.81402e-05
1.81402e-05
1.81402e-05
1.81402e-05
1.81402e-05
1.81402e-05
1.81402e-05
1.81402e-05
1.81402e-05
1.81402e-05
1.81402e-05
1.81402e-05
1.81402e-05
1.81402e-05
1.81402e-05
1.81402e-05
1.81402e-05
1.81402e-05
1.81402e-05
1.81402e-05
1.81402e-05
1.81402e-05
1.81402e-05
1.81402e-05
1.81402e-05
1.81402e-05
1.81402e-05
1.81402e-05
1.81402e-05
1.81402e-05
1.81402e-05
1.81402e-05
1.81402e-05
1.81402e-05
1.81402e-05
1.81404e-05
1.81408e-05
1.81422e-05
1.8147e-05
1.81631e-05
1.82146e-05
1.83739e-05
1.86961e-05
1.90345e-05
1.91194e-05
1.90833e-05
1.88693e-05
1.847e-05
1.82337e-05
1.81826e-05
1.81585e-05
1.81434e-05
1.81444e-05
1.8231e-05
1.83655e-05
1.84449e-05
1.85405e-05
1.86812e-05
1.88152e-05
1.95883e-05
2.27575e-05
2.77454e-05
3.02733e-05
3.13652e-05
3.16291e-05
3.08791e-05
2.89595e-05
2.69756e-05
)
;
    }
    front
    {
        type            wedge;
    }
    back
    {
        type            wedge;
    }
}


// ************************************************************************* //
