/*--------------------------------*- C++ -*----------------------------------*\
| =========                 |                                                 |
| \\      /  F ield         | OpenFOAM: The Open Source CFD Toolbox           |
|  \\    /   O peration     | Version:  2.3.0                                 |
|   \\  /    A nd           | Web:      www.OpenFOAM.org                      |
|    \\/     M anipulation  |                                                 |
\*---------------------------------------------------------------------------*/
FoamFile
{
    version     2.0;
    format      ascii;
    class       volScalarField;
    location    "0.05";
    object      thermo:alpha;
}
// * * * * * * * * * * * * * * * * * * * * * * * * * * * * * * * * * * * * * //

dimensions      [1 -1 -1 0 0 0 0];

internalField   nonuniform List<scalar> 
5000
(
2.61542e-05
2.61542e-05
2.61542e-05
2.61542e-05
2.61542e-05
2.61542e-05
2.61542e-05
2.61542e-05
2.61542e-05
2.61542e-05
2.61542e-05
2.61542e-05
2.61542e-05
2.61542e-05
2.61542e-05
2.61542e-05
2.61542e-05
2.61542e-05
2.61542e-05
2.61542e-05
2.61542e-05
2.61542e-05
2.61542e-05
2.61542e-05
2.61542e-05
2.61542e-05
2.61542e-05
2.61542e-05
2.61542e-05
2.61542e-05
2.61542e-05
2.61542e-05
2.61542e-05
2.61542e-05
2.61542e-05
2.61542e-05
2.61542e-05
2.61542e-05
2.61542e-05
2.61542e-05
2.61542e-05
2.61542e-05
2.61542e-05
2.61542e-05
2.61542e-05
2.61542e-05
2.61542e-05
2.61542e-05
2.61542e-05
2.61543e-05
2.61544e-05
2.61546e-05
2.61551e-05
2.61563e-05
2.61595e-05
2.61683e-05
2.61881e-05
2.62266e-05
2.62902e-05
2.63889e-05
2.65372e-05
2.67468e-05
2.70137e-05
2.72972e-05
2.75637e-05
2.77526e-05
2.76629e-05
2.73494e-05
2.70232e-05
2.67567e-05
2.65479e-05
2.64094e-05
2.62985e-05
2.62292e-05
2.62256e-05
2.62349e-05
2.62532e-05
2.62824e-05
2.63264e-05
2.63932e-05
2.64866e-05
2.65946e-05
2.66938e-05
2.67943e-05
2.69163e-05
2.70584e-05
2.72304e-05
2.74562e-05
2.76545e-05
2.76108e-05
2.73421e-05
2.68945e-05
2.66456e-05
2.66232e-05
2.66381e-05
2.66756e-05
2.67298e-05
2.67963e-05
2.68716e-05
2.69526e-05
2.61542e-05
2.61542e-05
2.61542e-05
2.61542e-05
2.61542e-05
2.61542e-05
2.61542e-05
2.61542e-05
2.61542e-05
2.61542e-05
2.61542e-05
2.61542e-05
2.61542e-05
2.61542e-05
2.61542e-05
2.61542e-05
2.61542e-05
2.61542e-05
2.61542e-05
2.61542e-05
2.61542e-05
2.61542e-05
2.61542e-05
2.61542e-05
2.61542e-05
2.61542e-05
2.61542e-05
2.61542e-05
2.61542e-05
2.61542e-05
2.61542e-05
2.61542e-05
2.61542e-05
2.61542e-05
2.61542e-05
2.61543e-05
2.61546e-05
2.61551e-05
2.61559e-05
2.61566e-05
2.61564e-05
2.61557e-05
2.61551e-05
2.61548e-05
2.61547e-05
2.6155e-05
2.61556e-05
2.61565e-05
2.61569e-05
2.61566e-05
2.61566e-05
2.61576e-05
2.61608e-05
2.61676e-05
2.6185e-05
2.62358e-05
2.63479e-05
2.65478e-05
2.68527e-05
2.72944e-05
2.79665e-05
2.89425e-05
3.02419e-05
3.18179e-05
3.36504e-05
3.57348e-05
3.72049e-05
3.71945e-05
3.60582e-05
3.29632e-05
3.00866e-05
2.816e-05
2.68191e-05
2.64431e-05
2.64354e-05
2.64628e-05
2.65328e-05
2.66631e-05
2.68767e-05
2.72066e-05
2.76759e-05
2.81836e-05
2.85257e-05
2.86868e-05
2.88256e-05
2.9027e-05
2.92778e-05
2.9544e-05
2.95456e-05
2.93431e-05
2.87349e-05
2.78434e-05
2.76281e-05
2.76992e-05
2.79271e-05
2.82211e-05
2.8422e-05
2.85343e-05
2.86319e-05
2.88344e-05
2.61542e-05
2.61542e-05
2.61542e-05
2.61542e-05
2.61542e-05
2.61542e-05
2.61542e-05
2.61542e-05
2.61542e-05
2.61542e-05
2.61542e-05
2.61542e-05
2.61542e-05
2.61542e-05
2.61542e-05
2.61542e-05
2.61542e-05
2.61542e-05
2.61542e-05
2.61542e-05
2.61542e-05
2.61542e-05
2.61542e-05
2.61542e-05
2.61542e-05
2.61542e-05
2.61542e-05
2.61542e-05
2.61542e-05
2.61543e-05
2.61543e-05
2.61542e-05
2.61542e-05
2.61544e-05
2.6155e-05
2.61568e-05
2.61623e-05
2.61739e-05
2.6195e-05
2.62168e-05
2.6215e-05
2.61959e-05
2.61795e-05
2.61707e-05
2.61686e-05
2.61751e-05
2.61927e-05
2.62191e-05
2.62321e-05
2.62193e-05
2.62034e-05
2.61914e-05
2.61897e-05
2.62043e-05
2.62476e-05
2.63893e-05
2.67181e-05
2.73103e-05
2.8227e-05
2.94365e-05
3.09723e-05
3.27705e-05
3.47627e-05
3.68432e-05
3.8985e-05
4.12419e-05
4.37258e-05
4.64645e-05
4.74352e-05
4.64427e-05
4.13657e-05
3.27139e-05
2.79167e-05
2.70291e-05
2.70178e-05
2.7114e-05
2.73686e-05
2.78207e-05
2.85584e-05
2.97e-05
3.12938e-05
3.30449e-05
3.4303e-05
3.48432e-05
3.52739e-05
3.62904e-05
3.68524e-05
3.6465e-05
3.53425e-05
3.36194e-05
3.1217e-05
2.95596e-05
2.95087e-05
2.98805e-05
3.07561e-05
3.18011e-05
3.26083e-05
3.31401e-05
3.34352e-05
3.39555e-05
2.61542e-05
2.61542e-05
2.61542e-05
2.61542e-05
2.61542e-05
2.61542e-05
2.61542e-05
2.61542e-05
2.61542e-05
2.61542e-05
2.61542e-05
2.61542e-05
2.61542e-05
2.61542e-05
2.61542e-05
2.61542e-05
2.61542e-05
2.61542e-05
2.61542e-05
2.61542e-05
2.61542e-05
2.61542e-05
2.61542e-05
2.61542e-05
2.61542e-05
2.61542e-05
2.61543e-05
2.61546e-05
2.61556e-05
2.61574e-05
2.61577e-05
2.61562e-05
2.61555e-05
2.61558e-05
2.6158e-05
2.61652e-05
2.61933e-05
2.62903e-05
2.65975e-05
2.71899e-05
2.72199e-05
2.6917e-05
2.66253e-05
2.64518e-05
2.63417e-05
2.63219e-05
2.63899e-05
2.67681e-05
2.72809e-05
2.72114e-05
2.69668e-05
2.66949e-05
2.64559e-05
2.63508e-05
2.64248e-05
2.67816e-05
2.75791e-05
2.8831e-05
3.03995e-05
3.21782e-05
3.41102e-05
3.61275e-05
3.82186e-05
4.0376e-05
4.25916e-05
4.49151e-05
4.74043e-05
5.03475e-05
5.40088e-05
5.48868e-05
5.23813e-05
4.26388e-05
3.12433e-05
2.82785e-05
2.82506e-05
2.86517e-05
2.95035e-05
3.07081e-05
3.22109e-05
3.41118e-05
3.64411e-05
3.89898e-05
4.1286e-05
4.29776e-05
4.46219e-05
4.75843e-05
4.9665e-05
4.90094e-05
4.68162e-05
4.264e-05
3.65053e-05
3.23029e-05
3.19974e-05
3.24439e-05
3.36531e-05
3.52808e-05
3.68681e-05
3.82942e-05
3.93707e-05
4.0505e-05
2.61542e-05
2.61542e-05
2.61542e-05
2.61542e-05
2.61542e-05
2.61542e-05
2.61542e-05
2.61542e-05
2.61542e-05
2.61542e-05
2.61542e-05
2.61542e-05
2.61542e-05
2.61542e-05
2.61542e-05
2.61542e-05
2.61542e-05
2.61542e-05
2.61542e-05
2.61542e-05
2.61542e-05
2.61542e-05
2.61542e-05
2.61542e-05
2.61543e-05
2.61547e-05
2.61562e-05
2.61617e-05
2.6179e-05
2.62134e-05
2.62234e-05
2.61948e-05
2.61759e-05
2.61682e-05
2.61714e-05
2.61926e-05
2.62888e-05
2.66187e-05
2.76571e-05
2.99877e-05
3.21981e-05
3.19987e-05
3.04278e-05
2.83935e-05
2.72821e-05
2.68534e-05
2.69229e-05
2.75588e-05
2.92452e-05
3.03755e-05
3.01077e-05
2.89503e-05
2.73949e-05
2.67036e-05
2.67846e-05
2.73894e-05
2.87518e-05
3.06962e-05
3.29537e-05
3.52624e-05
3.75849e-05
3.99491e-05
4.24086e-05
4.50562e-05
4.79429e-05
5.10125e-05
5.40558e-05
5.69708e-05
6.02372e-05
6.22064e-05
6.09958e-05
5.36394e-05
3.80187e-05
3.01672e-05
2.98197e-05
3.0547e-05
3.21889e-05
3.43072e-05
3.65704e-05
3.90313e-05
4.18384e-05
4.50022e-05
4.83707e-05
5.14348e-05
5.43276e-05
5.82596e-05
6.1304e-05
6.10918e-05
5.93983e-05
5.46777e-05
4.5422e-05
3.69504e-05
3.56062e-05
3.60109e-05
3.73264e-05
3.92869e-05
4.13451e-05
4.33447e-05
4.51432e-05
4.76095e-05
2.61542e-05
2.61542e-05
2.61542e-05
2.61542e-05
2.61542e-05
2.61542e-05
2.61542e-05
2.61542e-05
2.61542e-05
2.61542e-05
2.61542e-05
2.61542e-05
2.61542e-05
2.61542e-05
2.61542e-05
2.61542e-05
2.61542e-05
2.61542e-05
2.61542e-05
2.61542e-05
2.61542e-05
2.61542e-05
2.61543e-05
2.61547e-05
2.61561e-05
2.61613e-05
2.61786e-05
2.62282e-05
2.64085e-05
2.69227e-05
2.71758e-05
2.67813e-05
2.64845e-05
2.633e-05
2.62638e-05
2.62817e-05
2.64423e-05
2.70226e-05
2.86948e-05
3.18707e-05
3.62784e-05
3.88847e-05
3.84739e-05
3.62042e-05
3.17324e-05
2.85958e-05
2.80186e-05
2.8414e-05
2.99968e-05
3.28843e-05
3.38818e-05
3.29996e-05
3.01363e-05
2.76108e-05
2.74934e-05
2.82972e-05
3.02373e-05
3.29672e-05
3.5947e-05
3.88531e-05
4.17977e-05
4.48738e-05
4.82336e-05
5.20554e-05
5.61124e-05
5.99466e-05
6.28718e-05
6.48915e-05
6.67029e-05
6.82945e-05
6.78098e-05
6.30739e-05
4.77408e-05
3.32196e-05
3.14164e-05
3.21343e-05
3.41448e-05
3.69044e-05
3.9862e-05
4.29811e-05
4.64904e-05
5.05814e-05
5.52029e-05
5.96781e-05
6.28829e-05
6.50631e-05
6.60479e-05
6.62492e-05
6.5561e-05
6.34306e-05
5.58427e-05
4.45629e-05
4.04585e-05
4.06089e-05
4.17023e-05
4.36398e-05
4.58511e-05
4.81287e-05
5.02507e-05
5.37135e-05
2.61542e-05
2.61542e-05
2.61542e-05
2.61544e-05
2.61544e-05
2.61544e-05
2.61543e-05
2.61542e-05
2.61542e-05
2.61542e-05
2.61542e-05
2.61542e-05
2.61542e-05
2.61542e-05
2.61542e-05
2.61543e-05
2.61544e-05
2.61547e-05
2.61555e-05
2.61561e-05
2.61558e-05
2.61558e-05
2.61568e-05
2.61608e-05
2.61734e-05
2.62015e-05
2.62661e-05
2.64509e-05
2.7207e-05
2.98591e-05
3.43563e-05
3.29308e-05
3.00558e-05
2.82766e-05
2.72329e-05
2.66815e-05
2.67458e-05
2.74628e-05
2.94381e-05
3.29221e-05
3.76123e-05
4.27482e-05
4.56574e-05
4.53626e-05
4.26823e-05
3.59908e-05
3.08203e-05
3.04257e-05
3.13346e-05
3.38898e-05
3.71204e-05
3.70902e-05
3.45345e-05
2.98342e-05
2.86916e-05
2.94741e-05
3.18178e-05
3.53001e-05
3.91446e-05
4.29672e-05
4.69481e-05
5.11897e-05
5.56982e-05
6.0618e-05
6.46307e-05
6.71482e-05
6.80002e-05
6.8158e-05
6.87974e-05
7.01996e-05
7.01135e-05
6.78003e-05
5.76649e-05
3.87687e-05
3.35387e-05
3.41784e-05
3.65352e-05
3.99661e-05
4.3573e-05
4.72662e-05
5.14742e-05
5.64041e-05
6.17794e-05
6.59017e-05
6.66688e-05
6.57867e-05
6.49174e-05
6.57334e-05
6.62695e-05
6.56935e-05
6.25158e-05
5.36727e-05
4.76753e-05
4.72643e-05
4.7868e-05
4.92408e-05
5.10011e-05
5.29794e-05
5.49269e-05
5.85575e-05
2.61543e-05
2.61548e-05
2.61575e-05
2.61638e-05
2.61695e-05
2.61683e-05
2.61633e-05
2.616e-05
2.61585e-05
2.61567e-05
2.61558e-05
2.61555e-05
2.61557e-05
2.61565e-05
2.6158e-05
2.61603e-05
2.6165e-05
2.61767e-05
2.62004e-05
2.62243e-05
2.62132e-05
2.61994e-05
2.61967e-05
2.62132e-05
2.6265e-05
2.6367e-05
2.65699e-05
2.70901e-05
2.88738e-05
3.38594e-05
4.39784e-05
5.18963e-05
4.9137e-05
4.08198e-05
3.26762e-05
2.84096e-05
2.75182e-05
2.81482e-05
3.01781e-05
3.38981e-05
3.88044e-05
4.44507e-05
5.04012e-05
5.42015e-05
5.3949e-05
5.02697e-05
4.08613e-05
3.52515e-05
3.52541e-05
3.67037e-05
3.99681e-05
4.0994e-05
3.91165e-05
3.32586e-05
3.03802e-05
3.10617e-05
3.3643e-05
3.7818e-05
4.2639e-05
4.75373e-05
5.27649e-05
5.81105e-05
6.32141e-05
6.72654e-05
6.87806e-05
6.86372e-05
6.78769e-05
6.60527e-05
6.5954e-05
6.7111e-05
6.8812e-05
6.78614e-05
6.26926e-05
4.52146e-05
3.61201e-05
3.64312e-05
3.8852e-05
4.27795e-05
4.70147e-05
5.14532e-05
5.65295e-05
6.24597e-05
6.69246e-05
6.71184e-05
6.57207e-05
6.13017e-05
5.86015e-05
5.92373e-05
6.17988e-05
6.43415e-05
6.37328e-05
6.03201e-05
5.57898e-05
5.4354e-05
5.45081e-05
5.5028e-05
5.59568e-05
5.73444e-05
5.89459e-05
6.22321e-05
2.61597e-05
2.61867e-05
2.62715e-05
2.64609e-05
2.66834e-05
2.67366e-05
2.66078e-05
2.65124e-05
2.64793e-05
2.63782e-05
2.62869e-05
2.62431e-05
2.62286e-05
2.62392e-05
2.62711e-05
2.63263e-05
2.64249e-05
2.66317e-05
2.70612e-05
2.76616e-05
2.76487e-05
2.72481e-05
2.69572e-05
2.67994e-05
2.68355e-05
2.70722e-05
2.75839e-05
2.88125e-05
3.19049e-05
3.87888e-05
5.06444e-05
6.47064e-05
6.74418e-05
6.27562e-05
5.16013e-05
3.41519e-05
2.88527e-05
2.92442e-05
3.14084e-05
3.57319e-05
4.16284e-05
4.82002e-05
5.48525e-05
6.09723e-05
6.31151e-05
6.1949e-05
5.62654e-05
4.76415e-05
4.39252e-05
4.37229e-05
4.49327e-05
4.57022e-05
4.39543e-05
3.71575e-05
3.25097e-05
3.30474e-05
3.58416e-05
4.07593e-05
4.66552e-05
5.27518e-05
5.89867e-05
6.47504e-05
6.85171e-05
6.94275e-05
6.9301e-05
6.85522e-05
6.68052e-05
6.37575e-05
6.19799e-05
6.23957e-05
6.51093e-05
6.62402e-05
6.33488e-05
5.02204e-05
3.88993e-05
3.88397e-05
4.13218e-05
4.5796e-05
5.08908e-05
5.63686e-05
6.27122e-05
6.76428e-05
6.78232e-05
6.60069e-05
6.12173e-05
5.65843e-05
5.54864e-05
5.58399e-05
5.74415e-05
6.12723e-05
6.32422e-05
6.26998e-05
6.13501e-05
5.97775e-05
5.93379e-05
5.94175e-05
5.97843e-05
6.06311e-05
6.18049e-05
6.44153e-05
2.64617e-05
2.72103e-05
2.91843e-05
3.25297e-05
3.72944e-05
4.105e-05
4.02348e-05
3.84207e-05
3.88399e-05
3.76655e-05
3.34182e-05
3.06339e-05
2.93289e-05
2.90221e-05
2.94719e-05
3.03176e-05
3.15091e-05
3.31885e-05
3.60799e-05
4.21569e-05
4.68231e-05
4.38193e-05
3.88555e-05
3.44314e-05
3.05169e-05
2.98866e-05
3.07039e-05
3.30422e-05
3.78609e-05
4.72074e-05
6.05622e-05
7.39403e-05
8.13319e-05
8.00296e-05
6.91435e-05
4.8533e-05
3.21134e-05
3.15342e-05
3.38022e-05
3.9274e-05
4.67211e-05
5.44205e-05
6.13103e-05
6.64611e-05
6.78655e-05
6.73734e-05
6.44077e-05
5.97462e-05
5.70181e-05
5.48678e-05
5.36123e-05
5.27906e-05
4.98258e-05
4.10791e-05
3.48875e-05
3.52938e-05
3.8227e-05
4.38039e-05
5.08064e-05
5.79907e-05
6.47441e-05
6.91114e-05
7.01604e-05
7.01566e-05
7.03522e-05
7.01268e-05
6.88634e-05
6.59107e-05
6.11858e-05
6.03926e-05
6.19713e-05
6.41094e-05
6.20339e-05
5.13824e-05
4.10266e-05
4.10582e-05
4.3952e-05
4.91215e-05
5.51049e-05
6.1817e-05
6.80298e-05
6.89396e-05
6.72156e-05
6.19067e-05
5.71112e-05
5.49725e-05
5.46529e-05
5.48363e-05
5.56277e-05
5.83345e-05
6.20087e-05
6.2961e-05
6.27499e-05
6.22509e-05
6.16595e-05
6.15418e-05
6.16702e-05
6.21563e-05
6.29712e-05
6.48097e-05
7.96375e-05
5.60327e-05
5.82745e-05
6.95078e-05
8.57024e-05
8.82801e-05
8.22342e-05
7.96309e-05
8.30765e-05
8.33405e-05
7.65354e-05
6.05929e-05
4.37109e-05
4.0412e-05
4.21473e-05
4.55162e-05
4.86388e-05
5.1038e-05
5.43355e-05
6.31324e-05
7.51478e-05
7.53829e-05
6.81118e-05
5.52643e-05
4.02644e-05
3.57757e-05
3.66986e-05
3.99533e-05
4.68649e-05
5.82134e-05
7.11644e-05
8.39247e-05
8.58915e-05
8.53513e-05
8.22779e-05
6.36059e-05
3.83918e-05
3.51566e-05
3.75365e-05
4.40459e-05
5.28111e-05
6.08358e-05
6.65098e-05
6.8942e-05
6.94016e-05
6.90644e-05
6.77297e-05
6.72257e-05
6.79308e-05
6.71075e-05
6.53277e-05
6.28832e-05
5.76533e-05
4.55943e-05
3.75362e-05
3.78526e-05
4.10143e-05
4.73738e-05
5.54075e-05
6.31084e-05
6.89223e-05
7.09097e-05
7.17714e-05
7.24327e-05
7.47883e-05
7.6344e-05
7.60544e-05
7.18604e-05
6.34058e-05
5.97721e-05
6.04246e-05
6.19967e-05
6.01782e-05
5.05716e-05
4.25605e-05
4.31232e-05
4.6827e-05
5.29232e-05
6.00807e-05
6.74729e-05
7.05344e-05
6.94396e-05
6.44366e-05
5.86531e-05
5.60561e-05
5.54195e-05
5.49479e-05
5.47167e-05
5.51129e-05
5.66615e-05
6.04303e-05
6.2681e-05
6.28931e-05
6.27605e-05
6.24682e-05
6.23259e-05
6.23434e-05
6.25029e-05
6.28936e-05
6.40996e-05
9.81763e-05
9.21608e-05
9.13522e-05
9.62134e-05
9.75718e-05
9.81702e-05
9.74386e-05
9.72903e-05
9.75936e-05
9.72616e-05
8.95053e-05
6.99081e-05
5.69732e-05
5.6353e-05
6.02574e-05
6.60052e-05
6.79822e-05
6.90287e-05
7.29561e-05
8.40722e-05
8.872e-05
8.84615e-05
8.61046e-05
7.79955e-05
5.98957e-05
4.55344e-05
4.5549e-05
4.95114e-05
5.80723e-05
7.00868e-05
8.44733e-05
8.72707e-05
8.02593e-05
7.88559e-05
7.85147e-05
6.81932e-05
4.4047e-05
3.96682e-05
4.25607e-05
5.03234e-05
5.94945e-05
6.61322e-05
6.863e-05
6.95026e-05
7.06718e-05
7.16744e-05
7.16776e-05
7.45329e-05
7.76835e-05
7.78428e-05
7.64448e-05
7.36977e-05
6.65141e-05
5.12294e-05
4.06496e-05
4.08433e-05
4.42613e-05
5.13998e-05
5.99965e-05
6.7003e-05
7.13557e-05
7.34925e-05
7.46435e-05
7.83056e-05
8.25998e-05
8.2992e-05
8.05493e-05
7.35965e-05
6.35807e-05
5.90534e-05
5.92756e-05
6.00423e-05
5.80456e-05
4.8869e-05
4.38797e-05
4.52319e-05
5.00756e-05
5.72595e-05
6.54783e-05
7.18242e-05
7.21826e-05
6.89997e-05
6.20025e-05
5.79509e-05
5.76937e-05
5.74948e-05
5.66915e-05
5.53453e-05
5.53e-05
5.61232e-05
5.90231e-05
6.19912e-05
6.2803e-05
6.29575e-05
6.29728e-05
6.28998e-05
6.27657e-05
6.27593e-05
6.29097e-05
6.35669e-05
0.00010036
9.98084e-05
9.95166e-05
0.000100252
0.000100376
0.000100318
0.000100141
0.000100197
0.000100461
9.96378e-05
9.65835e-05
8.70513e-05
7.93007e-05
7.88002e-05
8.32163e-05
8.66337e-05
8.67627e-05
8.72349e-05
9.11728e-05
9.41549e-05
9.18604e-05
8.4085e-05
7.52822e-05
7.02731e-05
5.97334e-05
5.33493e-05
5.47056e-05
6.00851e-05
6.98636e-05
8.61627e-05
9.00931e-05
8.37255e-05
6.87478e-05
6.93017e-05
7.09688e-05
6.46813e-05
4.70363e-05
4.45088e-05
4.84525e-05
5.7356e-05
6.53583e-05
6.88658e-05
7.10924e-05
7.16995e-05
7.14161e-05
7.89938e-05
8.14385e-05
8.36287e-05
8.20144e-05
8.1152e-05
8.10673e-05
7.98636e-05
7.48691e-05
5.80132e-05
4.44617e-05
4.43649e-05
4.79837e-05
5.55619e-05
6.41341e-05
7.06274e-05
7.50065e-05
7.7426e-05
8.12643e-05
8.63709e-05
8.69145e-05
8.42018e-05
7.77385e-05
6.95241e-05
6.14986e-05
5.7859e-05
5.78682e-05
5.79607e-05
5.54436e-05
4.70645e-05
4.52247e-05
4.76168e-05
5.3746e-05
6.20249e-05
7.07016e-05
7.48086e-05
7.38241e-05
6.83721e-05
6.24718e-05
6.08897e-05
6.029e-05
5.94982e-05
5.81067e-05
5.61697e-05
5.55934e-05
5.61073e-05
5.8058e-05
6.1013e-05
6.26258e-05
6.36553e-05
6.41922e-05
6.41782e-05
6.39587e-05
6.3651e-05
6.36138e-05
6.43497e-05
0.000100144
0.000100282
0.000100324
0.000100352
0.000100407
0.000100457
0.000100478
0.000100508
0.000100622
0.000100578
9.9135e-05
9.76008e-05
9.66507e-05
9.63703e-05
9.7019e-05
9.73171e-05
9.7254e-05
9.73913e-05
9.81083e-05
9.77866e-05
9.24157e-05
8.05299e-05
7.25239e-05
6.66904e-05
6.30992e-05
6.15701e-05
6.36681e-05
7.22433e-05
8.71046e-05
9.53318e-05
9.27818e-05
7.67252e-05
6.27863e-05
6.23734e-05
6.33108e-05
5.85624e-05
4.89083e-05
4.92991e-05
5.50574e-05
6.38027e-05
6.95639e-05
7.07116e-05
7.44526e-05
8.01039e-05
8.76645e-05
8.92686e-05
8.76301e-05
7.85855e-05
7.08363e-05
7.16109e-05
7.55448e-05
7.8219e-05
7.59897e-05
6.32864e-05
4.85527e-05
4.81504e-05
5.20666e-05
5.99397e-05
6.84735e-05
7.481e-05
7.90571e-05
8.4319e-05
8.92973e-05
8.98929e-05
8.73675e-05
7.85423e-05
6.98083e-05
6.34659e-05
5.91486e-05
5.68819e-05
5.6376e-05
5.5771e-05
5.19901e-05
4.62281e-05
4.65435e-05
5.05262e-05
5.78862e-05
6.70444e-05
7.52502e-05
7.71252e-05
7.5381e-05
6.98796e-05
6.63702e-05
6.49944e-05
6.35287e-05
6.15053e-05
5.92919e-05
5.70037e-05
5.60003e-05
5.6314e-05
5.76361e-05
6.01827e-05
6.26576e-05
6.50305e-05
6.66086e-05
6.67204e-05
6.63823e-05
6.57523e-05
6.54641e-05
6.64923e-05
0.000100124
0.000100134
0.000100142
0.000100151
0.000100157
0.000100151
0.000100135
0.000100128
0.000100175
0.000100332
0.000100298
9.97968e-05
9.9054e-05
9.90357e-05
9.94595e-05
9.95254e-05
9.94075e-05
9.95262e-05
9.98691e-05
9.94607e-05
9.70836e-05
8.87227e-05
7.79605e-05
7.13384e-05
6.92996e-05
7.13826e-05
7.84919e-05
8.95388e-05
9.727e-05
9.86908e-05
9.37088e-05
7.36086e-05
5.86891e-05
5.566e-05
5.47094e-05
5.21654e-05
5.14218e-05
5.49058e-05
6.28467e-05
7.00174e-05
7.81717e-05
8.50811e-05
9.13031e-05
9.51382e-05
9.5868e-05
9.22096e-05
7.77511e-05
6.43281e-05
6.06945e-05
6.17458e-05
6.69749e-05
7.45763e-05
7.40252e-05
6.38968e-05
5.16936e-05
5.18046e-05
5.63748e-05
6.47315e-05
7.34482e-05
7.90215e-05
8.48361e-05
9.15348e-05
9.28483e-05
9.13116e-05
8.34779e-05
7.17567e-05
6.41631e-05
6.02093e-05
5.78714e-05
5.62696e-05
5.51026e-05
5.31877e-05
4.8412e-05
4.64619e-05
4.8352e-05
5.39435e-05
6.23595e-05
7.20593e-05
7.87513e-05
7.93936e-05
7.72098e-05
7.33627e-05
7.14869e-05
7.0054e-05
6.73605e-05
6.35748e-05
6.03808e-05
5.79111e-05
5.66144e-05
5.67179e-05
5.78432e-05
6.02668e-05
6.34755e-05
6.73308e-05
7.01503e-05
7.05315e-05
7.01287e-05
6.92853e-05
6.88471e-05
7.04142e-05
0.000100124
0.000100121
0.000100115
0.0001001
0.00010007
0.000100013
9.9901e-05
9.97458e-05
9.96586e-05
9.9677e-05
9.9806e-05
9.99068e-05
9.99517e-05
9.99705e-05
9.99064e-05
9.9688e-05
9.94487e-05
9.9448e-05
9.9418e-05
9.94487e-05
9.88797e-05
9.72252e-05
9.38034e-05
8.88168e-05
8.62891e-05
8.91209e-05
9.55318e-05
9.68654e-05
9.80095e-05
9.92902e-05
9.5477e-05
7.23428e-05
5.75159e-05
5.34836e-05
5.29876e-05
5.31603e-05
5.59997e-05
6.27552e-05
6.97366e-05
8.10995e-05
9.17498e-05
9.6941e-05
9.8194e-05
9.91186e-05
9.84316e-05
8.87537e-05
6.82892e-05
5.83312e-05
5.66911e-05
5.78876e-05
6.22074e-05
7.04811e-05
7.11267e-05
6.21738e-05
5.40106e-05
5.52291e-05
6.10047e-05
6.99849e-05
7.79454e-05
8.39031e-05
9.15178e-05
9.53454e-05
9.47508e-05
9.08572e-05
7.86288e-05
6.70102e-05
6.13409e-05
5.87995e-05
5.71715e-05
5.56904e-05
5.37559e-05
5.02444e-05
4.70478e-05
4.74668e-05
5.09508e-05
5.79067e-05
6.71357e-05
7.6644e-05
8.14791e-05
8.14242e-05
7.93111e-05
7.72738e-05
7.65382e-05
7.52162e-05
7.15682e-05
6.59766e-05
6.15749e-05
5.89294e-05
5.75136e-05
5.74604e-05
5.83926e-05
6.09269e-05
6.52737e-05
7.07585e-05
7.46105e-05
7.53147e-05
7.50227e-05
7.43173e-05
7.39374e-05
7.57387e-05
0.00010012
0.000100103
0.000100069
0.000100002
9.98695e-05
9.96554e-05
9.93294e-05
9.89583e-05
9.87646e-05
9.87679e-05
9.88275e-05
9.88583e-05
9.8781e-05
9.85583e-05
9.81336e-05
9.74987e-05
9.69034e-05
9.67717e-05
9.64677e-05
9.66329e-05
9.71047e-05
9.65952e-05
9.59136e-05
9.6188e-05
9.62555e-05
9.56862e-05
9.37827e-05
9.33221e-05
9.47346e-05
9.79044e-05
9.75891e-05
7.84499e-05
6.34462e-05
5.69344e-05
5.62861e-05
5.78218e-05
6.36483e-05
6.98964e-05
8.14965e-05
9.36783e-05
9.73445e-05
9.81727e-05
9.93786e-05
0.000100474
9.86521e-05
8.41858e-05
6.41937e-05
5.53652e-05
5.51331e-05
5.64174e-05
6.06226e-05
6.76864e-05
6.74048e-05
5.95719e-05
5.61351e-05
5.89251e-05
6.61591e-05
7.5176e-05
8.26748e-05
9.03146e-05
9.63258e-05
9.75686e-05
9.58833e-05
8.879e-05
7.47038e-05
6.41966e-05
6.0191e-05
5.82163e-05
5.66774e-05
5.49127e-05
5.208e-05
4.84185e-05
4.74798e-05
4.9197e-05
5.43336e-05
6.23786e-05
7.21644e-05
8.06432e-05
8.33618e-05
8.29111e-05
8.14338e-05
8.0962e-05
8.0848e-05
7.96947e-05
7.58046e-05
6.91198e-05
6.32044e-05
6.01316e-05
5.87049e-05
5.85502e-05
5.94612e-05
6.2462e-05
6.83024e-05
7.50198e-05
7.91961e-05
8.03889e-05
8.03326e-05
7.99273e-05
7.96551e-05
8.12436e-05
0.000100097
0.00010001
9.98408e-05
9.95577e-05
9.90706e-05
9.82523e-05
9.72347e-05
9.6572e-05
9.64936e-05
9.66251e-05
9.67695e-05
9.67501e-05
9.64848e-05
9.59117e-05
9.50395e-05
9.40119e-05
9.32333e-05
9.2852e-05
9.19175e-05
9.12003e-05
9.07712e-05
8.86597e-05
8.65189e-05
8.6319e-05
8.64573e-05
8.54156e-05
8.46787e-05
8.56887e-05
8.84705e-05
9.40885e-05
9.83344e-05
8.77636e-05
6.98397e-05
6.42605e-05
6.37486e-05
6.57837e-05
7.19709e-05
8.18927e-05
9.43099e-05
9.68108e-05
9.61463e-05
9.67769e-05
9.79054e-05
0.000100086
9.84639e-05
8.20364e-05
6.0555e-05
5.40999e-05
5.44908e-05
5.63581e-05
6.09337e-05
6.47559e-05
6.29771e-05
5.77092e-05
5.81266e-05
6.33243e-05
7.17616e-05
7.97691e-05
8.8952e-05
9.57805e-05
9.89537e-05
9.90133e-05
9.62702e-05
8.6391e-05
7.19546e-05
6.27731e-05
5.96622e-05
5.79178e-05
5.62642e-05
5.40334e-05
5.08159e-05
4.85687e-05
4.88675e-05
5.19733e-05
5.8425e-05
6.7316e-05
7.69576e-05
8.36338e-05
8.48545e-05
8.40842e-05
8.36493e-05
8.41012e-05
8.42647e-05
8.31144e-05
7.96997e-05
7.31283e-05
6.56799e-05
6.1682e-05
6.01763e-05
6.00132e-05
6.11454e-05
6.51431e-05
7.25487e-05
7.93447e-05
8.4543e-05
8.62897e-05
8.62716e-05
8.56361e-05
8.4984e-05
8.45516e-05
9.98704e-05
9.93404e-05
9.85352e-05
9.72601e-05
9.52614e-05
9.3011e-05
9.12295e-05
9.10206e-05
9.13583e-05
9.1951e-05
9.22552e-05
9.21753e-05
9.16399e-05
9.06632e-05
8.95132e-05
8.86118e-05
8.81345e-05
8.75899e-05
8.60018e-05
8.37661e-05
8.08131e-05
7.59808e-05
7.22387e-05
7.15554e-05
7.22392e-05
7.31025e-05
7.45917e-05
7.70931e-05
8.07633e-05
8.73918e-05
9.64467e-05
9.62477e-05
8.34947e-05
7.54561e-05
7.38155e-05
7.69632e-05
8.54532e-05
9.52857e-05
9.58513e-05
9.28765e-05
9.22842e-05
9.30666e-05
9.55593e-05
9.94385e-05
9.86188e-05
8.14205e-05
5.96093e-05
5.34226e-05
5.40576e-05
5.66303e-05
5.98963e-05
6.03365e-05
5.83833e-05
5.78993e-05
6.08529e-05
6.85345e-05
7.67876e-05
8.54544e-05
9.46951e-05
9.89276e-05
0.000100302
9.99059e-05
9.59542e-05
8.50171e-05
7.05159e-05
6.22016e-05
5.94235e-05
5.77356e-05
5.59257e-05
5.34607e-05
5.08159e-05
4.99577e-05
5.12258e-05
5.56544e-05
6.31544e-05
7.26406e-05
8.12744e-05
8.59592e-05
8.6097e-05
8.57886e-05
8.61485e-05
8.73525e-05
8.75744e-05
8.64045e-05
8.29972e-05
7.72781e-05
6.9366e-05
6.40375e-05
6.21405e-05
6.20257e-05
6.37722e-05
6.91688e-05
7.70258e-05
8.45392e-05
8.99838e-05
9.08365e-05
9.0301e-05
8.8925e-05
8.75324e-05
8.55455e-05
9.71601e-05
9.36799e-05
9.05571e-05
8.74283e-05
8.34744e-05
8.00226e-05
7.96778e-05
8.05308e-05
8.20827e-05
8.32536e-05
8.35207e-05
8.32632e-05
8.23948e-05
8.13078e-05
8.06939e-05
8.05679e-05
8.03245e-05
7.93623e-05
7.65029e-05
7.27228e-05
6.80881e-05
6.32503e-05
6.10504e-05
6.14018e-05
6.25126e-05
6.43402e-05
6.65349e-05
6.91645e-05
7.23827e-05
7.82367e-05
8.92778e-05
9.62719e-05
9.62457e-05
9.16921e-05
8.93763e-05
9.26704e-05
9.66332e-05
9.39135e-05
8.87017e-05
8.71059e-05
8.75701e-05
8.93617e-05
9.29782e-05
9.84121e-05
9.90838e-05
8.53055e-05
6.20526e-05
5.32169e-05
5.33206e-05
5.50637e-05
5.63253e-05
5.64561e-05
5.70089e-05
5.90874e-05
6.51429e-05
7.39381e-05
8.16703e-05
9.16588e-05
9.83579e-05
0.000100464
0.00010094
0.000100377
9.5416e-05
8.45909e-05
7.01703e-05
6.20966e-05
5.9359e-05
5.76573e-05
5.58211e-05
5.36375e-05
5.21067e-05
5.2324e-05
5.4532e-05
6.01479e-05
6.84556e-05
7.76312e-05
8.51032e-05
8.74558e-05
8.74377e-05
8.76689e-05
8.9137e-05
9.07239e-05
9.09992e-05
8.99275e-05
8.66776e-05
8.10958e-05
7.40639e-05
6.77586e-05
6.5162e-05
6.50952e-05
6.77317e-05
7.40231e-05
8.18727e-05
9.04772e-05
9.35692e-05
9.3384e-05
9.18749e-05
8.95056e-05
8.75678e-05
8.64807e-05
4.39896e-05
5.44576e-05
5.79785e-05
5.76006e-05
5.74966e-05
5.87257e-05
6.14104e-05
6.45329e-05
6.66076e-05
6.75372e-05
6.75156e-05
6.71769e-05
6.71968e-05
6.75312e-05
6.83106e-05
6.86403e-05
6.80202e-05
6.56175e-05
6.10975e-05
5.74141e-05
5.46174e-05
5.30255e-05
5.30657e-05
5.3858e-05
5.54492e-05
5.73687e-05
5.93494e-05
6.16123e-05
6.39216e-05
6.82624e-05
7.71796e-05
8.67687e-05
9.2373e-05
9.44627e-05
9.50733e-05
9.31815e-05
8.79989e-05
8.26888e-05
8.08815e-05
8.1218e-05
8.25366e-05
8.52353e-05
9.00194e-05
9.68552e-05
9.94913e-05
8.9924e-05
6.60314e-05
5.37873e-05
5.28527e-05
5.35366e-05
5.47199e-05
5.6005e-05
5.79812e-05
6.26866e-05
7.09652e-05
7.897e-05
8.88283e-05
9.70354e-05
9.97247e-05
0.000100519
0.000100916
0.000100516
9.51979e-05
8.51902e-05
7.27834e-05
6.35368e-05
6.00273e-05
5.81787e-05
5.6585e-05
5.51643e-05
5.47156e-05
5.55463e-05
5.89413e-05
6.55801e-05
7.41716e-05
8.23855e-05
8.80512e-05
8.88808e-05
8.91759e-05
9.03581e-05
9.26768e-05
9.41845e-05
9.45497e-05
9.37675e-05
9.10465e-05
8.56067e-05
7.87053e-05
7.3007e-05
6.9857e-05
6.98091e-05
7.30135e-05
7.89867e-05
8.89801e-05
9.49113e-05
9.56842e-05
9.44608e-05
9.19725e-05
8.94431e-05
8.83717e-05
8.86695e-05
2.74027e-05
2.97981e-05
3.20691e-05
3.41327e-05
3.63104e-05
3.84387e-05
4.06619e-05
4.23426e-05
4.34795e-05
4.45385e-05
4.56078e-05
4.69919e-05
4.8317e-05
4.93615e-05
4.96082e-05
4.90021e-05
4.73474e-05
4.55949e-05
4.42665e-05
4.41807e-05
4.43494e-05
4.4781e-05
4.55938e-05
4.68566e-05
4.85613e-05
5.03885e-05
5.22116e-05
5.40149e-05
5.52894e-05
5.78524e-05
6.33456e-05
6.89303e-05
7.26683e-05
7.45059e-05
7.60666e-05
7.45857e-05
7.32216e-05
7.32462e-05
7.38681e-05
7.49737e-05
7.69134e-05
8.06179e-05
8.65864e-05
9.41573e-05
9.91261e-05
9.50519e-05
7.0406e-05
5.73784e-05
5.42749e-05
5.46134e-05
5.58281e-05
5.7933e-05
6.21836e-05
6.90295e-05
7.66031e-05
8.70922e-05
9.58706e-05
9.88335e-05
9.92332e-05
9.95547e-05
0.000100447
0.000100685
9.64454e-05
8.76395e-05
7.67092e-05
6.70045e-05
6.21765e-05
6.00121e-05
5.87096e-05
5.80429e-05
5.82546e-05
6.0137e-05
6.47108e-05
7.20085e-05
7.96972e-05
8.74021e-05
9.0187e-05
9.0708e-05
9.17495e-05
9.39595e-05
9.62759e-05
9.74764e-05
9.78703e-05
9.74061e-05
9.55248e-05
9.13796e-05
8.43877e-05
7.83129e-05
7.55647e-05
7.55127e-05
7.85194e-05
8.70895e-05
9.5103e-05
9.74814e-05
9.70074e-05
9.45584e-05
9.24047e-05
9.10179e-05
9.11292e-05
9.29183e-05
2.63398e-05
2.65762e-05
2.69279e-05
2.74107e-05
2.79688e-05
2.85211e-05
2.90745e-05
2.96132e-05
3.01986e-05
3.08936e-05
3.16374e-05
3.23644e-05
3.28443e-05
3.31687e-05
3.32954e-05
3.33039e-05
3.34365e-05
3.39455e-05
3.46474e-05
3.55506e-05
3.63664e-05
3.7158e-05
3.81584e-05
3.95923e-05
4.14079e-05
4.32989e-05
4.49825e-05
4.63587e-05
4.72961e-05
4.89796e-05
5.20707e-05
5.50312e-05
5.70498e-05
5.87553e-05
6.138e-05
6.31992e-05
6.45011e-05
6.56488e-05
6.68747e-05
6.86062e-05
7.13079e-05
7.57773e-05
8.18895e-05
8.9386e-05
9.63748e-05
9.82043e-05
8.15486e-05
6.48875e-05
5.85975e-05
5.81863e-05
5.98246e-05
6.36352e-05
6.94537e-05
7.5443e-05
8.57302e-05
9.55925e-05
9.83272e-05
9.75439e-05
9.7003e-05
9.78406e-05
9.98594e-05
0.000100838
9.82162e-05
9.17948e-05
8.12916e-05
7.28236e-05
6.70179e-05
6.39907e-05
6.27038e-05
6.25365e-05
6.35418e-05
6.65165e-05
7.17838e-05
7.82761e-05
8.61371e-05
9.12645e-05
9.24279e-05
9.3254e-05
9.51894e-05
9.75963e-05
9.90154e-05
9.96016e-05
9.97805e-05
9.96021e-05
9.87994e-05
9.66357e-05
9.19967e-05
8.61162e-05
8.23732e-05
8.2716e-05
8.78968e-05
9.48989e-05
9.85976e-05
9.89211e-05
9.77861e-05
9.55151e-05
9.49538e-05
9.47123e-05
9.53744e-05
9.72315e-05
2.62792e-05
2.6296e-05
2.63282e-05
2.63836e-05
2.64557e-05
2.65362e-05
2.66352e-05
2.67573e-05
2.69117e-05
2.70946e-05
2.72993e-05
2.75149e-05
2.77043e-05
2.78779e-05
2.80429e-05
2.82219e-05
2.84941e-05
2.88934e-05
2.93721e-05
2.99545e-05
3.05391e-05
3.1198e-05
3.21247e-05
3.3558e-05
3.53927e-05
3.73342e-05
3.91288e-05
4.08084e-05
4.24798e-05
4.43058e-05
4.64754e-05
4.87385e-05
5.07977e-05
5.28832e-05
5.54161e-05
5.68366e-05
5.78566e-05
5.9092e-05
6.08208e-05
6.30671e-05
6.62226e-05
7.07204e-05
7.59194e-05
8.24667e-05
9.00021e-05
9.77167e-05
9.33609e-05
7.50173e-05
6.71567e-05
6.62124e-05
6.80323e-05
7.15674e-05
7.7462e-05
8.63958e-05
9.58311e-05
9.75435e-05
9.49936e-05
9.36219e-05
9.39575e-05
9.59057e-05
9.8535e-05
0.000100275
9.9749e-05
9.67028e-05
8.89643e-05
7.89861e-05
7.40088e-05
7.0929e-05
6.94478e-05
6.94885e-05
7.097e-05
7.4062e-05
7.86608e-05
8.58105e-05
9.20446e-05
9.42454e-05
9.51368e-05
9.66179e-05
9.85416e-05
9.9681e-05
0.000100015
9.97515e-05
9.94952e-05
9.96531e-05
9.98842e-05
9.93551e-05
9.77758e-05
9.46679e-05
9.227e-05
9.28047e-05
9.63438e-05
9.91047e-05
0.000100147
9.98504e-05
9.89506e-05
9.81545e-05
9.82616e-05
9.8309e-05
9.87839e-05
9.95321e-05
2.62758e-05
2.62768e-05
2.62794e-05
2.62846e-05
2.62921e-05
2.63022e-05
2.63172e-05
2.63392e-05
2.63705e-05
2.64086e-05
2.64535e-05
2.65047e-05
2.65585e-05
2.66202e-05
2.66918e-05
2.6775e-05
2.68893e-05
2.70421e-05
2.72378e-05
2.74976e-05
2.78138e-05
2.83029e-05
2.91537e-05
3.0431e-05
3.22374e-05
3.43672e-05
3.666e-05
3.88453e-05
4.09173e-05
4.29553e-05
4.50702e-05
4.71637e-05
4.8976e-05
5.04759e-05
5.18453e-05
5.24615e-05
5.32426e-05
5.46585e-05
5.67358e-05
5.92256e-05
6.23052e-05
6.60817e-05
7.00118e-05
7.5042e-05
8.15658e-05
9.19722e-05
9.75649e-05
9.11004e-05
8.01721e-05
7.75668e-05
7.893e-05
8.32188e-05
9.11243e-05
9.71212e-05
9.61584e-05
9.0989e-05
8.89093e-05
8.90803e-05
9.04479e-05
9.3128e-05
9.53862e-05
9.75156e-05
9.91747e-05
9.90536e-05
9.63061e-05
8.95922e-05
8.33699e-05
7.86021e-05
7.71551e-05
7.72426e-05
7.85826e-05
8.19995e-05
8.7855e-05
9.33156e-05
9.62057e-05
9.72773e-05
9.82655e-05
9.92417e-05
9.96532e-05
9.90481e-05
9.77583e-05
9.64417e-05
9.58711e-05
9.64308e-05
9.77538e-05
9.90997e-05
9.95295e-05
9.89303e-05
9.85051e-05
9.86775e-05
9.97502e-05
0.000100674
0.000100784
0.000100484
0.000100125
9.98589e-05
9.97973e-05
9.9769e-05
9.94326e-05
9.87633e-05
2.62756e-05
2.62756e-05
2.62758e-05
2.62762e-05
2.62768e-05
2.62778e-05
2.62796e-05
2.62825e-05
2.62871e-05
2.62932e-05
2.63008e-05
2.631e-05
2.63212e-05
2.63359e-05
2.63556e-05
2.63822e-05
2.6422e-05
2.64792e-05
2.6561e-05
2.66903e-05
2.69198e-05
2.73476e-05
2.82299e-05
2.96537e-05
3.16228e-05
3.40365e-05
3.67248e-05
3.93945e-05
4.18369e-05
4.39569e-05
4.5757e-05
4.73852e-05
4.85569e-05
4.92098e-05
4.96681e-05
5.00684e-05
5.10237e-05
5.27432e-05
5.50035e-05
5.75464e-05
6.02381e-05
6.3013e-05
6.57801e-05
6.92745e-05
7.36703e-05
8.11937e-05
9.0493e-05
9.65702e-05
9.65243e-05
9.48029e-05
9.50334e-05
9.69908e-05
9.58957e-05
9.1796e-05
8.57041e-05
8.28327e-05
8.27902e-05
8.38405e-05
8.60008e-05
8.81319e-05
8.90506e-05
9.0638e-05
9.3527e-05
9.67884e-05
9.87152e-05
9.76377e-05
9.436e-05
9.04336e-05
8.85043e-05
8.79626e-05
8.94693e-05
9.24295e-05
9.58053e-05
9.80905e-05
9.90912e-05
9.94661e-05
9.94567e-05
9.85192e-05
9.63919e-05
9.38306e-05
9.14368e-05
9.00877e-05
8.99612e-05
9.10555e-05
9.29607e-05
9.52993e-05
9.74513e-05
9.88408e-05
9.93754e-05
9.97849e-05
0.000100078
0.000100201
9.99242e-05
9.94745e-05
9.87231e-05
9.83001e-05
9.73997e-05
9.71234e-05
9.50824e-05
9.31562e-05
2.62756e-05
2.62756e-05
2.62756e-05
2.62756e-05
2.62757e-05
2.62757e-05
2.62759e-05
2.62763e-05
2.62768e-05
2.62776e-05
2.62787e-05
2.62801e-05
2.62823e-05
2.62857e-05
2.62907e-05
2.62982e-05
2.63108e-05
2.63319e-05
2.6372e-05
2.64495e-05
2.66797e-05
2.72572e-05
2.84594e-05
3.04657e-05
3.32628e-05
3.6533e-05
3.97548e-05
4.23535e-05
4.43182e-05
4.58422e-05
4.68914e-05
4.77701e-05
4.80366e-05
4.80467e-05
4.81979e-05
4.88504e-05
5.03421e-05
5.23843e-05
5.47386e-05
5.7266e-05
5.96881e-05
6.17887e-05
6.37369e-05
6.58433e-05
6.81109e-05
7.14458e-05
7.62781e-05
8.38404e-05
8.97368e-05
9.10826e-05
9.11075e-05
8.75411e-05
8.0639e-05
7.77023e-05
7.59554e-05
7.53202e-05
7.57008e-05
7.7232e-05
7.90173e-05
7.91535e-05
7.86375e-05
7.94296e-05
8.20709e-05
8.65754e-05
9.30465e-05
9.67834e-05
9.82578e-05
9.80717e-05
9.75319e-05
9.72047e-05
9.77275e-05
9.84525e-05
9.89667e-05
9.9215e-05
9.87603e-05
9.74344e-05
9.48109e-05
9.12885e-05
8.7736e-05
8.50537e-05
8.34896e-05
8.33279e-05
8.40957e-05
8.58987e-05
8.8041e-05
9.05057e-05
9.2965e-05
9.51156e-05
9.64907e-05
9.7203e-05
9.70643e-05
9.64153e-05
9.47275e-05
9.33571e-05
9.15692e-05
9.0724e-05
8.86995e-05
8.81372e-05
8.47969e-05
8.36884e-05
2.62756e-05
2.62756e-05
2.62756e-05
2.62756e-05
2.62756e-05
2.62756e-05
2.62756e-05
2.62756e-05
2.62757e-05
2.62758e-05
2.62759e-05
2.62761e-05
2.62765e-05
2.62772e-05
2.62785e-05
2.62808e-05
2.62854e-05
2.62942e-05
2.63199e-05
2.64036e-05
2.6664e-05
2.73899e-05
2.8978e-05
3.16846e-05
3.5403e-05
3.93665e-05
4.26084e-05
4.47027e-05
4.60325e-05
4.68227e-05
4.73193e-05
4.72127e-05
4.67616e-05
4.65888e-05
4.69994e-05
4.8364e-05
5.04761e-05
5.30398e-05
5.57833e-05
5.81864e-05
6.00074e-05
6.16567e-05
6.31855e-05
6.43074e-05
6.50944e-05
6.59655e-05
6.72772e-05
6.94945e-05
7.15483e-05
7.13153e-05
7.12342e-05
7.0141e-05
6.81441e-05
6.80422e-05
6.76924e-05
6.71364e-05
6.75322e-05
6.87644e-05
6.84157e-05
6.66337e-05
6.52341e-05
6.53503e-05
6.70322e-05
7.05432e-05
7.69501e-05
8.29144e-05
8.86837e-05
9.32093e-05
9.50532e-05
9.60642e-05
9.57807e-05
9.51836e-05
9.41336e-05
9.21484e-05
8.93425e-05
8.61518e-05
8.26331e-05
7.95694e-05
7.72069e-05
7.63121e-05
7.65363e-05
7.77153e-05
7.92825e-05
8.1164e-05
8.30896e-05
8.52687e-05
8.71065e-05
8.86825e-05
8.94982e-05
8.92126e-05
8.7256e-05
8.50265e-05
8.18991e-05
8.0174e-05
7.78419e-05
7.65679e-05
7.37943e-05
7.35278e-05
7.12635e-05
7.2435e-05
2.62756e-05
2.62756e-05
2.62756e-05
2.62756e-05
2.62756e-05
2.62756e-05
2.62756e-05
2.62756e-05
2.62756e-05
2.62756e-05
2.62756e-05
2.62756e-05
2.62757e-05
2.62759e-05
2.62763e-05
2.62772e-05
2.62799e-05
2.62891e-05
2.63188e-05
2.64132e-05
2.67056e-05
2.75289e-05
2.93629e-05
3.2588e-05
3.69708e-05
4.1238e-05
4.41517e-05
4.57637e-05
4.67009e-05
4.68843e-05
4.65516e-05
4.56051e-05
4.48695e-05
4.50016e-05
4.61455e-05
4.84751e-05
5.16849e-05
5.51633e-05
5.82049e-05
6.01477e-05
6.11985e-05
6.21822e-05
6.30814e-05
6.34531e-05
6.30579e-05
6.25468e-05
6.22503e-05
6.22787e-05
6.23739e-05
6.13728e-05
6.12023e-05
6.10871e-05
6.00082e-05
6.00305e-05
5.96659e-05
5.89166e-05
5.89477e-05
5.86628e-05
5.68099e-05
5.38906e-05
5.23484e-05
5.19975e-05
5.28613e-05
5.48411e-05
5.88181e-05
6.25523e-05
6.67712e-05
7.11778e-05
7.40041e-05
7.66582e-05
7.71326e-05
7.72308e-05
7.61153e-05
7.44592e-05
7.28624e-05
7.14756e-05
7.00497e-05
6.91923e-05
6.90918e-05
7.00164e-05
7.16303e-05
7.34084e-05
7.45696e-05
7.54194e-05
7.57036e-05
7.60002e-05
7.54743e-05
7.46573e-05
7.30249e-05
7.04517e-05
6.71888e-05
6.52279e-05
6.28202e-05
6.13254e-05
5.8856e-05
5.77564e-05
5.63974e-05
5.71085e-05
5.76223e-05
6.21955e-05
2.62756e-05
2.62756e-05
2.62756e-05
2.62756e-05
2.62756e-05
2.62756e-05
2.62756e-05
2.62756e-05
2.62756e-05
2.62756e-05
2.62756e-05
2.62756e-05
2.62756e-05
2.62757e-05
2.62758e-05
2.62765e-05
2.62787e-05
2.62862e-05
2.63113e-05
2.63926e-05
2.66473e-05
2.74167e-05
2.92856e-05
3.27482e-05
3.74848e-05
4.18742e-05
4.45899e-05
4.60326e-05
4.64831e-05
4.61615e-05
4.49345e-05
4.34006e-05
4.30953e-05
4.37174e-05
4.5816e-05
4.94482e-05
5.37534e-05
5.77485e-05
6.04922e-05
6.16333e-05
6.2042e-05
6.24836e-05
6.26161e-05
6.19189e-05
6.00973e-05
5.84818e-05
5.72853e-05
5.65706e-05
5.60667e-05
5.49772e-05
5.45989e-05
5.43545e-05
5.33394e-05
5.32629e-05
5.29151e-05
5.22547e-05
5.17968e-05
5.07714e-05
4.85914e-05
4.59762e-05
4.43771e-05
4.41416e-05
4.49736e-05
4.68384e-05
4.92136e-05
5.14409e-05
5.36263e-05
5.56909e-05
5.75029e-05
5.93264e-05
6.02925e-05
6.09389e-05
6.10322e-05
6.10079e-05
6.10368e-05
6.11956e-05
6.14676e-05
6.22553e-05
6.35069e-05
6.54274e-05
6.74413e-05
6.85453e-05
6.74273e-05
6.52007e-05
6.20534e-05
5.86502e-05
5.40615e-05
5.05145e-05
4.81976e-05
4.63704e-05
4.49171e-05
4.42683e-05
4.3174e-05
4.23717e-05
4.13507e-05
4.13566e-05
4.18556e-05
4.41342e-05
4.70479e-05
5.39141e-05
2.62756e-05
2.62756e-05
2.62756e-05
2.62756e-05
2.62756e-05
2.62756e-05
2.62756e-05
2.62756e-05
2.62756e-05
2.62756e-05
2.62756e-05
2.62756e-05
2.62756e-05
2.62756e-05
2.62758e-05
2.62764e-05
2.62784e-05
2.62854e-05
2.63086e-05
2.6384e-05
2.6622e-05
2.7353e-05
2.9201e-05
3.26943e-05
3.74681e-05
4.17464e-05
4.43582e-05
4.56787e-05
4.56583e-05
4.47845e-05
4.28886e-05
4.14934e-05
4.15559e-05
4.28603e-05
4.62216e-05
5.11519e-05
5.63094e-05
6.02888e-05
6.21792e-05
6.23666e-05
6.23612e-05
6.22497e-05
6.12534e-05
5.86132e-05
5.54719e-05
5.30444e-05
5.13898e-05
5.04709e-05
5.00784e-05
4.9161e-05
4.86933e-05
4.84154e-05
4.76686e-05
4.76377e-05
4.75568e-05
4.74354e-05
4.7316e-05
4.67592e-05
4.52596e-05
4.31077e-05
4.13319e-05
4.1118e-05
4.20369e-05
4.43061e-05
4.72309e-05
4.95753e-05
5.11699e-05
5.22964e-05
5.29719e-05
5.34288e-05
5.34958e-05
5.36369e-05
5.38142e-05
5.42126e-05
5.48139e-05
5.5547e-05
5.64252e-05
5.76943e-05
5.92693e-05
6.15153e-05
6.24758e-05
6.06727e-05
5.49591e-05
4.80996e-05
4.23329e-05
3.82512e-05
3.51394e-05
3.35457e-05
3.29965e-05
3.26503e-05
3.25467e-05
3.26063e-05
3.26091e-05
3.26799e-05
3.28288e-05
3.33988e-05
3.46031e-05
3.69951e-05
3.99319e-05
4.64103e-05
2.62756e-05
2.62756e-05
2.62756e-05
2.62756e-05
2.62756e-05
2.62756e-05
2.62756e-05
2.62756e-05
2.62756e-05
2.62756e-05
2.62756e-05
2.62756e-05
2.62756e-05
2.62756e-05
2.62757e-05
2.62761e-05
2.62775e-05
2.62824e-05
2.62991e-05
2.63546e-05
2.65346e-05
2.70989e-05
2.86903e-05
3.19944e-05
3.67274e-05
4.09459e-05
4.35859e-05
4.45959e-05
4.43608e-05
4.30825e-05
4.0894e-05
3.98194e-05
4.01876e-05
4.23932e-05
4.71476e-05
5.33282e-05
5.89539e-05
6.22964e-05
6.2929e-05
6.25713e-05
6.20971e-05
6.09608e-05
5.78662e-05
5.30665e-05
4.86869e-05
4.57755e-05
4.39641e-05
4.30816e-05
4.30071e-05
4.2494e-05
4.22156e-05
4.21248e-05
4.17081e-05
4.17858e-05
4.19827e-05
4.24774e-05
4.32958e-05
4.3923e-05
4.3646e-05
4.23914e-05
4.02101e-05
3.98852e-05
4.09167e-05
4.38948e-05
4.75026e-05
4.98699e-05
5.08219e-05
5.10607e-05
5.08853e-05
5.05516e-05
5.0379e-05
5.0387e-05
5.07139e-05
5.159e-05
5.27564e-05
5.35874e-05
5.42203e-05
5.50196e-05
5.63472e-05
5.73693e-05
5.50784e-05
4.71961e-05
3.80358e-05
3.34849e-05
3.09651e-05
2.95428e-05
2.8674e-05
2.83661e-05
2.83693e-05
2.84082e-05
2.85345e-05
2.87945e-05
2.91214e-05
2.94869e-05
2.99056e-05
3.05549e-05
3.15883e-05
3.32982e-05
3.55109e-05
4.05927e-05
2.62756e-05
2.62756e-05
2.62756e-05
2.62756e-05
2.62756e-05
2.62756e-05
2.62756e-05
2.62756e-05
2.62756e-05
2.62756e-05
2.62756e-05
2.62756e-05
2.62756e-05
2.62756e-05
2.62757e-05
2.6276e-05
2.6277e-05
2.62806e-05
2.62927e-05
2.63331e-05
2.64648e-05
2.688e-05
2.81304e-05
3.09701e-05
3.53509e-05
3.95132e-05
4.22464e-05
4.301e-05
4.27076e-05
4.12528e-05
3.88554e-05
3.80776e-05
3.88915e-05
4.22228e-05
4.86029e-05
5.58433e-05
6.13049e-05
6.3336e-05
6.30235e-05
6.21656e-05
6.07439e-05
5.74581e-05
5.13624e-05
4.48168e-05
4.0062e-05
3.74446e-05
3.59613e-05
3.51943e-05
3.51506e-05
3.5012e-05
3.50031e-05
3.5119e-05
3.50484e-05
3.51913e-05
3.54435e-05
3.60948e-05
3.7328e-05
3.89921e-05
4.00764e-05
3.98415e-05
3.85756e-05
3.82911e-05
3.95008e-05
4.3197e-05
4.77699e-05
5.0127e-05
5.05126e-05
5.01935e-05
4.94909e-05
4.91672e-05
4.93053e-05
4.98685e-05
5.09651e-05
5.24576e-05
5.37755e-05
5.41667e-05
5.39585e-05
5.38322e-05
5.36372e-05
5.07483e-05
4.15372e-05
3.36242e-05
3.00212e-05
2.86224e-05
2.78833e-05
2.7442e-05
2.71521e-05
2.70821e-05
2.7113e-05
2.71908e-05
2.73634e-05
2.76668e-05
2.80375e-05
2.84078e-05
2.87932e-05
2.93404e-05
3.01725e-05
3.13948e-05
3.27955e-05
3.57562e-05
2.62756e-05
2.62756e-05
2.62756e-05
2.62756e-05
2.62756e-05
2.62756e-05
2.62756e-05
2.62756e-05
2.62756e-05
2.62756e-05
2.62756e-05
2.62756e-05
2.62756e-05
2.62756e-05
2.62756e-05
2.62758e-05
2.62763e-05
2.62782e-05
2.62848e-05
2.63069e-05
2.63804e-05
2.66182e-05
2.73609e-05
2.93638e-05
3.30149e-05
3.72385e-05
4.03284e-05
4.10974e-05
4.08039e-05
3.92604e-05
3.6663e-05
3.61855e-05
3.76243e-05
4.24184e-05
5.05256e-05
5.83035e-05
6.28128e-05
6.34296e-05
6.25563e-05
6.06135e-05
5.66138e-05
4.93824e-05
4.1368e-05
3.62857e-05
3.38773e-05
3.24e-05
3.13481e-05
3.05911e-05
3.01439e-05
2.98502e-05
2.9745e-05
2.98125e-05
2.98937e-05
3.0037e-05
3.02222e-05
3.06513e-05
3.15419e-05
3.31089e-05
3.49678e-05
3.56976e-05
3.56547e-05
3.58677e-05
3.74019e-05
4.16321e-05
4.71881e-05
4.99618e-05
5.01431e-05
4.96257e-05
4.8956e-05
4.90441e-05
4.95434e-05
5.09835e-05
5.36375e-05
5.61601e-05
5.68853e-05
5.62336e-05
5.39454e-05
5.18227e-05
4.65492e-05
3.7527e-05
3.11998e-05
2.93615e-05
2.86175e-05
2.80914e-05
2.75961e-05
2.71239e-05
2.67892e-05
2.67312e-05
2.67529e-05
2.68252e-05
2.69782e-05
2.72186e-05
2.7497e-05
2.77783e-05
2.81026e-05
2.85616e-05
2.9264e-05
3.03252e-05
3.15635e-05
3.39266e-05
2.62756e-05
2.62756e-05
2.62756e-05
2.62756e-05
2.62756e-05
2.62756e-05
2.62756e-05
2.62756e-05
2.62756e-05
2.62756e-05
2.62756e-05
2.62756e-05
2.62756e-05
2.62756e-05
2.62756e-05
2.62757e-05
2.62759e-05
2.62769e-05
2.62801e-05
2.6291e-05
2.63273e-05
2.64453e-05
2.68184e-05
2.7953e-05
3.04667e-05
3.41627e-05
3.76206e-05
3.87814e-05
3.85713e-05
3.71195e-05
3.44666e-05
3.42401e-05
3.6358e-05
4.28525e-05
5.24906e-05
6.02364e-05
6.32648e-05
6.29349e-05
6.07359e-05
5.55907e-05
4.67596e-05
3.86002e-05
3.47454e-05
3.30849e-05
3.19776e-05
3.08241e-05
2.9835e-05
2.90702e-05
2.84828e-05
2.8016e-05
2.76727e-05
2.75034e-05
2.74971e-05
2.75402e-05
2.76256e-05
2.78219e-05
2.82711e-05
2.92174e-05
3.0665e-05
3.19165e-05
3.25916e-05
3.32726e-05
3.50949e-05
3.94167e-05
4.55794e-05
4.93063e-05
4.96556e-05
4.91096e-05
4.87151e-05
4.91444e-05
5.05592e-05
5.38315e-05
5.82607e-05
6.04148e-05
5.9959e-05
5.64123e-05
5.1523e-05
4.41676e-05
3.41937e-05
3.0415e-05
2.94993e-05
2.90592e-05
2.87044e-05
2.82728e-05
2.77487e-05
2.71922e-05
2.67515e-05
2.66102e-05
2.66122e-05
2.66419e-05
2.67284e-05
2.68875e-05
2.71199e-05
2.74416e-05
2.78315e-05
2.8267e-05
2.87979e-05
2.95723e-05
3.05592e-05
3.27757e-05
2.62756e-05
2.62756e-05
2.62756e-05
2.62756e-05
2.62756e-05
2.62756e-05
2.62756e-05
2.62756e-05
2.62756e-05
2.62756e-05
2.62756e-05
2.62756e-05
2.62756e-05
2.62756e-05
2.62756e-05
2.62756e-05
2.62757e-05
2.6276e-05
2.62771e-05
2.62809e-05
2.62938e-05
2.63373e-05
2.64807e-05
2.69348e-05
2.82245e-05
3.0746e-05
3.39805e-05
3.56467e-05
3.55425e-05
3.42785e-05
3.21304e-05
3.23027e-05
3.52341e-05
4.32006e-05
5.37379e-05
6.09784e-05
6.2905e-05
6.13144e-05
5.54358e-05
4.57371e-05
3.83554e-05
3.58413e-05
3.47382e-05
3.36318e-05
3.20537e-05
3.03068e-05
2.90605e-05
2.83221e-05
2.78274e-05
2.74032e-05
2.70302e-05
2.67788e-05
2.66906e-05
2.6693e-05
2.67138e-05
2.67784e-05
2.69517e-05
2.73914e-05
2.81904e-05
2.91685e-05
3.00287e-05
3.09546e-05
3.28e-05
3.67806e-05
4.29005e-05
4.77491e-05
4.84708e-05
4.80678e-05
4.80709e-05
4.90833e-05
5.21575e-05
5.73448e-05
6.21945e-05
6.27994e-05
6.02812e-05
5.32495e-05
4.31128e-05
3.35461e-05
3.0165e-05
2.93925e-05
2.89453e-05
2.86138e-05
2.83063e-05
2.79819e-05
2.76113e-05
2.71822e-05
2.67599e-05
2.65397e-05
2.65133e-05
2.65258e-05
2.65865e-05
2.67339e-05
2.69993e-05
2.74038e-05
2.79226e-05
2.83974e-05
2.88232e-05
2.93709e-05
3.01397e-05
3.24255e-05
2.62756e-05
2.62756e-05
2.62756e-05
2.62756e-05
2.62756e-05
2.62756e-05
2.62756e-05
2.62756e-05
2.62756e-05
2.62756e-05
2.62756e-05
2.62756e-05
2.62756e-05
2.62756e-05
2.62756e-05
2.62756e-05
2.62756e-05
2.62757e-05
2.6276e-05
2.62771e-05
2.62809e-05
2.62942e-05
2.63389e-05
2.64862e-05
2.69609e-05
2.81959e-05
3.03139e-05
3.16756e-05
3.15986e-05
3.0653e-05
2.98041e-05
3.07697e-05
3.44544e-05
4.35905e-05
5.41326e-05
6.05433e-05
6.15647e-05
5.72327e-05
4.69484e-05
3.98164e-05
3.78086e-05
3.71148e-05
3.6657e-05
3.5007e-05
3.22979e-05
2.96783e-05
2.80562e-05
2.74382e-05
2.71808e-05
2.6985e-05
2.67649e-05
2.65518e-05
2.64346e-05
2.64151e-05
2.64186e-05
2.64387e-05
2.65058e-05
2.66942e-05
2.70598e-05
2.75924e-05
2.82393e-05
2.90938e-05
3.07027e-05
3.3996e-05
3.93243e-05
4.44904e-05
4.62634e-05
4.63226e-05
4.68524e-05
4.90483e-05
5.40454e-05
6.05608e-05
6.40084e-05
6.29912e-05
5.81521e-05
4.54151e-05
3.39928e-05
3.00984e-05
2.85582e-05
2.78753e-05
2.75216e-05
2.73559e-05
2.727e-05
2.72041e-05
2.71076e-05
2.69542e-05
2.67101e-05
2.64953e-05
2.64491e-05
2.64599e-05
2.6523e-05
2.66868e-05
2.70015e-05
2.75161e-05
2.82288e-05
2.89538e-05
2.94037e-05
2.9772e-05
3.03956e-05
3.24603e-05
2.62756e-05
2.62756e-05
2.62756e-05
2.62756e-05
2.62756e-05
2.62756e-05
2.62756e-05
2.62756e-05
2.62756e-05
2.62756e-05
2.62756e-05
2.62756e-05
2.62756e-05
2.62756e-05
2.62756e-05
2.62756e-05
2.62756e-05
2.62756e-05
2.62757e-05
2.6276e-05
2.6277e-05
2.62807e-05
2.62935e-05
2.6336e-05
2.64736e-05
2.68337e-05
2.75587e-05
2.81332e-05
2.81166e-05
2.79297e-05
2.81149e-05
2.97281e-05
3.48611e-05
4.49185e-05
5.42441e-05
5.89202e-05
5.76836e-05
4.95358e-05
4.1351e-05
3.94955e-05
3.9209e-05
3.95873e-05
3.89786e-05
3.69573e-05
3.33821e-05
2.96099e-05
2.75175e-05
2.68556e-05
2.66812e-05
2.66027e-05
2.65278e-05
2.64333e-05
2.63511e-05
2.63237e-05
2.63234e-05
2.63296e-05
2.63568e-05
2.64375e-05
2.65981e-05
2.68563e-05
2.72423e-05
2.78459e-05
2.90094e-05
3.13983e-05
3.55445e-05
4.03993e-05
4.32366e-05
4.42356e-05
4.56861e-05
4.95153e-05
5.62762e-05
6.27996e-05
6.38178e-05
6.15636e-05
5.13687e-05
3.65633e-05
3.06515e-05
2.84129e-05
2.74265e-05
2.70925e-05
2.69168e-05
2.67931e-05
2.67407e-05
2.67407e-05
2.67273e-05
2.66793e-05
2.65621e-05
2.64306e-05
2.63984e-05
2.64097e-05
2.64754e-05
2.66534e-05
2.69951e-05
2.75415e-05
2.83089e-05
2.92566e-05
3.00581e-05
3.0539e-05
3.10591e-05
3.3001e-05
2.62756e-05
2.62756e-05
2.62756e-05
2.62756e-05
2.62756e-05
2.62756e-05
2.62756e-05
2.62756e-05
2.62756e-05
2.62756e-05
2.62756e-05
2.62756e-05
2.62756e-05
2.62756e-05
2.62756e-05
2.62756e-05
2.62756e-05
2.62756e-05
2.62756e-05
2.62757e-05
2.62759e-05
2.62769e-05
2.62802e-05
2.62912e-05
2.63242e-05
2.63972e-05
2.65088e-05
2.66095e-05
2.66884e-05
2.68103e-05
2.73224e-05
2.91032e-05
3.45059e-05
4.44774e-05
5.23933e-05
5.42168e-05
5.15624e-05
4.39384e-05
4.06174e-05
4.0327e-05
4.10204e-05
4.10091e-05
4.03677e-05
3.85434e-05
3.47077e-05
2.99239e-05
2.73007e-05
2.66166e-05
2.64605e-05
2.64125e-05
2.63807e-05
2.6345e-05
2.63101e-05
2.62932e-05
2.62919e-05
2.62942e-05
2.63054e-05
2.63402e-05
2.64175e-05
2.65664e-05
2.68286e-05
2.72633e-05
2.808e-05
2.98052e-05
3.31267e-05
3.75997e-05
4.0783e-05
4.2394e-05
4.47309e-05
4.99005e-05
5.77275e-05
6.29647e-05
6.27234e-05
5.78652e-05
4.21679e-05
3.21693e-05
2.91516e-05
2.76856e-05
2.7155e-05
2.69181e-05
2.67598e-05
2.66339e-05
2.65447e-05
2.65216e-05
2.651e-05
2.64856e-05
2.64247e-05
2.63597e-05
2.63489e-05
2.63588e-05
2.64106e-05
2.65471e-05
2.68151e-05
2.7288e-05
2.80841e-05
2.92329e-05
3.05234e-05
3.14576e-05
3.1974e-05
3.38301e-05
2.62756e-05
2.62756e-05
2.62756e-05
2.62756e-05
2.62756e-05
2.62756e-05
2.62756e-05
2.62756e-05
2.62756e-05
2.62756e-05
2.62756e-05
2.62756e-05
2.62756e-05
2.62756e-05
2.62756e-05
2.62756e-05
2.62756e-05
2.62756e-05
2.62756e-05
2.62756e-05
2.62756e-05
2.62758e-05
2.62764e-05
2.62784e-05
2.62835e-05
2.62939e-05
2.63113e-05
2.63359e-05
2.63771e-05
2.64963e-05
2.69263e-05
2.83813e-05
3.28126e-05
4.20097e-05
4.94976e-05
4.95685e-05
4.58908e-05
4.15901e-05
4.07102e-05
4.10499e-05
4.13878e-05
4.1251e-05
4.07554e-05
3.92221e-05
3.54577e-05
3.01706e-05
2.71571e-05
2.64938e-05
2.63592e-05
2.63282e-05
2.63152e-05
2.63029e-05
2.629e-05
2.62822e-05
2.62813e-05
2.62826e-05
2.62881e-05
2.63057e-05
2.63569e-05
2.64882e-05
2.67544e-05
2.71966e-05
2.79913e-05
2.96885e-05
3.28802e-05
3.67935e-05
3.92793e-05
4.07337e-05
4.33287e-05
4.92455e-05
5.77016e-05
6.16637e-05
6.01195e-05
5.04054e-05
3.52142e-05
3.05538e-05
2.85173e-05
2.75962e-05
2.73725e-05
2.7193e-05
2.68993e-05
2.66308e-05
2.6489e-05
2.64196e-05
2.63919e-05
2.63693e-05
2.63359e-05
2.63118e-05
2.63108e-05
2.6318e-05
2.63488e-05
2.64274e-05
2.65919e-05
2.69251e-05
2.76157e-05
2.88925e-05
3.07756e-05
3.27474e-05
3.35282e-05
3.52888e-05
2.62756e-05
2.62756e-05
2.62756e-05
2.62756e-05
2.62756e-05
2.62756e-05
2.62756e-05
2.62756e-05
2.62756e-05
2.62756e-05
2.62756e-05
2.62756e-05
2.62756e-05
2.62756e-05
2.62756e-05
2.62756e-05
2.62756e-05
2.62756e-05
2.62756e-05
2.62756e-05
2.62756e-05
2.62756e-05
2.62757e-05
2.62759e-05
2.62764e-05
2.62778e-05
2.62808e-05
2.62876e-05
2.63044e-05
2.63767e-05
2.66349e-05
2.75203e-05
3.03002e-05
3.72942e-05
4.58225e-05
4.72113e-05
4.519e-05
4.17931e-05
4.08498e-05
4.09489e-05
4.10836e-05
4.10383e-05
4.06173e-05
3.91382e-05
3.47716e-05
2.93121e-05
2.68881e-05
2.64074e-05
2.63136e-05
2.62936e-05
2.6288e-05
2.62842e-05
2.62803e-05
2.62778e-05
2.62777e-05
2.62788e-05
2.62832e-05
2.62979e-05
2.63449e-05
2.64924e-05
2.69138e-05
2.7725e-05
2.88285e-05
3.06965e-05
3.38471e-05
3.66503e-05
3.77183e-05
3.84295e-05
4.0475e-05
4.62722e-05
5.57623e-05
5.8565e-05
5.38378e-05
4.11521e-05
3.33051e-05
3.032e-05
2.85278e-05
2.87004e-05
2.98907e-05
2.98136e-05
2.83282e-05
2.70181e-05
2.652e-05
2.63837e-05
2.63325e-05
2.63098e-05
2.62951e-05
2.62902e-05
2.62916e-05
2.62986e-05
2.63208e-05
2.63791e-05
2.65048e-05
2.67731e-05
2.74281e-05
2.89553e-05
3.1582e-05
3.4861e-05
3.65882e-05
3.84216e-05
2.62756e-05
2.62756e-05
2.62756e-05
2.62756e-05
2.62756e-05
2.62756e-05
2.62756e-05
2.62756e-05
2.62756e-05
2.62756e-05
2.62756e-05
2.62756e-05
2.62756e-05
2.62756e-05
2.62756e-05
2.62756e-05
2.62756e-05
2.62756e-05
2.62756e-05
2.62756e-05
2.62756e-05
2.62756e-05
2.62756e-05
2.62756e-05
2.62756e-05
2.62758e-05
2.62763e-05
2.62779e-05
2.62836e-05
2.63076e-05
2.63968e-05
2.67114e-05
2.77569e-05
3.10221e-05
3.79469e-05
4.41623e-05
4.42811e-05
4.30884e-05
4.17652e-05
4.1381e-05
4.13058e-05
4.11069e-05
4.05382e-05
3.83913e-05
3.27823e-05
2.79839e-05
2.66008e-05
2.63423e-05
2.62918e-05
2.62814e-05
2.62792e-05
2.6278e-05
2.6277e-05
2.62763e-05
2.62764e-05
2.62775e-05
2.62818e-05
2.62967e-05
2.63474e-05
2.65131e-05
2.70352e-05
2.84075e-05
3.07073e-05
3.356e-05
3.5792e-05
3.60293e-05
3.52134e-05
3.45748e-05
3.51977e-05
3.87884e-05
4.84639e-05
5.49074e-05
5.15462e-05
4.07033e-05
3.38017e-05
3.04933e-05
3.04108e-05
3.28555e-05
3.66554e-05
3.6911e-05
3.32733e-05
2.85184e-05
2.67704e-05
2.63967e-05
2.63126e-05
2.6289e-05
2.62832e-05
2.62833e-05
2.62855e-05
2.62931e-05
2.63152e-05
2.63725e-05
2.6495e-05
2.67417e-05
2.73838e-05
2.92919e-05
3.36885e-05
3.88328e-05
4.00086e-05
3.97022e-05
2.62756e-05
2.62756e-05
2.62756e-05
2.62756e-05
2.62756e-05
2.62756e-05
2.62756e-05
2.62756e-05
2.62756e-05
2.62756e-05
2.62756e-05
2.62756e-05
2.62756e-05
2.62756e-05
2.62756e-05
2.62756e-05
2.62756e-05
2.62756e-05
2.62756e-05
2.62756e-05
2.62756e-05
2.62756e-05
2.62756e-05
2.62756e-05
2.62756e-05
2.62756e-05
2.62756e-05
2.62759e-05
2.62773e-05
2.62831e-05
2.63053e-05
2.63869e-05
2.6669e-05
2.7605e-05
3.02259e-05
3.56609e-05
4.0877e-05
4.17625e-05
4.14837e-05
4.11895e-05
4.0774e-05
3.99001e-05
3.81195e-05
3.39373e-05
2.91479e-05
2.68916e-05
2.63911e-05
2.62994e-05
2.6281e-05
2.62772e-05
2.62764e-05
2.62761e-05
2.62759e-05
2.62758e-05
2.62759e-05
2.62767e-05
2.62797e-05
2.62909e-05
2.63311e-05
2.64702e-05
2.69296e-05
2.83558e-05
3.13514e-05
3.47529e-05
3.56975e-05
3.51413e-05
3.27385e-05
3.02801e-05
3.01568e-05
3.15282e-05
3.76394e-05
4.87026e-05
4.97229e-05
4.39474e-05
3.66842e-05
3.28387e-05
3.41572e-05
3.83994e-05
4.35825e-05
4.41956e-05
4.02361e-05
3.15089e-05
2.72949e-05
2.64747e-05
2.6314e-05
2.62833e-05
2.62805e-05
2.62813e-05
2.62843e-05
2.62942e-05
2.63243e-05
2.64159e-05
2.66241e-05
2.69496e-05
2.7706e-05
3.00025e-05
3.58904e-05
4.05601e-05
4.04281e-05
3.87927e-05
2.62756e-05
2.62756e-05
2.62756e-05
2.62756e-05
2.62756e-05
2.62756e-05
2.62756e-05
2.62756e-05
2.62756e-05
2.62756e-05
2.62756e-05
2.62756e-05
2.62756e-05
2.62756e-05
2.62756e-05
2.62756e-05
2.62756e-05
2.62756e-05
2.62756e-05
2.62756e-05
2.62756e-05
2.62756e-05
2.62756e-05
2.62756e-05
2.62756e-05
2.62756e-05
2.62756e-05
2.62756e-05
2.62758e-05
2.62766e-05
2.62806e-05
2.62967e-05
2.63559e-05
2.65569e-05
2.71307e-05
2.8449e-05
3.06355e-05
3.40902e-05
3.67813e-05
3.67031e-05
3.58569e-05
3.34429e-05
2.9814e-05
2.7558e-05
2.68173e-05
2.64539e-05
2.63105e-05
2.62823e-05
2.6277e-05
2.62759e-05
2.62757e-05
2.62756e-05
2.62756e-05
2.62756e-05
2.62757e-05
2.6276e-05
2.62774e-05
2.62832e-05
2.63058e-05
2.63915e-05
2.66977e-05
2.77093e-05
3.04583e-05
3.36526e-05
3.41221e-05
3.31102e-05
3.0377e-05
2.79829e-05
2.77075e-05
2.81826e-05
3.06768e-05
3.8036e-05
4.64439e-05
4.63821e-05
4.39136e-05
4.02495e-05
4.11897e-05
4.42566e-05
4.80489e-05
4.80188e-05
4.40942e-05
3.40424e-05
2.79655e-05
2.66031e-05
2.63301e-05
2.62834e-05
2.62803e-05
2.62826e-05
2.62912e-05
2.63211e-05
2.63947e-05
2.65806e-05
2.7065e-05
2.76524e-05
2.83676e-05
3.03468e-05
3.55204e-05
3.98782e-05
3.98283e-05
3.8215e-05
2.62756e-05
2.62756e-05
2.62756e-05
2.62756e-05
2.62756e-05
2.62756e-05
2.62756e-05
2.62756e-05
2.62756e-05
2.62756e-05
2.62756e-05
2.62756e-05
2.62756e-05
2.62756e-05
2.62756e-05
2.62756e-05
2.62756e-05
2.62756e-05
2.62756e-05
2.62756e-05
2.62756e-05
2.62756e-05
2.62756e-05
2.62756e-05
2.62756e-05
2.62756e-05
2.62756e-05
2.62756e-05
2.62756e-05
2.62757e-05
2.6276e-05
2.62776e-05
2.62837e-05
2.6306e-05
2.63678e-05
2.64921e-05
2.6768e-05
2.75226e-05
2.82801e-05
2.7962e-05
2.73829e-05
2.68901e-05
2.65852e-05
2.64224e-05
2.63341e-05
2.62983e-05
2.62834e-05
2.62772e-05
2.62759e-05
2.62756e-05
2.62756e-05
2.62756e-05
2.62756e-05
2.62756e-05
2.62756e-05
2.62756e-05
2.6276e-05
2.62773e-05
2.62829e-05
2.63065e-05
2.64025e-05
2.67741e-05
2.81469e-05
2.95257e-05
2.93661e-05
2.84992e-05
2.73594e-05
2.67585e-05
2.67368e-05
2.69351e-05
2.78005e-05
3.0593e-05
3.73919e-05
4.31416e-05
4.51025e-05
4.58037e-05
4.74147e-05
4.98203e-05
5.03678e-05
4.92872e-05
4.47571e-05
3.45428e-05
2.84097e-05
2.67479e-05
2.63505e-05
2.62849e-05
2.62821e-05
2.62909e-05
2.6322e-05
2.64305e-05
2.66609e-05
2.7032e-05
2.79782e-05
2.88787e-05
2.94117e-05
3.07889e-05
3.462e-05
3.75058e-05
3.72004e-05
3.59027e-05
2.62756e-05
2.62756e-05
2.62756e-05
2.62756e-05
2.62756e-05
2.62756e-05
2.62756e-05
2.62756e-05
2.62756e-05
2.62756e-05
2.62756e-05
2.62756e-05
2.62756e-05
2.62756e-05
2.62756e-05
2.62756e-05
2.62756e-05
2.62756e-05
2.62756e-05
2.62756e-05
2.62756e-05
2.62756e-05
2.62756e-05
2.62756e-05
2.62756e-05
2.62756e-05
2.62756e-05
2.62756e-05
2.62756e-05
2.62756e-05
2.62756e-05
2.62757e-05
2.62761e-05
2.62776e-05
2.62813e-05
2.62882e-05
2.63088e-05
2.63595e-05
2.63835e-05
2.63523e-05
2.63195e-05
2.62978e-05
2.6286e-05
2.62802e-05
2.62775e-05
2.62763e-05
2.62758e-05
2.62757e-05
2.62756e-05
2.62756e-05
2.62756e-05
2.62756e-05
2.62756e-05
2.62756e-05
2.62756e-05
2.62756e-05
2.62756e-05
2.62757e-05
2.62765e-05
2.62803e-05
2.62956e-05
2.63512e-05
2.64809e-05
2.6561e-05
2.65076e-05
2.64271e-05
2.63749e-05
2.63552e-05
2.63765e-05
2.64516e-05
2.67056e-05
2.74861e-05
2.94679e-05
3.26793e-05
3.71484e-05
4.14588e-05
4.53673e-05
4.68458e-05
4.63236e-05
4.3769e-05
3.72772e-05
3.10862e-05
2.82401e-05
2.68634e-05
2.63636e-05
2.62856e-05
2.62838e-05
2.63087e-05
2.64306e-05
2.68661e-05
2.78315e-05
2.85293e-05
2.97597e-05
3.02784e-05
3.04159e-05
3.10662e-05
3.24962e-05
3.36566e-05
3.40039e-05
3.42699e-05
2.62756e-05
2.62756e-05
2.62756e-05
2.62756e-05
2.62756e-05
2.62756e-05
2.62756e-05
2.62756e-05
2.62756e-05
2.62756e-05
2.62756e-05
2.62756e-05
2.62756e-05
2.62756e-05
2.62756e-05
2.62756e-05
2.62756e-05
2.62756e-05
2.62756e-05
2.62756e-05
2.62756e-05
2.62756e-05
2.62756e-05
2.62756e-05
2.62756e-05
2.62756e-05
2.62756e-05
2.62756e-05
2.62756e-05
2.62756e-05
2.62756e-05
2.62756e-05
2.62756e-05
2.62757e-05
2.62758e-05
2.6276e-05
2.62769e-05
2.62785e-05
2.62788e-05
2.62776e-05
2.62766e-05
2.62761e-05
2.62758e-05
2.62757e-05
2.62756e-05
2.62756e-05
2.62756e-05
2.62756e-05
2.62756e-05
2.62756e-05
2.62756e-05
2.62756e-05
2.62756e-05
2.62756e-05
2.62756e-05
2.62756e-05
2.62756e-05
2.62756e-05
2.62756e-05
2.62757e-05
2.62763e-05
2.62785e-05
2.62827e-05
2.62844e-05
2.62829e-05
2.6281e-05
2.62805e-05
2.62833e-05
2.62928e-05
2.63156e-05
2.63808e-05
2.6566e-05
2.70126e-05
2.79046e-05
2.99583e-05
3.50803e-05
3.78788e-05
3.74074e-05
3.57153e-05
3.29361e-05
3.02447e-05
2.87823e-05
2.78551e-05
2.68875e-05
2.63588e-05
2.62855e-05
2.62893e-05
2.6328e-05
2.66957e-05
2.84e-05
3.16233e-05
3.15571e-05
3.15299e-05
3.15102e-05
3.1647e-05
3.29536e-05
3.52181e-05
3.67002e-05
3.58268e-05
3.48275e-05
2.62756e-05
2.62756e-05
2.62756e-05
2.62756e-05
2.62756e-05
2.62756e-05
2.62756e-05
2.62756e-05
2.62756e-05
2.62756e-05
2.62756e-05
2.62756e-05
2.62756e-05
2.62756e-05
2.62756e-05
2.62756e-05
2.62756e-05
2.62756e-05
2.62756e-05
2.62756e-05
2.62756e-05
2.62756e-05
2.62756e-05
2.62756e-05
2.62756e-05
2.62756e-05
2.62756e-05
2.62756e-05
2.62756e-05
2.62756e-05
2.62756e-05
2.62756e-05
2.62756e-05
2.62756e-05
2.62756e-05
2.62756e-05
2.62756e-05
2.62756e-05
2.62756e-05
2.62756e-05
2.62756e-05
2.62756e-05
2.62756e-05
2.62756e-05
2.62756e-05
2.62756e-05
2.62756e-05
2.62756e-05
2.62756e-05
2.62756e-05
2.62756e-05
2.62756e-05
2.62756e-05
2.62756e-05
2.62756e-05
2.62756e-05
2.62756e-05
2.62756e-05
2.62756e-05
2.62756e-05
2.62756e-05
2.62756e-05
2.62757e-05
2.62757e-05
2.62757e-05
2.62757e-05
2.62758e-05
2.62763e-05
2.62779e-05
2.6283e-05
2.62978e-05
2.63372e-05
2.64404e-05
2.66916e-05
2.73002e-05
2.83159e-05
2.82037e-05
2.80027e-05
2.79311e-05
2.79492e-05
2.79172e-05
2.77298e-05
2.72313e-05
2.65481e-05
2.62977e-05
2.62901e-05
2.63235e-05
2.63706e-05
2.70363e-05
3.14539e-05
3.47685e-05
3.52217e-05
3.49025e-05
3.49551e-05
3.44552e-05
3.5216e-05
3.97469e-05
4.39943e-05
3.92403e-05
3.59248e-05
2.62756e-05
2.62756e-05
2.62756e-05
2.62756e-05
2.62756e-05
2.62756e-05
2.62756e-05
2.62756e-05
2.62756e-05
2.62756e-05
2.62756e-05
2.62756e-05
2.62756e-05
2.62756e-05
2.62756e-05
2.62756e-05
2.62756e-05
2.62756e-05
2.62756e-05
2.62756e-05
2.62756e-05
2.62756e-05
2.62756e-05
2.62756e-05
2.62756e-05
2.62756e-05
2.62756e-05
2.62756e-05
2.62756e-05
2.62756e-05
2.62756e-05
2.62756e-05
2.62756e-05
2.62756e-05
2.62756e-05
2.62756e-05
2.62756e-05
2.62756e-05
2.62756e-05
2.62756e-05
2.62756e-05
2.62756e-05
2.62756e-05
2.62756e-05
2.62756e-05
2.62756e-05
2.62756e-05
2.62756e-05
2.62756e-05
2.62756e-05
2.62756e-05
2.62756e-05
2.62756e-05
2.62756e-05
2.62756e-05
2.62756e-05
2.62756e-05
2.62756e-05
2.62756e-05
2.62756e-05
2.62756e-05
2.62756e-05
2.62756e-05
2.62756e-05
2.62756e-05
2.62756e-05
2.62757e-05
2.6276e-05
2.6277e-05
2.62801e-05
2.62899e-05
2.63179e-05
2.63844e-05
2.65117e-05
2.66964e-05
2.69213e-05
2.72541e-05
2.77791e-05
2.79213e-05
2.77794e-05
2.75072e-05
2.69511e-05
2.64742e-05
2.63091e-05
2.62806e-05
2.63257e-05
2.64496e-05
2.64758e-05
2.64638e-05
2.75389e-05
2.88376e-05
3.17497e-05
3.38158e-05
3.33712e-05
3.07988e-05
3.36465e-05
4.03804e-05
4.67233e-05
4.38584e-05
3.96883e-05
2.62756e-05
2.62756e-05
2.62756e-05
2.62756e-05
2.62756e-05
2.62756e-05
2.62756e-05
2.62756e-05
2.62756e-05
2.62756e-05
2.62756e-05
2.62756e-05
2.62756e-05
2.62756e-05
2.62756e-05
2.62756e-05
2.62756e-05
2.62756e-05
2.62756e-05
2.62756e-05
2.62756e-05
2.62756e-05
2.62756e-05
2.62756e-05
2.62756e-05
2.62756e-05
2.62756e-05
2.62756e-05
2.62756e-05
2.62756e-05
2.62756e-05
2.62756e-05
2.62756e-05
2.62756e-05
2.62756e-05
2.62756e-05
2.62756e-05
2.62756e-05
2.62756e-05
2.62756e-05
2.62756e-05
2.62756e-05
2.62756e-05
2.62756e-05
2.62756e-05
2.62756e-05
2.62756e-05
2.62756e-05
2.62756e-05
2.62756e-05
2.62756e-05
2.62756e-05
2.62756e-05
2.62756e-05
2.62756e-05
2.62756e-05
2.62756e-05
2.62756e-05
2.62756e-05
2.62756e-05
2.62756e-05
2.62756e-05
2.62756e-05
2.62756e-05
2.62756e-05
2.62756e-05
2.62756e-05
2.62758e-05
2.62764e-05
2.62785e-05
2.62855e-05
2.63086e-05
2.6383e-05
2.66128e-05
2.70777e-05
2.75657e-05
2.76882e-05
2.76361e-05
2.73275e-05
2.67515e-05
2.64105e-05
2.63367e-05
2.6302e-05
2.62802e-05
2.62816e-05
2.64066e-05
2.66006e-05
2.67153e-05
2.68531e-05
2.70561e-05
2.72494e-05
2.83643e-05
3.29269e-05
4.00752e-05
4.36777e-05
4.52288e-05
4.56032e-05
4.45386e-05
4.18073e-05
3.89751e-05
)
;

boundaryField
{
    AXIS
    {
        type            empty;
    }
    OUTLET
    {
        type            calculated;
        value           nonuniform List<scalar> 
50
(
2.69526e-05
2.88344e-05
3.39555e-05
4.0505e-05
4.76095e-05
5.37135e-05
5.85575e-05
6.22321e-05
6.44153e-05
6.48097e-05
6.40996e-05
6.35669e-05
6.43497e-05
6.64923e-05
7.04142e-05
7.57387e-05
8.12436e-05
8.45516e-05
8.55455e-05
8.64807e-05
8.86695e-05
9.29183e-05
9.72315e-05
9.95321e-05
9.87633e-05
9.31562e-05
8.36884e-05
7.2435e-05
6.21955e-05
5.39141e-05
4.64103e-05
4.05927e-05
3.57562e-05
3.39266e-05
3.27757e-05
3.24255e-05
3.24603e-05
3.3001e-05
3.38301e-05
3.52888e-05
3.84216e-05
3.97022e-05
3.87927e-05
3.8215e-05
3.59027e-05
3.42699e-05
3.48275e-05
2.62756e-05
3.96883e-05
2.62756e-05
)
;
    }
    COFLOW
    {
        type            calculated;
        value           nonuniform List<scalar> 
30
(
2.62756e-05
2.62756e-05
2.62756e-05
2.62756e-05
2.62756e-05
2.62756e-05
2.62756e-05
2.62756e-05
2.62756e-05
2.62756e-05
2.62756e-05
2.62756e-05
2.62756e-05
2.62756e-05
2.62756e-05
2.62756e-05
2.62756e-05
2.62756e-05
2.62756e-05
2.62756e-05
2.62756e-05
2.62756e-05
2.62756e-05
2.62756e-05
2.62756e-05
2.62756e-05
2.62756e-05
2.62756e-05
2.62756e-05
2.62756e-05
)
;
    }
    PILOT
    {
        type            calculated;
        value           nonuniform List<scalar> 10(8.83918e-05 9.61851e-05 0.000100049 0.000100126 0.000100126 0.000100126 0.000100126 0.000100126 0.000100105 9.88041e-05);
    }
    FUEL
    {
        type            calculated;
        value           nonuniform List<scalar> 10(2.61542e-05 2.61542e-05 2.61542e-05 2.61542e-05 2.61542e-05 2.61542e-05 2.61542e-05 2.61542e-05 2.61542e-05 2.61542e-05);
    }
    WALL
    {
        type            calculated;
        value           nonuniform List<scalar> 
100
(
2.62756e-05
2.62756e-05
2.62756e-05
2.62756e-05
2.62756e-05
2.62756e-05
2.62756e-05
2.62756e-05
2.62756e-05
2.62756e-05
2.62756e-05
2.62756e-05
2.62756e-05
2.62756e-05
2.62756e-05
2.62756e-05
2.62756e-05
2.62756e-05
2.62756e-05
2.62756e-05
2.62756e-05
2.62756e-05
2.62756e-05
2.62756e-05
2.62756e-05
2.62756e-05
2.62756e-05
2.62756e-05
2.62756e-05
2.62756e-05
2.62756e-05
2.62756e-05
2.62756e-05
2.62756e-05
2.62756e-05
2.62756e-05
2.62756e-05
2.62756e-05
2.62756e-05
2.62756e-05
2.62756e-05
2.62756e-05
2.62756e-05
2.62756e-05
2.62756e-05
2.62756e-05
2.62756e-05
2.62756e-05
2.62756e-05
2.62756e-05
2.62756e-05
2.62756e-05
2.62756e-05
2.62756e-05
2.62756e-05
2.62756e-05
2.62756e-05
2.62756e-05
2.62756e-05
2.62756e-05
2.62756e-05
2.62756e-05
2.62756e-05
2.62756e-05
2.62756e-05
2.62756e-05
2.62756e-05
2.62758e-05
2.62764e-05
2.62785e-05
2.62855e-05
2.63086e-05
2.6383e-05
2.66128e-05
2.70777e-05
2.75657e-05
2.76882e-05
2.76361e-05
2.73275e-05
2.67515e-05
2.64105e-05
2.63367e-05
2.6302e-05
2.62802e-05
2.62816e-05
2.64066e-05
2.66006e-05
2.67153e-05
2.68531e-05
2.70561e-05
2.72494e-05
2.83643e-05
3.29269e-05
4.00752e-05
4.36777e-05
4.52288e-05
4.56032e-05
4.45386e-05
4.18073e-05
3.89751e-05
)
;
    }
    front
    {
        type            wedge;
    }
    back
    {
        type            wedge;
    }
}


// ************************************************************************* //
