/*--------------------------------*- C++ -*----------------------------------*\
| =========                 |                                                 |
| \\      /  F ield         | OpenFOAM: The Open Source CFD Toolbox           |
|  \\    /   O peration     | Version:  2.3.0                                 |
|   \\  /    A nd           | Web:      www.OpenFOAM.org                      |
|    \\/     M anipulation  |                                                 |
\*---------------------------------------------------------------------------*/
FoamFile
{
    version     2.0;
    format      ascii;
    class       volScalarField;
    location    "0.05";
    object      thermo:psi;
}
// * * * * * * * * * * * * * * * * * * * * * * * * * * * * * * * * * * * * * //

dimensions      [0 -2 2 0 0 0 0];

internalField   nonuniform List<scalar> 
5000
(
1.04958e-05
1.04958e-05
1.04958e-05
1.04958e-05
1.04958e-05
1.04958e-05
1.04958e-05
1.04958e-05
1.04958e-05
1.04958e-05
1.04958e-05
1.04958e-05
1.04958e-05
1.04958e-05
1.04958e-05
1.04958e-05
1.04958e-05
1.04958e-05
1.04958e-05
1.04958e-05
1.04958e-05
1.04958e-05
1.04958e-05
1.04958e-05
1.04958e-05
1.04958e-05
1.04958e-05
1.04958e-05
1.04958e-05
1.04958e-05
1.04958e-05
1.04958e-05
1.04958e-05
1.04958e-05
1.04958e-05
1.04958e-05
1.04958e-05
1.04958e-05
1.04958e-05
1.04958e-05
1.04958e-05
1.04958e-05
1.04958e-05
1.04958e-05
1.04958e-05
1.04958e-05
1.04958e-05
1.04958e-05
1.04958e-05
1.04958e-05
1.04957e-05
1.04956e-05
1.04953e-05
1.04948e-05
1.04931e-05
1.04887e-05
1.04788e-05
1.04595e-05
1.04277e-05
1.03787e-05
1.03057e-05
1.02038e-05
1.00761e-05
9.94375e-06
9.82638e-06
9.74449e-06
9.78329e-06
9.92065e-06
1.00716e-05
1.01991e-05
1.03005e-05
1.03686e-05
1.04236e-05
1.04582e-05
1.046e-05
1.04553e-05
1.04462e-05
1.04316e-05
1.04097e-05
1.03765e-05
1.03305e-05
1.02776e-05
1.02293e-05
1.01808e-05
1.01222e-05
1.00547e-05
9.97381e-06
9.8732e-06
9.78662e-06
9.80562e-06
9.92361e-06
1.01327e-05
1.02528e-05
1.02637e-05
1.02564e-05
1.02382e-05
1.02119e-05
1.01798e-05
1.01437e-05
1.0105e-05
1.04958e-05
1.04958e-05
1.04958e-05
1.04958e-05
1.04958e-05
1.04958e-05
1.04958e-05
1.04958e-05
1.04958e-05
1.04958e-05
1.04958e-05
1.04958e-05
1.04958e-05
1.04958e-05
1.04958e-05
1.04958e-05
1.04958e-05
1.04958e-05
1.04958e-05
1.04958e-05
1.04958e-05
1.04958e-05
1.04958e-05
1.04958e-05
1.04958e-05
1.04958e-05
1.04958e-05
1.04958e-05
1.04958e-05
1.04958e-05
1.04958e-05
1.04958e-05
1.04958e-05
1.04958e-05
1.04958e-05
1.04957e-05
1.04956e-05
1.04954e-05
1.0495e-05
1.04946e-05
1.04947e-05
1.0495e-05
1.04953e-05
1.04955e-05
1.04955e-05
1.04954e-05
1.04951e-05
1.04946e-05
1.04945e-05
1.04946e-05
1.04946e-05
1.04941e-05
1.04925e-05
1.04891e-05
1.04803e-05
1.04549e-05
1.03991e-05
1.03006e-05
1.01528e-05
9.945e-06
9.6529e-06
9.25331e-06
8.76245e-06
8.21946e-06
7.6494e-06
7.0709e-06
6.70153e-06
6.70421e-06
6.98736e-06
7.85622e-06
8.81902e-06
9.57133e-06
1.01692e-05
1.0352e-05
1.03557e-05
1.03423e-05
1.03078e-05
1.02442e-05
1.01412e-05
9.98501e-06
9.77743e-06
9.56111e-06
9.42002e-06
9.355e-06
9.29951e-06
9.21987e-06
9.12212e-06
9.02036e-06
9.01977e-06
9.0969e-06
9.33574e-06
9.70529e-06
9.79824e-06
9.76745e-06
9.66962e-06
9.54553e-06
9.46237e-06
9.41664e-06
9.37722e-06
9.29615e-06
1.04958e-05
1.04958e-05
1.04958e-05
1.04958e-05
1.04958e-05
1.04958e-05
1.04958e-05
1.04958e-05
1.04958e-05
1.04958e-05
1.04958e-05
1.04958e-05
1.04958e-05
1.04958e-05
1.04958e-05
1.04958e-05
1.04958e-05
1.04958e-05
1.04958e-05
1.04958e-05
1.04958e-05
1.04958e-05
1.04958e-05
1.04958e-05
1.04958e-05
1.04958e-05
1.04958e-05
1.04958e-05
1.04958e-05
1.04958e-05
1.04958e-05
1.04958e-05
1.04958e-05
1.04957e-05
1.04954e-05
1.04945e-05
1.04917e-05
1.04859e-05
1.04754e-05
1.04644e-05
1.04653e-05
1.04749e-05
1.04831e-05
1.04875e-05
1.04886e-05
1.04853e-05
1.04766e-05
1.04633e-05
1.04569e-05
1.04633e-05
1.04712e-05
1.04772e-05
1.0478e-05
1.04707e-05
1.0449e-05
1.03786e-05
1.02177e-05
9.93793e-06
9.54315e-06
9.06132e-06
8.50435e-06
7.91537e-06
7.33203e-06
6.78957e-06
6.29034e-06
5.8193e-06
5.35867e-06
4.91089e-06
4.76549e-06
4.91526e-06
5.7958e-06
7.9332e-06
9.67447e-06
1.00689e-05
1.00742e-05
1.00286e-05
9.91195e-06
9.71499e-06
9.40678e-06
8.96176e-06
8.39424e-06
7.83096e-06
7.46054e-06
7.30994e-06
7.19308e-06
6.92802e-06
6.78779e-06
6.88404e-06
7.17482e-06
7.65859e-06
8.42038e-06
9.0146e-06
9.03387e-06
8.8947e-06
8.5795e-06
8.22498e-06
7.96594e-06
7.80207e-06
7.71327e-06
7.56027e-06
1.04958e-05
1.04958e-05
1.04958e-05
1.04958e-05
1.04958e-05
1.04958e-05
1.04958e-05
1.04958e-05
1.04958e-05
1.04958e-05
1.04958e-05
1.04958e-05
1.04958e-05
1.04958e-05
1.04958e-05
1.04958e-05
1.04958e-05
1.04958e-05
1.04958e-05
1.04958e-05
1.04958e-05
1.04958e-05
1.04958e-05
1.04958e-05
1.04958e-05
1.04958e-05
1.04958e-05
1.04956e-05
1.04951e-05
1.04942e-05
1.0494e-05
1.04948e-05
1.04952e-05
1.0495e-05
1.04939e-05
1.04903e-05
1.04762e-05
1.04277e-05
1.02764e-05
9.99347e-06
9.97948e-06
1.01225e-05
1.0263e-05
1.03479e-05
1.04023e-05
1.04121e-05
1.03785e-05
1.01944e-05
9.95258e-06
9.98474e-06
1.00998e-05
1.02298e-05
1.03461e-05
1.03978e-05
1.03611e-05
1.01871e-05
9.81974e-06
9.29756e-06
8.70575e-06
8.10236e-06
7.51556e-06
6.96917e-06
6.46272e-06
5.99385e-06
5.56169e-06
5.15725e-06
4.76947e-06
4.36258e-06
3.9257e-06
3.83131e-06
4.11292e-06
5.55409e-06
8.41168e-06
9.5217e-06
9.53324e-06
9.36917e-06
9.03572e-06
8.59623e-06
8.09177e-06
7.51506e-06
6.88961e-06
6.28936e-06
5.81079e-06
5.49182e-06
5.2067e-06
4.74454e-06
4.45473e-06
4.54346e-06
4.85914e-06
5.55386e-06
6.87369e-06
8.0624e-06
8.16083e-06
8.01761e-06
7.64861e-06
7.1911e-06
6.78348e-06
6.44549e-06
6.2062e-06
5.9676e-06
1.04958e-05
1.04958e-05
1.04958e-05
1.04958e-05
1.04958e-05
1.04958e-05
1.04958e-05
1.04958e-05
1.04958e-05
1.04958e-05
1.04958e-05
1.04958e-05
1.04958e-05
1.04958e-05
1.04958e-05
1.04958e-05
1.04958e-05
1.04958e-05
1.04958e-05
1.04958e-05
1.04958e-05
1.04958e-05
1.04958e-05
1.04958e-05
1.04958e-05
1.04956e-05
1.04948e-05
1.0492e-05
1.04834e-05
1.04662e-05
1.04612e-05
1.04755e-05
1.04849e-05
1.04888e-05
1.04872e-05
1.04765e-05
1.04285e-05
1.0266e-05
9.78585e-06
8.85519e-06
8.09601e-06
8.1605e-06
8.69583e-06
9.47444e-06
9.95083e-06
1.0153e-05
1.01199e-05
9.8296e-06
9.13573e-06
8.71507e-06
8.81205e-06
9.25135e-06
9.90198e-06
1.02252e-05
1.01859e-05
9.90308e-06
9.32919e-06
8.60056e-06
7.85892e-06
7.19603e-06
6.61048e-06
6.0827e-06
5.59555e-06
5.13423e-06
4.69142e-06
4.27846e-06
3.92138e-06
3.61819e-06
3.31681e-06
3.15382e-06
3.25355e-06
3.96906e-06
6.50925e-06
8.78964e-06
8.91721e-06
8.65309e-06
8.09881e-06
7.45922e-06
6.85715e-06
6.28011e-06
5.70327e-06
5.14297e-06
4.63035e-06
4.226e-06
3.89217e-06
3.49539e-06
3.22767e-06
3.24561e-06
3.39184e-06
3.85503e-06
5.07574e-06
6.76339e-06
7.10464e-06
6.99914e-06
6.67213e-06
6.22429e-06
5.79906e-06
5.42576e-06
5.11994e-06
4.73958e-06
1.04958e-05
1.04958e-05
1.04958e-05
1.04958e-05
1.04958e-05
1.04958e-05
1.04958e-05
1.04958e-05
1.04958e-05
1.04958e-05
1.04958e-05
1.04958e-05
1.04958e-05
1.04958e-05
1.04958e-05
1.04958e-05
1.04958e-05
1.04958e-05
1.04958e-05
1.04958e-05
1.04958e-05
1.04958e-05
1.04957e-05
1.04955e-05
1.04948e-05
1.04922e-05
1.04836e-05
1.04588e-05
1.03694e-05
1.01206e-05
1.00016e-05
1.01884e-05
1.03322e-05
1.04083e-05
1.04411e-05
1.04321e-05
1.03524e-05
1.00719e-05
9.35192e-06
8.20208e-06
6.93069e-06
6.31257e-06
6.40477e-06
6.94986e-06
8.24787e-06
9.39235e-06
9.63167e-06
9.46659e-06
8.85249e-06
7.88063e-06
7.58201e-06
7.8453e-06
8.80163e-06
9.80705e-06
9.85768e-06
9.5141e-06
8.76419e-06
7.85478e-06
7.01561e-06
6.31953e-06
5.71115e-06
5.16416e-06
4.64979e-06
4.15076e-06
3.70445e-06
3.3431e-06
3.10135e-06
2.9489e-06
2.82158e-06
2.71688e-06
2.7485e-06
3.08613e-06
4.72169e-06
7.77806e-06
8.3529e-06
8.11639e-06
7.50553e-06
6.77444e-06
6.10095e-06
5.49062e-06
4.90674e-06
4.33246e-06
3.79733e-06
3.36587e-06
3.09976e-06
2.93483e-06
2.86511e-06
2.85122e-06
2.89928e-06
3.05671e-06
3.73179e-06
5.21642e-06
5.97708e-06
5.94633e-06
5.72961e-06
5.37378e-06
5.0063e-06
4.66435e-06
4.37505e-06
3.95809e-06
1.04958e-05
1.04958e-05
1.04958e-05
1.04957e-05
1.04957e-05
1.04957e-05
1.04958e-05
1.04958e-05
1.04958e-05
1.04958e-05
1.04958e-05
1.04958e-05
1.04958e-05
1.04958e-05
1.04958e-05
1.04957e-05
1.04957e-05
1.04955e-05
1.04952e-05
1.04948e-05
1.0495e-05
1.0495e-05
1.04945e-05
1.04925e-05
1.04862e-05
1.04721e-05
1.04399e-05
1.03485e-05
9.9864e-06
8.90346e-06
7.44614e-06
7.86687e-06
8.83144e-06
9.52421e-06
9.975e-06
1.02362e-05
1.02046e-05
9.87066e-06
9.06062e-06
7.86855e-06
6.60392e-06
5.53288e-06
5.0371e-06
5.08501e-06
5.54619e-06
7.00496e-06
8.55765e-06
8.69696e-06
8.38106e-06
7.57964e-06
6.72197e-06
6.72934e-06
7.39583e-06
8.91265e-06
9.35371e-06
9.0472e-06
8.21954e-06
7.1859e-06
6.25526e-06
5.49324e-06
4.83738e-06
4.25582e-06
3.7463e-06
3.28523e-06
2.96845e-06
2.7911e-06
2.73452e-06
2.72438e-06
2.68382e-06
2.59792e-06
2.6031e-06
2.74791e-06
3.55122e-06
6.33841e-06
7.68237e-06
7.49593e-06
6.86592e-06
6.07899e-06
5.38522e-06
4.78964e-06
4.21998e-06
3.67364e-06
3.18754e-06
2.87571e-06
2.82258e-06
2.88352e-06
2.94537e-06
2.8871e-06
2.84983e-06
2.88983e-06
3.12737e-06
3.96368e-06
4.73032e-06
4.79047e-06
4.70207e-06
4.5096e-06
4.27906e-06
4.0411e-06
3.82555e-06
3.46552e-06
1.04958e-05
1.04955e-05
1.04942e-05
1.0491e-05
1.04881e-05
1.04887e-05
1.04912e-05
1.04929e-05
1.04936e-05
1.04945e-05
1.0495e-05
1.04951e-05
1.0495e-05
1.04946e-05
1.04939e-05
1.04927e-05
1.04904e-05
1.04845e-05
1.04726e-05
1.04607e-05
1.04663e-05
1.04731e-05
1.04745e-05
1.04663e-05
1.04404e-05
1.03898e-05
1.02903e-05
1.00412e-05
9.28164e-06
7.58864e-06
5.31579e-06
4.17626e-06
4.53474e-06
5.90689e-06
7.94567e-06
9.46909e-06
9.84699e-06
9.57641e-06
8.7856e-06
7.57685e-06
6.33031e-06
5.23444e-06
4.3555e-06
3.90515e-06
3.93436e-06
4.37577e-06
5.8966e-06
7.19951e-06
7.19871e-06
6.82433e-06
6.07885e-06
5.86872e-06
6.26161e-06
7.76662e-06
8.71297e-06
8.47371e-06
7.6516e-06
6.55554e-06
5.55294e-06
4.74986e-06
4.06639e-06
3.50854e-06
3.07469e-06
2.78407e-06
2.68496e-06
2.69391e-06
2.74258e-06
2.86521e-06
2.87263e-06
2.79426e-06
2.68349e-06
2.74361e-06
3.11348e-06
5.10855e-06
6.97101e-06
6.89203e-06
6.31967e-06
5.5271e-06
4.82707e-06
4.22247e-06
3.661e-06
3.13297e-06
2.80561e-06
2.79238e-06
2.88848e-06
3.22601e-06
3.46176e-06
3.40401e-06
3.18518e-06
2.98736e-06
3.03239e-06
3.30842e-06
3.73627e-06
3.8878e-06
3.87087e-06
3.81503e-06
3.71823e-06
3.58003e-06
3.42967e-06
3.14952e-06
1.0493e-05
1.04794e-05
1.04368e-05
1.03427e-05
1.02339e-05
1.02083e-05
1.0271e-05
1.03179e-05
1.03344e-05
1.03842e-05
1.04295e-05
1.04513e-05
1.04585e-05
1.04532e-05
1.04373e-05
1.04098e-05
1.03611e-05
1.026e-05
1.00547e-05
9.78541e-06
9.79115e-06
9.9675e-06
1.0104e-05
1.01792e-05
1.01619e-05
1.00496e-05
9.81893e-06
9.30607e-06
8.19163e-06
6.33433e-06
4.32743e-06
2.97958e-06
2.81028e-06
3.14962e-06
4.22056e-06
7.50458e-06
9.28984e-06
9.1357e-06
8.35568e-06
7.07158e-06
5.74382e-06
4.65433e-06
3.83417e-06
3.25439e-06
3.08252e-06
3.1758e-06
3.691e-06
4.737e-06
5.32573e-06
5.36024e-06
5.15489e-06
5.03019e-06
5.31939e-06
6.71302e-06
7.99706e-06
7.83035e-06
7.04292e-06
5.91563e-06
4.88152e-06
4.06765e-06
3.42727e-06
2.9594e-06
2.7025e-06
2.64489e-06
2.6526e-06
2.69942e-06
2.81354e-06
3.03059e-06
3.1695e-06
3.13686e-06
2.93223e-06
2.85216e-06
3.06185e-06
4.37894e-06
6.30922e-06
6.32241e-06
5.80342e-06
5.01475e-06
4.29269e-06
3.67692e-06
3.11328e-06
2.75836e-06
2.74601e-06
2.86856e-06
3.2329e-06
3.65463e-06
3.76616e-06
3.72969e-06
3.57055e-06
3.22771e-06
3.06987e-06
3.11207e-06
3.22116e-06
3.35537e-06
3.3943e-06
3.38708e-06
3.35444e-06
3.28116e-06
3.18367e-06
2.98159e-06
1.03421e-05
9.98129e-06
9.15725e-06
7.99028e-06
6.68107e-06
5.86126e-06
6.0263e-06
6.41874e-06
6.32493e-06
6.59331e-06
7.71931e-06
8.62341e-06
9.10353e-06
9.22271e-06
9.04844e-06
8.73574e-06
8.32246e-06
7.78821e-06
6.98273e-06
5.64823e-06
4.87349e-06
5.35118e-06
6.32142e-06
7.42543e-06
8.66478e-06
8.89337e-06
8.59861e-06
7.83243e-06
6.54604e-06
4.80112e-06
3.30686e-06
2.42179e-06
2.07071e-06
2.12658e-06
2.70144e-06
4.61341e-06
8.12385e-06
8.31376e-06
7.60494e-06
6.22714e-06
4.87185e-06
3.881e-06
3.2263e-06
2.83805e-06
2.74408e-06
2.77649e-06
2.98454e-06
3.3628e-06
3.61843e-06
3.83765e-06
3.97318e-06
4.06526e-06
4.43163e-06
5.85179e-06
7.29786e-06
7.18766e-06
6.46079e-06
5.345e-06
4.30356e-06
3.51901e-06
2.95959e-06
2.66514e-06
2.60066e-06
2.60085e-06
2.58963e-06
2.60403e-06
2.68373e-06
2.87661e-06
3.23439e-06
3.30134e-06
3.1704e-06
3.00452e-06
3.16515e-06
4.23105e-06
5.8619e-06
5.85558e-06
5.31926e-06
4.52542e-06
3.80687e-06
3.18464e-06
2.73402e-06
2.67499e-06
2.78624e-06
3.17618e-06
3.6025e-06
3.82009e-06
3.85424e-06
3.83459e-06
3.75143e-06
3.48572e-06
3.16712e-06
3.09158e-06
3.10806e-06
3.1476e-06
3.19541e-06
3.20502e-06
3.1945e-06
3.15514e-06
3.09079e-06
2.9528e-06
2.20659e-06
3.77682e-06
3.55829e-06
2.71609e-06
1.96018e-06
1.87089e-06
2.08891e-06
2.19709e-06
2.05665e-06
2.04457e-06
2.33108e-06
3.3306e-06
5.36633e-06
5.98928e-06
5.64896e-06
5.06894e-06
4.60655e-06
4.2925e-06
3.91929e-06
3.13523e-06
2.39222e-06
2.37806e-06
2.78349e-06
3.8178e-06
6.01918e-06
7.06079e-06
6.82586e-06
6.08246e-06
4.85233e-06
3.51684e-06
2.59222e-06
1.97134e-06
1.88744e-06
1.90529e-06
2.01929e-06
3.05469e-06
6.42345e-06
7.2247e-06
6.62204e-06
5.30362e-06
4.06153e-06
3.26598e-06
2.83466e-06
2.67499e-06
2.6466e-06
2.66829e-06
2.75542e-06
2.79355e-06
2.7527e-06
2.80831e-06
2.92938e-06
3.1075e-06
3.55385e-06
5.04739e-06
6.62206e-06
6.54748e-06
5.86443e-06
4.77377e-06
3.77521e-06
3.08175e-06
2.67728e-06
2.55723e-06
2.50867e-06
2.47998e-06
2.36435e-06
2.28368e-06
2.29002e-06
2.50415e-06
3.05765e-06
3.35522e-06
3.29861e-06
3.16822e-06
3.31986e-06
4.33327e-06
5.56721e-06
5.46496e-06
4.85529e-06
4.04746e-06
3.32983e-06
2.77142e-06
2.57856e-06
2.64404e-06
2.98068e-06
3.45621e-06
3.70745e-06
3.77306e-06
3.82271e-06
3.84739e-06
3.80522e-06
3.64657e-06
3.29815e-06
3.11348e-06
3.09686e-06
3.10724e-06
3.13028e-06
3.14159e-06
3.14018e-06
3.12752e-06
3.09683e-06
3.00493e-06
1.6166e-06
1.74994e-06
1.77225e-06
1.64396e-06
1.62134e-06
1.60008e-06
1.61625e-06
1.62169e-06
1.61411e-06
1.61153e-06
1.81794e-06
2.67305e-06
3.66347e-06
3.7248e-06
3.36685e-06
2.92836e-06
2.79585e-06
2.72966e-06
2.50938e-06
2.00566e-06
1.8235e-06
1.81396e-06
1.88602e-06
2.20884e-06
3.35201e-06
5.05777e-06
5.05542e-06
4.47605e-06
3.53005e-06
2.66133e-06
1.9724e-06
1.84596e-06
2.11922e-06
2.17533e-06
2.18032e-06
2.7274e-06
5.30335e-06
6.14227e-06
5.56762e-06
4.36638e-06
3.38237e-06
2.8612e-06
2.69529e-06
2.64046e-06
2.57104e-06
2.52234e-06
2.53315e-06
2.37595e-06
2.2162e-06
2.20683e-06
2.27373e-06
2.41259e-06
2.84191e-06
4.25147e-06
5.93796e-06
5.89873e-06
5.26649e-06
4.22911e-06
3.3367e-06
2.80182e-06
2.53291e-06
2.42041e-06
2.37406e-06
2.21184e-06
2.02143e-06
1.99352e-06
2.08251e-06
2.4083e-06
3.04438e-06
3.41948e-06
3.39945e-06
3.3317e-06
3.51277e-06
4.56011e-06
5.33172e-06
5.10515e-06
4.39766e-06
3.58873e-06
2.9078e-06
2.50547e-06
2.48402e-06
2.67139e-06
3.16767e-06
3.52146e-06
3.5461e-06
3.56514e-06
3.64362e-06
3.7808e-06
3.78553e-06
3.70063e-06
3.42224e-06
3.16842e-06
3.1039e-06
3.09186e-06
3.09072e-06
3.09641e-06
3.10688e-06
3.10735e-06
3.09559e-06
3.04498e-06
1.55988e-06
1.57069e-06
1.57848e-06
1.55812e-06
1.55446e-06
1.55518e-06
1.55978e-06
1.5577e-06
1.54729e-06
1.55989e-06
1.62279e-06
1.90207e-06
2.20421e-06
2.22598e-06
2.04246e-06
1.9154e-06
1.91016e-06
1.8939e-06
1.76797e-06
1.67532e-06
1.72582e-06
1.96825e-06
2.3445e-06
2.60426e-06
3.35986e-06
4.00132e-06
3.85542e-06
3.35289e-06
2.6775e-06
1.92716e-06
1.77627e-06
1.98345e-06
2.70963e-06
2.66745e-06
2.56365e-06
2.96612e-06
4.82386e-06
5.22488e-06
4.61893e-06
3.58125e-06
2.91853e-06
2.68563e-06
2.55151e-06
2.52943e-06
2.57858e-06
2.19644e-06
2.07729e-06
1.96717e-06
2.02575e-06
2.05899e-06
2.06011e-06
2.11036e-06
2.34586e-06
3.51846e-06
5.23271e-06
5.24894e-06
4.68497e-06
3.7591e-06
3.00431e-06
2.57629e-06
2.34513e-06
2.24794e-06
2.09508e-06
1.89253e-06
1.86011e-06
1.94713e-06
2.21105e-06
2.64257e-06
3.20899e-06
3.53023e-06
3.52938e-06
3.52074e-06
3.77093e-06
4.81952e-06
5.10628e-06
4.73794e-06
3.95413e-06
3.16763e-06
2.57182e-06
2.34544e-06
2.39552e-06
2.71098e-06
3.13027e-06
3.25991e-06
3.31055e-06
3.37966e-06
3.50685e-06
3.69593e-06
3.75495e-06
3.70224e-06
3.51139e-06
3.24879e-06
3.11782e-06
3.03835e-06
2.99834e-06
2.99942e-06
3.0157e-06
3.03878e-06
3.04155e-06
2.98661e-06
1.56734e-06
1.56255e-06
1.56104e-06
1.56007e-06
1.55817e-06
1.55635e-06
1.55548e-06
1.55413e-06
1.54932e-06
1.54678e-06
1.58205e-06
1.61342e-06
1.62808e-06
1.63329e-06
1.61863e-06
1.60976e-06
1.61031e-06
1.60678e-06
1.58787e-06
1.58941e-06
1.71989e-06
2.11941e-06
2.4765e-06
2.82524e-06
3.08476e-06
3.2202e-06
3.08095e-06
2.54343e-06
1.89965e-06
1.64798e-06
1.70292e-06
2.28466e-06
3.10793e-06
3.14246e-06
3.07072e-06
3.46677e-06
4.55467e-06
4.50168e-06
3.81403e-06
3.03736e-06
2.66146e-06
2.61758e-06
2.42044e-06
2.16465e-06
1.87506e-06
1.80559e-06
1.83897e-06
2.19287e-06
2.58026e-06
2.53138e-06
2.31705e-06
2.18317e-06
2.28634e-06
3.06838e-06
4.60423e-06
4.66104e-06
4.14812e-06
3.34195e-06
2.70837e-06
2.35486e-06
2.17361e-06
1.97868e-06
1.80435e-06
1.77647e-06
1.84685e-06
2.1844e-06
2.63015e-06
3.05476e-06
3.411e-06
3.6247e-06
3.67514e-06
3.73684e-06
4.15721e-06
4.94695e-06
4.89835e-06
4.33911e-06
3.52859e-06
2.80054e-06
2.32572e-06
2.23296e-06
2.31623e-06
2.61841e-06
2.84534e-06
2.94158e-06
3.04891e-06
3.20823e-06
3.39798e-06
3.61274e-06
3.71314e-06
3.68132e-06
3.55142e-06
3.3193e-06
3.11535e-06
2.93724e-06
2.82774e-06
2.82039e-06
2.84328e-06
2.88663e-06
2.90675e-06
2.83576e-06
1.56803e-06
1.56765e-06
1.56735e-06
1.567e-06
1.56674e-06
1.56688e-06
1.56729e-06
1.5674e-06
1.56563e-06
1.55992e-06
1.55884e-06
1.57116e-06
1.59117e-06
1.58981e-06
1.57579e-06
1.57275e-06
1.57572e-06
1.57109e-06
1.55873e-06
1.56325e-06
1.60861e-06
1.84305e-06
2.25717e-06
2.58823e-06
2.70678e-06
2.58856e-06
2.23814e-06
1.82182e-06
1.61744e-06
1.57671e-06
1.68616e-06
2.43437e-06
3.45307e-06
3.74886e-06
3.84919e-06
4.13595e-06
4.22636e-06
3.82981e-06
3.11364e-06
2.65207e-06
2.24219e-06
1.96983e-06
1.76559e-06
1.65959e-06
1.63205e-06
1.71501e-06
2.25018e-06
3.00889e-06
3.28067e-06
3.19343e-06
2.80868e-06
2.35906e-06
2.38547e-06
3.0211e-06
4.19276e-06
4.17939e-06
3.67612e-06
2.96181e-06
2.42503e-06
2.17136e-06
1.95913e-06
1.74273e-06
1.69871e-06
1.73572e-06
1.98885e-06
2.51913e-06
3.00258e-06
3.31736e-06
3.52902e-06
3.6858e-06
3.80637e-06
4.01689e-06
4.62391e-06
4.91083e-06
4.63228e-06
3.93215e-06
3.14083e-06
2.49543e-06
2.16142e-06
2.13171e-06
2.229e-06
2.42287e-06
2.52793e-06
2.611e-06
2.77831e-06
3.04485e-06
3.30235e-06
3.52527e-06
3.65123e-06
3.64092e-06
3.53168e-06
3.31205e-06
3.05214e-06
2.77941e-06
2.60423e-06
2.58278e-06
2.60659e-06
2.65725e-06
2.68403e-06
2.58958e-06
1.56806e-06
1.56813e-06
1.56831e-06
1.56877e-06
1.56974e-06
1.57153e-06
1.57501e-06
1.57987e-06
1.58255e-06
1.58183e-06
1.57753e-06
1.57381e-06
1.57179e-06
1.57069e-06
1.5724e-06
1.57905e-06
1.58646e-06
1.5861e-06
1.58618e-06
1.58176e-06
1.58587e-06
1.6159e-06
1.69732e-06
1.84538e-06
1.92998e-06
1.83636e-06
1.65652e-06
1.64973e-06
1.62656e-06
1.57985e-06
1.64527e-06
2.51436e-06
3.5636e-06
3.98308e-06
4.03958e-06
4.01989e-06
3.71583e-06
3.12131e-06
2.67525e-06
2.11925e-06
1.75216e-06
1.62232e-06
1.59866e-06
1.56947e-06
1.56724e-06
1.82639e-06
2.74458e-06
3.48679e-06
3.644e-06
3.52792e-06
3.15238e-06
2.58325e-06
2.54517e-06
3.15458e-06
3.92438e-06
3.79343e-06
3.25145e-06
2.61841e-06
2.21701e-06
1.99063e-06
1.74561e-06
1.63835e-06
1.64915e-06
1.75102e-06
2.18395e-06
2.80296e-06
3.22185e-06
3.44256e-06
3.5963e-06
3.74493e-06
3.95258e-06
4.37556e-06
4.82198e-06
4.75984e-06
4.28502e-06
3.52664e-06
2.79472e-06
2.26085e-06
2.04737e-06
2.04817e-06
2.13607e-06
2.23124e-06
2.26777e-06
2.33112e-06
2.52188e-06
2.87106e-06
3.20242e-06
3.43074e-06
3.56321e-06
3.56833e-06
3.48009e-06
3.25606e-06
2.92023e-06
2.56852e-06
2.36434e-06
2.33246e-06
2.34712e-06
2.38155e-06
2.39951e-06
2.30768e-06
1.56819e-06
1.56873e-06
1.56979e-06
1.57192e-06
1.57605e-06
1.58279e-06
1.59313e-06
1.60501e-06
1.6112e-06
1.61107e-06
1.60912e-06
1.60806e-06
1.61044e-06
1.61746e-06
1.6311e-06
1.65171e-06
1.67099e-06
1.67523e-06
1.6852e-06
1.67954e-06
1.66162e-06
1.67441e-06
1.69189e-06
1.67476e-06
1.66746e-06
1.69479e-06
1.77239e-06
1.79408e-06
1.74358e-06
1.63434e-06
1.6012e-06
2.22625e-06
3.06312e-06
3.62168e-06
3.68585e-06
3.53826e-06
3.05601e-06
2.66629e-06
2.10518e-06
1.6993e-06
1.63081e-06
1.61995e-06
1.58293e-06
1.54341e-06
1.56778e-06
1.98294e-06
3.00317e-06
3.77882e-06
3.80317e-06
3.67098e-06
3.28192e-06
2.75596e-06
2.77523e-06
3.37333e-06
3.69952e-06
3.432e-06
2.86211e-06
2.34305e-06
2.03526e-06
1.78122e-06
1.61968e-06
1.58403e-06
1.62127e-06
1.8142e-06
2.36121e-06
2.99847e-06
3.31861e-06
3.49648e-06
3.64492e-06
3.82647e-06
4.14611e-06
4.62287e-06
4.75792e-06
4.51501e-06
3.88936e-06
3.13944e-06
2.49101e-06
2.08579e-06
1.9763e-06
1.99183e-06
2.05153e-06
2.07581e-06
2.08206e-06
2.12823e-06
2.30136e-06
2.66605e-06
3.07319e-06
3.32382e-06
3.45129e-06
3.46552e-06
3.38286e-06
3.13119e-06
2.71762e-06
2.3442e-06
2.16171e-06
2.11525e-06
2.11675e-06
2.12975e-06
2.13678e-06
2.0635e-06
1.56893e-06
1.57169e-06
1.57699e-06
1.58591e-06
1.60141e-06
1.62756e-06
1.66045e-06
1.68208e-06
1.68464e-06
1.68029e-06
1.67554e-06
1.67617e-06
1.68489e-06
1.70397e-06
1.7336e-06
1.76942e-06
1.79694e-06
1.81065e-06
1.84483e-06
1.8718e-06
1.88868e-06
1.97257e-06
2.06251e-06
2.07099e-06
2.06492e-06
2.11054e-06
2.14172e-06
2.09598e-06
1.9785e-06
1.76631e-06
1.60267e-06
1.87473e-06
2.67212e-06
3.01958e-06
3.05178e-06
2.91556e-06
2.54915e-06
2.09158e-06
1.68383e-06
1.65682e-06
1.69395e-06
1.67381e-06
1.6363e-06
1.56198e-06
1.57554e-06
2.06136e-06
3.28874e-06
3.91445e-06
3.87179e-06
3.67695e-06
3.25554e-06
2.95782e-06
3.09192e-06
3.54439e-06
3.50514e-06
3.0661e-06
2.51862e-06
2.14659e-06
1.82249e-06
1.63564e-06
1.55856e-06
1.55257e-06
1.61309e-06
1.88983e-06
2.50207e-06
3.10652e-06
3.36488e-06
3.52458e-06
3.68634e-06
3.92174e-06
4.30193e-06
4.60174e-06
4.56021e-06
4.1591e-06
3.47817e-06
2.78344e-06
2.25003e-06
1.97122e-06
1.92438e-06
1.95211e-06
1.97327e-06
1.96236e-06
1.95735e-06
1.99769e-06
2.12879e-06
2.43746e-06
2.89206e-06
3.19377e-06
3.32e-06
3.33419e-06
3.23802e-06
2.93026e-06
2.47129e-06
2.15672e-06
1.96076e-06
1.8983e-06
1.89607e-06
1.91171e-06
1.92833e-06
1.93542e-06
1.5761e-06
1.59288e-06
1.61852e-06
1.65968e-06
1.72631e-06
1.80562e-06
1.87113e-06
1.87883e-06
1.86595e-06
1.84382e-06
1.83262e-06
1.83556e-06
1.85539e-06
1.89226e-06
1.93689e-06
1.97276e-06
1.99209e-06
2.01457e-06
2.08204e-06
2.18232e-06
2.32526e-06
2.58787e-06
2.82024e-06
2.86582e-06
2.82018e-06
2.76382e-06
2.6703e-06
2.52327e-06
2.32721e-06
2.02329e-06
1.68129e-06
1.63525e-06
2.02933e-06
2.37473e-06
2.45415e-06
2.30316e-06
1.95736e-06
1.66079e-06
1.69393e-06
1.81012e-06
1.83092e-06
1.80225e-06
1.71475e-06
1.58515e-06
1.57622e-06
2.08893e-06
3.37059e-06
3.98997e-06
3.9191e-06
3.6497e-06
3.34451e-06
3.30709e-06
3.48127e-06
3.52629e-06
3.26315e-06
2.70763e-06
2.27231e-06
1.93754e-06
1.66297e-06
1.56775e-06
1.53219e-06
1.53476e-06
1.62184e-06
1.93282e-06
2.5825e-06
3.15165e-06
3.38609e-06
3.54188e-06
3.72075e-06
3.98562e-06
4.30191e-06
4.41301e-06
4.25048e-06
3.74937e-06
3.07915e-06
2.46698e-06
2.06731e-06
1.89065e-06
1.88486e-06
1.89833e-06
1.893e-06
1.85758e-06
1.85096e-06
1.88832e-06
2.00532e-06
2.23635e-06
2.65231e-06
3.0105e-06
3.15686e-06
3.1661e-06
3.03051e-06
2.66555e-06
2.25725e-06
1.96419e-06
1.78285e-06
1.75472e-06
1.76632e-06
1.80137e-06
1.83945e-06
1.90138e-06
1.66303e-06
1.78215e-06
1.89818e-06
2.02414e-06
2.19816e-06
2.36672e-06
2.38399e-06
2.33975e-06
2.26251e-06
2.20665e-06
2.19422e-06
2.20627e-06
2.24743e-06
2.30038e-06
2.33096e-06
2.33722e-06
2.34961e-06
2.39969e-06
2.55725e-06
2.78835e-06
3.11343e-06
3.51242e-06
3.7184e-06
3.68434e-06
3.57959e-06
3.41628e-06
3.23397e-06
3.03311e-06
2.81025e-06
2.46011e-06
1.94755e-06
1.679e-06
1.63963e-06
1.7571e-06
1.82725e-06
1.73041e-06
1.64274e-06
1.76612e-06
1.97049e-06
2.0346e-06
2.01494e-06
1.94212e-06
1.80534e-06
1.6194e-06
1.56913e-06
1.94583e-06
3.16648e-06
4.01332e-06
4.00153e-06
3.81053e-06
3.68044e-06
3.66705e-06
3.61216e-06
3.41663e-06
2.93316e-06
2.40842e-06
2.07814e-06
1.74417e-06
1.58299e-06
1.53845e-06
1.52416e-06
1.528e-06
1.63542e-06
1.94549e-06
2.60291e-06
3.16008e-06
3.39187e-06
3.54937e-06
3.73146e-06
3.96574e-06
4.1429e-06
4.11719e-06
3.86779e-06
3.32402e-06
2.71121e-06
2.22423e-06
1.92658e-06
1.84428e-06
1.84612e-06
1.84358e-06
1.80419e-06
1.75922e-06
1.75186e-06
1.78309e-06
1.88361e-06
2.08193e-06
2.39308e-06
2.75367e-06
2.92915e-06
2.93396e-06
2.75601e-06
2.40028e-06
2.06649e-06
1.77227e-06
1.68124e-06
1.68332e-06
1.72007e-06
1.78302e-06
1.83763e-06
1.87717e-06
6.09031e-06
4.44922e-06
4.03701e-06
4.07839e-06
4.08969e-06
3.95568e-06
3.68391e-06
3.40017e-06
3.22876e-06
3.15595e-06
3.1576e-06
3.18384e-06
3.18218e-06
3.15612e-06
3.09672e-06
3.07208e-06
3.11869e-06
3.30884e-06
3.71402e-06
4.09846e-06
4.42859e-06
4.63317e-06
4.62782e-06
4.52454e-06
4.32658e-06
4.10343e-06
3.8897e-06
3.6642e-06
3.45278e-06
3.1002e-06
2.51923e-06
2.05158e-06
1.82478e-06
1.7425e-06
1.7172e-06
1.79173e-06
1.99928e-06
2.23413e-06
2.32113e-06
2.30403e-06
2.23951e-06
2.11505e-06
1.91625e-06
1.67124e-06
1.56683e-06
1.79681e-06
2.87958e-06
3.94903e-06
4.05514e-06
3.97707e-06
3.84703e-06
3.71265e-06
3.51894e-06
3.11595e-06
2.56773e-06
2.18946e-06
1.82904e-06
1.61016e-06
1.56496e-06
1.54687e-06
1.5325e-06
1.52739e-06
1.64057e-06
1.92682e-06
2.45771e-06
3.048e-06
3.33288e-06
3.50004e-06
3.65418e-06
3.79993e-06
3.84776e-06
3.76034e-06
3.4309e-06
2.90213e-06
2.39047e-06
2.03236e-06
1.83049e-06
1.80381e-06
1.79774e-06
1.76863e-06
1.70687e-06
1.6681e-06
1.6595e-06
1.67996e-06
1.7541e-06
1.92449e-06
2.18483e-06
2.45014e-06
2.62509e-06
2.62825e-06
2.45296e-06
2.18473e-06
1.82087e-06
1.6498e-06
1.62664e-06
1.65478e-06
1.71726e-06
1.7853e-06
1.82058e-06
1.81854e-06
1.1232e-05
1.01532e-05
9.27031e-06
8.56558e-06
7.90582e-06
7.33092e-06
6.79398e-06
6.42514e-06
6.1917e-06
5.98505e-06
5.78635e-06
5.54271e-06
5.32274e-06
5.15798e-06
5.12013e-06
5.21384e-06
5.48247e-06
5.78867e-06
6.03708e-06
6.05363e-06
6.0211e-06
5.93906e-06
5.78878e-06
5.56578e-06
5.28343e-06
5.00282e-06
4.74315e-06
4.50457e-06
4.34605e-06
4.04992e-06
3.50407e-06
3.05108e-06
2.79345e-06
2.67851e-06
2.58533e-06
2.67222e-06
2.75642e-06
2.75433e-06
2.71487e-06
2.64681e-06
2.53317e-06
2.33412e-06
2.05629e-06
1.76342e-06
1.59002e-06
1.65725e-06
2.63302e-06
3.57687e-06
3.8954e-06
3.85858e-06
3.73089e-06
3.52375e-06
3.15628e-06
2.68259e-06
2.29604e-06
1.88661e-06
1.63809e-06
1.59068e-06
1.5916e-06
1.58189e-06
1.55091e-06
1.52585e-06
1.61116e-06
1.85354e-06
2.26862e-06
2.80384e-06
3.15441e-06
3.3345e-06
3.45111e-06
3.51326e-06
3.49365e-06
3.32486e-06
2.96414e-06
2.5054e-06
2.1437e-06
1.85759e-06
1.76863e-06
1.75481e-06
1.72902e-06
1.67429e-06
1.61799e-06
1.59109e-06
1.58338e-06
1.59405e-06
1.63859e-06
1.74842e-06
1.97356e-06
2.20871e-06
2.32901e-06
2.33299e-06
2.20777e-06
1.88354e-06
1.64966e-06
1.58585e-06
1.59437e-06
1.65239e-06
1.70758e-06
1.74818e-06
1.74819e-06
1.70316e-06
1.17688e-05
1.1646e-05
1.1467e-05
1.12282e-05
1.09617e-05
1.07075e-05
1.04618e-05
1.02308e-05
9.98864e-06
9.71224e-06
9.42913e-06
9.16433e-06
8.99561e-06
8.8843e-06
8.84142e-06
8.83856e-06
8.79405e-06
8.6263e-06
8.40266e-06
8.12736e-06
7.89003e-06
7.66937e-06
7.40318e-06
7.04487e-06
6.62661e-06
6.22791e-06
5.90133e-06
5.65233e-06
5.49113e-06
5.2174e-06
4.7627e-06
4.37762e-06
4.13957e-06
3.95234e-06
3.68664e-06
3.51707e-06
3.40252e-06
3.30597e-06
3.20701e-06
3.07426e-06
2.88195e-06
2.59886e-06
2.27083e-06
1.94137e-06
1.68693e-06
1.59412e-06
2.0969e-06
2.96464e-06
3.46375e-06
3.50089e-06
3.35303e-06
3.0459e-06
2.66069e-06
2.3558e-06
1.93518e-06
1.64693e-06
1.60725e-06
1.64744e-06
1.66632e-06
1.63867e-06
1.5717e-06
1.52774e-06
1.57358e-06
1.73516e-06
2.08704e-06
2.4639e-06
2.8047e-06
3.01567e-06
3.11368e-06
3.12703e-06
3.04999e-06
2.83878e-06
2.51938e-06
2.20751e-06
1.90601e-06
1.74187e-06
1.70875e-06
1.68925e-06
1.64377e-06
1.58972e-06
1.56162e-06
1.55302e-06
1.55187e-06
1.5549e-06
1.56914e-06
1.61518e-06
1.73334e-06
1.91604e-06
2.05343e-06
2.04071e-06
1.85862e-06
1.65714e-06
1.5651e-06
1.55387e-06
1.57727e-06
1.63106e-06
1.64749e-06
1.65567e-06
1.64129e-06
1.59959e-06
1.18006e-05
1.17918e-05
1.17748e-05
1.17459e-05
1.17083e-05
1.16666e-05
1.16157e-05
1.15533e-05
1.14752e-05
1.13837e-05
1.12826e-05
1.11777e-05
1.10868e-05
1.10045e-05
1.09271e-05
1.08441e-05
1.07197e-05
1.05413e-05
1.03333e-05
1.00886e-05
9.85181e-06
9.5949e-06
9.25043e-06
8.75355e-06
8.17452e-06
7.62146e-06
7.15779e-06
6.76074e-06
6.39639e-06
6.0296e-06
5.63196e-06
5.25539e-06
4.94297e-06
4.65229e-06
4.33072e-06
4.16377e-06
4.04944e-06
3.91673e-06
3.741e-06
3.52896e-06
3.2591e-06
2.9223e-06
2.59055e-06
2.24303e-06
1.91755e-06
1.63613e-06
1.70553e-06
2.38899e-06
2.81566e-06
2.87111e-06
2.75228e-06
2.55054e-06
2.26674e-06
1.91582e-06
1.6433e-06
1.63752e-06
1.73429e-06
1.78232e-06
1.77031e-06
1.70287e-06
1.61556e-06
1.55442e-06
1.5514e-06
1.61379e-06
1.82248e-06
2.18984e-06
2.41055e-06
2.56888e-06
2.65379e-06
2.651e-06
2.56562e-06
2.40324e-06
2.19607e-06
1.92244e-06
1.7249e-06
1.66382e-06
1.64239e-06
1.60978e-06
1.57241e-06
1.55513e-06
1.55569e-06
1.56965e-06
1.57981e-06
1.57385e-06
1.56154e-06
1.56538e-06
1.59282e-06
1.66437e-06
1.72825e-06
1.7137e-06
1.62385e-06
1.56062e-06
1.53343e-06
1.53674e-06
1.55522e-06
1.57511e-06
1.57572e-06
1.57605e-06
1.56998e-06
1.55994e-06
1.18024e-05
1.18018e-05
1.18005e-05
1.17978e-05
1.17938e-05
1.17885e-05
1.17806e-05
1.17691e-05
1.17527e-05
1.17329e-05
1.17095e-05
1.16829e-05
1.16551e-05
1.16234e-05
1.15867e-05
1.15443e-05
1.14865e-05
1.14098e-05
1.13129e-05
1.11861e-05
1.10348e-05
1.08069e-05
1.04274e-05
9.89497e-06
9.20983e-06
8.49095e-06
7.80717e-06
7.22824e-06
6.73612e-06
6.29786e-06
5.88509e-06
5.51351e-06
5.21795e-06
4.99009e-06
4.79395e-06
4.70919e-06
4.60475e-06
4.42366e-06
4.17537e-06
3.90275e-06
3.59893e-06
3.27051e-06
2.97203e-06
2.6427e-06
2.28699e-06
1.84317e-06
1.62861e-06
1.77073e-06
2.15588e-06
2.26681e-06
2.20464e-06
2.03236e-06
1.76966e-06
1.6205e-06
1.68902e-06
1.87993e-06
1.96027e-06
1.95324e-06
1.89953e-06
1.79982e-06
1.72052e-06
1.6487e-06
1.59003e-06
1.57836e-06
1.62495e-06
1.80603e-06
2.01674e-06
2.208e-06
2.26742e-06
2.26076e-06
2.20405e-06
2.0671e-06
1.85667e-06
1.69513e-06
1.61868e-06
1.59348e-06
1.57512e-06
1.56352e-06
1.56769e-06
1.59508e-06
1.64005e-06
1.68463e-06
1.70393e-06
1.68504e-06
1.64062e-06
1.59396e-06
1.57213e-06
1.57854e-06
1.58289e-06
1.57948e-06
1.5553e-06
1.53132e-06
1.52718e-06
1.53185e-06
1.54348e-06
1.55292e-06
1.55866e-06
1.56086e-06
1.57752e-06
1.6044e-06
1.18025e-05
1.18025e-05
1.18024e-05
1.18022e-05
1.18018e-05
1.18013e-05
1.18004e-05
1.17988e-05
1.17964e-05
1.17932e-05
1.17892e-05
1.17844e-05
1.17785e-05
1.17708e-05
1.17605e-05
1.17466e-05
1.17258e-05
1.16961e-05
1.16538e-05
1.15874e-05
1.14711e-05
1.1259e-05
1.08405e-05
1.02139e-05
9.43468e-06
8.59689e-06
7.78909e-06
7.09287e-06
6.53318e-06
6.09734e-06
5.75943e-06
5.47619e-06
5.28432e-06
5.18155e-06
5.11113e-06
5.05071e-06
4.91041e-06
4.67118e-06
4.38105e-06
4.08377e-06
3.79893e-06
3.53384e-06
3.29512e-06
3.02502e-06
2.72726e-06
2.30567e-06
1.89991e-06
1.66677e-06
1.6312e-06
1.67029e-06
1.66423e-06
1.62458e-06
1.69299e-06
1.84983e-06
2.09547e-06
2.2255e-06
2.22737e-06
2.17811e-06
2.08143e-06
1.99167e-06
1.95465e-06
1.89267e-06
1.7859e-06
1.67193e-06
1.59472e-06
1.59984e-06
1.67398e-06
1.78112e-06
1.83949e-06
1.85586e-06
1.80864e-06
1.72244e-06
1.63494e-06
1.58201e-06
1.56109e-06
1.55936e-06
1.57221e-06
1.61203e-06
1.68614e-06
1.77489e-06
1.8622e-06
1.91364e-06
1.9185e-06
1.87637e-06
1.80587e-06
1.72344e-06
1.65079e-06
1.6034e-06
1.58353e-06
1.5696e-06
1.56113e-06
1.55709e-06
1.56596e-06
1.58044e-06
1.60633e-06
1.62076e-06
1.65141e-06
1.66084e-06
1.73075e-06
1.79892e-06
1.18025e-05
1.18025e-05
1.18025e-05
1.18025e-05
1.18024e-05
1.18024e-05
1.18023e-05
1.18021e-05
1.18018e-05
1.18014e-05
1.18009e-05
1.18001e-05
1.1799e-05
1.17971e-05
1.17946e-05
1.17906e-05
1.1784e-05
1.17729e-05
1.17519e-05
1.17116e-05
1.15929e-05
1.13034e-05
1.07355e-05
9.88112e-06
8.85253e-06
7.84296e-06
7.00608e-06
6.42301e-06
6.02729e-06
5.74416e-06
5.56004e-06
5.41215e-06
5.36841e-06
5.36679e-06
5.34221e-06
5.23786e-06
5.00999e-06
4.71978e-06
4.41373e-06
4.11514e-06
3.85483e-06
3.64745e-06
3.46899e-06
3.28992e-06
3.11139e-06
2.87262e-06
2.57007e-06
2.18024e-06
1.92919e-06
1.87606e-06
1.87515e-06
2.01881e-06
2.33483e-06
2.48942e-06
2.58854e-06
2.62602e-06
2.60342e-06
2.51518e-06
2.41748e-06
2.41038e-06
2.43808e-06
2.396e-06
2.26259e-06
2.05766e-06
1.80362e-06
1.66954e-06
1.6087e-06
1.59624e-06
1.60303e-06
1.60807e-06
1.59803e-06
1.58617e-06
1.58152e-06
1.58172e-06
1.6019e-06
1.64946e-06
1.7404e-06
1.86811e-06
2.0083e-06
2.12333e-06
2.19449e-06
2.20195e-06
2.16633e-06
2.0858e-06
1.99524e-06
1.8973e-06
1.80569e-06
1.72975e-06
1.68303e-06
1.65916e-06
1.66369e-06
1.68538e-06
1.7432e-06
1.79184e-06
1.85747e-06
1.88949e-06
1.96912e-06
1.99196e-06
2.13515e-06
2.1855e-06
1.18025e-05
1.18025e-05
1.18025e-05
1.18025e-05
1.18025e-05
1.18025e-05
1.18025e-05
1.18025e-05
1.18024e-05
1.18024e-05
1.18023e-05
1.18022e-05
1.1802e-05
1.18016e-05
1.1801e-05
1.17997e-05
1.17973e-05
1.17927e-05
1.17792e-05
1.17355e-05
1.1601e-05
1.12384e-05
1.05041e-05
9.41173e-06
8.17159e-06
7.09972e-06
6.36962e-06
5.95405e-06
5.71016e-06
5.57188e-06
5.48736e-06
5.50537e-06
5.58246e-06
5.6124e-06
5.54169e-06
5.31541e-06
4.99021e-06
4.63159e-06
4.28679e-06
4.01344e-06
3.82224e-06
3.66001e-06
3.51821e-06
3.41913e-06
3.35206e-06
3.27995e-06
3.17546e-06
3.00924e-06
2.86609e-06
2.88196e-06
2.8875e-06
2.96324e-06
3.10906e-06
3.11672e-06
3.1434e-06
3.1865e-06
3.15576e-06
3.06261e-06
3.08866e-06
3.22635e-06
3.34066e-06
3.33099e-06
3.19494e-06
2.93511e-06
2.53196e-06
2.223e-06
1.9712e-06
1.79749e-06
1.7304e-06
1.69424e-06
1.70494e-06
1.72689e-06
1.76438e-06
1.83644e-06
1.94385e-06
2.07579e-06
2.23543e-06
2.38853e-06
2.51671e-06
2.5677e-06
2.5547e-06
2.48809e-06
2.40323e-06
2.30655e-06
2.21311e-06
2.11355e-06
2.03427e-06
1.96943e-06
1.93701e-06
1.94852e-06
2.02867e-06
2.12518e-06
2.27115e-06
2.35759e-06
2.48186e-06
2.5536e-06
2.72006e-06
2.73682e-06
2.88541e-06
2.80695e-06
1.18025e-05
1.18025e-05
1.18025e-05
1.18025e-05
1.18025e-05
1.18025e-05
1.18025e-05
1.18025e-05
1.18025e-05
1.18025e-05
1.18025e-05
1.18025e-05
1.18024e-05
1.18023e-05
1.18021e-05
1.18016e-05
1.18002e-05
1.17954e-05
1.17798e-05
1.17305e-05
1.15797e-05
1.1171e-05
1.03373e-05
9.08527e-06
7.72087e-06
6.66441e-06
6.05944e-06
5.75833e-06
5.59289e-06
5.56134e-06
5.61886e-06
5.78711e-06
5.92281e-06
5.89813e-06
5.69022e-06
5.29758e-06
4.8165e-06
4.36153e-06
4.01144e-06
3.80806e-06
3.70408e-06
3.61037e-06
3.52761e-06
3.4942e-06
3.52976e-06
3.57651e-06
3.60404e-06
3.60142e-06
3.59258e-06
3.68731e-06
3.7038e-06
3.715e-06
3.82223e-06
3.81997e-06
3.85719e-06
3.93529e-06
3.93201e-06
3.96228e-06
4.16702e-06
4.52083e-06
4.72486e-06
4.77311e-06
4.65558e-06
4.40127e-06
3.94589e-06
3.57638e-06
3.21573e-06
2.8917e-06
2.70745e-06
2.54903e-06
2.52192e-06
2.51622e-06
2.5799e-06
2.67874e-06
2.77923e-06
2.87084e-06
2.96952e-06
3.03115e-06
3.03845e-06
2.97175e-06
2.86013e-06
2.7438e-06
2.67136e-06
2.62012e-06
2.60337e-06
2.58608e-06
2.61726e-06
2.66663e-06
2.76907e-06
2.94179e-06
3.18302e-06
3.34152e-06
3.55197e-06
3.69236e-06
3.9421e-06
4.06098e-06
4.21494e-06
4.13333e-06
4.07575e-06
3.60952e-06
1.18025e-05
1.18025e-05
1.18025e-05
1.18025e-05
1.18025e-05
1.18025e-05
1.18025e-05
1.18025e-05
1.18025e-05
1.18025e-05
1.18025e-05
1.18025e-05
1.18025e-05
1.18024e-05
1.18023e-05
1.1802e-05
1.18008e-05
1.17969e-05
1.17837e-05
1.17412e-05
1.16095e-05
1.12254e-05
1.03705e-05
9.02913e-06
7.58105e-06
6.52519e-06
5.97543e-06
5.71017e-06
5.63079e-06
5.68735e-06
5.91064e-06
6.20785e-06
6.26958e-06
6.14471e-06
5.74903e-06
5.14485e-06
4.53831e-06
4.06139e-06
3.77352e-06
3.66226e-06
3.62353e-06
3.58233e-06
3.5701e-06
3.63514e-06
3.81315e-06
3.98154e-06
4.11299e-06
4.19444e-06
4.25324e-06
4.38432e-06
4.43115e-06
4.46178e-06
4.59214e-06
4.60218e-06
4.64824e-06
4.73757e-06
4.8009e-06
4.94706e-06
5.27907e-06
5.72042e-06
6.01628e-06
6.06166e-06
5.90341e-06
5.56933e-06
5.18115e-06
4.85092e-06
4.55479e-06
4.29789e-06
4.08873e-06
3.89238e-06
3.79365e-06
3.7296e-06
3.72046e-06
3.72281e-06
3.71997e-06
3.70451e-06
3.67825e-06
3.60368e-06
3.48954e-06
3.32435e-06
3.16277e-06
3.07888e-06
3.16395e-06
3.34346e-06
3.62284e-06
3.96389e-06
4.49926e-06
4.98502e-06
5.34278e-06
5.65105e-06
5.9144e-06
6.0376e-06
6.25407e-06
6.4199e-06
6.64017e-06
6.63886e-06
6.52991e-06
6.06351e-06
5.53388e-06
4.51807e-06
1.18025e-05
1.18025e-05
1.18025e-05
1.18025e-05
1.18025e-05
1.18025e-05
1.18025e-05
1.18025e-05
1.18025e-05
1.18025e-05
1.18025e-05
1.18025e-05
1.18025e-05
1.18025e-05
1.18024e-05
1.18021e-05
1.1801e-05
1.17973e-05
1.17851e-05
1.17457e-05
1.16224e-05
1.12564e-05
1.0407e-05
9.04796e-06
7.58554e-06
6.55282e-06
6.01966e-06
5.77371e-06
5.77743e-06
5.93877e-06
6.31187e-06
6.60824e-06
6.59454e-06
6.31766e-06
5.67674e-06
4.89204e-06
4.22476e-06
3.79386e-06
3.61067e-06
3.59319e-06
3.59368e-06
3.60407e-06
3.69878e-06
3.96745e-06
4.32411e-06
4.63099e-06
4.85814e-06
4.99101e-06
5.0493e-06
5.1893e-06
5.26279e-06
5.30719e-06
5.42912e-06
5.43425e-06
5.44773e-06
5.46801e-06
5.48807e-06
5.58299e-06
5.85039e-06
6.26712e-06
6.64386e-06
6.6914e-06
6.49045e-06
6.02978e-06
5.50232e-06
5.12535e-06
4.88944e-06
4.73179e-06
4.64063e-06
4.58044e-06
4.57171e-06
4.5534e-06
4.53053e-06
4.47972e-06
4.40451e-06
4.31514e-06
4.21136e-06
4.06748e-06
3.8983e-06
3.67369e-06
3.58325e-06
3.75583e-06
4.38681e-06
5.35859e-06
6.42797e-06
7.38e-06
8.25176e-06
8.75838e-06
8.94381e-06
9.064e-06
9.10042e-06
9.07946e-06
9.07848e-06
9.05365e-06
9.00175e-06
8.80746e-06
8.41735e-06
7.7149e-06
6.9647e-06
5.644e-06
1.18025e-05
1.18025e-05
1.18025e-05
1.18025e-05
1.18025e-05
1.18025e-05
1.18025e-05
1.18025e-05
1.18025e-05
1.18025e-05
1.18025e-05
1.18025e-05
1.18025e-05
1.18025e-05
1.18024e-05
1.18022e-05
1.18015e-05
1.17989e-05
1.17901e-05
1.1761e-05
1.16674e-05
1.13816e-05
1.06315e-05
9.29782e-06
7.78839e-06
6.72978e-06
6.17066e-06
5.97438e-06
6.01927e-06
6.27215e-06
6.74173e-06
6.99094e-06
6.90406e-06
6.41485e-06
5.51647e-06
4.59356e-06
3.93128e-06
3.59974e-06
3.54147e-06
3.57424e-06
3.61836e-06
3.72725e-06
4.04842e-06
4.62806e-06
5.26379e-06
5.75633e-06
6.09619e-06
6.27238e-06
6.28759e-06
6.39375e-06
6.45242e-06
6.47173e-06
6.56137e-06
6.54453e-06
6.50211e-06
6.39725e-06
6.22899e-06
6.1043e-06
6.15894e-06
6.41535e-06
6.89888e-06
6.97533e-06
6.73658e-06
6.10969e-06
5.45666e-06
5.08057e-06
4.93962e-06
4.90512e-06
4.93044e-06
4.97912e-06
5.00458e-06
5.00341e-06
4.95543e-06
4.82992e-06
4.66956e-06
4.55989e-06
4.4788e-06
4.37921e-06
4.22047e-06
4.10371e-06
4.37211e-06
5.50857e-06
7.43583e-06
8.77854e-06
9.685e-06
1.0261e-05
1.06391e-05
1.07782e-05
1.07767e-05
1.0759e-05
1.07018e-05
1.05854e-05
1.04418e-05
1.02848e-05
1.01093e-05
9.84607e-06
9.44814e-06
8.84127e-06
8.14002e-06
6.81076e-06
1.18025e-05
1.18025e-05
1.18025e-05
1.18025e-05
1.18025e-05
1.18025e-05
1.18025e-05
1.18025e-05
1.18025e-05
1.18025e-05
1.18025e-05
1.18025e-05
1.18025e-05
1.18025e-05
1.18024e-05
1.18023e-05
1.18017e-05
1.17999e-05
1.17935e-05
1.17723e-05
1.17036e-05
1.14912e-05
1.08864e-05
9.68269e-06
8.18722e-06
7.06415e-06
6.4457e-06
6.2869e-06
6.34918e-06
6.66132e-06
7.22606e-06
7.42459e-06
7.21702e-06
6.45083e-06
5.27713e-06
4.27965e-06
3.69381e-06
3.5047e-06
3.53288e-06
3.61193e-06
3.74856e-06
4.09362e-06
4.86202e-06
5.93273e-06
6.93352e-06
7.59211e-06
8.00698e-06
8.23473e-06
8.248e-06
8.2903e-06
8.29303e-06
8.25763e-06
8.27918e-06
8.23569e-06
8.15973e-06
7.96832e-06
7.62362e-06
7.19207e-06
6.93022e-06
6.98577e-06
7.29668e-06
7.36939e-06
7.06739e-06
6.24886e-06
5.41226e-06
5.04196e-06
4.98481e-06
5.03207e-06
5.13831e-06
5.18832e-06
5.16693e-06
5.0809e-06
4.919e-06
4.70994e-06
4.5356e-06
4.4856e-06
4.51212e-06
4.52831e-06
4.5535e-06
4.95058e-06
6.59894e-06
8.73226e-06
1.00615e-05
1.06621e-05
1.10021e-05
1.12131e-05
1.13552e-05
1.139e-05
1.13747e-05
1.13362e-05
1.12515e-05
1.11049e-05
1.09299e-05
1.07593e-05
1.0586e-05
1.03473e-05
9.99982e-06
9.5208e-06
9.01334e-06
8.06744e-06
1.18025e-05
1.18025e-05
1.18025e-05
1.18025e-05
1.18025e-05
1.18025e-05
1.18025e-05
1.18025e-05
1.18025e-05
1.18025e-05
1.18025e-05
1.18025e-05
1.18025e-05
1.18025e-05
1.18025e-05
1.18024e-05
1.18021e-05
1.18011e-05
1.17977e-05
1.1786e-05
1.17476e-05
1.16244e-05
1.12525e-05
1.03369e-05
8.93688e-06
7.64759e-06
6.87106e-06
6.69588e-06
6.76203e-06
7.12584e-06
7.80666e-06
7.94216e-06
7.54397e-06
6.40955e-06
4.98292e-06
4.00075e-06
3.55207e-06
3.49631e-06
3.57563e-06
3.76145e-06
4.18942e-06
5.155e-06
6.63583e-06
7.91344e-06
8.64886e-06
9.15198e-06
9.53807e-06
9.83141e-06
1.00112e-05
1.0132e-05
1.01758e-05
1.01476e-05
1.01139e-05
1.00549e-05
9.97937e-06
9.80758e-06
9.46515e-06
8.90504e-06
8.30392e-06
8.08434e-06
8.09702e-06
8.03436e-06
7.60362e-06
6.57784e-06
5.50955e-06
5.06673e-06
5.03956e-06
5.11767e-06
5.22129e-06
5.20752e-06
5.13033e-06
4.91637e-06
4.55344e-06
4.24238e-06
4.15841e-06
4.23376e-06
4.5138e-06
4.79739e-06
5.61954e-06
7.57028e-06
9.59465e-06
1.03381e-05
1.06643e-05
1.09046e-05
1.11387e-05
1.13692e-05
1.15371e-05
1.15667e-05
1.15556e-05
1.15189e-05
1.14419e-05
1.13225e-05
1.11866e-05
1.10518e-05
1.08995e-05
1.06895e-05
1.03801e-05
9.93797e-06
9.45743e-06
8.63326e-06
1.18025e-05
1.18025e-05
1.18025e-05
1.18025e-05
1.18025e-05
1.18025e-05
1.18025e-05
1.18025e-05
1.18025e-05
1.18025e-05
1.18025e-05
1.18025e-05
1.18025e-05
1.18025e-05
1.18025e-05
1.18024e-05
1.18023e-05
1.18018e-05
1.18001e-05
1.17943e-05
1.17753e-05
1.17138e-05
1.15223e-05
1.09692e-05
9.88073e-06
8.55628e-06
7.54476e-06
7.24448e-06
7.29754e-06
7.68021e-06
8.45975e-06
8.53169e-06
7.89278e-06
6.31926e-06
4.70533e-06
3.79912e-06
3.51109e-06
3.54093e-06
3.74935e-06
4.3098e-06
5.58285e-06
7.29033e-06
8.37252e-06
8.91316e-06
9.30416e-06
9.73968e-06
1.01383e-05
1.04639e-05
1.0725e-05
1.09397e-05
1.1102e-05
1.11834e-05
1.11864e-05
1.11656e-05
1.11246e-05
1.10311e-05
1.08216e-05
1.04e-05
9.80222e-06
9.3266e-06
9.08433e-06
8.84959e-06
8.26499e-06
7.08773e-06
5.79173e-06
5.16669e-06
5.11309e-06
5.19724e-06
5.2593e-06
5.19189e-06
4.97811e-06
4.52843e-06
4.00555e-06
3.78139e-06
3.82733e-06
4.2129e-06
4.83944e-06
6.05678e-06
8.54683e-06
9.90173e-06
1.02794e-05
1.04687e-05
1.06254e-05
1.08208e-05
1.10657e-05
1.13354e-05
1.15563e-05
1.16285e-05
1.16275e-05
1.16123e-05
1.15681e-05
1.14874e-05
1.13712e-05
1.12133e-05
1.10265e-05
1.08235e-05
1.05838e-05
1.02485e-05
9.84435e-06
9.02023e-06
1.18025e-05
1.18025e-05
1.18025e-05
1.18025e-05
1.18025e-05
1.18025e-05
1.18025e-05
1.18025e-05
1.18025e-05
1.18025e-05
1.18025e-05
1.18025e-05
1.18025e-05
1.18025e-05
1.18025e-05
1.18025e-05
1.18024e-05
1.18023e-05
1.18017e-05
1.17997e-05
1.17929e-05
1.17701e-05
1.16954e-05
1.14636e-05
1.0843e-05
9.7701e-06
8.61505e-06
8.09906e-06
8.13001e-06
8.51936e-06
9.24862e-06
9.18667e-06
8.22264e-06
6.24815e-06
4.54029e-06
3.72554e-06
3.54366e-06
3.69289e-06
4.32845e-06
5.76323e-06
7.35277e-06
8.042e-06
8.37477e-06
8.72951e-06
9.27648e-06
9.9451e-06
1.04681e-05
1.07982e-05
1.10284e-05
1.1232e-05
1.14158e-05
1.15424e-05
1.15873e-05
1.15861e-05
1.15755e-05
1.15426e-05
1.14551e-05
1.12377e-05
1.08588e-05
1.04212e-05
1.00584e-05
9.68894e-06
9.01139e-06
7.77378e-06
6.30934e-06
5.41569e-06
5.29821e-06
5.36341e-06
5.36294e-06
5.20145e-06
4.75102e-06
4.10646e-06
3.60942e-06
3.55346e-06
3.79477e-06
4.60408e-06
6.26622e-06
8.75811e-06
1.00027e-05
1.03248e-05
1.05187e-05
1.0666e-05
1.08055e-05
1.09558e-05
1.11314e-05
1.13403e-05
1.1552e-05
1.16648e-05
1.16785e-05
1.16721e-05
1.16407e-05
1.15653e-05
1.14313e-05
1.12317e-05
1.09836e-05
1.07639e-05
1.05726e-05
1.03341e-05
1.00131e-05
9.14332e-06
1.18025e-05
1.18025e-05
1.18025e-05
1.18025e-05
1.18025e-05
1.18025e-05
1.18025e-05
1.18025e-05
1.18025e-05
1.18025e-05
1.18025e-05
1.18025e-05
1.18025e-05
1.18025e-05
1.18025e-05
1.18025e-05
1.18025e-05
1.18024e-05
1.18023e-05
1.18017e-05
1.17997e-05
1.17927e-05
1.17692e-05
1.16925e-05
1.14505e-05
1.08561e-05
9.94208e-06
9.41513e-06
9.4438e-06
9.80679e-06
1.01511e-05
9.76094e-06
8.46362e-06
6.16985e-06
4.48979e-06
3.76842e-06
3.66882e-06
4.1189e-06
5.5504e-06
6.99165e-06
7.49514e-06
7.68162e-06
7.80839e-06
8.29184e-06
9.18847e-06
1.02038e-05
1.0921e-05
1.1215e-05
1.1341e-05
1.14384e-05
1.15495e-05
1.16586e-05
1.17193e-05
1.17295e-05
1.17276e-05
1.17172e-05
1.16824e-05
1.15855e-05
1.14011e-05
1.11405e-05
1.08363e-05
1.04537e-05
9.78733e-06
8.61027e-06
7.11018e-06
5.99444e-06
5.66934e-06
5.65894e-06
5.56692e-06
5.20697e-06
4.50107e-06
3.76686e-06
3.44531e-06
3.53598e-06
4.01732e-06
5.82196e-06
8.61153e-06
1.00299e-05
1.0691e-05
1.10059e-05
1.11746e-05
1.12551e-05
1.12971e-05
1.13295e-05
1.13773e-05
1.14539e-05
1.15774e-05
1.16878e-05
1.17118e-05
1.17061e-05
1.16735e-05
1.15893e-05
1.14302e-05
1.11772e-05
1.08411e-05
1.05149e-05
1.032e-05
1.01646e-05
9.90952e-06
9.13094e-06
1.18025e-05
1.18025e-05
1.18025e-05
1.18025e-05
1.18025e-05
1.18025e-05
1.18025e-05
1.18025e-05
1.18025e-05
1.18025e-05
1.18025e-05
1.18025e-05
1.18025e-05
1.18025e-05
1.18025e-05
1.18025e-05
1.18025e-05
1.18025e-05
1.18024e-05
1.18023e-05
1.18017e-05
1.17998e-05
1.17931e-05
1.17708e-05
1.16991e-05
1.15146e-05
1.11566e-05
1.08852e-05
1.08928e-05
1.09801e-05
1.08937e-05
1.01828e-05
8.33665e-06
5.91361e-06
4.47566e-06
3.93483e-06
4.06856e-06
5.13141e-06
6.63959e-06
7.0687e-06
7.13852e-06
7.04656e-06
7.1954e-06
7.72489e-06
8.81268e-06
1.02325e-05
1.11766e-05
1.15035e-05
1.15921e-05
1.16324e-05
1.1671e-05
1.172e-05
1.17629e-05
1.17772e-05
1.17774e-05
1.17741e-05
1.17599e-05
1.17178e-05
1.16348e-05
1.15032e-05
1.13107e-05
1.10197e-05
1.04905e-05
9.51911e-06
8.12952e-06
6.85472e-06
6.24082e-06
6.04341e-06
5.77254e-06
5.13473e-06
4.2288e-06
3.55345e-06
3.46203e-06
3.66909e-06
4.86131e-06
7.83491e-06
9.8077e-06
1.07569e-05
1.12207e-05
1.13848e-05
1.14727e-05
1.15352e-05
1.15618e-05
1.15618e-05
1.15686e-05
1.15931e-05
1.16533e-05
1.17214e-05
1.17382e-05
1.17323e-05
1.16981e-05
1.16064e-05
1.14334e-05
1.1165e-05
1.08042e-05
1.03831e-05
1.00462e-05
9.85215e-06
9.64861e-06
8.94223e-06
1.18025e-05
1.18025e-05
1.18025e-05
1.18025e-05
1.18025e-05
1.18025e-05
1.18025e-05
1.18025e-05
1.18025e-05
1.18025e-05
1.18025e-05
1.18025e-05
1.18025e-05
1.18025e-05
1.18025e-05
1.18025e-05
1.18025e-05
1.18025e-05
1.18025e-05
1.18024e-05
1.18023e-05
1.18018e-05
1.18001e-05
1.17943e-05
1.1777e-05
1.17388e-05
1.16808e-05
1.16289e-05
1.15885e-05
1.15264e-05
1.12714e-05
1.04495e-05
8.44738e-06
5.99698e-06
4.71856e-06
4.4791e-06
4.8337e-06
6.1012e-06
6.80463e-06
6.87161e-06
6.71329e-06
6.71583e-06
6.86218e-06
7.3048e-06
8.38427e-06
1.01015e-05
1.1282e-05
1.16252e-05
1.17058e-05
1.17308e-05
1.17474e-05
1.1766e-05
1.17843e-05
1.17932e-05
1.17939e-05
1.17927e-05
1.17868e-05
1.17686e-05
1.17282e-05
1.16511e-05
1.15172e-05
1.13004e-05
1.091e-05
1.01507e-05
8.89888e-06
7.55048e-06
6.7668e-06
6.41472e-06
5.949e-06
5.07617e-06
4.06388e-06
3.5384e-06
3.56042e-06
4.0487e-06
6.46274e-06
9.23486e-06
1.04286e-05
1.10959e-05
1.13538e-05
1.1472e-05
1.15521e-05
1.16164e-05
1.16623e-05
1.16742e-05
1.16802e-05
1.16928e-05
1.17245e-05
1.17583e-05
1.1764e-05
1.17588e-05
1.17318e-05
1.1661e-05
1.1524e-05
1.12883e-05
1.0908e-05
1.03933e-05
9.85831e-06
9.49683e-06
9.3056e-06
8.66458e-06
1.18025e-05
1.18025e-05
1.18025e-05
1.18025e-05
1.18025e-05
1.18025e-05
1.18025e-05
1.18025e-05
1.18025e-05
1.18025e-05
1.18025e-05
1.18025e-05
1.18025e-05
1.18025e-05
1.18025e-05
1.18025e-05
1.18025e-05
1.18025e-05
1.18025e-05
1.18025e-05
1.18025e-05
1.18024e-05
1.1802e-05
1.1801e-05
1.17983e-05
1.17929e-05
1.17837e-05
1.17708e-05
1.17493e-05
1.16873e-05
1.14679e-05
1.07711e-05
9.00693e-06
6.49624e-06
5.13726e-06
5.1264e-06
5.73558e-06
6.58704e-06
6.78344e-06
6.70667e-06
6.63151e-06
6.66179e-06
6.77317e-06
7.13528e-06
8.15546e-06
1.00003e-05
1.13528e-05
1.16886e-05
1.17587e-05
1.17749e-05
1.17817e-05
1.17881e-05
1.17949e-05
1.1799e-05
1.17995e-05
1.17988e-05
1.17959e-05
1.17866e-05
1.17599e-05
1.16915e-05
1.15548e-05
1.13332e-05
1.09513e-05
1.01995e-05
8.98351e-06
7.77019e-06
7.12122e-06
6.77812e-06
6.22243e-06
5.17633e-06
4.06674e-06
3.65953e-06
3.81108e-06
5.00084e-06
8.22893e-06
9.84639e-06
1.07095e-05
1.11387e-05
1.12469e-05
1.1335e-05
1.14815e-05
1.16179e-05
1.16911e-05
1.17271e-05
1.17415e-05
1.17534e-05
1.17708e-05
1.17835e-05
1.1784e-05
1.17802e-05
1.17641e-05
1.1723e-05
1.1638e-05
1.14685e-05
1.11293e-05
1.05418e-05
9.75871e-06
9.02974e-06
8.764e-06
8.20646e-06
1.18025e-05
1.18025e-05
1.18025e-05
1.18025e-05
1.18025e-05
1.18025e-05
1.18025e-05
1.18025e-05
1.18025e-05
1.18025e-05
1.18025e-05
1.18025e-05
1.18025e-05
1.18025e-05
1.18025e-05
1.18025e-05
1.18025e-05
1.18025e-05
1.18025e-05
1.18025e-05
1.18025e-05
1.18025e-05
1.18024e-05
1.18023e-05
1.1802e-05
1.18013e-05
1.17998e-05
1.17962e-05
1.17874e-05
1.17495e-05
1.16158e-05
1.11752e-05
9.94774e-06
7.63267e-06
5.74784e-06
5.50566e-06
5.86312e-06
6.54289e-06
6.7517e-06
6.72933e-06
6.69909e-06
6.70925e-06
6.80465e-06
7.15589e-06
8.36439e-06
1.03592e-05
1.14871e-05
1.17335e-05
1.17825e-05
1.1793e-05
1.17959e-05
1.1798e-05
1.18e-05
1.18013e-05
1.18014e-05
1.18008e-05
1.17985e-05
1.17908e-05
1.17661e-05
1.16893e-05
1.14742e-05
1.10771e-05
1.05701e-05
9.78976e-06
8.65869e-06
7.81021e-06
7.51902e-06
7.33387e-06
6.83748e-06
5.66802e-06
4.28946e-06
3.97277e-06
4.52764e-06
6.68399e-06
8.8388e-06
9.93999e-06
1.07048e-05
1.06272e-05
1.01153e-05
1.01473e-05
1.07954e-05
1.14219e-05
1.1675e-05
1.17458e-05
1.17726e-05
1.17845e-05
1.17922e-05
1.17948e-05
1.17941e-05
1.17904e-05
1.17787e-05
1.17483e-05
1.16829e-05
1.15453e-05
1.12199e-05
1.05142e-05
9.45025e-06
8.33688e-06
7.82791e-06
7.33615e-06
1.18025e-05
1.18025e-05
1.18025e-05
1.18025e-05
1.18025e-05
1.18025e-05
1.18025e-05
1.18025e-05
1.18025e-05
1.18025e-05
1.18025e-05
1.18025e-05
1.18025e-05
1.18025e-05
1.18025e-05
1.18025e-05
1.18025e-05
1.18025e-05
1.18025e-05
1.18025e-05
1.18025e-05
1.18025e-05
1.18025e-05
1.18025e-05
1.18024e-05
1.18024e-05
1.18021e-05
1.18013e-05
1.17982e-05
1.17857e-05
1.1739e-05
1.15767e-05
1.10618e-05
9.66272e-06
7.4587e-06
6.05754e-06
6.03461e-06
6.27095e-06
6.54892e-06
6.63296e-06
6.6496e-06
6.69386e-06
6.82278e-06
7.34358e-06
9.01752e-06
1.09548e-05
1.16334e-05
1.17675e-05
1.1794e-05
1.17994e-05
1.18006e-05
1.18012e-05
1.18018e-05
1.18021e-05
1.18021e-05
1.18015e-05
1.17992e-05
1.17914e-05
1.17648e-05
1.16786e-05
1.14133e-05
1.07592e-05
9.78552e-06
8.75328e-06
8.05643e-06
7.98724e-06
8.22897e-06
8.42583e-06
8.23381e-06
7.24304e-06
5.29958e-06
4.39307e-06
4.8362e-06
6.78523e-06
8.67383e-06
9.87049e-06
9.90344e-06
8.99233e-06
7.80911e-06
7.73792e-06
8.84945e-06
1.0709e-05
1.15467e-05
1.1739e-05
1.17831e-05
1.17954e-05
1.17985e-05
1.17984e-05
1.17972e-05
1.17933e-05
1.17817e-05
1.17517e-05
1.1688e-05
1.15613e-05
1.12415e-05
1.03679e-05
8.71094e-06
7.23198e-06
6.94638e-06
7.0192e-06
1.18025e-05
1.18025e-05
1.18025e-05
1.18025e-05
1.18025e-05
1.18025e-05
1.18025e-05
1.18025e-05
1.18025e-05
1.18025e-05
1.18025e-05
1.18025e-05
1.18025e-05
1.18025e-05
1.18025e-05
1.18025e-05
1.18025e-05
1.18025e-05
1.18025e-05
1.18025e-05
1.18025e-05
1.18025e-05
1.18025e-05
1.18025e-05
1.18025e-05
1.18025e-05
1.18024e-05
1.18023e-05
1.18016e-05
1.17986e-05
1.17868e-05
1.17442e-05
1.15984e-05
1.11344e-05
9.97781e-06
8.09503e-06
6.74551e-06
6.5495e-06
6.61034e-06
6.67541e-06
6.76888e-06
6.97174e-06
7.41369e-06
8.6293e-06
1.04301e-05
1.14853e-05
1.1742e-05
1.179e-05
1.17996e-05
1.18016e-05
1.1802e-05
1.18022e-05
1.18023e-05
1.18024e-05
1.18023e-05
1.18019e-05
1.18003e-05
1.17944e-05
1.17734e-05
1.17008e-05
1.14662e-05
1.07828e-05
9.53686e-06
8.37019e-06
8.08424e-06
8.25082e-06
9.03275e-06
9.95593e-06
1.0006e-05
9.47033e-06
7.54015e-06
5.26148e-06
5.10309e-06
6.09967e-06
7.801e-06
8.99818e-06
8.55859e-06
7.34184e-06
6.17178e-06
6.0514e-06
6.89302e-06
9.47762e-06
1.12849e-05
1.16985e-05
1.17823e-05
1.17984e-05
1.17999e-05
1.17995e-05
1.17979e-05
1.17927e-05
1.17769e-05
1.17291e-05
1.16214e-05
1.14562e-05
1.10861e-05
1.00692e-05
8.02786e-06
6.81803e-06
6.84844e-06
7.24201e-06
1.18025e-05
1.18025e-05
1.18025e-05
1.18025e-05
1.18025e-05
1.18025e-05
1.18025e-05
1.18025e-05
1.18025e-05
1.18025e-05
1.18025e-05
1.18025e-05
1.18025e-05
1.18025e-05
1.18025e-05
1.18025e-05
1.18025e-05
1.18025e-05
1.18025e-05
1.18025e-05
1.18025e-05
1.18025e-05
1.18025e-05
1.18025e-05
1.18025e-05
1.18025e-05
1.18025e-05
1.18025e-05
1.18024e-05
1.18019e-05
1.17998e-05
1.17914e-05
1.17603e-05
1.1656e-05
1.13658e-05
1.07403e-05
9.81381e-06
8.5798e-06
7.77361e-06
7.79542e-06
8.03742e-06
8.79227e-06
1.0147e-05
1.1157e-05
1.15229e-05
1.17093e-05
1.17842e-05
1.1799e-05
1.18017e-05
1.18023e-05
1.18024e-05
1.18025e-05
1.18025e-05
1.18025e-05
1.18024e-05
1.18023e-05
1.18015e-05
1.17985e-05
1.17866e-05
1.17418e-05
1.15837e-05
1.10845e-05
9.88429e-06
8.72262e-06
8.5696e-06
8.90457e-06
9.91688e-06
1.09552e-05
1.10854e-05
1.08624e-05
9.7976e-06
7.43563e-06
5.63789e-06
5.64872e-06
6.10631e-06
6.88989e-06
6.67567e-06
6.03963e-06
5.36676e-06
5.37169e-06
6.07107e-06
8.59549e-06
1.09634e-05
1.16322e-05
1.17738e-05
1.17984e-05
1.18e-05
1.17988e-05
1.17942e-05
1.17786e-05
1.17401e-05
1.16437e-05
1.13985e-05
1.11117e-05
1.07774e-05
9.92908e-06
8.13696e-06
6.97724e-06
6.98908e-06
7.38917e-06
1.18025e-05
1.18025e-05
1.18025e-05
1.18025e-05
1.18025e-05
1.18025e-05
1.18025e-05
1.18025e-05
1.18025e-05
1.18025e-05
1.18025e-05
1.18025e-05
1.18025e-05
1.18025e-05
1.18025e-05
1.18025e-05
1.18025e-05
1.18025e-05
1.18025e-05
1.18025e-05
1.18025e-05
1.18025e-05
1.18025e-05
1.18025e-05
1.18025e-05
1.18025e-05
1.18025e-05
1.18025e-05
1.18025e-05
1.18024e-05
1.18022e-05
1.18014e-05
1.17982e-05
1.17865e-05
1.17541e-05
1.16895e-05
1.15479e-05
1.11741e-05
1.08175e-05
1.0965e-05
1.12418e-05
1.14861e-05
1.16414e-05
1.17257e-05
1.17718e-05
1.17906e-05
1.17984e-05
1.18016e-05
1.18023e-05
1.18025e-05
1.18025e-05
1.18025e-05
1.18025e-05
1.18025e-05
1.18025e-05
1.18025e-05
1.18023e-05
1.18016e-05
1.17987e-05
1.17862e-05
1.1736e-05
1.15448e-05
1.08789e-05
1.02681e-05
1.0336e-05
1.07176e-05
1.12534e-05
1.15527e-05
1.15638e-05
1.14635e-05
1.10412e-05
9.8307e-06
7.60647e-06
6.26037e-06
5.87957e-06
5.75147e-06
5.47165e-06
5.08835e-06
5.00645e-06
5.16993e-06
5.94422e-06
8.43605e-06
1.07582e-05
1.15581e-05
1.17632e-05
1.17976e-05
1.17991e-05
1.17944e-05
1.17781e-05
1.17214e-05
1.16025e-05
1.14149e-05
1.09574e-05
1.05479e-05
1.03166e-05
9.75352e-06
8.41183e-06
7.57593e-06
7.65847e-06
8.02424e-06
1.18025e-05
1.18025e-05
1.18025e-05
1.18025e-05
1.18025e-05
1.18025e-05
1.18025e-05
1.18025e-05
1.18025e-05
1.18025e-05
1.18025e-05
1.18025e-05
1.18025e-05
1.18025e-05
1.18025e-05
1.18025e-05
1.18025e-05
1.18025e-05
1.18025e-05
1.18025e-05
1.18025e-05
1.18025e-05
1.18025e-05
1.18025e-05
1.18025e-05
1.18025e-05
1.18025e-05
1.18025e-05
1.18025e-05
1.18025e-05
1.18025e-05
1.18024e-05
1.18022e-05
1.18014e-05
1.17995e-05
1.17958e-05
1.1785e-05
1.17585e-05
1.1746e-05
1.17622e-05
1.17794e-05
1.17908e-05
1.1797e-05
1.18001e-05
1.18015e-05
1.18021e-05
1.18023e-05
1.18024e-05
1.18025e-05
1.18025e-05
1.18025e-05
1.18025e-05
1.18025e-05
1.18025e-05
1.18025e-05
1.18025e-05
1.18025e-05
1.18024e-05
1.1802e-05
1.18e-05
1.1792e-05
1.17628e-05
1.16953e-05
1.16539e-05
1.16815e-05
1.17232e-05
1.17504e-05
1.17607e-05
1.17496e-05
1.17105e-05
1.15797e-05
1.11918e-05
1.02927e-05
9.05359e-06
7.67259e-06
6.61605e-06
5.83073e-06
5.56825e-06
5.65902e-06
6.13478e-06
7.63762e-06
9.63817e-06
1.08359e-05
1.14996e-05
1.17563e-05
1.17972e-05
1.17982e-05
1.17851e-05
1.17214e-05
1.14982e-05
1.10265e-05
1.0704e-05
1.01696e-05
9.95659e-06
9.90125e-06
9.64582e-06
9.118e-06
8.72144e-06
8.60788e-06
8.52237e-06
1.18025e-05
1.18025e-05
1.18025e-05
1.18025e-05
1.18025e-05
1.18025e-05
1.18025e-05
1.18025e-05
1.18025e-05
1.18025e-05
1.18025e-05
1.18025e-05
1.18025e-05
1.18025e-05
1.18025e-05
1.18025e-05
1.18025e-05
1.18025e-05
1.18025e-05
1.18025e-05
1.18025e-05
1.18025e-05
1.18025e-05
1.18025e-05
1.18025e-05
1.18025e-05
1.18025e-05
1.18025e-05
1.18025e-05
1.18025e-05
1.18025e-05
1.18025e-05
1.18025e-05
1.18024e-05
1.18024e-05
1.18022e-05
1.18018e-05
1.18009e-05
1.18008e-05
1.18014e-05
1.18019e-05
1.18022e-05
1.18024e-05
1.18024e-05
1.18025e-05
1.18025e-05
1.18025e-05
1.18025e-05
1.18025e-05
1.18025e-05
1.18025e-05
1.18025e-05
1.18025e-05
1.18025e-05
1.18025e-05
1.18025e-05
1.18025e-05
1.18025e-05
1.18025e-05
1.18024e-05
1.18021e-05
1.18009e-05
1.17987e-05
1.17978e-05
1.17987e-05
1.17996e-05
1.17999e-05
1.17984e-05
1.17934e-05
1.17815e-05
1.17474e-05
1.16513e-05
1.14246e-05
1.0992e-05
1.00873e-05
8.26959e-06
7.47686e-06
7.60236e-06
8.07927e-06
8.96446e-06
9.97033e-06
1.05907e-05
1.10153e-05
1.14874e-05
1.17588e-05
1.17973e-05
1.17953e-05
1.1775e-05
1.15847e-05
1.07627e-05
9.43479e-06
9.45947e-06
9.46965e-06
9.47704e-06
9.42596e-06
8.95831e-06
8.22767e-06
7.79647e-06
8.04644e-06
8.34718e-06
1.18025e-05
1.18025e-05
1.18025e-05
1.18025e-05
1.18025e-05
1.18025e-05
1.18025e-05
1.18025e-05
1.18025e-05
1.18025e-05
1.18025e-05
1.18025e-05
1.18025e-05
1.18025e-05
1.18025e-05
1.18025e-05
1.18025e-05
1.18025e-05
1.18025e-05
1.18025e-05
1.18025e-05
1.18025e-05
1.18025e-05
1.18025e-05
1.18025e-05
1.18025e-05
1.18025e-05
1.18025e-05
1.18025e-05
1.18025e-05
1.18025e-05
1.18025e-05
1.18025e-05
1.18025e-05
1.18025e-05
1.18025e-05
1.18025e-05
1.18025e-05
1.18025e-05
1.18025e-05
1.18025e-05
1.18025e-05
1.18025e-05
1.18025e-05
1.18025e-05
1.18025e-05
1.18025e-05
1.18025e-05
1.18025e-05
1.18025e-05
1.18025e-05
1.18025e-05
1.18025e-05
1.18025e-05
1.18025e-05
1.18025e-05
1.18025e-05
1.18025e-05
1.18025e-05
1.18025e-05
1.18025e-05
1.18025e-05
1.18024e-05
1.18024e-05
1.18024e-05
1.18024e-05
1.18024e-05
1.18021e-05
1.18013e-05
1.17986e-05
1.17908e-05
1.17702e-05
1.17163e-05
1.15869e-05
1.12823e-05
1.08011e-05
1.08527e-05
1.0946e-05
1.09796e-05
1.09711e-05
1.09861e-05
1.10748e-05
1.13161e-05
1.16605e-05
1.17909e-05
1.17948e-05
1.17773e-05
1.17527e-05
1.14128e-05
9.49821e-06
8.36546e-06
8.22655e-06
8.32405e-06
8.30789e-06
8.46358e-06
8.22838e-06
7.00851e-06
6.09052e-06
7.13103e-06
8.01774e-06
1.18025e-05
1.18025e-05
1.18025e-05
1.18025e-05
1.18025e-05
1.18025e-05
1.18025e-05
1.18025e-05
1.18025e-05
1.18025e-05
1.18025e-05
1.18025e-05
1.18025e-05
1.18025e-05
1.18025e-05
1.18025e-05
1.18025e-05
1.18025e-05
1.18025e-05
1.18025e-05
1.18025e-05
1.18025e-05
1.18025e-05
1.18025e-05
1.18025e-05
1.18025e-05
1.18025e-05
1.18025e-05
1.18025e-05
1.18025e-05
1.18025e-05
1.18025e-05
1.18025e-05
1.18025e-05
1.18025e-05
1.18025e-05
1.18025e-05
1.18025e-05
1.18025e-05
1.18025e-05
1.18025e-05
1.18025e-05
1.18025e-05
1.18025e-05
1.18025e-05
1.18025e-05
1.18025e-05
1.18025e-05
1.18025e-05
1.18025e-05
1.18025e-05
1.18025e-05
1.18025e-05
1.18025e-05
1.18025e-05
1.18025e-05
1.18025e-05
1.18025e-05
1.18025e-05
1.18025e-05
1.18025e-05
1.18025e-05
1.18025e-05
1.18025e-05
1.18025e-05
1.18025e-05
1.18024e-05
1.18023e-05
1.18018e-05
1.18001e-05
1.17949e-05
1.17803e-05
1.17455e-05
1.16793e-05
1.15844e-05
1.14704e-05
1.13049e-05
1.10513e-05
1.09841e-05
1.10512e-05
1.11816e-05
1.14554e-05
1.16987e-05
1.17848e-05
1.17998e-05
1.17762e-05
1.17115e-05
1.16979e-05
1.17042e-05
1.11662e-05
1.05661e-05
9.3879e-06
8.6691e-06
8.81646e-06
9.74974e-06
8.7249e-06
6.85951e-06
5.58936e-06
6.11708e-06
7.02238e-06
1.18025e-05
1.18025e-05
1.18025e-05
1.18025e-05
1.18025e-05
1.18025e-05
1.18025e-05
1.18025e-05
1.18025e-05
1.18025e-05
1.18025e-05
1.18025e-05
1.18025e-05
1.18025e-05
1.18025e-05
1.18025e-05
1.18025e-05
1.18025e-05
1.18025e-05
1.18025e-05
1.18025e-05
1.18025e-05
1.18025e-05
1.18025e-05
1.18025e-05
1.18025e-05
1.18025e-05
1.18025e-05
1.18025e-05
1.18025e-05
1.18025e-05
1.18025e-05
1.18025e-05
1.18025e-05
1.18025e-05
1.18025e-05
1.18025e-05
1.18025e-05
1.18025e-05
1.18025e-05
1.18025e-05
1.18025e-05
1.18025e-05
1.18025e-05
1.18025e-05
1.18025e-05
1.18025e-05
1.18025e-05
1.18025e-05
1.18025e-05
1.18025e-05
1.18025e-05
1.18025e-05
1.18025e-05
1.18025e-05
1.18025e-05
1.18025e-05
1.18025e-05
1.18025e-05
1.18025e-05
1.18025e-05
1.18025e-05
1.18025e-05
1.18025e-05
1.18025e-05
1.18025e-05
1.18025e-05
1.18024e-05
1.1802e-05
1.1801e-05
1.17973e-05
1.17851e-05
1.17462e-05
1.16272e-05
1.13922e-05
1.11533e-05
1.10946e-05
1.11195e-05
1.12689e-05
1.15563e-05
1.17319e-05
1.17704e-05
1.17886e-05
1.18e-05
1.17993e-05
1.17339e-05
1.16335e-05
1.15748e-05
1.15048e-05
1.14029e-05
1.13072e-05
1.07791e-05
8.96781e-06
6.93081e-06
6.15292e-06
5.85632e-06
5.7878e-06
5.98568e-06
6.54032e-06
7.19691e-06
)
;

boundaryField
{
    AXIS
    {
        type            empty;
    }
    OUTLET
    {
        type            calculated;
        value           nonuniform List<scalar> 
50
(
1.0105e-05
9.29615e-06
7.56027e-06
5.9676e-06
4.73958e-06
3.95809e-06
3.46552e-06
3.14952e-06
2.98159e-06
2.9528e-06
3.00493e-06
3.04498e-06
2.98661e-06
2.83576e-06
2.58958e-06
2.30768e-06
2.0635e-06
1.93542e-06
1.90138e-06
1.87717e-06
1.81854e-06
1.70316e-06
1.59959e-06
1.55994e-06
1.6044e-06
1.79892e-06
2.1855e-06
2.80695e-06
3.60952e-06
4.51807e-06
5.644e-06
6.81076e-06
8.06744e-06
8.63326e-06
9.02023e-06
9.14332e-06
9.13094e-06
8.94223e-06
8.66458e-06
8.20646e-06
7.33615e-06
7.0192e-06
7.24201e-06
7.38917e-06
8.02424e-06
8.52237e-06
8.34718e-06
1.18025e-05
7.02238e-06
1.18025e-05
)
;
    }
    COFLOW
    {
        type            calculated;
        value           nonuniform List<scalar> 
30
(
1.18025e-05
1.18025e-05
1.18025e-05
1.18025e-05
1.18025e-05
1.18025e-05
1.18025e-05
1.18025e-05
1.18025e-05
1.18025e-05
1.18025e-05
1.18025e-05
1.18025e-05
1.18025e-05
1.18025e-05
1.18025e-05
1.18025e-05
1.18025e-05
1.18025e-05
1.18025e-05
1.18025e-05
1.18025e-05
1.18025e-05
1.18025e-05
1.18025e-05
1.18025e-05
1.18025e-05
1.18025e-05
1.18025e-05
1.18025e-05
)
;
    }
    PILOT
    {
        type            calculated;
        value           nonuniform List<scalar> 10(1.95666e-06 1.69054e-06 1.57033e-06 1.56803e-06 1.56801e-06 1.56801e-06 1.56801e-06 1.56802e-06 1.56864e-06 1.60826e-06);
    }
    FUEL
    {
        type            calculated;
        value           nonuniform List<scalar> 10(1.04958e-05 1.04958e-05 1.04958e-05 1.04958e-05 1.04958e-05 1.04958e-05 1.04958e-05 1.04958e-05 1.04958e-05 1.04958e-05);
    }
    WALL
    {
        type            calculated;
        value           nonuniform List<scalar> 
100
(
1.18025e-05
1.18025e-05
1.18025e-05
1.18025e-05
1.18025e-05
1.18025e-05
1.18025e-05
1.18025e-05
1.18025e-05
1.18025e-05
1.18025e-05
1.18025e-05
1.18025e-05
1.18025e-05
1.18025e-05
1.18025e-05
1.18025e-05
1.18025e-05
1.18025e-05
1.18025e-05
1.18025e-05
1.18025e-05
1.18025e-05
1.18025e-05
1.18025e-05
1.18025e-05
1.18025e-05
1.18025e-05
1.18025e-05
1.18025e-05
1.18025e-05
1.18025e-05
1.18025e-05
1.18025e-05
1.18025e-05
1.18025e-05
1.18025e-05
1.18025e-05
1.18025e-05
1.18025e-05
1.18025e-05
1.18025e-05
1.18025e-05
1.18025e-05
1.18025e-05
1.18025e-05
1.18025e-05
1.18025e-05
1.18025e-05
1.18025e-05
1.18025e-05
1.18025e-05
1.18025e-05
1.18025e-05
1.18025e-05
1.18025e-05
1.18025e-05
1.18025e-05
1.18025e-05
1.18025e-05
1.18025e-05
1.18025e-05
1.18025e-05
1.18025e-05
1.18025e-05
1.18025e-05
1.18025e-05
1.18024e-05
1.1802e-05
1.1801e-05
1.17973e-05
1.17851e-05
1.17462e-05
1.16272e-05
1.13922e-05
1.11533e-05
1.10946e-05
1.11195e-05
1.12689e-05
1.15563e-05
1.17319e-05
1.17704e-05
1.17886e-05
1.18e-05
1.17993e-05
1.17339e-05
1.16335e-05
1.15748e-05
1.15048e-05
1.14029e-05
1.13072e-05
1.07791e-05
8.96781e-06
6.93081e-06
6.15292e-06
5.85632e-06
5.7878e-06
5.98568e-06
6.54032e-06
7.19691e-06
)
;
    }
    front
    {
        type            wedge;
    }
    back
    {
        type            wedge;
    }
}


// ************************************************************************* //
