/*--------------------------------*- C++ -*----------------------------------*\
| =========                 |                                                 |
| \\      /  F ield         | OpenFOAM: The Open Source CFD Toolbox           |
|  \\    /   O peration     | Version:  2.3.0                                 |
|   \\  /    A nd           | Web:      www.OpenFOAM.org                      |
|    \\/     M anipulation  |                                                 |
\*---------------------------------------------------------------------------*/
FoamFile
{
    version     2.0;
    format      ascii;
    class       volScalarField;
    location    "0.05";
    object      varZ;
}
// * * * * * * * * * * * * * * * * * * * * * * * * * * * * * * * * * * * * * //

dimensions      [0 0 0 0 0 0 0];

internalField   nonuniform List<scalar> 
5000
(
3.39287e-26
4.02736e-26
1.23817e-25
4.70813e-25
1.40012e-24
3.29692e-24
6.82312e-24
1.27304e-23
1.99116e-23
2.62629e-23
3.26294e-23
4.14862e-23
6.44715e-23
1.51696e-22
4.85325e-22
1.79273e-21
7.00589e-21
2.71851e-20
1.01421e-19
3.56295e-19
1.20995e-18
4.03215e-18
1.34146e-17
4.60822e-17
1.756e-16
7.35872e-16
3.28726e-15
1.44896e-14
5.29705e-14
1.25269e-13
1.52918e-13
1.84078e-13
5.01541e-13
1.72905e-12
5.61782e-12
1.59639e-11
3.88522e-11
8.04766e-11
1.39797e-10
1.86127e-10
1.78668e-10
1.31105e-10
8.86328e-11
6.82603e-11
7.67479e-11
1.21174e-10
2.04345e-10
3.00777e-10
3.61352e-10
4.2249e-10
6.3253e-10
1.25856e-09
2.68214e-09
5.634e-09
1.24497e-08
3.01714e-08
7.19044e-08
1.5389e-07
2.90144e-07
5.00993e-07
8.16394e-07
1.26581e-06
1.84705e-06
2.47852e-06
3.04755e-06
3.46472e-06
3.30468e-06
2.64314e-06
1.9296e-06
1.34016e-06
8.75606e-07
5.59221e-07
3.32385e-07
1.70842e-07
1.53572e-07
1.68874e-07
2.02919e-07
2.58876e-07
3.42306e-07
4.68122e-07
6.42908e-07
8.42899e-07
1.02044e-06
1.20811e-06
1.44019e-06
1.71253e-06
2.0377e-06
2.45089e-06
2.84051e-06
2.77918e-06
2.29388e-06
1.44711e-06
9.82819e-07
9.45474e-07
9.73913e-07
1.04702e-06
1.15334e-06
1.28328e-06
1.42763e-06
1.58543e-06
2.48225e-23
2.03149e-23
2.72579e-23
8.06027e-23
2.10707e-22
4.56706e-22
7.98669e-22
1.2478e-21
1.59891e-21
1.6689e-21
1.79166e-21
2.32488e-21
4.22994e-21
1.11156e-20
3.56181e-20
1.24528e-19
4.62705e-19
1.77202e-18
6.65697e-18
2.25782e-17
7.38585e-17
2.46503e-16
8.37302e-16
3.00664e-15
1.21997e-14
5.3989e-14
2.53469e-13
1.20005e-12
4.59693e-12
1.09334e-11
1.19005e-11
8.28256e-12
1.36835e-11
4.3852e-11
1.49885e-10
4.64398e-10
1.24608e-09
2.82703e-09
5.30933e-09
7.3794e-09
6.99446e-09
4.8697e-09
3.082e-09
2.20513e-09
2.37874e-09
3.91528e-09
7.16521e-09
1.12939e-08
1.29447e-08
1.14773e-08
1.02052e-08
1.16014e-08
1.92875e-08
3.64244e-08
7.32207e-08
1.76561e-07
4.132e-07
8.42306e-07
1.49859e-06
2.44982e-06
3.85902e-06
5.98541e-06
8.91759e-06
1.25874e-05
1.7026e-05
2.23499e-05
2.65978e-05
2.68482e-05
2.41507e-05
1.624e-05
9.04261e-06
4.63428e-06
1.67057e-06
6.5782e-07
6.03694e-07
6.44858e-07
7.65437e-07
1.00772e-06
1.41642e-06
2.05724e-06
2.95545e-06
3.93716e-06
4.60953e-06
4.92434e-06
5.19783e-06
5.59696e-06
6.0847e-06
6.58523e-06
6.67586e-06
6.25279e-06
5.09288e-06
3.39365e-06
3.02516e-06
3.18679e-06
3.67577e-06
4.27854e-06
4.70426e-06
4.96776e-06
5.20443e-06
5.64546e-06
2.60441e-21
4.48422e-21
1.06177e-20
3.14863e-20
6.91416e-20
1.14035e-19
2.01052e-19
3.06622e-19
3.72258e-19
3.28227e-19
2.59154e-19
2.45583e-19
3.3182e-19
6.5143e-19
1.80994e-18
6.47382e-18
2.55735e-17
1.00377e-16
3.83185e-16
1.33063e-15
4.3795e-15
1.47453e-14
5.13828e-14
1.93773e-13
8.14306e-13
3.64316e-12
1.65331e-11
6.99722e-11
2.38618e-10
5.32829e-10
5.70639e-10
3.40428e-10
3.20429e-10
7.67654e-10
2.33677e-09
6.96192e-09
2.29291e-08
6.03562e-08
1.21008e-07
1.80658e-07
1.75577e-07
1.23367e-07
7.79414e-08
5.48977e-08
5.67733e-08
9.12118e-08
1.71088e-07
3.04559e-07
3.70355e-07
3.07139e-07
2.28984e-07
1.63592e-07
1.32266e-07
1.51166e-07
2.36131e-07
5.20498e-07
1.21552e-06
2.50764e-06
4.49025e-06
7.23142e-06
1.07838e-05
1.50966e-05
2.00977e-05
2.56419e-05
3.16625e-05
3.82674e-05
4.56893e-05
5.47476e-05
5.99751e-05
5.75279e-05
4.1756e-05
1.70361e-05
4.49507e-06
1.93854e-06
1.83516e-06
1.98411e-06
2.426e-06
3.27774e-06
4.74753e-06
7.11872e-06
1.05036e-05
1.43642e-05
1.73284e-05
1.8789e-05
1.99829e-05
2.29482e-05
2.48834e-05
2.37263e-05
2.07496e-05
1.64912e-05
1.09332e-05
7.28097e-06
7.21301e-06
8.13023e-06
1.02462e-05
1.28115e-05
1.48899e-05
1.63841e-05
1.72987e-05
1.88086e-05
2.78089e-19
1.22807e-18
5.9947e-18
2.10664e-17
5.31622e-17
5.64796e-17
5.35605e-17
5.20707e-17
4.46484e-17
3.15615e-17
2.415e-17
2.63213e-17
3.92528e-17
6.79179e-17
1.31276e-16
3.12301e-16
9.5887e-16
3.39497e-15
1.24699e-14
4.01789e-14
1.24253e-13
4.20595e-13
1.505e-12
5.92283e-12
2.57561e-11
1.15438e-10
4.97863e-10
1.97952e-09
6.47429e-09
1.45217e-08
1.6152e-08
9.26268e-09
5.36413e-09
5.22044e-09
1.05677e-08
2.78756e-08
9.37323e-08
3.23484e-07
1.13923e-06
2.73777e-06
2.85564e-06
2.09705e-06
1.35835e-06
8.75983e-07
5.55312e-07
5.47258e-07
8.45692e-07
2.34689e-06
4.63167e-06
4.55366e-06
3.57848e-06
2.32264e-06
1.21952e-06
6.27884e-07
7.22145e-07
1.42349e-06
3.13732e-06
5.96169e-06
9.69048e-06
1.40548e-05
1.89886e-05
2.4435e-05
3.03907e-05
3.6829e-05
4.37397e-05
5.12921e-05
5.95954e-05
6.93349e-05
8.37365e-05
9.09129e-05
8.27596e-05
4.89623e-05
1.37617e-05
4.68436e-06
4.36118e-06
5.04377e-06
6.69548e-06
9.16649e-06
1.24052e-05
1.66727e-05
2.22238e-05
2.87963e-05
3.54847e-05
4.13936e-05
4.816e-05
6.16853e-05
7.46801e-05
7.22329e-05
6.26633e-05
4.5899e-05
2.53268e-05
1.39997e-05
1.34027e-05
1.46734e-05
1.80486e-05
2.27371e-05
2.75654e-05
3.22097e-05
3.61225e-05
4.07821e-05
2.87933e-17
3.23929e-16
2.90527e-15
1.2682e-14
2.13984e-14
1.70455e-14
1.10893e-14
7.48817e-15
5.03656e-15
3.03179e-15
2.38006e-15
2.99997e-15
5.05161e-15
8.91225e-15
1.51731e-14
2.73293e-14
6.45705e-14
2.05696e-13
7.43543e-13
1.50764e-12
2.68113e-12
7.59843e-12
2.59595e-11
1.02549e-10
4.54184e-10
2.03605e-09
8.59694e-09
3.30735e-08
1.08882e-07
2.65011e-07
3.16902e-07
1.86104e-07
9.73094e-08
5.66815e-08
5.35769e-08
1.00722e-07
3.09087e-07
1.05535e-06
3.38066e-06
8.65121e-06
1.44864e-05
1.43409e-05
1.08757e-05
5.74277e-06
2.89411e-06
2.05138e-06
2.44534e-06
4.81442e-06
1.09863e-05
1.58508e-05
1.50371e-05
1.08419e-05
4.9893e-06
1.78836e-06
1.75086e-06
2.88944e-06
5.87683e-06
1.05721e-05
1.635e-05
2.26115e-05
2.92988e-05
3.64455e-05
4.42413e-05
5.30392e-05
6.30199e-05
7.43699e-05
8.72451e-05
0.000100742
0.000116326
0.000129479
0.000125317
9.5248e-05
3.56153e-05
9.48457e-06
7.75316e-06
9.00218e-06
1.22614e-05
1.68679e-05
2.21795e-05
2.83826e-05
3.62201e-05
4.65139e-05
5.97957e-05
7.50891e-05
9.24689e-05
0.000119626
0.000145945
0.000145389
0.000134513
0.000106646
6.09551e-05
2.86366e-05
2.42334e-05
2.55142e-05
2.97987e-05
3.65062e-05
4.40133e-05
5.19118e-05
5.96861e-05
7.16462e-05
5.29992e-15
5.07978e-14
4.64598e-13
1.59401e-12
2.36319e-12
1.67639e-12
9.19453e-13
5.83554e-13
4.5181e-13
2.93732e-13
2.47754e-13
3.14318e-13
5.34455e-13
9.65748e-13
1.63578e-12
2.81331e-12
6.05052e-12
1.86546e-11
5.58259e-11
9.39233e-11
9.45086e-11
1.73047e-10
4.92527e-10
1.78038e-09
7.2645e-09
2.88983e-08
9.58434e-08
2.91304e-07
1.0068e-06
3.27504e-06
4.74555e-06
2.89923e-06
1.52461e-06
7.87754e-07
4.45628e-07
3.87536e-07
6.76603e-07
1.86615e-06
5.35279e-06
1.24637e-05
2.36572e-05
3.25507e-05
3.20949e-05
2.63478e-05
1.45963e-05
6.92976e-06
5.95667e-06
7.53379e-06
1.33787e-05
2.44367e-05
2.91207e-05
2.60029e-05
1.55065e-05
5.2046e-06
3.70975e-06
5.16208e-06
9.52834e-06
1.64166e-05
2.46333e-05
3.32573e-05
4.24912e-05
5.269e-05
6.4438e-05
7.89776e-05
9.65919e-05
0.000115641
0.000134932
0.000151519
0.000165029
0.000175654
0.000172608
0.000148649
7.57095e-05
1.89268e-05
1.14804e-05
1.26009e-05
1.6555e-05
2.27986e-05
3.02171e-05
3.90418e-05
5.09119e-05
6.81519e-05
9.31773e-05
0.000124589
0.00015303
0.000173907
0.000186872
0.000189478
0.000185487
0.000169498
0.00011878
5.9905e-05
4.24e-05
4.28819e-05
4.69831e-05
5.46418e-05
6.39878e-05
7.43589e-05
8.48114e-05
0.000104246
4.53095e-13
4.94895e-12
3.89399e-11
1.36557e-10
2.26062e-10
1.77894e-10
9.70585e-11
6.50167e-11
5.92002e-11
3.83072e-11
2.75906e-11
2.80869e-11
4.13675e-11
7.26215e-11
1.262e-10
2.2681e-10
4.87889e-10
1.3671e-09
3.60284e-09
5.84512e-09
4.59046e-09
4.52085e-09
8.01025e-09
2.24947e-08
6.94764e-08
1.76823e-07
4.26575e-07
1.13385e-06
3.97559e-06
1.39702e-05
3.51921e-05
3.18892e-05
1.84855e-05
9.81756e-06
5.14823e-06
2.17285e-06
1.68281e-06
2.91579e-06
6.97288e-06
1.5029e-05
2.74886e-05
4.39236e-05
5.77217e-05
5.87995e-05
5.15179e-05
3.05159e-05
1.57408e-05
1.50953e-05
1.868e-05
2.83297e-05
4.17593e-05
4.19691e-05
3.2153e-05
1.35495e-05
7.09852e-06
8.4103e-06
1.35653e-05
2.25745e-05
3.3839e-05
4.60139e-05
5.96153e-05
7.53856e-05
9.43763e-05
0.000117911
0.000144116
0.000165839
0.000179939
0.000187547
0.000193311
0.000201929
0.000200564
0.00018455
0.000124802
3.6748e-05
1.66663e-05
1.73043e-05
2.19443e-05
3.01384e-05
4.02855e-05
5.28902e-05
7.09847e-05
9.91064e-05
0.000138994
0.000175765
0.000191872
0.000189812
0.000188963
0.000194443
0.000197476
0.000191846
0.000167021
0.000110076
7.69727e-05
7.43941e-05
7.68898e-05
8.27166e-05
9.07138e-05
0.000100832
0.000111895
0.000134659
1.91779e-11
2.41581e-10
1.87307e-09
7.36441e-09
1.47181e-08
1.55411e-08
1.06208e-08
8.03713e-09
7.8544e-09
4.90007e-09
3.0854e-09
2.40477e-09
2.6537e-09
4.00121e-09
6.67423e-09
1.18776e-08
2.44494e-08
6.14917e-08
1.47516e-07
2.4429e-07
1.99264e-07
1.43772e-07
1.33002e-07
1.94658e-07
3.90594e-07
7.82434e-07
1.56847e-06
3.60428e-06
1.04385e-05
3.0189e-05
7.52058e-05
0.000143254
0.000141168
8.8723e-05
3.222e-05
9.90308e-06
4.07509e-06
4.9198e-06
9.05553e-06
1.80685e-05
3.23976e-05
5.18751e-05
7.68734e-05
0.000103095
0.000108756
9.60774e-05
5.73164e-05
3.54911e-05
3.53713e-05
4.06482e-05
5.38538e-05
5.84999e-05
5.06206e-05
2.6309e-05
1.21879e-05
1.28729e-05
1.83837e-05
2.9464e-05
4.4377e-05
6.13389e-05
8.12957e-05
0.000105021
0.000132645
0.000161921
0.000186894
0.000199735
0.000200017
0.000197556
0.000197455
0.000203798
0.000207552
0.000198302
0.00016136
6.36062e-05
2.34296e-05
2.27748e-05
2.74856e-05
3.76595e-05
5.15568e-05
7.03344e-05
9.90151e-05
0.000142273
0.00018649
0.000196998
0.000190388
0.000165781
0.000149218
0.000154668
0.000173247
0.000186358
0.000180602
0.000156862
0.000129313
0.000116527
0.000116193
0.000117549
0.000121237
0.00012846
0.000138353
0.000161011
1.26022e-09
1.18652e-08
6.81077e-08
2.60241e-07
6.30502e-07
8.72076e-07
7.88963e-07
7.97032e-07
9.59957e-07
7.00881e-07
3.93006e-07
2.40903e-07
1.78995e-07
1.87177e-07
2.55355e-07
3.98326e-07
7.09814e-07
1.49925e-06
3.39278e-06
6.35674e-06
6.66054e-06
4.5135e-06
3.09426e-06
2.35662e-06
2.46433e-06
3.41779e-06
5.43465e-06
1.03812e-05
2.3454e-05
5.53458e-05
0.000119119
0.000216496
0.000292524
0.000275813
0.000167793
4.33917e-05
9.56874e-06
8.713e-06
1.28465e-05
2.43863e-05
4.44448e-05
7.21041e-05
0.00010614
0.000147033
0.000172967
0.000169966
0.000142235
9.81639e-05
7.75278e-05
7.38357e-05
7.72867e-05
7.96418e-05
7.13946e-05
4.11085e-05
1.87089e-05
1.85661e-05
2.43963e-05
3.79048e-05
5.73851e-05
8.07465e-05
0.000109134
0.00014139
0.00017286
0.000201441
0.000222986
0.000225202
0.000220489
0.000205715
0.000186689
0.000187271
0.000196832
0.00019398
0.000171775
8.84762e-05
3.16699e-05
2.87957e-05
3.4096e-05
4.73722e-05
6.75967e-05
9.72396e-05
0.000142832
0.000192718
0.000203227
0.000194594
0.000165599
0.000132184
0.000123999
0.000126885
0.00014034
0.000168587
0.000180033
0.000176059
0.000168785
0.000156382
0.000147869
0.000147051
0.000148179
0.00015262
0.000160266
0.000179398
1.43198e-07
5.32038e-07
2.16746e-06
6.79797e-06
1.98415e-05
4.11548e-05
5.05072e-05
5.10063e-05
6.31572e-05
5.92102e-05
3.43591e-05
1.90364e-05
1.20668e-05
9.41013e-06
1.04564e-05
1.35622e-05
1.90574e-05
2.95134e-05
5.07952e-05
9.6688e-05
0.000154312
0.000132302
8.02107e-05
3.95849e-05
1.80508e-05
1.47864e-05
1.82395e-05
2.88877e-05
5.29518e-05
0.000106699
0.000206946
0.000310303
0.000349475
0.000341002
0.000293188
0.000127051
2.47852e-05
1.61811e-05
2.08408e-05
3.71416e-05
6.76777e-05
0.000109819
0.000156709
0.000199276
0.000216976
0.00021446
0.000195414
0.00016855
0.000154359
0.000139291
0.000126698
0.000118222
9.99892e-05
5.66519e-05
2.5989e-05
2.50821e-05
3.1329e-05
4.73764e-05
7.19974e-05
0.000102437
0.000139892
0.000180021
0.000212276
0.00024753
0.000292585
0.000305966
0.000295625
0.000256669
0.000194017
0.000174755
0.000180832
0.00018434
0.000166035
9.3889e-05
3.77111e-05
3.49878e-05
4.22808e-05
6.0705e-05
9.01855e-05
0.000135387
0.000194253
0.000213575
0.0002043
0.000170931
0.000135501
0.000119583
0.000117489
0.000119035
0.000125329
0.000146905
0.00017333
0.000180762
0.000179349
0.000174337
0.000166243
0.000163664
0.000164143
0.000166967
0.000172588
0.000187702
0.000139206
0.000114471
0.000136049
0.000231687
0.000390897
0.000531468
0.000622905
0.000621907
0.000601321
0.000567575
0.00050805
0.000332234
0.000125838
9.50115e-05
0.000111537
0.000157881
0.000202474
0.000234534
0.000291063
0.0003865
0.000417382
0.000402499
0.000341463
0.00020781
7.81861e-05
4.593e-05
5.0524e-05
6.98389e-05
0.000115366
0.000207461
0.00032459
0.000368681
0.000366797
0.00035885
0.000327621
0.000209754
5.09087e-05
2.80787e-05
3.38401e-05
5.70086e-05
0.000101949
0.000160296
0.000208792
0.000232023
0.000236236
0.000234421
0.000224482
0.00022609
0.00023275
0.000226458
0.000208733
0.000185988
0.000146743
7.73392e-05
3.45493e-05
3.27458e-05
3.972e-05
5.91206e-05
9.05379e-05
0.000129704
0.000176963
0.000227395
0.000280985
0.000356759
0.00041345
0.000410535
0.000377776
0.000303256
0.000206248
0.000165563
0.000167616
0.000171237
0.000155109
8.94447e-05
4.19626e-05
4.16532e-05
5.31804e-05
7.99588e-05
0.000123776
0.000187145
0.000227492
0.00022173
0.00019049
0.000147431
0.000126435
0.000121273
0.000118552
0.000117717
0.000120984
0.00013374
0.000162934
0.000179448
0.000180347
0.000178162
0.000174207
0.000172636
0.000172744
0.000174025
0.000177257
0.0001881
1.50078e-05
7.10297e-05
0.000125723
0.000160799
0.000154865
0.000169453
0.000220348
0.000220052
0.000207843
0.000256047
0.000397919
0.000414399
0.000372398
0.000364987
0.000419445
0.000482123
0.000497068
0.000498145
0.000495796
0.000470883
0.000406686
0.00037064
0.000348911
0.00030025
0.000176679
0.00010053
0.000104987
0.00014054
0.0002238
0.000345215
0.000399819
0.000385061
0.000344886
0.000330831
0.000307399
0.000222813
7.10048e-05
4.40271e-05
5.32564e-05
8.8946e-05
0.000151019
0.000212354
0.000240302
0.000246966
0.00025797
0.000278344
0.000291663
0.000306859
0.000312885
0.000306761
0.000289693
0.000262536
0.000207698
0.000105905
4.52074e-05
4.19748e-05
5.00218e-05
7.35888e-05
0.000112663
0.000162551
0.000230802
0.000319128
0.000412362
0.000485483
0.000485594
0.00045627
0.000397497
0.00030474
0.000198127
0.000154269
0.000154784
0.000156939
0.000141158
7.95305e-05
4.62509e-05
4.94097e-05
6.81103e-05
0.000107024
0.000169286
0.000236692
0.0002482
0.000227407
0.000175471
0.000141402
0.000139272
0.000137529
0.000131107
0.000121865
0.000122192
0.000128973
0.000152667
0.000174789
0.000179612
0.000180979
0.000182283
0.000182236
0.000181301
0.000180632
0.000181378
0.000187186
1.94106e-06
1.92296e-05
4.11887e-05
3.70913e-05
3.52697e-05
4.39526e-05
5.57801e-05
6.16339e-05
7.5748e-05
0.00014006
0.000280957
0.00042505
0.000453649
0.000457584
0.00046581
0.000471238
0.000470238
0.000457892
0.000412741
0.00035934
0.000366262
0.000364179
0.000339208
0.000276923
0.000186569
0.000161354
0.000184748
0.000258521
0.000367774
0.000437866
0.000426254
0.000370893
0.000271857
0.000266628
0.000265202
0.000199237
7.9965e-05
6.36127e-05
8.16118e-05
0.000139368
0.000216807
0.000259223
0.000281169
0.000305537
0.000358555
0.000405784
0.000400553
0.000379182
0.000353995
0.000338425
0.000326854
0.000310087
0.000262407
0.000140381
5.83095e-05
5.30389e-05
6.26744e-05
9.19272e-05
0.000143154
0.000215707
0.000324873
0.000451363
0.000530127
0.000535796
0.000509768
0.000444922
0.0003515
0.000248811
0.000167276
0.000139734
0.000140554
0.000141298
0.000123778
6.81686e-05
5.16441e-05
5.96398e-05
8.84168e-05
0.000142685
0.000221407
0.00027429
0.000271132
0.000230135
0.000187276
0.000175554
0.000167051
0.000156441
0.000142578
0.000127562
0.000124497
0.000128883
0.00014562
0.000167794
0.000179266
0.000191335
0.000201952
0.000202336
0.000198664
0.000192581
0.000190982
0.000197934
2.35536e-07
2.48509e-06
4.50088e-06
5.45706e-06
7.06364e-06
1.01014e-05
1.40496e-05
1.8476e-05
2.99618e-05
6.17263e-05
0.000122286
0.000211658
0.000282793
0.000307715
0.000298864
0.000295932
0.000299084
0.000292564
0.000271563
0.000296331
0.000371765
0.000393658
0.000353749
0.000280407
0.000250082
0.000266069
0.000326072
0.000403914
0.000459519
0.000465759
0.000442052
0.000349753
0.000210398
0.000206174
0.000209044
0.000158208
8.64077e-05
8.75616e-05
0.000125777
0.00021379
0.000318255
0.000388465
0.00042857
0.000472573
0.000488443
0.000472937
0.000438091
0.000375479
0.000303273
0.000297237
0.000305288
0.000300809
0.000271994
0.000168115
7.23927e-05
6.57346e-05
7.84373e-05
0.000117395
0.000189231
0.000295681
0.00044138
0.000552891
0.000570364
0.000552709
0.000487803
0.000371582
0.00026179
0.000182663
0.000140163
0.000127004
0.000126976
0.000125133
0.000101733
6.07466e-05
5.79866e-05
7.36609e-05
0.000115424
0.000186743
0.000273816
0.000307791
0.000299339
0.000270495
0.000251644
0.000235995
0.000210275
0.000178737
0.000152837
0.00013349
0.000127447
0.000130201
0.000141252
0.000160348
0.000182038
0.000214247
0.000244703
0.000247652
0.000239427
0.000224236
0.000217382
0.000232815
2.91449e-08
2.78884e-07
5.62628e-07
9.33882e-07
1.51744e-06
2.51487e-06
4.1091e-06
6.63484e-06
1.17124e-05
2.22388e-05
3.96186e-05
6.41103e-05
9.16757e-05
0.000109315
0.00011513
0.000125054
0.000138774
0.000154747
0.00017791
0.000232325
0.000337124
0.000419103
0.000431131
0.000415288
0.000399504
0.000412809
0.000440867
0.000451665
0.000462176
0.000478687
0.000459711
0.000341369
0.000177678
0.000143202
0.000133578
0.000107477
9.98695e-05
0.00012561
0.000211214
0.000359107
0.000484173
0.000528135
0.000537333
0.000533256
0.000520386
0.000480972
0.000391728
0.000264836
0.000202536
0.000207995
0.000242847
0.000275085
0.000256817
0.000169339
8.31818e-05
7.97391e-05
9.9082e-05
0.000155129
0.000258008
0.000397931
0.000540175
0.000591751
0.000583832
0.000549489
0.000437075
0.000289818
0.000191653
0.000144978
0.000126375
0.000119242
0.000115625
0.000107272
7.84518e-05
5.98715e-05
6.60778e-05
9.33097e-05
0.000149534
0.000236787
0.000321811
0.000346329
0.000345995
0.00034348
0.000341224
0.000322427
0.000270806
0.000206369
0.000163344
0.000140413
0.000131797
0.000133108
0.000142153
0.000161043
0.000195201
0.000257911
0.000325462
0.000341068
0.000330416
0.000305178
0.000290053
0.000318098
4.65265e-09
3.35601e-08
8.68826e-08
2.08717e-07
4.80888e-07
1.01683e-06
2.00263e-06
3.6589e-06
6.29645e-06
1.00066e-05
1.44164e-05
1.97006e-05
2.7023e-05
3.56237e-05
4.54144e-05
5.78073e-05
7.26521e-05
9.40239e-05
0.000121134
0.000165543
0.000241203
0.000322041
0.000384224
0.000416336
0.000422
0.000424878
0.000432584
0.000431957
0.000433614
0.000477166
0.000485666
0.000370819
0.000167488
0.00011565
0.000110656
0.00011145
0.000132612
0.000204832
0.000350139
0.000500378
0.000556196
0.00055841
0.000550915
0.000537017
0.000514279
0.000452171
0.000301338
0.00017546
0.000153435
0.000160989
0.000195733
0.000243943
0.000234885
0.000157005
9.20885e-05
9.52371e-05
0.000127413
0.000208731
0.000347084
0.000498811
0.000595078
0.000603066
0.000587546
0.000531058
0.000381
0.000227037
0.000154755
0.000129778
0.000120202
0.000114035
0.000105875
8.80239e-05
6.52736e-05
6.40142e-05
7.91401e-05
0.000119856
0.000191412
0.000290945
0.000366915
0.000390355
0.000409989
0.000435458
0.000444514
0.000423346
0.000348481
0.000245546
0.000176987
0.000148539
0.000138278
0.000138313
0.000145764
0.000168396
0.00022603
0.000337406
0.000459344
0.000496534
0.00048738
0.000455885
0.000428509
0.0004476
7.88816e-09
5.54992e-08
2.18889e-07
6.13276e-07
1.41158e-06
2.80661e-06
4.88944e-06
7.23175e-06
8.93489e-06
9.90587e-06
1.1257e-05
1.34571e-05
1.77422e-05
2.40414e-05
3.24405e-05
4.25997e-05
5.43114e-05
7.01773e-05
9.02299e-05
0.000123195
0.000179034
0.000234678
0.000286924
0.000341184
0.000375293
0.000381366
0.000367568
0.000357615
0.000377606
0.000452179
0.000505735
0.000447519
0.000237702
0.000141459
0.000134183
0.000147858
0.00021519
0.000343533
0.00049655
0.000549059
0.000544485
0.000528886
0.000527228
0.000525848
0.000507578
0.000435096
0.000238289
0.000143036
0.000137589
0.000146524
0.000177952
0.000220501
0.000210854
0.000136742
0.000101673
0.000114962
0.000167532
0.000281827
0.000446783
0.000576928
0.000612815
0.000607768
0.000585234
0.000508452
0.000332845
0.000189552
0.000140382
0.000125001
0.000117236
0.000109333
9.53488e-05
7.39022e-05
6.57598e-05
7.23047e-05
9.94506e-05
0.00015435
0.000241855
0.000347094
0.00041127
0.000444691
0.000489727
0.000536842
0.000549992
0.000528033
0.000443347
0.000306101
0.000199487
0.000159059
0.000147171
0.000146497
0.000155599
0.000188375
0.000286401
0.000462922
0.000622855
0.000660696
0.000649793
0.000612483
0.000573828
0.000550628
4.4991e-08
2.83012e-07
1.02851e-06
2.57434e-06
5.71149e-06
1.06698e-05
1.70488e-05
2.19781e-05
2.37217e-05
2.38519e-05
2.41598e-05
2.57861e-05
2.95043e-05
3.53671e-05
4.26507e-05
4.99076e-05
5.65975e-05
6.53465e-05
7.98035e-05
0.000102371
0.000135918
0.000166137
0.000193489
0.000224983
0.00025317
0.000262808
0.000264253
0.00028235
0.000323519
0.000394188
0.000503508
0.000503572
0.000377219
0.00024253
0.000219794
0.000260342
0.000369157
0.000490875
0.000535391
0.000523548
0.000490355
0.000488598
0.000509034
0.000529179
0.000519004
0.000428731
0.000205164
0.000128689
0.000129652
0.000143139
0.000175886
0.000198539
0.000178143
0.000118701
0.000113201
0.000142748
0.00022372
0.000371155
0.000536436
0.000612002
0.000616125
0.000607963
0.000580547
0.000493795
0.000303404
0.000171357
0.00013499
0.000123283
0.000115351
0.000104507
8.67021e-05
7.22699e-05
7.20139e-05
8.73726e-05
0.000127687
0.000198195
0.000301212
0.000402522
0.000461033
0.000511503
0.000579119
0.000632911
0.000647123
0.000628879
0.000550157
0.000395334
0.000241221
0.000176254
0.000159901
0.000159213
0.000173928
0.000231745
0.000389345
0.000616046
0.000746023
0.000755919
0.000736947
0.000697487
0.000653916
0.000597016
3.34726e-07
1.6114e-06
5.11783e-06
1.12211e-05
2.30311e-05
3.77019e-05
4.73795e-05
5.03726e-05
5.08228e-05
5.08891e-05
5.15743e-05
5.41205e-05
5.84689e-05
6.37045e-05
6.81937e-05
7.0853e-05
7.30181e-05
7.69928e-05
8.45928e-05
9.79106e-05
0.000115534
0.000125464
0.000132641
0.00014405
0.000159529
0.000176335
0.000197145
0.000227104
0.000268744
0.00033344
0.000460946
0.000529746
0.000497837
0.000433897
0.000402679
0.000447103
0.000510592
0.000528952
0.000506799
0.000453036
0.000439923
0.000455466
0.000490769
0.000531049
0.000535359
0.000450944
0.000196274
0.000119705
0.000123644
0.000142371
0.000165049
0.000165578
0.000136286
0.000114598
0.000128772
0.000184293
0.000299487
0.000465365
0.000592475
0.000615972
0.000613581
0.000604781
0.000578204
0.000490789
0.000293268
0.000163623
0.000132607
0.000122293
0.000113647
0.000100844
8.5174e-05
7.82374e-05
8.44794e-05
0.000111085
0.000165526
0.000253412
0.000366882
0.000457794
0.000520071
0.000589917
0.000666706
0.00071337
0.000727153
0.000716047
0.000656052
0.000511034
0.000317664
0.00021072
0.000182684
0.000182435
0.000210058
0.000313168
0.000536548
0.000747072
0.000796785
0.000788968
0.0007598
0.000714069
0.000662448
0.000634054
2.35354e-06
8.76144e-06
2.59185e-05
4.53029e-05
6.36893e-05
7.26715e-05
7.52406e-05
7.85132e-05
8.21235e-05
8.42925e-05
8.65005e-05
8.92222e-05
9.08201e-05
9.09102e-05
9.04552e-05
8.94685e-05
8.91819e-05
9.03189e-05
9.2717e-05
9.64776e-05
9.71225e-05
9.46305e-05
9.46863e-05
9.9772e-05
0.000111802
0.000129468
0.000151166
0.000178578
0.000213724
0.000271159
0.000377472
0.000492569
0.0005231
0.000523456
0.000521441
0.000521139
0.000518651
0.000484391
0.000414427
0.000391018
0.000400563
0.00042747
0.000467952
0.0005244
0.00055467
0.000496467
0.000227435
0.000113879
0.000114915
0.000128541
0.000132806
0.000124007
0.000114954
0.000121711
0.000154759
0.00024777
0.000393289
0.00054892
0.000606752
0.00060882
0.000607418
0.000608383
0.000594176
0.000513699
0.000300377
0.000162048
0.000131866
0.00012176
0.000112785
0.000100946
9.07635e-05
9.14445e-05
0.000105072
0.000144462
0.000214939
0.00032046
0.000434025
0.000516306
0.00058879
0.000671021
0.00073835
0.000770602
0.000782378
0.000778182
0.000743639
0.000635935
0.000438222
0.000281463
0.000229826
0.000229985
0.000283285
0.000447395
0.000696712
0.000803951
0.000803439
0.000784794
0.000755664
0.000716291
0.000692413
0.00072097
5.5506e-06
2.38712e-05
4.84425e-05
6.16437e-05
6.92718e-05
7.3462e-05
7.93432e-05
8.93021e-05
9.70889e-05
0.000100156
0.000100998
0.000100345
9.88151e-05
9.7339e-05
9.61845e-05
9.49556e-05
9.28857e-05
8.97062e-05
8.52866e-05
7.9654e-05
7.37046e-05
7.03538e-05
7.1156e-05
7.5407e-05
8.47376e-05
9.77386e-05
0.000113799
0.000135424
0.000161883
0.000203907
0.000285543
0.000378748
0.000451935
0.000487286
0.000499294
0.000478815
0.000422504
0.000360898
0.000337563
0.000344666
0.000366166
0.000397206
0.000443596
0.000512809
0.000564196
0.000533441
0.00028052
0.000113856
0.000104683
0.000106984
0.000108547
0.000110478
0.000117241
0.000139281
0.000209515
0.000342029
0.000498194
0.0005925
0.000598595
0.000596672
0.000604724
0.000625237
0.000622419
0.000559941
0.000357379
0.000180299
0.000136783
0.00012479
0.000116589
0.000108772
0.00010626
0.000112454
0.000137404
0.00019226
0.00028144
0.000398691
0.000502886
0.00058293
0.000665716
0.000743
0.000786461
0.000803027
0.000809909
0.000809902
0.000798484
0.000742845
0.000593534
0.000412155
0.000327302
0.000328188
0.000419798
0.000629903
0.000794663
0.000808811
0.000798625
0.000781474
0.000774784
0.000765393
0.000775287
0.000840266
6.34771e-07
3.8052e-06
8.69447e-06
1.39739e-05
1.95203e-05
2.64463e-05
3.46146e-05
4.20564e-05
4.76631e-05
5.21297e-05
5.58202e-05
5.98394e-05
6.33172e-05
6.57283e-05
6.59859e-05
6.3964e-05
5.92789e-05
5.47067e-05
5.0579e-05
4.9582e-05
4.94078e-05
4.9996e-05
5.20247e-05
5.60679e-05
6.26449e-05
7.12248e-05
8.25248e-05
9.79395e-05
0.00011425
0.000138397
0.000184573
0.000235837
0.0002803
0.000303935
0.000319345
0.00029925
0.000277167
0.000273646
0.000283469
0.000302583
0.000328275
0.000364096
0.000416965
0.000493129
0.000564129
0.000568866
0.000380379
0.0001336
0.000106428
0.000107027
0.000110439
0.000117622
0.000136386
0.000190927
0.000308273
0.000466134
0.000576481
0.000589061
0.000578433
0.000580128
0.000602937
0.000642442
0.000653745
0.000614715
0.000449796
0.000232397
0.00015775
0.000139111
0.000131461
0.000128572
0.000131785
0.000148081
0.000188236
0.000262048
0.000368847
0.000484092
0.000576562
0.000658448
0.000739658
0.000791608
0.000808812
0.000814075
0.00081783
0.000819555
0.000817819
0.000802559
0.000736568
0.000599168
0.000500398
0.000504234
0.000623064
0.000777766
0.000810061
0.00080238
0.000802691
0.000813179
0.000838481
0.000857508
0.000883868
0.000937683
3.92737e-08
3.05775e-07
8.36126e-07
1.67901e-06
2.81132e-06
4.16315e-06
5.72329e-06
7.36967e-06
9.1845e-06
1.13239e-05
1.36103e-05
1.59444e-05
1.76592e-05
1.89455e-05
1.95115e-05
1.96519e-05
2.01357e-05
2.16099e-05
2.35292e-05
2.60954e-05
2.83624e-05
3.04229e-05
3.2932e-05
3.65222e-05
4.13946e-05
4.74858e-05
5.5424e-05
6.56397e-05
7.57745e-05
8.88802e-05
0.000109731
0.000129998
0.000144209
0.000157105
0.000176346
0.000190039
0.000203177
0.000218616
0.000236858
0.000259396
0.000286977
0.000326639
0.000380176
0.00045223
0.000526343
0.000578935
0.000495108
0.000222111
0.000128652
0.000123356
0.000128893
0.000146751
0.000198841
0.00030139
0.000455721
0.000566899
0.000578007
0.000561294
0.000550271
0.000564781
0.000604618
0.000653182
0.000679696
0.00066129
0.000556883
0.00034879
0.000221722
0.000178987
0.000167427
0.000167762
0.000179217
0.000209474
0.000267885
0.000359765
0.00047061
0.00057112
0.000654302
0.00073409
0.000793957
0.000811176
0.000814083
0.000813657
0.000812078
0.000814393
0.000820318
0.000820215
0.000804561
0.000761975
0.000712303
0.00071866
0.000785077
0.000809291
0.000801008
0.000802023
0.000828299
0.000875604
0.000916366
0.000936547
0.000950185
0.000975
2.40157e-09
2.01973e-08
6.26421e-08
1.46129e-07
2.67634e-07
4.21472e-07
6.26634e-07
8.9531e-07
1.26219e-06
1.71082e-06
2.20842e-06
2.75573e-06
3.28563e-06
3.8117e-06
4.32853e-06
4.89034e-06
5.72748e-06
6.94848e-06
8.44528e-06
1.02649e-05
1.20801e-05
1.40123e-05
1.65975e-05
2.03177e-05
2.51183e-05
3.09624e-05
3.79548e-05
4.6122e-05
5.47311e-05
6.4178e-05
7.56583e-05
8.79947e-05
9.92804e-05
0.000112521
0.000131312
0.000146862
0.000161527
0.000178085
0.000197619
0.000219419
0.000246393
0.000284513
0.000329538
0.000388722
0.000456261
0.000563862
0.000550194
0.00039778
0.000222411
0.000188269
0.000197291
0.000243961
0.000346027
0.000477109
0.000569889
0.000566793
0.000538484
0.000516532
0.000523463
0.000556716
0.000607081
0.000657417
0.000689969
0.000688536
0.000643271
0.00050145
0.000360692
0.000276514
0.000248652
0.000247629
0.000266671
0.00031037
0.000382263
0.00047666
0.000574234
0.00065855
0.000735989
0.000794795
0.000808142
0.000804809
0.000795592
0.000776762
0.000758821
0.000759773
0.000776628
0.000803165
0.000817998
0.000815289
0.000808045
0.000805445
0.000805515
0.000795868
0.000790771
0.000815858
0.000876278
0.000925133
0.000947383
0.000955486
0.000961997
0.000974726
1.33839e-10
1.22571e-09
4.28339e-09
1.12894e-08
2.26038e-08
3.91045e-08
6.52469e-08
1.06135e-07
1.69188e-07
2.52132e-07
3.49344e-07
4.64883e-07
5.95972e-07
7.54039e-07
9.47068e-07
1.18459e-06
1.51289e-06
1.9547e-06
2.53702e-06
3.3222e-06
4.29035e-06
5.81804e-06
8.28988e-06
1.2292e-05
1.79451e-05
2.48668e-05
3.24978e-05
4.07372e-05
4.9351e-05
5.80193e-05
6.72679e-05
7.79591e-05
8.99683e-05
0.000102707
0.000116014
0.000127208
0.000138914
0.000153208
0.000170779
0.000190551
0.000214182
0.000244147
0.000276342
0.000319579
0.000379447
0.00048233
0.000563258
0.000525516
0.000440583
0.000399904
0.000400738
0.000459552
0.000552027
0.000577485
0.000556545
0.000504225
0.000474195
0.000477877
0.000502218
0.000546102
0.000596103
0.00064744
0.0006875
0.000697964
0.000680677
0.000623672
0.000535461
0.000443553
0.000397674
0.000384542
0.00040244
0.000447167
0.000515268
0.00059818
0.000677528
0.000745538
0.000788825
0.000797414
0.000789543
0.000765161
0.000725653
0.000689363
0.000670283
0.000674315
0.000693611
0.000724364
0.000757652
0.000781055
0.000790457
0.000791721
0.000780016
0.000771981
0.000795263
0.000848418
0.000894349
0.000920834
0.000925911
0.000933876
0.000930321
0.000928358
7.0878e-12
6.59202e-11
2.56271e-10
7.41645e-10
1.60802e-09
3.09106e-09
5.81092e-09
1.07122e-08
1.89471e-08
3.05064e-08
4.55587e-08
6.49013e-08
8.98874e-08
1.2594e-07
1.74277e-07
2.42217e-07
3.46125e-07
5.03533e-07
7.39288e-07
1.13789e-06
1.80413e-06
3.24783e-06
6.10833e-06
1.07858e-05
1.74475e-05
2.59642e-05
3.63025e-05
4.72494e-05
5.7619e-05
6.66187e-05
7.50881e-05
8.41938e-05
9.41546e-05
0.000104014
0.00011337
0.000122155
0.000132182
0.000144868
0.00016075
0.000178669
0.000196396
0.000215348
0.000235291
0.000263682
0.000302454
0.000382218
0.000479314
0.000557929
0.000569291
0.000558461
0.000563214
0.000572041
0.00055671
0.000520696
0.00045718
0.000421104
0.000422935
0.000441639
0.0004754
0.000516402
0.000550835
0.000588946
0.000634383
0.000669976
0.000681036
0.000663521
0.000635669
0.000600288
0.000566829
0.000547034
0.000562019
0.000600037
0.000654745
0.000710847
0.00075054
0.000773503
0.000777518
0.000763737
0.000719574
0.000664834
0.000616839
0.000588275
0.000582335
0.000595041
0.000620207
0.000651746
0.000684868
0.00071443
0.000732794
0.000740587
0.000745001
0.000766872
0.000803818
0.000843719
0.000860968
0.000871321
0.0008634
0.000869836
0.000849814
0.000834182
3.48494e-13
3.39346e-12
1.44923e-11
4.52332e-11
1.07163e-10
2.3417e-10
5.0233e-10
1.03442e-09
1.95755e-09
3.30646e-09
5.25008e-09
8.09712e-09
1.26216e-08
2.04486e-08
3.23409e-08
5.09698e-08
8.3197e-08
1.41943e-07
2.57991e-07
5.05304e-07
1.26663e-06
3.20745e-06
7.32008e-06
1.43498e-05
2.45209e-05
3.71013e-05
5.09334e-05
6.33714e-05
7.38391e-05
8.29109e-05
9.07727e-05
9.74524e-05
0.000103407
0.000108673
0.000114479
0.000122048
0.00013197
0.000144756
0.000160485
0.00017727
0.000190845
0.000201566
0.00021343
0.00022987
0.000250668
0.000286726
0.000340716
0.000420133
0.000484502
0.000499259
0.000502588
0.000479581
0.000419845
0.000381053
0.000358715
0.000356532
0.000367596
0.000392415
0.000424057
0.000444366
0.000456885
0.000479131
0.000514507
0.000557585
0.000619151
0.000649845
0.000655736
0.000656676
0.000663535
0.000671268
0.000685114
0.000701746
0.000718702
0.000731337
0.000739592
0.000737245
0.000708801
0.000648146
0.000582701
0.000534648
0.000506724
0.000501555
0.000511393
0.000536007
0.000565044
0.000596476
0.000626915
0.00065629
0.000682219
0.000704744
0.000725438
0.000750263
0.000768648
0.000780017
0.000767828
0.000765832
0.000747846
0.000751531
0.000714206
0.00070202
1.63496e-14
1.62339e-13
7.41576e-13
2.44019e-12
6.32369e-12
1.55949e-11
3.74123e-11
8.34919e-11
1.65196e-10
2.92555e-10
5.04297e-10
8.8057e-10
1.63794e-09
3.23071e-09
6.33446e-09
1.22842e-08
2.41705e-08
4.95824e-08
1.35739e-07
4.13374e-07
1.28228e-06
3.73491e-06
9.2163e-06
1.88941e-05
3.29451e-05
4.94871e-05
6.55777e-05
7.83962e-05
8.86001e-05
9.70811e-05
0.000101869
0.000104334
0.000106876
0.000109682
0.000114399
0.000123402
0.000137261
0.000154847
0.000173439
0.000185741
0.000191887
0.000198408
0.000207164
0.000216883
0.000225748
0.000236498
0.000253319
0.000282617
0.000311073
0.000316303
0.000320431
0.000308373
0.000285843
0.000284258
0.000285182
0.00028598
0.000296643
0.000317853
0.000329431
0.000323789
0.000321462
0.000329742
0.000351801
0.000390387
0.000461435
0.000525359
0.000585218
0.000630314
0.000650362
0.000665311
0.000669255
0.000673096
0.000673073
0.000666161
0.000638517
0.000591339
0.000529559
0.000475374
0.000436107
0.000420293
0.000422252
0.000439506
0.000466138
0.000496575
0.00052559
0.000556242
0.000584598
0.000611757
0.000635646
0.000654476
0.000662317
0.000663279
0.000638304
0.000625376
0.000601448
0.000591435
0.000560474
0.000560377
0.000532846
0.000548852
7.10358e-16
7.21368e-15
3.47121e-14
1.22506e-13
3.56585e-13
1.00912e-12
2.67904e-12
6.37558e-12
1.34889e-11
2.69575e-11
5.68596e-11
1.29125e-10
3.13949e-10
7.59741e-10
1.74744e-09
4.38514e-09
1.35523e-08
4.38469e-08
1.42158e-07
4.55333e-07
1.43122e-06
4.21431e-06
1.05429e-05
2.21217e-05
3.90941e-05
5.83276e-05
7.54612e-05
8.87008e-05
9.85469e-05
0.000104033
0.000105261
0.000104271
0.000103152
0.000104065
0.000110468
0.000124718
0.000145689
0.000170096
0.000190972
0.000198623
0.000198621
0.000200596
0.000206819
0.000211735
0.000212483
0.000212108
0.000212993
0.00021719
0.000221806
0.000217884
0.000219186
0.000220145
0.000213768
0.000216336
0.00021702
0.000214928
0.000220153
0.000226163
0.000217281
0.000199138
0.00018978
0.000188672
0.000198157
0.000217762
0.000259298
0.000301643
0.00035506
0.00041428
0.000451877
0.000484657
0.000489692
0.000489553
0.00047042
0.000438011
0.000406212
0.000377493
0.000351945
0.000338294
0.000336841
0.00034938
0.000373665
0.000404669
0.000432839
0.000456949
0.000472255
0.000486272
0.000492296
0.000499758
0.000498296
0.000482571
0.000450671
0.000431471
0.000403113
0.000387064
0.000357451
0.000345894
0.000329542
0.000340748
0.000349581
0.000408662
2.85683e-17
2.93167e-16
1.49788e-15
5.66402e-15
1.84444e-14
5.87526e-14
1.72242e-13
4.6661e-13
1.23123e-12
3.32844e-12
9.41565e-12
2.69817e-11
7.6557e-11
2.47937e-10
8.59106e-10
2.98694e-09
1.0335e-08
3.53372e-08
1.18604e-07
3.88568e-07
1.23803e-06
3.83018e-06
1.02411e-05
2.26261e-05
4.11315e-05
6.18226e-05
7.96521e-05
9.36638e-05
0.000102976
0.000103893
0.000101297
9.5526e-05
9.35781e-05
9.65134e-05
0.000108104
0.000129684
0.000158246
0.000187621
0.000205632
0.000206395
0.000203697
0.000203855
0.000206609
0.000204809
0.000197133
0.000189019
0.000183165
0.00018013
0.000178358
0.000172777
0.000171433
0.00017096
0.000165522
0.000166042
0.000165195
0.000162485
0.000161558
0.000156827
0.000143628
0.000125717
0.000112288
0.000108961
0.00011279
0.000122212
0.000140198
0.000155996
0.000175096
0.000196099
0.000214726
0.000237221
0.000248258
0.000254694
0.000252575
0.000249769
0.000249121
0.000251025
0.000255616
0.000266704
0.000283865
0.000310043
0.00034245
0.000371747
0.000376538
0.000363814
0.000338584
0.000311368
0.000266195
0.000235206
0.000217324
0.000201193
0.000186357
0.00017988
0.000168059
0.000158906
0.000146903
0.000146895
0.000152234
0.00017821
0.000212283
0.000293447
1.05221e-18
1.09595e-17
5.96116e-17
2.51644e-16
9.64065e-16
3.84684e-15
1.66226e-14
7.95598e-14
3.12681e-13
1.20135e-12
4.50968e-12
1.66788e-11
6.09779e-11
2.20224e-10
7.83963e-10
2.7547e-09
9.55651e-09
3.26666e-08
1.0968e-07
3.60034e-07
1.15335e-06
3.61233e-06
9.92534e-06
2.23549e-05
4.10467e-05
6.18589e-05
7.98912e-05
9.45769e-05
0.000101002
9.93126e-05
9.21566e-05
8.44092e-05
8.42066e-05
9.05519e-05
0.000109152
0.000139333
0.000174747
0.000204625
0.000213748
0.000210201
0.000205794
0.000204405
0.000200422
0.000188341
0.000170827
0.000157037
0.000147717
0.000142864
0.000141178
0.00013603
0.000133583
0.000132293
0.000128055
0.000128298
0.000128527
0.000128758
0.000129235
0.000126748
0.000117815
0.000103081
8.84587e-05
8.40362e-05
8.66994e-05
9.44128e-05
0.00010836
0.000123338
0.000136257
0.000147743
0.000156282
0.00016308
0.000167013
0.000171109
0.000175287
0.000181123
0.000189444
0.000201284
0.000214463
0.000230021
0.000250154
0.000280967
0.000309145
0.000301715
0.000254318
0.000191485
0.000139258
0.000101514
7.2334e-05
6.04274e-05
5.74659e-05
5.57174e-05
5.53188e-05
5.61725e-05
5.64007e-05
5.70944e-05
5.83959e-05
6.36872e-05
7.49532e-05
9.8257e-05
0.000128556
0.000199547
3.6076e-20
3.85969e-19
2.32491e-18
1.21126e-17
6.89697e-17
4.86722e-16
3.85987e-15
2.87288e-14
1.61459e-13
6.87829e-13
2.71541e-12
1.03685e-11
3.8812e-11
1.42739e-10
5.1676e-10
1.84912e-09
6.53651e-09
2.27888e-08
7.8133e-08
2.62174e-07
8.60188e-07
2.74966e-06
8.13659e-06
1.97035e-05
3.79715e-05
5.8603e-05
7.69142e-05
9.20515e-05
9.4707e-05
9.08577e-05
8.08263e-05
7.40001e-05
7.54009e-05
8.67835e-05
0.000113749
0.000152799
0.00019281
0.00021599
0.000216599
0.000209948
0.000204459
0.000198499
0.00018305
0.000155298
0.000128646
0.00011098
0.00010024
9.53702e-05
9.55342e-05
9.2728e-05
9.13692e-05
9.11621e-05
8.88747e-05
8.96747e-05
9.14385e-05
9.54265e-05
0.000101861
0.000107939
0.000107077
0.000100081
8.3979e-05
7.65627e-05
7.92123e-05
9.02345e-05
0.000107979
0.000124085
0.000133908
0.000138427
0.000140699
0.00014241
0.000144043
0.000147636
0.000156785
0.000169681
0.000183504
0.000193744
0.000200912
0.000210681
0.000229275
0.000253448
0.000241229
0.000176166
9.42386e-05
5.42096e-05
3.49986e-05
2.41735e-05
1.75989e-05
1.59414e-05
1.63739e-05
1.70803e-05
1.86467e-05
2.13121e-05
2.44442e-05
2.7844e-05
3.17299e-05
3.76914e-05
4.71425e-05
6.29089e-05
8.39846e-05
0.000135803
1.26075e-21
1.52392e-20
1.30818e-19
1.25598e-18
1.39372e-17
1.5894e-16
1.64301e-15
1.42533e-14
9.65648e-14
4.60716e-13
1.88635e-12
7.32035e-12
2.76284e-11
1.02108e-10
3.71284e-10
1.33301e-09
4.72306e-09
1.64968e-08
5.66289e-08
1.90365e-07
6.26699e-07
2.00877e-06
6.21339e-06
1.59864e-05
3.24283e-05
5.17149e-05
6.95847e-05
8.39716e-05
8.48672e-05
7.96055e-05
6.80167e-05
6.31026e-05
6.68437e-05
8.47983e-05
0.000121969
0.000169368
0.000208071
0.000220738
0.000216026
0.000206804
0.000197526
0.000179249
0.000143529
0.000103283
7.46636e-05
5.9435e-05
5.11775e-05
4.71348e-05
4.72477e-05
4.67773e-05
4.7005e-05
4.7899e-05
4.76841e-05
4.87118e-05
5.04723e-05
5.48028e-05
6.30904e-05
7.49638e-05
8.42424e-05
8.37857e-05
7.57041e-05
6.94251e-05
7.26594e-05
8.67722e-05
0.000109806
0.000126804
0.000132059
0.000132519
0.000132822
0.000134169
0.000139223
0.000149565
0.00016605
0.000185256
0.00019976
0.00020382
0.000202539
0.000204437
0.000211787
0.000196983
0.000120508
5.4617e-05
2.5729e-05
1.46909e-05
9.79911e-06
7.09275e-06
5.64569e-06
5.67381e-06
6.12032e-06
7.09136e-06
8.90949e-06
1.18283e-05
1.52579e-05
1.86206e-05
2.21052e-05
2.71327e-05
3.48645e-05
4.61725e-05
5.91958e-05
8.73167e-05
7.73989e-23
1.3555e-21
2.00566e-20
2.95464e-19
4.09136e-18
5.04035e-17
5.35121e-16
4.79423e-15
3.5691e-14
2.08672e-13
8.98383e-13
3.56367e-12
1.36462e-11
5.11107e-11
1.88459e-10
6.86075e-10
2.46436e-09
8.72901e-09
3.03856e-08
1.03554e-07
3.46236e-07
1.13288e-06
3.61318e-06
1.03883e-05
2.35804e-05
4.08534e-05
5.80091e-05
7.09954e-05
7.15164e-05
6.57709e-05
5.38998e-05
5.14043e-05
5.87847e-05
8.50361e-05
0.000133721
0.00018624
0.00021786
0.000220455
0.000211758
0.000197032
0.000172749
0.000129741
8.18161e-05
5.25285e-05
3.9196e-05
3.12e-05
2.56053e-05
2.16375e-05
1.93626e-05
1.80194e-05
1.76972e-05
1.82213e-05
1.87828e-05
1.96669e-05
2.08222e-05
2.34235e-05
2.88279e-05
3.86707e-05
5.14977e-05
5.79681e-05
5.72598e-05
5.66868e-05
6.15012e-05
7.86652e-05
0.000106677
0.000125186
0.000128397
0.000128409
0.000129792
0.00013445
0.00014685
0.000171296
0.00020666
0.000234712
0.000240833
0.000231444
0.00020553
0.000189772
0.000157081
8.47646e-05
3.3764e-05
1.91875e-05
1.36659e-05
9.81548e-06
6.56864e-06
4.03829e-06
2.92658e-06
2.93004e-06
3.28275e-06
4.17796e-06
5.77736e-06
8.09018e-06
1.04924e-05
1.25403e-05
1.47953e-05
1.86384e-05
2.5384e-05
3.59649e-05
4.82606e-05
7.10853e-05
1.30164e-23
2.76853e-22
4.83436e-21
7.53739e-20
1.03217e-18
1.24377e-17
1.33106e-16
1.25874e-15
1.03716e-14
7.29099e-14
3.95248e-13
1.67282e-12
6.59428e-12
2.51025e-11
9.3476e-11
3.42e-10
1.23123e-09
4.36022e-09
1.51368e-08
5.1427e-08
1.71725e-07
5.63214e-07
1.80491e-06
5.61839e-06
1.4397e-05
2.79065e-05
4.34475e-05
5.5186e-05
5.5746e-05
5.07793e-05
4.02096e-05
3.96272e-05
5.08963e-05
8.71249e-05
0.000146362
0.000199521
0.000220184
0.00021651
0.000198921
0.000164853
0.000111444
6.46305e-05
4.38182e-05
3.51977e-05
2.93035e-05
2.31629e-05
1.78751e-05
1.38299e-05
1.07831e-05
8.44593e-06
6.7927e-06
6.11151e-06
6.16827e-06
6.47386e-06
7.00734e-06
8.16831e-06
1.07964e-05
1.64394e-05
2.57942e-05
3.45554e-05
3.85608e-05
4.14261e-05
4.855e-05
6.69308e-05
9.72938e-05
0.000119805
0.000124066
0.000125142
0.000128728
0.000139478
0.000166843
0.000212393
0.000266514
0.000287174
0.000278954
0.000233806
0.000188241
0.000134512
5.69963e-05
2.72529e-05
2.0153e-05
1.66954e-05
1.39794e-05
1.0865e-05
7.33567e-06
4.13717e-06
2.27625e-06
2.03995e-06
2.18682e-06
2.63169e-06
3.51467e-06
4.85729e-06
6.39376e-06
8.04543e-06
1.01774e-05
1.32551e-05
1.8196e-05
2.64221e-05
3.72481e-05
6.01669e-05
2.58807e-24
5.24569e-23
8.504e-22
1.22192e-20
1.58519e-19
1.87104e-18
2.0422e-17
2.00879e-16
1.75786e-15
1.35762e-14
8.96707e-14
4.63575e-13
1.94615e-12
7.6948e-12
2.95108e-11
1.10446e-10
4.05839e-10
1.46358e-09
5.1701e-09
1.79099e-08
6.12311e-08
2.06849e-07
6.86401e-07
2.21379e-06
6.59986e-06
1.52311e-05
2.77052e-05
3.77154e-05
3.82527e-05
3.4344e-05
2.70922e-05
2.86592e-05
4.46053e-05
8.87298e-05
0.000154534
0.000204471
0.000217176
0.000204432
0.000163281
0.000104602
6.40426e-05
5.12586e-05
4.54173e-05
3.95526e-05
3.05687e-05
2.10065e-05
1.42109e-05
1.02179e-05
7.57512e-06
5.38246e-06
3.53854e-06
2.38404e-06
2.06884e-06
2.11103e-06
2.25407e-06
2.64089e-06
3.67812e-06
6.32974e-06
1.13404e-05
1.76757e-05
2.29576e-05
2.76716e-05
3.5825e-05
5.32625e-05
8.22457e-05
0.000107834
0.000116231
0.000119386
0.000126483
0.000147433
0.000192509
0.000257712
0.000312934
0.000315325
0.000281492
0.000205711
0.000123086
5.12466e-05
2.62922e-05
2.07545e-05
1.75068e-05
1.48668e-05
1.22997e-05
9.73226e-06
6.97993e-06
4.21389e-06
2.09245e-06
1.41875e-06
1.42491e-06
1.57944e-06
2.06673e-06
3.02231e-06
4.48846e-06
6.54346e-06
9.17334e-06
1.22563e-05
1.60744e-05
2.17843e-05
3.03578e-05
5.46016e-05
3.12709e-25
5.59557e-24
8.26416e-23
1.1361e-21
1.47362e-20
1.79911e-19
2.06453e-18
2.1576e-17
2.03844e-16
1.74589e-15
1.34083e-14
8.886e-14
4.50593e-13
1.91106e-12
7.76146e-12
3.00019e-11
1.12699e-10
4.1215e-10
1.47549e-09
5.20176e-09
1.81718e-08
6.28304e-08
2.13498e-07
7.08968e-07
2.30953e-06
6.46005e-06
1.40524e-05
2.02415e-05
2.03448e-05
1.76443e-05
1.56433e-05
2.07541e-05
4.04246e-05
9.09235e-05
0.000157122
0.000200881
0.000206809
0.00017512
0.000110794
7.29406e-05
6.35708e-05
6.0724e-05
5.87107e-05
4.88106e-05
3.28728e-05
1.7975e-05
9.12947e-06
5.83018e-06
4.45595e-06
3.41011e-06
2.27508e-06
1.24659e-06
7.56322e-07
7.04438e-07
7.32276e-07
8.5799e-07
1.26629e-06
2.40813e-06
4.65066e-06
7.9433e-06
1.18323e-05
1.6476e-05
2.41958e-05
3.9115e-05
6.35521e-05
8.84479e-05
0.00010224
0.000109646
0.000122948
0.00015679
0.000219026
0.000296724
0.000331587
0.000316702
0.000258015
0.00014047
5.4492e-05
2.73781e-05
1.67174e-05
1.12423e-05
8.25172e-06
6.74466e-06
5.8793e-06
5.21262e-06
4.39616e-06
3.28738e-06
1.86917e-06
1.00088e-06
9.19952e-07
1.00157e-06
1.37857e-06
2.28313e-06
3.8854e-06
6.30834e-06
9.62645e-06
1.33493e-05
1.70269e-05
2.17235e-05
2.89818e-05
5.23597e-05
1.87072e-26
3.1888e-25
4.66125e-24
6.53622e-23
8.85019e-22
1.1345e-20
1.37787e-19
1.52736e-18
1.55779e-17
1.45811e-16
1.24893e-15
9.50738e-15
6.37305e-14
3.67246e-13
1.7857e-12
7.32467e-12
2.87379e-11
1.0778e-10
3.9302e-10
1.40526e-09
4.98215e-09
1.75137e-08
6.05454e-08
2.04389e-07
6.69007e-07
1.88695e-06
4.39331e-06
6.76292e-06
6.9055e-06
6.69385e-06
8.00367e-06
1.59782e-05
4.24894e-05
9.86034e-05
0.000157957
0.000188719
0.000178817
0.000126073
8.15687e-05
7.31787e-05
7.37655e-05
7.7534e-05
7.36387e-05
6.05651e-05
3.90377e-05
1.76875e-05
6.39321e-06
2.90932e-06
2.00406e-06
1.59071e-06
1.19265e-06
7.10408e-07
3.36298e-07
2.39755e-07
2.43427e-07
2.84724e-07
4.49451e-07
9.26438e-07
1.86672e-06
3.3704e-06
5.5913e-06
8.90877e-06
1.4791e-05
2.60239e-05
4.48368e-05
6.75011e-05
8.56098e-05
9.89856e-05
0.000120886
0.000168132
0.000246413
0.000320668
0.000328066
0.000299724
0.000192037
7.27165e-05
3.19798e-05
1.60915e-05
7.88641e-06
5.1565e-06
3.82194e-06
2.94814e-06
2.50329e-06
2.40981e-06
2.24631e-06
1.89864e-06
1.2407e-06
6.64596e-07
5.80212e-07
6.45619e-07
9.76124e-07
1.8284e-06
3.4641e-06
6.1142e-06
9.88142e-06
1.46913e-05
1.96112e-05
2.46127e-05
3.16626e-05
5.48833e-05
6.92368e-28
1.28179e-26
2.01429e-25
3.03934e-24
4.43984e-23
6.14372e-22
8.0784e-21
9.78787e-20
1.10325e-18
1.14712e-17
1.08537e-16
9.14657e-16
6.92074e-15
4.57305e-14
2.69008e-13
1.40013e-12
6.42526e-12
2.52867e-11
9.51845e-11
3.49002e-10
1.26805e-09
4.52944e-09
1.58451e-08
5.35809e-08
1.67727e-07
4.27212e-07
8.4316e-07
1.25709e-06
1.62091e-06
2.24225e-06
4.70217e-06
1.31992e-05
4.04489e-05
9.5539e-05
0.000145757
0.000156892
0.000139445
9.59733e-05
7.99383e-05
8.05659e-05
8.66523e-05
8.65349e-05
8.14929e-05
6.92368e-05
4.59097e-05
1.91924e-05
5.27973e-06
1.72275e-06
9.1811e-07
6.68836e-07
5.03013e-07
3.19387e-07
1.51846e-07
8.49936e-08
8.31435e-08
9.78884e-08
1.64606e-07
3.62958e-07
7.9441e-07
1.61776e-06
3.06095e-06
5.40903e-06
9.62123e-06
1.79465e-05
3.32001e-05
5.44428e-05
7.39963e-05
9.10836e-05
0.0001193
0.000176247
0.000263115
0.000320276
0.000314405
0.000258144
0.000114406
4.23764e-05
2.16321e-05
9.85641e-06
5.57346e-06
3.77648e-06
2.67477e-06
1.87538e-06
1.35181e-06
1.17786e-06
1.08428e-06
9.3231e-07
6.25851e-07
3.55498e-07
3.27684e-07
3.79455e-07
6.25439e-07
1.25757e-06
2.50637e-06
4.74689e-06
8.66109e-06
1.47629e-05
2.23394e-05
2.96847e-05
3.68906e-05
5.9455e-05
2.23623e-29
4.45403e-28
7.51464e-27
1.21558e-25
1.91033e-24
2.82348e-23
3.98828e-22
5.19867e-21
6.34267e-20
7.00201e-19
6.98847e-18
6.19477e-17
4.99967e-16
3.55723e-15
2.28969e-14
1.31214e-13
6.89229e-13
3.23115e-12
1.39669e-11
5.77004e-11
2.35077e-10
8.8114e-10
3.17704e-09
1.04254e-08
2.93966e-08
6.92072e-08
1.39481e-07
2.43068e-07
4.22886e-07
9.77956e-07
2.96692e-06
9.75189e-06
3.15683e-05
8.07508e-05
0.000126937
0.00012751
0.000105295
8.23968e-05
7.99875e-05
8.42737e-05
8.78228e-05
8.67066e-05
8.29173e-05
7.26812e-05
4.97179e-05
2.02242e-05
4.49599e-06
1.10175e-06
4.17448e-07
2.59253e-07
1.91823e-07
1.27746e-07
6.35044e-08
3.08287e-08
2.908e-08
3.65898e-08
6.79909e-08
1.66087e-07
4.4462e-07
1.16092e-06
2.60839e-06
4.97079e-06
9.04593e-06
1.72906e-05
3.24499e-05
5.2006e-05
6.85223e-05
8.39462e-05
0.000112328
0.000172452
0.000262781
0.000303845
0.000284573
0.000184258
6.27352e-05
3.20295e-05
1.62372e-05
8.73061e-06
6.6895e-06
5.3139e-06
3.40799e-06
1.82775e-06
1.03656e-06
6.57896e-07
5.02773e-07
3.86243e-07
2.38924e-07
1.53028e-07
1.54506e-07
1.94259e-07
3.46322e-07
7.21726e-07
1.50538e-06
3.12604e-06
6.66115e-06
1.36558e-05
2.50679e-05
3.88855e-05
4.77411e-05
7.00504e-05
6.3787e-31
1.34986e-29
2.46246e-28
4.31962e-27
7.35699e-26
1.17832e-24
1.79411e-23
2.51488e-22
3.26148e-21
3.77776e-20
3.96561e-19
3.70801e-18
3.16236e-17
2.37607e-16
1.60862e-15
9.71057e-15
5.36197e-14
2.65835e-13
1.22475e-12
5.32501e-12
2.26728e-11
8.89881e-11
3.33395e-10
1.14194e-09
3.44891e-09
9.01857e-09
2.2176e-08
5.21735e-08
1.31097e-07
4.62636e-07
1.64527e-06
5.73371e-06
1.90476e-05
5.48356e-05
0.000104179
0.000112961
0.000101029
8.26374e-05
7.93721e-05
8.12137e-05
8.30399e-05
8.25337e-05
7.97471e-05
7.01922e-05
4.50812e-05
1.57366e-05
3.12672e-06
6.6528e-07
1.90374e-07
8.93271e-08
6.04888e-08
4.07195e-08
2.11576e-08
1.04572e-08
1.04823e-08
1.70767e-08
4.08234e-08
1.1983e-07
3.73147e-07
1.1673e-06
3.43999e-06
7.79553e-06
1.35068e-05
2.26498e-05
3.76239e-05
5.27624e-05
6.17844e-05
7.07153e-05
9.18278e-05
0.000146116
0.000241287
0.000269889
0.000218813
0.00010755
5.19896e-05
3.0404e-05
1.56097e-05
1.58853e-05
2.43323e-05
2.32492e-05
1.2435e-05
4.17584e-06
1.23858e-06
4.95222e-07
2.39312e-07
1.34424e-07
7.73202e-08
6.30687e-08
7.15572e-08
1.07306e-07
2.19098e-07
5.02159e-07
1.10486e-06
2.47463e-06
6.00381e-06
1.50612e-05
3.2349e-05
5.67256e-05
7.41952e-05
9.55557e-05
1.6302e-32
3.66629e-31
7.20086e-30
1.35165e-28
2.46927e-27
4.22221e-26
6.79521e-25
9.88576e-24
1.33963e-22
1.61147e-21
1.78113e-20
1.72697e-19
1.53612e-18
1.18107e-17
8.25552e-17
5.09444e-16
2.89478e-15
1.47098e-14
7.10629e-14
3.20554e-13
1.47304e-12
6.11356e-12
2.48722e-11
9.70343e-11
3.30127e-10
9.91284e-10
3.19726e-09
1.07556e-08
3.77147e-08
1.49124e-07
5.62441e-07
2.02228e-06
6.92332e-06
2.28438e-05
5.89472e-05
9.45177e-05
9.53341e-05
8.90747e-05
8.23691e-05
8.09326e-05
8.09989e-05
8.02069e-05
7.6477e-05
6.41472e-05
3.3797e-05
8.83489e-06
1.65925e-06
3.3743e-07
8.15277e-08
2.91349e-08
1.75313e-08
1.17851e-08
6.36052e-09
3.40968e-09
4.05956e-09
1.0334e-08
3.29922e-08
1.12289e-07
3.81193e-07
1.26269e-06
4.06009e-06
1.14845e-05
2.38604e-05
3.843e-05
4.92721e-05
5.07422e-05
4.7634e-05
4.70867e-05
5.32837e-05
8.30178e-05
0.000168586
0.000232396
0.000198464
0.000104903
5.6127e-05
3.14645e-05
2.98425e-05
4.83637e-05
7.90859e-05
8.03182e-05
4.88646e-05
1.3473e-05
2.71096e-06
5.91303e-07
1.63256e-07
5.54516e-08
3.24696e-08
3.41794e-08
4.58112e-08
8.41809e-08
1.93745e-07
4.73399e-07
1.05788e-06
2.36857e-06
6.23793e-06
1.8245e-05
4.96289e-05
9.24872e-05
0.000105363
0.000103198
3.75634e-34
9.01445e-33
1.91003e-31
3.87894e-30
7.57174e-29
1.3767e-27
2.32647e-26
3.53789e-25
4.99138e-24
6.23231e-23
7.07991e-22
7.00071e-21
6.3003e-20
4.87462e-19
3.44442e-18
2.17025e-17
1.25627e-16
6.55953e-16
3.25583e-15
1.54611e-14
7.46144e-14
3.25891e-13
1.51504e-12
6.68416e-12
2.50174e-11
9.18543e-11
3.77429e-10
1.68031e-09
8.30803e-09
3.50823e-08
1.39001e-07
5.18984e-07
1.83456e-06
6.23398e-06
1.90179e-05
4.7114e-05
7.50001e-05
8.12016e-05
8.00686e-05
7.87568e-05
7.67113e-05
7.22032e-05
6.20269e-05
3.92457e-05
1.45133e-05
3.13852e-06
5.84269e-07
1.19794e-07
2.73306e-08
8.19825e-09
4.30838e-09
2.80983e-09
1.57409e-09
9.71594e-10
1.68283e-09
5.9203e-09
2.18629e-08
8.07127e-08
2.91847e-07
1.02428e-06
3.4549e-06
1.1138e-05
2.75621e-05
4.54253e-05
4.93243e-05
4.64058e-05
3.39375e-05
2.15514e-05
2.14302e-05
3.12854e-05
7.6434e-05
0.000171618
0.00018206
0.000132102
7.73251e-05
4.89216e-05
5.98171e-05
9.52184e-05
0.000139964
0.000144018
0.000106553
3.4476e-05
5.71495e-06
1.01418e-06
1.80551e-07
3.46363e-08
2.23708e-08
2.6207e-08
4.12555e-08
9.12132e-08
2.40435e-07
6.94604e-07
1.68347e-06
3.41246e-06
8.15943e-06
2.33397e-05
6.80158e-05
0.000109377
0.00010755
8.97727e-05
7.9915e-36
2.04209e-34
4.5839e-33
9.73635e-32
1.97502e-30
3.67713e-29
6.41278e-28
9.94483e-27
1.44503e-25
1.81837e-24
2.11683e-23
2.08602e-22
1.91046e-21
1.47037e-20
1.0669e-19
6.76783e-19
4.03206e-18
2.07286e-17
1.0724e-16
5.2148e-16
2.60222e-15
1.26557e-14
7.07655e-14
3.27601e-13
1.46585e-12
6.63812e-12
3.2211e-11
1.71025e-10
9.93416e-10
5.00499e-09
2.39481e-08
1.00394e-07
3.82369e-07
1.32351e-06
4.05033e-06
1.03825e-05
2.1014e-05
3.84913e-05
5.34927e-05
5.33675e-05
4.92226e-05
3.67317e-05
1.79453e-05
6.31609e-06
2.62025e-06
8.84645e-07
1.77753e-07
3.40415e-08
7.19947e-09
1.71579e-09
5.99632e-10
3.22886e-10
2.07999e-10
1.96801e-10
5.1298e-10
2.29788e-09
9.87054e-09
4.00365e-08
1.57935e-07
6.0519e-07
2.20845e-06
7.58087e-06
2.24185e-05
3.94812e-05
4.18983e-05
3.67088e-05
2.20844e-05
8.85584e-06
7.19267e-06
1.01043e-05
2.64753e-05
7.98929e-05
0.000151407
0.000152854
0.000133493
0.000106991
0.000115757
0.000143561
0.000179265
0.000177759
0.000140549
5.41668e-05
9.59508e-06
1.66608e-06
2.63074e-07
3.71712e-08
2.26161e-08
3.45314e-08
7.81945e-08
2.29885e-07
5.99044e-07
1.50942e-06
3.80401e-06
6.68933e-06
1.1261e-05
2.50889e-05
6.52116e-05
0.000103141
0.000102059
8.38852e-05
1.50442e-37
4.01287e-36
9.4015e-35
2.08086e-33
4.33126e-32
8.3004e-31
1.47137e-29
2.34e-28
3.44659e-27
4.41914e-26
5.13249e-25
5.11602e-24
4.6672e-23
3.66961e-22
2.6431e-21
1.69625e-20
9.73094e-20
5.08364e-19
2.66381e-18
1.37004e-17
7.3473e-17
4.26407e-16
2.57517e-15
1.30696e-14
7.24549e-14
3.76085e-13
2.01639e-12
1.23991e-11
7.87941e-11
4.31912e-10
2.2884e-09
9.93483e-09
3.91146e-08
1.46038e-07
4.44443e-07
1.03629e-06
2.38363e-06
5.95521e-06
9.76098e-06
8.25503e-06
5.44137e-06
3.03037e-06
1.53393e-06
7.31519e-07
2.89794e-07
1.10996e-07
3.90597e-08
8.55271e-09
1.49127e-09
3.01575e-10
7.66889e-11
2.77514e-11
1.46433e-11
1.45328e-11
5.80282e-11
3.884e-10
2.13539e-09
9.18363e-09
3.83064e-08
1.62869e-07
6.66532e-07
2.61676e-06
9.88318e-06
1.76397e-05
1.69038e-05
1.22453e-05
5.96885e-06
2.33983e-06
2.0865e-06
3.02974e-06
7.94368e-06
2.51739e-05
7.41197e-05
0.000122217
0.000140787
0.000149666
0.000166045
0.00019172
0.000199891
0.000189132
0.000146447
5.82994e-05
1.22944e-05
2.34983e-06
3.60992e-07
4.48055e-08
3.18332e-08
7.66403e-08
2.35768e-07
7.94471e-07
1.97233e-06
3.79172e-06
8.24021e-06
1.2783e-05
1.66916e-05
2.73643e-05
5.787e-05
8.17778e-05
7.88055e-05
6.46222e-05
2.44698e-39
6.71534e-38
1.63135e-36
3.67742e-35
7.88334e-34
1.51954e-32
2.7957e-31
4.39672e-30
6.75625e-29
8.32891e-28
1.0086e-26
9.60591e-26
9.13948e-25
6.82074e-24
5.03629e-23
3.01817e-22
1.78856e-21
9.36134e-21
5.30341e-20
2.86182e-19
1.73859e-18
1.08661e-17
7.20092e-17
4.18957e-16
2.79032e-15
1.51064e-14
9.78008e-14
6.45799e-13
4.51778e-12
2.52045e-11
1.43906e-10
6.189e-10
2.54489e-09
9.92302e-09
2.81252e-08
6.14858e-08
1.62094e-07
4.06298e-07
5.25106e-07
3.75952e-07
2.16565e-07
1.10191e-07
5.19193e-08
2.28969e-08
9.43949e-09
3.6656e-09
1.3468e-09
4.63e-10
1.59355e-10
4.52602e-11
1.07833e-11
2.65964e-12
8.86029e-13
6.64229e-13
2.85949e-12
2.16346e-11
1.51097e-10
9.25619e-10
5.1871e-09
2.5581e-08
1.07732e-07
4.0587e-07
1.10541e-06
1.56918e-06
1.28261e-06
8.31455e-07
5.2521e-07
3.7932e-07
4.49376e-07
7.99156e-07
2.16646e-06
6.71753e-06
1.91667e-05
4.03859e-05
7.32191e-05
0.000108288
0.000143294
0.000161802
0.000158082
0.000136871
8.20107e-05
3.18065e-05
1.09249e-05
2.82458e-06
4.18089e-07
4.82867e-08
4.03372e-08
1.6311e-07
7.94028e-07
3.08882e-06
8.29702e-06
1.16611e-05
1.75652e-05
2.0564e-05
2.22907e-05
2.77566e-05
3.90128e-05
4.83727e-05
5.06513e-05
5.03694e-05
3.34791e-41
9.46278e-40
2.34391e-38
5.56525e-37
1.20294e-35
2.45455e-34
4.4857e-33
7.37915e-32
1.09946e-30
1.39551e-29
1.62788e-28
1.58752e-27
1.41935e-26
1.06858e-25
7.43894e-25
4.69319e-24
2.77979e-23
1.64245e-22
9.56801e-22
5.59821e-21
3.52238e-20
2.35845e-19
1.71201e-18
1.11312e-17
7.52112e-17
4.72924e-16
3.39149e-15
2.48472e-14
1.83043e-13
1.02973e-12
6.11718e-12
2.57663e-11
1.08155e-10
4.28663e-10
1.09314e-09
2.34184e-09
6.77259e-09
1.46347e-08
1.6e-08
1.02163e-08
5.27872e-09
2.42002e-09
1.03714e-09
4.18765e-10
1.61895e-10
5.99989e-11
2.12854e-11
7.26373e-12
2.3995e-12
7.65266e-13
2.37001e-13
7.2994e-14
2.41382e-14
1.66942e-14
8.13276e-14
6.4148e-13
4.63951e-12
3.01002e-11
1.81055e-10
9.60137e-10
4.19719e-09
1.59183e-08
3.8733e-08
4.84414e-08
3.99075e-08
2.91777e-08
2.49402e-08
3.5337e-08
7.69493e-08
1.88009e-07
5.40015e-07
1.61609e-06
4.32538e-06
9.81321e-06
2.28307e-05
5.78419e-05
8.23329e-05
7.99578e-05
6.84761e-05
4.79934e-05
2.67032e-05
1.48762e-05
8.42959e-06
3.02974e-06
4.00032e-07
4.86104e-08
6.72264e-08
2.57676e-07
2.1063e-06
1.15325e-05
3.07658e-05
2.91921e-05
2.84598e-05
2.90773e-05
3.06037e-05
4.00299e-05
5.7947e-05
7.14128e-05
6.44834e-05
5.36572e-05
4.02102e-43
1.16282e-41
3.03334e-40
7.21663e-39
1.6378e-37
3.16355e-36
6.18721e-35
8.63129e-34
1.40369e-32
1.5522e-31
2.01495e-30
1.68935e-29
1.69183e-28
1.10262e-27
8.78901e-27
5.05818e-26
3.56413e-25
2.04872e-24
1.41795e-23
7.90222e-23
5.79887e-22
3.70336e-21
3.12353e-20
1.84777e-19
1.35192e-18
8.85073e-18
7.15122e-17
5.33785e-16
4.99471e-15
2.53062e-14
1.62624e-13
6.69258e-13
2.84112e-12
1.08047e-11
2.65883e-11
5.78747e-11
1.73076e-10
3.03353e-10
2.91331e-10
1.81288e-10
9.14581e-11
3.97789e-11
1.60825e-11
6.16467e-12
2.27404e-12
8.10448e-13
2.80314e-13
9.39801e-14
3.05922e-14
9.72894e-15
3.05482e-15
9.63879e-16
3.28032e-16
2.60137e-16
1.38878e-15
1.10057e-14
7.95707e-14
5.19562e-13
3.15999e-12
1.67248e-11
7.11613e-11
2.6673e-10
6.28126e-10
7.71053e-10
6.97999e-10
7.07845e-10
1.24608e-09
3.65972e-09
1.22602e-08
4.02836e-08
1.25439e-07
3.64376e-07
1.00307e-06
2.54086e-06
6.30763e-06
1.32589e-05
1.26084e-05
1.11344e-05
1.03044e-05
9.98279e-06
9.44782e-06
8.09797e-06
5.13035e-06
1.43013e-06
1.16815e-07
7.0699e-08
2.35227e-07
4.68547e-07
3.88287e-06
2.96692e-05
5.16057e-05
5.57267e-05
5.43092e-05
5.58585e-05
5.4268e-05
6.32896e-05
0.00010136
0.000135738
9.28765e-05
6.11471e-05
3.83179e-45
1.18834e-43
2.96005e-42
8.30023e-41
1.59365e-39
3.59646e-38
5.89453e-37
8.95977e-36
1.25112e-34
1.5231e-33
1.73007e-32
1.60477e-31
1.45829e-30
1.12303e-29
8.49034e-29
6.04418e-28
4.34588e-27
2.86733e-26
1.83221e-25
1.11248e-24
7.12981e-24
4.93299e-23
3.66335e-22
2.39448e-21
1.71365e-20
1.18579e-19
1.00232e-18
7.36834e-18
7.90933e-17
4.05103e-16
2.49169e-15
1.0879e-14
4.43794e-14
1.63396e-13
3.93996e-13
8.75401e-13
2.45944e-12
3.63332e-12
3.33336e-12
2.02391e-12
1.00616e-12
4.27357e-13
1.67487e-13
6.20832e-14
2.21515e-14
7.64907e-15
2.56662e-15
8.40356e-16
2.69421e-16
8.51077e-17
2.67908e-17
8.56756e-18
3.04408e-18
2.89068e-18
1.65134e-17
1.28236e-16
9.0573e-16
5.74011e-15
3.31576e-14
1.63011e-13
6.46525e-13
2.34739e-12
6.5865e-12
1.9052e-11
6.27474e-11
1.92159e-10
6.61104e-10
2.27333e-09
7.61173e-09
2.47415e-08
7.81395e-08
2.29781e-07
5.9052e-07
1.28828e-06
2.33083e-06
3.68495e-06
5.52152e-06
8.4062e-06
8.95875e-06
8.31366e-06
6.50565e-06
3.48532e-06
1.0338e-06
1.81079e-07
2.54414e-08
2.39767e-07
8.8456e-07
1.06803e-06
9.63766e-07
6.71177e-06
1.42495e-05
3.20257e-05
4.76111e-05
4.60474e-05
3.09734e-05
5.58556e-05
0.000110879
0.000159492
0.000123783
8.65251e-05
4.16202e-47
1.1219e-45
3.76228e-44
6.12484e-43
1.73381e-41
2.25215e-40
5.89037e-39
5.18999e-38
1.18538e-36
8.0839e-36
1.59044e-34
8.38228e-34
1.351e-32
6.1498e-32
8.45547e-31
3.63857e-30
4.71603e-29
1.65469e-28
1.83593e-27
5.8014e-27
6.0755e-26
2.39447e-25
2.88521e-24
1.22679e-23
1.43737e-22
6.63965e-22
8.73407e-21
4.21735e-20
6.04786e-19
2.60642e-18
2.14433e-17
7.55164e-17
3.76313e-16
1.19643e-15
3.15585e-15
6.77579e-15
1.65747e-14
2.28516e-14
1.93189e-14
1.20659e-14
6.10294e-15
2.78883e-15
1.16929e-15
4.67609e-16
1.77642e-16
6.48597e-17
2.29029e-17
7.85303e-18
2.63007e-18
8.65022e-19
2.81813e-19
9.21705e-20
3.23731e-20
2.57567e-20
1.29488e-19
9.74432e-19
6.71803e-18
4.11386e-17
2.22606e-16
1.01699e-15
4.18258e-15
2.47156e-14
2.58706e-13
2.74211e-12
2.04328e-11
9.00596e-11
3.50453e-10
1.28546e-09
4.54647e-09
1.57033e-08
5.33585e-08
1.78219e-07
5.80089e-07
1.82302e-06
4.34421e-06
6.99884e-06
7.66767e-06
7.36577e-06
5.6451e-06
2.51682e-06
7.16661e-07
3.23626e-07
1.40426e-07
2.45913e-08
2.77323e-08
6.3353e-07
1.75605e-06
2.50963e-06
3.28349e-06
4.45992e-06
6.21463e-06
1.71993e-05
5.81155e-05
0.000118303
0.000148794
0.000163178
0.000165953
0.000158425
0.000149403
0.000145396
)
;

boundaryField
{
    AXIS
    {
        type            empty;
    }
    OUTLET
    {
        type            zeroGradient;
    }
    COFLOW
    {
        type            fixedValue;
        value           uniform 0;
    }
    PILOT
    {
        type            fixedValue;
        value           uniform 0;
    }
    FUEL
    {
        type            fixedValue;
        value           uniform 0;
    }
    WALL
    {
        type            zeroGradient;
    }
    front
    {
        type            wedge;
    }
    back
    {
        type            wedge;
    }
}


// ************************************************************************* //
