/*--------------------------------*- C++ -*----------------------------------*\
| =========                 |                                                 |
| \\      /  F ield         | OpenFOAM: The Open Source CFD Toolbox           |
|  \\    /   O peration     | Version:  2.3.0                                 |
|   \\  /    A nd           | Web:      www.OpenFOAM.org                      |
|    \\/     M anipulation  |                                                 |
\*---------------------------------------------------------------------------*/
FoamFile
{
    version     2.0;
    format      ascii;
    class       volScalarField;
    location    "0.05";
    object      Z;
}
// * * * * * * * * * * * * * * * * * * * * * * * * * * * * * * * * * * * * * //

dimensions      [0 0 0 0 0 0 0];

internalField   nonuniform List<scalar> 
5000
(
1
1
1
1
1
1
1
1
1
1
1
1
1
1
1
1
1
1
1
1
1
1
1
1
1
1
1
1
1
1
1
1
1
1
1
1
1
1
1
1
1
1
1
1
1
1
1
1
1
1
1
0.999999
0.999998
0.999995
0.999988
0.999969
0.999924
0.999839
0.999697
0.999476
0.999143
0.99867
0.998063
0.997415
0.996817
0.996391
0.996594
0.997299
0.998042
0.998648
0.999119
0.99943
0.999678
0.999833
0.999841
0.99982
0.999779
0.999714
0.999616
0.999466
0.999257
0.999013
0.998789
0.998562
0.998284
0.99796
0.997565
0.997058
0.996612
0.99671
0.997314
0.998334
0.998899
0.998949
0.998915
0.998831
0.998708
0.998557
0.998386
0.998202
1
1
1
1
1
1
1
1
1
1
1
1
1
1
1
1
1
1
1
1
1
1
1
1
1
1
1
1
1
1
1
1
1
1
1
1
0.999999
0.999998
0.999996
0.999995
0.999995
0.999997
0.999998
0.999999
0.999999
0.999998
0.999997
0.999995
0.999994
0.999995
0.999995
0.999992
0.999985
0.99997
0.999931
0.999818
0.999568
0.999119
0.99843
0.997422
0.995905
0.99361
0.990444
0.98648
0.981671
0.975875
0.971548
0.971537
0.97487
0.983472
0.990824
0.995462
0.998507
0.999355
0.999372
0.99931
0.999153
0.998859
0.998375
0.99762
0.996563
0.995409
0.994609
0.994224
0.993891
0.993406
0.992797
0.992151
0.992147
0.992638
0.99411
0.996184
0.996672
0.996511
0.995994
0.995323
0.994856
0.994589
0.994356
0.99387
1
1
1
1
1
1
1
1
1
1
1
1
1
1
1
1
1
1
1
1
1
1
1
1
1
1
1
1
1
1
1
1
1
0.999999
0.999998
0.999994
0.999982
0.999956
0.999909
0.999861
0.999865
0.999907
0.999944
0.999963
0.999968
0.999954
0.999915
0.999856
0.999827
0.999856
0.999891
0.999918
0.999921
0.999889
0.999792
0.999475
0.998735
0.997386
0.995309
0.992412
0.988629
0.984013
0.97864
0.972669
0.966155
0.95888
0.950341
0.940213
0.936249
0.939842
0.95817
0.98414
0.996019
0.998028
0.998054
0.997833
0.997255
0.996236
0.994531
0.991772
0.987816
0.983284
0.979897
0.978388
0.977165
0.97421
0.972519
0.973679
0.976952
0.981744
0.988011
0.992114
0.992238
0.991333
0.98917
0.986527
0.984435
0.983035
0.982248
0.980847
1
1
1
1
1
1
1
1
1
1
1
1
1
1
1
1
1
1
1
1
1
1
1
1
1
1
1
0.999999
0.999997
0.999993
0.999992
0.999995
0.999997
0.999996
0.999992
0.999975
0.999913
0.999697
0.999008
0.997662
0.997593
0.998286
0.998946
0.999336
0.999582
0.999627
0.999475
0.998626
0.997461
0.99762
0.998178
0.998792
0.999328
0.999562
0.999396
0.998592
0.996783
0.993879
0.990056
0.985556
0.98044
0.974768
0.968532
0.961726
0.954306
0.946038
0.936639
0.924865
0.90863
0.904078
0.91512
0.953794
0.987946
0.995191
0.995255
0.994309
0.99225
0.989289
0.985468
0.98043
0.97384
0.966111
0.958654
0.952799
0.946784
0.935231
0.926405
0.929114
0.938032
0.953779
0.973622
0.98523
0.986023
0.984865
0.981675
0.977187
0.972594
0.968286
0.964916
0.961242
1
1
1
1
1
1
1
1
1
1
1
1
1
1
1
1
1
1
1
1
1
1
1
1
1
0.999999
0.999996
0.999983
0.999945
0.999869
0.999847
0.99991
0.999952
0.999969
0.999962
0.999915
0.9997
0.99896
0.996607
0.991071
0.985501
0.986011
0.98998
0.994923
0.997451
0.998431
0.998274
0.996832
0.992879
0.990118
0.990778
0.993591
0.997204
0.99877
0.998586
0.99721
0.994069
0.98932
0.983534
0.977241
0.970457
0.963099
0.954919
0.945467
0.934374
0.921652
0.907892
0.894044
0.877818
0.866908
0.872872
0.908946
0.969044
0.99063
0.991482
0.989691
0.985528
0.979905
0.973475
0.966009
0.956867
0.945689
0.93272
0.919747
0.90629
0.887186
0.871433
0.872308
0.881017
0.904199
0.943754
0.972324
0.976261
0.975102
0.971232
0.965209
0.958537
0.951685
0.945199
0.935771
1
1
1
1
1
1
1
1
1
1
1
1
1
1
1
1
1
1
1
1
1
1
1
0.999999
0.999996
0.999984
0.999946
0.999836
0.999434
0.998277
0.997702
0.998598
0.999265
0.99961
0.999757
0.999716
0.999357
0.998043
0.994206
0.98635
0.974334
0.966458
0.967687
0.974487
0.98669
0.994441
0.995787
0.994874
0.991051
0.98372
0.981059
0.983412
0.990707
0.996715
0.996978
0.995148
0.990458
0.983499
0.975291
0.966572
0.95701
0.946158
0.933265
0.917049
0.897827
0.878451
0.86319
0.852689
0.842999
0.833688
0.83617
0.861633
0.934669
0.982831
0.98751
0.98567
0.98035
0.972497
0.963392
0.952974
0.94018
0.923879
0.902932
0.880473
0.863795
0.853402
0.848105
0.84696
0.850718
0.861482
0.89929
0.947091
0.961412
0.960934
0.957315
0.950637
0.942598
0.933895
0.925374
0.910248
1
1
1
1
0.999999
1
1
1
1
1
1
1
1
1
1
1
0.999999
0.999999
0.999997
0.999996
0.999996
0.999996
0.999994
0.999985
0.999957
0.999895
0.999751
0.999339
0.997628
0.991387
0.97973
0.983555
0.990902
0.995193
0.997572
0.998822
0.998674
0.997045
0.992409
0.983618
0.970387
0.95381
0.943271
0.944103
0.953627
0.975041
0.989009
0.989992
0.98772
0.981041
0.971856
0.971938
0.979269
0.991448
0.994213
0.992322
0.986487
0.977138
0.965665
0.953014
0.93839
0.921136
0.900215
0.875011
0.853559
0.841028
0.836796
0.835846
0.832001
0.823523
0.824031
0.837508
0.890436
0.966819
0.981983
0.980259
0.973587
0.963066
0.950919
0.937268
0.920208
0.897386
0.869841
0.848485
0.844558
0.849368
0.854167
0.849816
0.846843
0.850111
0.866892
0.909827
0.935366
0.937069
0.934766
0.929395
0.922226
0.913693
0.90488
0.887452
1
0.999999
0.999993
0.999978
0.999966
0.999968
0.99998
0.999987
0.99999
0.999994
0.999996
0.999997
0.999996
0.999995
0.999992
0.999986
0.999976
0.99995
0.999897
0.999844
0.999869
0.9999
0.999906
0.999869
0.999754
0.999526
0.999072
0.997895
0.993775
0.981109
0.949207
0.91429
0.924001
0.959247
0.984235
0.994882
0.996923
0.99549
0.990603
0.981018
0.966734
0.947793
0.924742
0.907385
0.907679
0.923561
0.959691
0.977225
0.977239
0.97307
0.963047
0.959704
0.965735
0.982726
0.990105
0.988407
0.981704
0.96976
0.954162
0.936165
0.914324
0.888557
0.861396
0.839553
0.832006
0.832962
0.837447
0.847653
0.84765
0.840556
0.831272
0.837507
0.865892
0.944844
0.974793
0.973891
0.966589
0.9537
0.938256
0.920353
0.896841
0.866153
0.842795
0.841954
0.849398
0.873026
0.88701
0.883717
0.870455
0.857385
0.861068
0.878443
0.900218
0.907141
0.906558
0.904278
0.900059
0.893534
0.88573
0.868765
0.999988
0.999927
0.999737
0.999312
0.998811
0.998691
0.998983
0.999199
0.999274
0.999501
0.999705
0.999802
0.999834
0.999811
0.999739
0.999616
0.999396
0.998932
0.997961
0.996601
0.996631
0.997535
0.998198
0.998555
0.998473
0.997936
0.996777
0.993922
0.98626
0.966686
0.922052
0.836563
0.796181
0.825729
0.910665
0.980284
0.993826
0.992881
0.987531
0.975907
0.957582
0.933525
0.904767
0.87396
0.861812
0.867219
0.895654
0.934688
0.949106
0.950037
0.945837
0.943069
0.949495
0.971734
0.984697
0.983289
0.975597
0.960491
0.939583
0.91453
0.884435
0.853209
0.832586
0.828001
0.828856
0.833334
0.843602
0.860901
0.87037
0.867589
0.852463
0.84669
0.862955
0.925541
0.966443
0.966629
0.958645
0.942869
0.922782
0.897764
0.864572
0.838246
0.837823
0.84774
0.873557
0.897254
0.902638
0.900959
0.893157
0.8738
0.86371
0.866614
0.873483
0.881434
0.883759
0.883432
0.881666
0.877393
0.871277
0.857286
0.999309
0.9976
0.993022
0.984602
0.970971
0.958141
0.961131
0.967353
0.965957
0.969783
0.98224
0.989468
0.992672
0.993416
0.992324
0.990253
0.987258
0.982864
0.974702
0.953998
0.930622
0.946814
0.965947
0.979463
0.989762
0.991319
0.989301
0.983292
0.969547
0.936305
0.860859
0.755004
0.702702
0.712912
0.78393
0.929173
0.985726
0.987212
0.981273
0.965238
0.939196
0.906559
0.872129
0.844383
0.83671
0.839389
0.855083
0.877822
0.890188
0.901344
0.90845
0.913216
0.926743
0.959408
0.978296
0.977156
0.968516
0.950096
0.923056
0.889767
0.853511
0.829082
0.823309
0.823387
0.821681
0.821973
0.827148
0.846957
0.874692
0.87878
0.870237
0.858688
0.870062
0.920835
0.959633
0.959525
0.949595
0.930047
0.903908
0.86951
0.835107
0.831074
0.84105
0.870086
0.894825
0.905072
0.906539
0.905697
0.902025
0.888944
0.870261
0.865278
0.866411
0.869039
0.872127
0.872765
0.872107
0.869559
0.865212
0.855114
0.616184
0.848913
0.833527
0.735629
0.564456
0.535524
0.60803
0.635176
0.597295
0.597715
0.677774
0.835974
0.948678
0.960816
0.954445
0.939908
0.924574
0.912051
0.886782
0.808167
0.700498
0.701688
0.771595
0.88312
0.96144
0.975733
0.973052
0.962965
0.937701
0.873798
0.753793
0.673238
0.672775
0.680883
0.716009
0.849859
0.967977
0.977535
0.970594
0.949125
0.913877
0.874588
0.844173
0.8309
0.828033
0.829139
0.834838
0.832547
0.822235
0.825783
0.838419
0.856704
0.889348
0.943464
0.970609
0.969657
0.959653
0.936845
0.902424
0.862977
0.829834
0.817732
0.811246
0.796902
0.766965
0.759885
0.773097
0.810065
0.862522
0.881988
0.878602
0.870207
0.8798
0.924229
0.954478
0.952526
0.938992
0.913961
0.879046
0.837223
0.820852
0.828061
0.856563
0.887389
0.900046
0.902995
0.905182
0.906247
0.904433
0.89716
0.878545
0.866782
0.86565
0.866354
0.867907
0.868666
0.868581
0.867738
0.865639
0.859035
0.317717
0.487815
0.502188
0.418496
0.363299
0.371361
0.389638
0.386933
0.383115
0.418251
0.548545
0.755677
0.8575
0.86156
0.831534
0.78331
0.768074
0.759504
0.71636
0.609324
0.589534
0.618122
0.660211
0.742773
0.875169
0.943397
0.943355
0.92679
0.874586
0.755412
0.635781
0.646318
0.706923
0.727386
0.746016
0.829908
0.949198
0.963994
0.954372
0.924658
0.88127
0.845709
0.831995
0.827363
0.819344
0.802077
0.788307
0.770969
0.755576
0.757296
0.76639
0.78688
0.836325
0.920715
0.960841
0.960218
0.948464
0.920569
0.87981
0.840811
0.813209
0.792414
0.764899
0.714252
0.68782
0.704775
0.743759
0.800081
0.861501
0.885551
0.884436
0.880473
0.890363
0.931115
0.949879
0.944987
0.926196
0.893576
0.848542
0.811167
0.810514
0.830554
0.870247
0.891011
0.892111
0.893091
0.89699
0.903346
0.903568
0.899735
0.885685
0.870438
0.866132
0.865289
0.865161
0.865547
0.866284
0.866345
0.865544
0.861982
0.276286
0.30278
0.307312
0.297924
0.297635
0.302073
0.305257
0.306851
0.31601
0.355218
0.442216
0.570461
0.650432
0.656145
0.611174
0.577227
0.57724
0.572024
0.525164
0.498292
0.546773
0.667038
0.756133
0.810603
0.881204
0.910642
0.901883
0.859202
0.753878
0.590822
0.575375
0.668167
0.80659
0.811867
0.805719
0.852004
0.938227
0.947541
0.932396
0.891726
0.847047
0.824826
0.810804
0.791354
0.750761
0.686135
0.684894
0.701736
0.72554
0.736216
0.740861
0.751479
0.786661
0.888491
0.947733
0.9481
0.934494
0.901739
0.857003
0.816547
0.776739
0.72838
0.67137
0.631268
0.64694
0.693203
0.758909
0.823359
0.872644
0.891411
0.891349
0.890809
0.902633
0.938153
0.945033
0.935996
0.910278
0.86857
0.816209
0.791895
0.799557
0.834267
0.867655
0.875583
0.878975
0.883218
0.890197
0.8995
0.902207
0.899812
0.89047
0.875579
0.867078
0.861427
0.858271
0.858316
0.859574
0.861352
0.861602
0.857481
0.271507
0.274383
0.275467
0.276081
0.277371
0.278906
0.279953
0.28176
0.287669
0.304243
0.336482
0.38436
0.42459
0.433723
0.419795
0.417854
0.421385
0.419044
0.408444
0.427411
0.529331
0.687052
0.794337
0.840218
0.86102
0.857229
0.817839
0.729208
0.57099
0.473678
0.528489
0.729093
0.863805
0.864324
0.857723
0.88611
0.930983
0.929173
0.902757
0.851067
0.798248
0.758613
0.716516
0.650177
0.57471
0.582708
0.632929
0.721361
0.795842
0.795816
0.774233
0.763895
0.783575
0.861706
0.932291
0.933885
0.917708
0.879872
0.829446
0.778577
0.714417
0.636354
0.582611
0.585702
0.637777
0.737634
0.815968
0.860615
0.88496
0.896137
0.898496
0.901226
0.918143
0.941319
0.940114
0.924368
0.890536
0.839015
0.785109
0.773328
0.788338
0.824068
0.843837
0.85206
0.86126
0.872797
0.884353
0.895548
0.900304
0.89884
0.892534
0.879924
0.866879
0.85354
0.843824
0.842949
0.845009
0.848883
0.850676
0.84439
0.271056
0.271374
0.271609
0.271874
0.272142
0.27228
0.272338
0.272651
0.274215
0.279035
0.288162
0.300915
0.31318
0.320462
0.323343
0.326731
0.329192
0.332047
0.336892
0.361009
0.436312
0.557611
0.675056
0.744857
0.764562
0.740844
0.66207
0.538021
0.400417
0.390063
0.50693
0.764193
0.887105
0.901372
0.905654
0.917555
0.920577
0.90368
0.853853
0.772389
0.680727
0.595838
0.520251
0.465253
0.468976
0.541565
0.700898
0.837298
0.873101
0.867357
0.835776
0.791187
0.797607
0.859189
0.919508
0.918978
0.89786
0.852331
0.78984
0.720682
0.631765
0.544877
0.529025
0.561634
0.676826
0.799757
0.856477
0.879481
0.891361
0.899036
0.904431
0.912966
0.932913
0.940438
0.933169
0.909413
0.866787
0.805892
0.756552
0.753595
0.772636
0.798935
0.809345
0.819428
0.83848
0.86152
0.87883
0.89117
0.897406
0.896922
0.891528
0.879483
0.862312
0.839553
0.81997
0.816191
0.818881
0.824832
0.828048
0.81709
0.271002
0.271017
0.270981
0.270842
0.27051
0.269886
0.268801
0.267297
0.266637
0.267347
0.269723
0.273064
0.276332
0.278918
0.279854
0.279269
0.278157
0.279834
0.283352
0.299584
0.348316
0.409548
0.479294
0.545747
0.57628
0.540572
0.441513
0.340646
0.2976
0.324743
0.469522
0.758943
0.892658
0.911794
0.914001
0.913172
0.898466
0.853904
0.766804
0.645754
0.515127
0.415648
0.372063
0.372612
0.4204
0.584525
0.802844
0.888387
0.896766
0.890986
0.868157
0.819405
0.815751
0.868734
0.909327
0.903572
0.873955
0.816083
0.7343
0.645912
0.54188
0.481474
0.494771
0.566446
0.731642
0.839093
0.873572
0.88681
0.894757
0.90174
0.910533
0.925582
0.938229
0.936618
0.922617
0.890452
0.838197
0.769611
0.730403
0.733213
0.753042
0.764469
0.767697
0.779996
0.810522
0.847541
0.872515
0.88616
0.893093
0.893359
0.888831
0.875982
0.851793
0.81582
0.780998
0.770311
0.772589
0.78025
0.785629
0.772366
0.270953
0.270766
0.270381
0.269648
0.268331
0.266208
0.263031
0.259318
0.257455
0.257525
0.258263
0.2589
0.258686
0.25725
0.253921
0.248583
0.243712
0.243171
0.241722
0.246861
0.267985
0.28249
0.298824
0.326058
0.342966
0.311466
0.255886
0.230356
0.23315
0.274187
0.416033
0.683013
0.854375
0.89432
0.897748
0.888143
0.845174
0.764726
0.638123
0.484457
0.354856
0.303455
0.300403
0.32341
0.408003
0.639021
0.853621
0.903211
0.904299
0.898314
0.877433
0.837535
0.838351
0.882641
0.899583
0.885454
0.842711
0.766376
0.662082
0.558307
0.460653
0.439896
0.473284
0.597347
0.778051
0.857815
0.879834
0.889711
0.897114
0.905323
0.917918
0.932943
0.936578
0.929834
0.907628
0.866572
0.803474
0.731402
0.706316
0.714224
0.726755
0.722911
0.721458
0.736063
0.776275
0.827477
0.863559
0.880099
0.887257
0.888028
0.883483
0.86759
0.832327
0.776942
0.721983
0.70324
0.705124
0.715652
0.725586
0.721467
0.270666
0.269651
0.267957
0.265186
0.26064
0.254068
0.245673
0.239568
0.238624
0.239457
0.240622
0.240571
0.238618
0.234295
0.227678
0.220056
0.214625
0.212225
0.206458
0.202745
0.20251
0.191539
0.180379
0.180418
0.182026
0.174291
0.166749
0.17074
0.186324
0.228177
0.346708
0.568542
0.762318
0.831829
0.841218
0.815892
0.743724
0.630112
0.471397
0.322242
0.256993
0.249325
0.258677
0.296408
0.407587
0.667278
0.876952
0.90903
0.907264
0.89859
0.875915
0.854353
0.863756
0.892195
0.889943
0.860908
0.800041
0.701749
0.577647
0.467848
0.404065
0.408903
0.465958
0.634076
0.805635
0.866041
0.882544
0.891171
0.899064
0.909321
0.923296
0.932363
0.931156
0.918249
0.887799
0.836404
0.761344
0.694334
0.684159
0.693377
0.689671
0.675023
0.671598
0.688561
0.734782
0.797949
0.848949
0.871857
0.879834
0.880661
0.874657
0.85185
0.798976
0.718289
0.647514
0.627745
0.632161
0.649992
0.668211
0.687385
0.268198
0.26305
0.25641
0.247169
0.233325
0.216861
0.203823
0.20177
0.203494
0.207108
0.209115
0.208677
0.205313
0.199028
0.191538
0.185808
0.182857
0.179783
0.171304
0.160283
0.146598
0.12539
0.110235
0.107604
0.110216
0.113494
0.119351
0.129692
0.14598
0.18077
0.272455
0.43857
0.612412
0.700593
0.721318
0.684894
0.589946
0.450995
0.298069
0.222863
0.210528
0.21505
0.233863
0.28016
0.396408
0.669562
0.882043
0.912075
0.90922
0.897298
0.881184
0.878312
0.888623
0.891277
0.875611
0.825598
0.74221
0.623813
0.486276
0.390637
0.366536
0.387235
0.47102
0.658834
0.817679
0.869195
0.88375
0.892055
0.900652
0.911899
0.923305
0.926792
0.921493
0.901427
0.861891
0.797505
0.712724
0.662498
0.662532
0.661506
0.645131
0.621394
0.617385
0.635363
0.684751
0.756724
0.8243
0.858518
0.869268
0.869872
0.859868
0.824327
0.745605
0.642811
0.57313
0.563373
0.576497
0.607847
0.638839
0.673464
0.248512
0.226519
0.207072
0.185279
0.161519
0.143765
0.141722
0.145411
0.152592
0.158275
0.159652
0.15841
0.154097
0.148781
0.145766
0.145086
0.143971
0.139727
0.127407
0.112041
0.0948177
0.078716
0.0719135
0.0729647
0.0763637
0.0821264
0.0893277
0.0984976
0.110527
0.134829
0.196466
0.304247
0.426768
0.508803
0.539422
0.491962
0.382963
0.262797
0.192141
0.177839
0.179934
0.19033
0.213922
0.265126
0.376144
0.62029
0.867556
0.912986
0.912521
0.904595
0.898604
0.898146
0.895553
0.885166
0.848982
0.773338
0.66804
0.535216
0.400138
0.338964
0.337809
0.370077
0.480629
0.66794
0.819983
0.869745
0.884069
0.892433
0.901141
0.911106
0.917799
0.916795
0.906748
0.878715
0.827679
0.747772
0.662934
0.635985
0.63408
0.622679
0.591105
0.563831
0.558931
0.575608
0.625026
0.702454
0.784426
0.834537
0.851506
0.851854
0.834074
0.777718
0.670757
0.561615
0.514864
0.519986
0.551875
0.599457
0.639487
0.648299
0.0296561
0.0537973
0.0633409
0.0621786
0.0617997
0.0652193
0.0731348
0.0829376
0.0898222
0.0930456
0.0929661
0.0917677
0.0917977
0.0929164
0.0956276
0.0967988
0.0946214
0.0864319
0.0721284
0.0614259
0.0539555
0.0499283
0.0500235
0.0520025
0.0560921
0.0612496
0.0668659
0.0735876
0.080794
0.0953556
0.130567
0.182923
0.240912
0.282232
0.301383
0.258481
0.194742
0.156791
0.146456
0.147798
0.153928
0.167162
0.194427
0.24752
0.346265
0.556922
0.834552
0.910435
0.914598
0.91157
0.906231
0.900276
0.890583
0.864121
0.801121
0.697674
0.574527
0.435816
0.328422
0.304961
0.314593
0.361942
0.484968
0.656438
0.798325
0.861467
0.880627
0.889864
0.897512
0.904097
0.906073
0.902081
0.885094
0.846454
0.779537
0.686084
0.618511
0.606885
0.597744
0.570877
0.52935
0.502472
0.495564
0.509115
0.554594
0.632506
0.724241
0.790981
0.818101
0.818113
0.786682
0.703096
0.578511
0.489289
0.476637
0.501045
0.550293
0.59988
0.613243
0.598164
0.00157142
0.00503802
0.00849279
0.0117758
0.0153978
0.0191094
0.0231663
0.0263703
0.0286097
0.0307502
0.0329672
0.0359194
0.0388375
0.0411998
0.0417672
0.0403839
0.0366941
0.0329359
0.0301862
0.0300089
0.0303503
0.0312333
0.0329219
0.0356093
0.0393653
0.0435521
0.0479118
0.0523983
0.0556788
0.0626137
0.0790223
0.0979636
0.112505
0.120488
0.127168
0.120088
0.11404
0.113885
0.116287
0.120721
0.128739
0.14496
0.174382
0.223881
0.303623
0.474463
0.764226
0.89328
0.908127
0.906647
0.90101
0.890623
0.866484
0.815611
0.722236
0.594639
0.45832
0.336045
0.278884
0.277636
0.296247
0.353311
0.461608
0.609878
0.753494
0.838612
0.868681
0.880469
0.88701
0.890184
0.888945
0.878857
0.851674
0.797537
0.711531
0.618446
0.579672
0.569382
0.548354
0.506173
0.462935
0.437589
0.428043
0.437919
0.475815
0.545885
0.639206
0.718323
0.755829
0.754292
0.704206
0.600107
0.483387
0.441534
0.452749
0.499246
0.539906
0.561904
0.556747
0.523155
8.85199e-05
0.000415468
0.000904814
0.00158235
0.00237436
0.00316729
0.00397129
0.004763
0.00563376
0.00668203
0.00782139
0.0089528
0.00970951
0.0102245
0.0104261
0.0104396
0.0106512
0.0114691
0.0126123
0.0141093
0.0154871
0.0168482
0.0186031
0.0211835
0.0245651
0.0282376
0.0316479
0.0345389
0.0365614
0.0403069
0.0475688
0.0550149
0.0603924
0.0651738
0.0729059
0.0785063
0.0826336
0.0863654
0.0904595
0.09647
0.106327
0.123977
0.150884
0.191233
0.250724
0.383932
0.647529
0.837315
0.885729
0.888624
0.879674
0.855916
0.807857
0.727843
0.607829
0.45992
0.331759
0.261743
0.247024
0.254621
0.282145
0.336308
0.422912
0.540942
0.680797
0.787261
0.836675
0.857194
0.864874
0.865635
0.859262
0.839412
0.79739
0.723055
0.62636
0.557287
0.537809
0.520684
0.483582
0.433867
0.395199
0.371463
0.360262
0.367114
0.395946
0.451582
0.532332
0.612995
0.65603
0.651312
0.586928
0.48386
0.413731
0.411534
0.436913
0.479581
0.489082
0.492375
0.478943
0.440046
5.03273e-06
2.81191e-05
7.25702e-05
0.000149012
0.000248642
0.00035996
0.000497263
0.000666827
0.000882067
0.00113777
0.00142525
0.00172931
0.0019976
0.00224441
0.00247994
0.00273626
0.003128
0.00370667
0.00440713
0.00526886
0.00614491
0.00714562
0.0085773
0.0108455
0.0138453
0.0171542
0.0203402
0.0234305
0.0266248
0.0302582
0.0347863
0.0397598
0.0445086
0.0495594
0.0560008
0.0597856
0.0626064
0.0661141
0.0711868
0.0780577
0.0882492
0.104123
0.124586
0.153779
0.196465
0.294729
0.494965
0.715229
0.813632
0.829086
0.814644
0.774487
0.698885
0.593529
0.451645
0.309612
0.237273
0.2191
0.220671
0.236119
0.263566
0.303724
0.364269
0.45014
0.576754
0.695955
0.764813
0.802497
0.816338
0.816419
0.803283
0.770559
0.710741
0.623394
0.53968
0.502918
0.485946
0.456326
0.406629
0.360315
0.328044
0.306393
0.295996
0.301213
0.322055
0.361715
0.420351
0.485345
0.523739
0.515351
0.454059
0.39135
0.37402
0.386656
0.408182
0.423519
0.417329
0.414253
0.395021
0.360004
2.66858e-07
1.76025e-06
5.2714e-06
1.23841e-05
2.28066e-05
3.6702e-05
5.73439e-05
8.76853e-05
0.000130837
0.000183419
0.000245515
0.00031634
0.000390889
0.000476302
0.00057581
0.000691426
0.000850677
0.00106426
0.00133863
0.00170478
0.00215304
0.00285243
0.00408662
0.00598196
0.00875313
0.0121528
0.0159872
0.019827
0.0236339
0.027556
0.0318274
0.0362706
0.0402953
0.0437497
0.0470128
0.0485158
0.05045
0.0540328
0.0595111
0.0664937
0.0756837
0.0877749
0.10151
0.120995
0.149623
0.213243
0.339054
0.524806
0.658863
0.690827
0.678811
0.627654
0.525257
0.404765
0.278139
0.205014
0.188093
0.188618
0.196954
0.214899
0.233274
0.257109
0.295285
0.353841
0.45462
0.562974
0.642437
0.697993
0.72087
0.723784
0.704942
0.661739
0.593458
0.515235
0.464975
0.443561
0.418336
0.375511
0.325631
0.289191
0.263344
0.24631
0.239718
0.24498
0.260401
0.286896
0.3238
0.364193
0.388324
0.383203
0.354128
0.339904
0.341709
0.353479
0.353003
0.35065
0.339773
0.33557
0.313848
0.285673
1.35691e-08
9.73888e-08
3.31303e-07
8.64416e-07
1.73588e-06
3.11908e-06
5.5079e-06
9.56259e-06
1.59267e-05
2.43231e-05
3.47423e-05
4.74164e-05
6.28342e-05
8.32058e-05
0.000110262
0.000147041
0.000202019
0.000281037
0.000394288
0.000573701
0.000893184
0.00149313
0.00274744
0.0048221
0.00779785
0.0116148
0.0160968
0.0208173
0.0253803
0.0295514
0.0332611
0.0367531
0.0393493
0.0408249
0.041873
0.0427975
0.0450406
0.0492084
0.054923
0.0617361
0.0694498
0.0778797
0.0867704
0.0988307
0.115474
0.148086
0.206129
0.313846
0.426268
0.465436
0.462223
0.404446
0.296546
0.220184
0.17153
0.155516
0.155145
0.160191
0.171178
0.183344
0.189304
0.20013
0.222577
0.261106
0.334198
0.41506
0.487587
0.550555
0.578427
0.587279
0.566723
0.523833
0.467517
0.41904
0.391512
0.367516
0.331509
0.287395
0.249346
0.223451
0.205033
0.195611
0.194535
0.20145
0.214547
0.233328
0.256324
0.279878
0.296174
0.302223
0.299846
0.300947
0.298728
0.295362
0.282636
0.276088
0.263243
0.259487
0.237144
0.21876
6.38514e-10
5.09279e-09
1.93887e-08
5.51652e-08
1.21772e-07
2.49382e-07
5.03706e-07
9.79976e-07
1.75677e-06
2.82495e-06
4.27579e-06
6.27318e-06
9.25042e-06
1.40008e-05
2.07806e-05
3.11696e-05
4.85474e-05
7.76365e-05
0.000132966
0.00023995
0.000558904
0.00136576
0.00307756
0.00603387
0.0103727
0.0157675
0.0214738
0.0263776
0.0302831
0.0334403
0.0356795
0.0375975
0.0381868
0.0382089
0.0385449
0.0400092
0.0434343
0.048324
0.0542379
0.0609595
0.067834
0.0740965
0.08016
0.0869755
0.0947037
0.106865
0.126322
0.163036
0.204927
0.218748
0.218748
0.188363
0.146661
0.132446
0.124784
0.122121
0.123677
0.130089
0.137876
0.138587
0.136381
0.139983
0.152426
0.176419
0.223839
0.276629
0.333837
0.389174
0.415702
0.428398
0.41242
0.384161
0.35217
0.325059
0.300602
0.271164
0.236546
0.205738
0.181981
0.166758
0.158662
0.157753
0.161465
0.170615
0.182545
0.197649
0.214471
0.231591
0.244885
0.252898
0.252456
0.247242
0.232607
0.221475
0.207987
0.202063
0.188828
0.185327
0.166173
0.160126
2.86881e-11
2.44882e-10
1.01443e-09
3.07687e-09
7.466e-09
1.73018e-08
3.92138e-08
8.30274e-08
1.56355e-07
2.6363e-07
4.30151e-07
7.0417e-07
1.21549e-06
2.21549e-06
4.00715e-06
7.17509e-06
1.36027e-05
2.56096e-05
6.10869e-05
0.000176523
0.000537016
0.0015526
0.00382959
0.00789308
0.0138593
0.0207653
0.0268741
0.031069
0.0338422
0.0355308
0.0366082
0.0363757
0.0353987
0.0350272
0.0359119
0.038915
0.0437478
0.0499443
0.0569652
0.0635269
0.0687691
0.0736943
0.0784178
0.081976
0.0845182
0.087386
0.0918291
0.0996981
0.107426
0.106579
0.106277
0.102136
0.0948792
0.0944997
0.0932734
0.0913563
0.0927214
0.0970485
0.0958386
0.0896925
0.0850464
0.0854349
0.0910845
0.10365
0.12942
0.157637
0.192753
0.231811
0.253994
0.268508
0.261754
0.25075
0.234718
0.215237
0.19414
0.173939
0.155099
0.140508
0.130049
0.12621
0.12711
0.132089
0.138915
0.147425
0.156567
0.167522
0.177676
0.187264
0.192861
0.191679
0.180177
0.167805
0.151872
0.143664
0.133153
0.127654
0.116196
0.115111
0.10629
0.110692
1.19919e-12
1.08639e-11
4.81625e-11
1.5822e-10
4.33083e-10
1.15512e-09
2.90322e-09
6.54077e-09
1.30198e-08
2.4101e-08
4.62894e-08
9.54892e-08
2.13631e-07
4.75134e-07
1.03086e-06
2.23241e-06
6.01646e-06
1.86431e-05
5.9593e-05
0.000189787
0.000594867
0.00174884
0.00439312
0.009303
0.0165195
0.0242371
0.0299448
0.0332745
0.0352684
0.0356634
0.0349474
0.0329408
0.0314117
0.0316842
0.0340809
0.0391637
0.0466227
0.055339
0.06358
0.0691824
0.0723093
0.0753003
0.0780912
0.079261
0.0780191
0.0764289
0.0755157
0.0756074
0.075906
0.0728496
0.0723359
0.0719876
0.0687815
0.068847
0.067779
0.0656121
0.0657026
0.0648911
0.0597261
0.0520812
0.0482407
0.0473843
0.0495067
0.0545179
0.0653597
0.0765226
0.0902687
0.106205
0.117338
0.12844
0.130395
0.130708
0.125835
0.118893
0.112449
0.107055
0.101705
0.09857
0.0981924
0.101523
0.107517
0.11438
0.119019
0.122502
0.123723
0.125028
0.12295
0.119695
0.113224
0.103415
0.0917288
0.0851149
0.0773769
0.0727707
0.0654894
0.062375
0.0586393
0.060567
0.0619783
0.0753661
4.67668e-14
4.40026e-13
2.09838e-12
7.44557e-12
2.28438e-11
6.82741e-11
1.85708e-10
4.52867e-10
1.04096e-09
2.44206e-09
6.24523e-09
1.69753e-08
4.66279e-08
1.21417e-07
3.71598e-07
1.25668e-06
4.30798e-06
1.4678e-05
4.92468e-05
0.000161322
0.000513896
0.00159035
0.0042796
0.00955606
0.0174118
0.025451
0.0308376
0.0338421
0.0348008
0.0341151
0.0315457
0.0284349
0.0278288
0.0290683
0.033384
0.0413674
0.0517276
0.0623001
0.0702017
0.0736235
0.07487
0.0762298
0.0766405
0.0744945
0.0690356
0.0643649
0.0610162
0.059068
0.0577197
0.0548578
0.0538811
0.0532547
0.0506911
0.0505004
0.0496353
0.0480073
0.0468936
0.0444429
0.0394248
0.0337223
0.0304025
0.029924
0.0316267
0.035564
0.0408316
0.0460357
0.0514081
0.0567256
0.061626
0.0668015
0.0696357
0.0715613
0.071837
0.0717586
0.0718406
0.0723139
0.0731313
0.0755339
0.0794389
0.0856165
0.0923856
0.0962469
0.092368
0.0849221
0.074958
0.064892
0.0525354
0.0438537
0.0385537
0.0345666
0.0315144
0.0301848
0.0279834
0.0264042
0.0244358
0.0244469
0.0254026
0.029909
0.036015
0.0521342
1.68239e-15
1.63811e-14
8.38472e-14
3.31323e-13
1.16132e-12
3.98118e-12
1.33822e-11
4.86072e-11
1.74017e-10
5.74265e-10
1.96652e-09
7.13292e-09
2.5778e-08
9.21744e-08
3.26312e-07
1.14412e-06
3.96634e-06
1.35555e-05
4.55127e-05
0.000149417
0.000478835
0.00150055
0.00415554
0.00947084
0.0173826
0.0252056
0.0303643
0.0330956
0.0330527
0.0312366
0.0274209
0.024717
0.0248364
0.0273654
0.0342429
0.0453454
0.0583649
0.0695999
0.0752917
0.0758684
0.0758516
0.0755079
0.0724751
0.0647382
0.0561473
0.0499574
0.0459145
0.0437367
0.0428207
0.0407127
0.0396547
0.0390304
0.0373729
0.0373049
0.037127
0.0368609
0.0365999
0.0353928
0.032219
0.0278527
0.0244086
0.0240036
0.0257603
0.0302579
0.0364151
0.0416588
0.045388
0.0481087
0.0497755
0.0509131
0.0510811
0.0514352
0.0518816
0.0528912
0.0544334
0.0563446
0.0586779
0.0621522
0.0666216
0.0732696
0.0762151
0.0707531
0.0548239
0.0383288
0.0263306
0.0187399
0.0134097
0.0108177
0.00994465
0.00939624
0.00923298
0.00932673
0.00933107
0.00944274
0.00967822
0.0105825
0.0125257
0.0165409
0.0217754
0.0346425
5.63681e-17
5.6778e-16
3.15614e-15
1.42305e-14
6.1879e-14
3.06257e-13
1.85785e-12
1.23238e-11
6.72788e-11
2.84319e-10
1.11918e-09
4.27123e-09
1.59974e-08
5.89739e-08
2.14045e-07
7.67022e-07
2.71336e-06
9.46434e-06
3.2463e-05
0.000108982
0.000357732
0.00114364
0.00341143
0.00837347
0.0161005
0.0236851
0.028806
0.0308496
0.0303692
0.0278039
0.0235814
0.0215837
0.022263
0.0264515
0.0362338
0.0506626
0.0657112
0.0756527
0.0776144
0.0765014
0.0750389
0.0715968
0.06263
0.0500128
0.0396411
0.0332996
0.0295654
0.0278021
0.0276548
0.0266475
0.0261059
0.0259299
0.0251274
0.0252763
0.0256551
0.0266147
0.0282262
0.0294816
0.0289247
0.0264461
0.0223022
0.0217038
0.0236245
0.0294254
0.0370087
0.0423374
0.0445619
0.0451279
0.0447117
0.0439248
0.04352
0.0435383
0.0443057
0.0463923
0.0492385
0.0513083
0.0529093
0.054966
0.0584693
0.0612534
0.0551255
0.03634
0.0183604
0.0107214
0.00678678
0.00465625
0.00338631
0.00294182
0.00294644
0.00300241
0.00318445
0.00356075
0.00403688
0.00457324
0.0051929
0.00616484
0.00774007
0.0104224
0.0140247
0.0230032
1.79131e-18
1.91434e-17
1.27024e-16
8.35436e-16
6.73423e-15
6.57537e-14
6.51287e-13
5.6854e-12
3.91323e-11
1.89688e-10
7.79885e-10
3.03183e-09
1.14543e-08
4.23678e-08
1.5417e-07
5.53836e-07
1.96338e-06
6.86141e-06
2.35664e-05
7.92639e-05
0.000261066
0.000837687
0.00260481
0.00679723
0.0137726
0.0210314
0.0261685
0.0276612
0.0270659
0.0242602
0.019832
0.0184451
0.0198975
0.0261206
0.0394516
0.0571252
0.072631
0.0788913
0.0779099
0.0752496
0.0709493
0.061494
0.0458501
0.0313039
0.022031
0.0173339
0.0147903
0.0135073
0.0134348
0.0132053
0.0131904
0.0133821
0.0132652
0.0135017
0.0139211
0.0150149
0.0171292
0.0200756
0.0220545
0.0216212
0.0193264
0.0188212
0.0210004
0.0280309
0.0375964
0.0429332
0.0438337
0.0430875
0.0414647
0.0407259
0.0410399
0.0423325
0.0448993
0.0485018
0.0517816
0.0527727
0.0522439
0.0519246
0.0514339
0.0443874
0.0247954
0.0109442
0.00536588
0.00331196
0.00225119
0.00162567
0.00121787
0.00111972
0.00116287
0.00127192
0.00151451
0.0019432
0.00247055
0.00300156
0.00355877
0.0043578
0.00559066
0.00744228
0.00962527
0.0144345
6.57248e-20
8.85458e-19
9.65847e-18
1.17786e-16
1.53251e-15
1.90842e-14
2.08332e-13
1.90784e-12
1.43928e-11
8.57938e-11
3.70951e-10
1.47452e-09
5.65423e-09
2.1199e-08
7.82328e-08
2.85022e-07
1.02456e-06
3.63197e-06
1.26537e-05
4.31665e-05
0.000144506
0.000473491
0.00151177
0.00439449
0.00997906
0.0169826
0.02253
0.0239677
0.0234144
0.0205652
0.0159835
0.0151696
0.0176483
0.0265009
0.0438654
0.0638597
0.0772523
0.0791865
0.0764551
0.0705621
0.0591844
0.0412192
0.0244792
0.0153396
0.0113541
0.00900567
0.00737349
0.00622159
0.00555
0.0051124
0.00495622
0.00505637
0.00517696
0.00539029
0.00566691
0.00631242
0.00767108
0.0101255
0.0131309
0.0143441
0.0142723
0.0146305
0.0172586
0.0249833
0.0363222
0.0425499
0.0429706
0.0417741
0.0402472
0.0404464
0.0415842
0.0449427
0.0514344
0.0579697
0.0599209
0.0581647
0.0522108
0.0469537
0.0349417
0.017469
0.00714504
0.00438973
0.00330509
0.00254843
0.00184363
0.00117852
0.00071098
0.000630208
0.000660368
0.000760939
0.000974262
0.00131091
0.00170291
0.00210136
0.00256383
0.00322363
0.00424573
0.00581945
0.00770164
0.0114275
5.25223e-21
1.02839e-19
1.71144e-18
2.70806e-17
3.85331e-16
4.79604e-15
5.21781e-14
4.96626e-13
4.11047e-12
2.91232e-11
1.61213e-10
6.85636e-10
2.70908e-09
1.03298e-08
3.85192e-08
1.41108e-07
5.08619e-07
1.8033e-06
6.26776e-06
2.13206e-05
7.12819e-05
0.000234095
0.000751759
0.00235116
0.00603534
0.0118189
0.0176484
0.0197044
0.0193272
0.0167717
0.0123106
0.0119416
0.0154632
0.0273507
0.0485869
0.0694458
0.0786673
0.0776332
0.0709264
0.0564608
0.0353959
0.0193751
0.0127664
0.010088
0.00834563
0.00657411
0.00508979
0.0039634
0.00311077
0.00244077
0.0019522
0.00171249
0.00170353
0.00176444
0.00188529
0.0021639
0.00280597
0.0041785
0.00633274
0.00824977
0.00930594
0.0103849
0.0133419
0.0208491
0.0328874
0.0410434
0.0418431
0.0405956
0.0397032
0.0406738
0.0439411
0.0519231
0.0637423
0.0699736
0.0686284
0.0586439
0.0462311
0.0299767
0.0118622
0.00595543
0.00459252
0.00394703
0.00343091
0.00280831
0.00206004
0.00127438
0.000658489
0.000462346
0.000465043
0.000506206
0.000626241
0.000847742
0.00117259
0.00162501
0.00217741
0.00279977
0.00356607
0.00469952
0.00617136
0.00959389
8.35103e-22
1.76571e-20
3.02834e-19
4.5676e-18
6.07982e-17
7.22274e-16
7.87809e-15
7.74968e-14
6.80562e-13
5.29347e-12
3.53725e-11
1.863e-10
7.86731e-10
3.1184e-09
1.19892e-08
4.49484e-08
1.65425e-07
5.97485e-07
2.11403e-06
7.33671e-06
2.51386e-05
8.51138e-05
0.000283018
0.000914048
0.00273962
0.00645707
0.0115238
0.0142654
0.0140905
0.0120053
0.00858413
0.00885337
0.0135741
0.0280384
0.0516905
0.0716499
0.0775396
0.0726595
0.0560538
0.0332194
0.0189381
0.0145878
0.0127542
0.0109591
0.00846392
0.00579384
0.00394927
0.0028793
0.00217185
0.00157106
0.00104722
0.000696478
0.000573929
0.000577239
0.000606193
0.000695933
0.000937491
0.00155438
0.00269004
0.00410674
0.00537743
0.00677177
0.00963567
0.0161858
0.0274454
0.0375506
0.0391546
0.0382549
0.0382615
0.0405345
0.0477666
0.0611848
0.0753414
0.0772129
0.069578
0.0504643
0.0278621
0.0108197
0.00558061
0.0044352
0.00378071
0.00329954
0.00285625
0.00239179
0.00186501
0.00126028
0.00067023
0.000364684
0.000328155
0.00034531
0.000429435
0.000634028
0.00100392
0.00157173
0.00230729
0.00298736
0.00360305
0.00440324
0.00554215
0.00904239
1.0823e-22
2.03833e-21
3.11444e-20
4.31933e-19
5.57436e-18
6.76427e-17
7.75297e-16
8.12894e-15
7.72797e-14
6.67129e-13
5.17335e-12
3.47389e-11
1.80954e-10
7.69856e-10
3.13224e-09
1.21377e-08
4.57082e-08
1.67535e-07
6.00728e-07
2.11684e-06
7.40301e-06
2.5634e-05
8.7288e-05
0.000290738
0.000950536
0.0026987
0.00580564
0.00787881
0.00775986
0.00631588
0.00504433
0.00649193
0.0122906
0.0288151
0.0526887
0.0703526
0.0734159
0.0608712
0.0358032
0.0215785
0.0179701
0.0167598
0.0159716
0.0131964
0.00884515
0.00485734
0.00249815
0.00162042
0.00125832
0.000984075
0.000677185
0.000381457
0.000219297
0.000192354
0.000197243
0.000224997
0.000317728
0.000578894
0.00108859
0.00183821
0.00276013
0.00399753
0.00639001
0.0115458
0.0206824
0.0306339
0.0343319
0.0344578
0.0355937
0.0404545
0.0524648
0.0704069
0.0810255
0.0778119
0.0634371
0.0325434
0.0115374
0.0054809
0.00321893
0.00223955
0.00173798
0.00150427
0.00138347
0.00129093
0.00115563
0.00094105
0.000601047
0.00030322
0.000239389
0.000254328
0.000341485
0.000568634
0.00100709
0.00173046
0.00274531
0.00379356
0.00445218
0.00499573
0.00592609
0.00909732
7.09889e-24
1.21084e-22
1.75321e-21
2.43025e-20
3.26965e-19
4.19008e-18
5.11184e-17
5.7038e-16
5.85697e-15
5.52081e-14
4.76738e-13
3.66136e-12
2.48261e-11
1.44207e-10
7.16116e-10
2.94656e-09
1.16063e-08
4.36621e-08
1.59537e-07
5.70469e-07
2.02435e-06
7.1221e-06
2.46438e-05
8.32891e-05
0.000273238
0.000773107
0.00179101
0.00260864
0.00258496
0.00231785
0.00258222
0.00493146
0.0129574
0.0315136
0.0529718
0.0656131
0.0621192
0.0415697
0.0244463
0.0209904
0.0204687
0.0211567
0.0200517
0.0164875
0.0105598
0.00475627
0.00173236
0.000803414
0.000560913
0.000452013
0.000348267
0.000217468
0.000104044
6.63004e-05
6.58323e-05
7.4423e-05
0.000111895
0.000223368
0.000445488
0.000804368
0.00134452
0.00219801
0.00387451
0.00745046
0.0140916
0.0226589
0.0281096
0.0301143
0.0331102
0.0415186
0.0582808
0.0772138
0.0804193
0.0734147
0.0458622
0.0158065
0.00631138
0.00300924
0.00160367
0.00113432
0.000888766
0.000716306
0.000643535
0.000643535
0.000624959
0.000558255
0.000395757
0.000213762
0.00016928
0.00018494
0.000275709
0.000522238
0.000998234
0.0017664
0.00286041
0.00423632
0.00542178
0.00614257
0.0069304
0.00995201
2.61209e-25
4.74943e-24
7.39858e-23
1.1113e-21
1.62373e-20
2.25477e-19
2.98117e-18
3.63363e-17
4.12116e-16
4.3112e-15
4.10603e-14
3.4836e-13
2.65587e-12
1.76655e-11
1.04631e-10
5.47738e-10
2.56957e-09
1.01616e-08
3.83705e-08
1.40782e-07
5.11582e-07
1.82619e-06
6.37945e-06
2.15179e-05
6.69466e-05
0.000167661
0.000321919
0.000461489
0.000570917
0.000740435
0.00145729
0.00401183
0.0123748
0.0306076
0.0483463
0.0529012
0.0463287
0.0295133
0.0230624
0.0225204
0.0238185
0.0237972
0.0225958
0.0192713
0.012704
0.00522182
0.00142671
0.00047126
0.000255157
0.00018874
0.000144868
9.56996e-05
4.76321e-05
2.4279e-05
2.25483e-05
2.56391e-05
4.11269e-05
8.90909e-05
0.000195667
0.000401638
0.00076582
0.0013741
0.00253206
0.00504547
0.0101546
0.017607
0.0233744
0.0264524
0.031126
0.0424054
0.0622466
0.0777288
0.0769769
0.0626329
0.0260106
0.00864258
0.00408148
0.00197008
0.00122192
0.000890509
0.000670031
0.000495207
0.000371542
0.00033964
0.000323534
0.000289838
0.000205679
0.000116005
0.00010105
0.000114725
0.000186177
0.000374894
0.000747037
0.00140885
0.00253803
0.00420159
0.00611938
0.00754105
0.00833896
0.011274
8.1787e-27
1.61646e-25
2.71912e-24
4.40197e-23
6.94412e-22
1.03155e-20
1.46561e-19
1.92111e-18
2.35721e-17
2.61617e-16
2.62634e-15
2.34111e-14
1.90112e-13
1.36007e-12
8.80073e-12
5.06484e-11
2.67302e-10
1.25793e-09
5.44842e-09
2.24863e-08
9.13312e-08
3.39882e-07
1.21381e-06
3.94e-06
1.09455e-05
2.51938e-05
4.92058e-05
8.30846e-05
0.000140013
0.000304601
0.000902074
0.00296454
0.00965633
0.025709
0.0414807
0.0416431
0.0335422
0.0249022
0.0232361
0.0238746
0.024515
0.0242551
0.0233202
0.020493
0.013945
0.00558979
0.00122496
0.000301106
0.000115196
7.25182e-05
5.46172e-05
3.76658e-05
1.98073e-05
9.07152e-06
7.94852e-06
9.63099e-06
1.72962e-05
4.15573e-05
0.000112014
0.000293449
0.000662582
0.00128041
0.00240538
0.00487253
0.00976331
0.0162083
0.0205986
0.0232792
0.0282908
0.0409022
0.0621743
0.0737177
0.069102
0.0435813
0.0135359
0.00616396
0.00315979
0.00184346
0.0015277
0.00127525
0.000864356
0.000490964
0.000294503
0.000198603
0.00016043
0.000129129
8.3135e-05
4.99182e-05
4.8556e-05
5.84265e-05
0.000100934
0.00020943
0.000436926
0.000900375
0.0018713
0.00370427
0.00650025
0.00955201
0.0107917
0.013658
2.28836e-28
4.83476e-27
8.8349e-26
1.55592e-24
2.66384e-23
4.28983e-22
6.56775e-21
9.25356e-20
1.20615e-18
1.40383e-17
1.48125e-16
1.39183e-15
1.19335e-14
9.00861e-14
6.12817e-13
3.71289e-12
2.05723e-11
1.02162e-10
4.70813e-10
2.04034e-09
8.62829e-09
3.34211e-08
1.23012e-07
4.12166e-07
1.20975e-06
3.04705e-06
7.16416e-06
1.65479e-05
3.96789e-05
0.000139428
0.00049663
0.00173647
0.0057842
0.0170736
0.0333982
0.0363722
0.0320748
0.0252912
0.0234986
0.0236848
0.0239387
0.0238531
0.0230622
0.0203418
0.0128092
0.00431761
0.000848778
0.00018179
5.23426e-05
2.48544e-05
1.71302e-05
1.18672e-05
6.48256e-06
3.04869e-06
2.89992e-06
4.50113e-06
1.0547e-05
3.06959e-05
9.55375e-05
0.000299173
0.000884634
0.0020262
0.00361119
0.00638077
0.0113057
0.0159621
0.017812
0.0190672
0.022793
0.0343494
0.0569139
0.0646032
0.0519397
0.0240635
0.0104349
0.00581223
0.00317506
0.0034249
0.00517163
0.00505726
0.00288782
0.00103033
0.000337363
0.000149083
7.85024e-05
4.71839e-05
2.69244e-05
2.01422e-05
2.20438e-05
3.16617e-05
6.22734e-05
0.000142638
0.000316374
0.000688573
0.0016062
0.00379559
0.00773227
0.0129533
0.0158486
0.0190439
5.78854e-30
1.30427e-28
2.5726e-27
4.85329e-26
8.91533e-25
1.5324e-23
2.47907e-22
3.62347e-21
4.93355e-20
5.9609e-19
6.61969e-18
6.44714e-17
5.76254e-16
4.44961e-15
3.12447e-14
1.93463e-13
1.10274e-12
5.60824e-12
2.7058e-11
1.21287e-10
5.50701e-10
2.23831e-09
8.84657e-09
3.33522e-08
1.09001e-07
3.11796e-07
9.61175e-07
3.23879e-06
1.1098e-05
4.41305e-05
0.000167109
0.000602856
0.00207175
0.00687531
0.0182158
0.0299659
0.0302069
0.0278155
0.0252377
0.0245034
0.0243603
0.0239833
0.0229152
0.0190018
0.00960792
0.00239486
0.000449278
9.18861e-05
2.23379e-05
8.07579e-06
4.93442e-06
3.39483e-06
1.92233e-06
9.86733e-07
1.10902e-06
2.71273e-06
8.57464e-06
2.91485e-05
9.89192e-05
0.000327772
0.00105427
0.00300207
0.00639698
0.0108443
0.0145055
0.0149052
0.0135387
0.0124857
0.013511
0.0197053
0.0391369
0.0546755
0.0462858
0.0232174
0.0112289
0.00607272
0.00594882
0.00972183
0.0159621
0.0164011
0.0103849
0.00316177
0.000684827
0.000167033
5.09428e-05
1.85238e-05
1.04915e-05
1.06097e-05
1.37281e-05
2.42009e-05
5.45681e-05
0.000133642
0.000302781
0.000644965
0.0015436
0.00428755
0.0110482
0.0197816
0.021923
0.0213591
1.32721e-31
3.19636e-30
6.80728e-29
1.38975e-27
2.72664e-26
4.98165e-25
8.45845e-24
1.29185e-22
1.8307e-21
2.29528e-20
2.61917e-19
2.60066e-18
2.35133e-17
1.82648e-16
1.29628e-15
8.19354e-15
4.75614e-14
2.48343e-13
1.22869e-12
5.77525e-12
2.73718e-11
1.15902e-10
5.16476e-10
2.17978e-09
7.76925e-09
2.71646e-08
1.08326e-07
4.85201e-07
2.39186e-06
1.03099e-05
4.10107e-05
0.000153494
0.000543874
0.0018562
0.00567279
0.014286
0.023551
0.0252328
0.0246993
0.0241401
0.0233568
0.0217328
0.0185196
0.011451
0.00407701
0.000853673
0.000159311
3.27719e-05
7.49272e-06
2.26564e-06
1.20367e-06
7.98387e-07
4.67109e-07
2.76005e-07
4.41361e-07
1.54877e-06
5.71727e-06
2.11242e-05
7.64576e-05
0.000268563
0.000906723
0.00292764
0.00737824
0.0127784
0.0143466
0.0134195
0.00953872
0.0057536
0.00556895
0.00764961
0.0176684
0.039673
0.0419947
0.0295303
0.0160121
0.00969503
0.0118023
0.0190045
0.028796
0.0300327
0.0223444
0.00761943
0.00141844
0.000274687
5.28667e-05
1.07107e-05
6.78231e-06
7.84516e-06
1.19907e-05
2.56851e-05
6.70928e-05
0.000193449
0.000481575
0.000934613
0.00199916
0.00533823
0.0146654
0.0229479
0.0227016
0.0197104
2.81766e-33
7.22903e-32
1.63104e-30
3.48119e-29
7.09564e-28
1.32691e-26
2.32451e-25
3.61944e-24
5.28201e-23
6.67274e-22
7.80161e-21
7.71823e-20
7.10035e-19
5.48513e-18
3.99681e-17
2.543e-16
1.51885e-15
7.80003e-15
4.01423e-14
1.92383e-13
9.35228e-13
4.35352e-12
2.31173e-11
1.01662e-10
4.31622e-10
1.87625e-09
8.99157e-09
4.83441e-08
2.82815e-07
1.43655e-06
6.91311e-06
2.9073e-05
0.000110739
0.000388451
0.00118808
0.00306212
0.00628878
0.0116985
0.0161868
0.0160525
0.0146147
0.0106574
0.00505856
0.00178977
0.000750149
0.000245949
4.80483e-05
9.24305e-06
1.96204e-06
4.69634e-07
1.66028e-07
8.97092e-08
5.83803e-08
5.26961e-08
1.32629e-07
5.97143e-07
2.58569e-06
1.05182e-05
4.15908e-05
0.000159749
0.000583735
0.00200403
0.0060213
0.0109925
0.0117493
0.0101279
0.00589904
0.00239345
0.00200156
0.00267898
0.00635041
0.0183651
0.0347153
0.034583
0.0294618
0.0223692
0.0241331
0.0301564
0.03821
0.0381431
0.029827
0.0116175
0.00236849
0.000452425
7.51848e-05
1.08156e-05
6.49211e-06
9.69754e-06
2.15828e-05
6.27182e-05
0.000164164
0.000421365
0.00109599
0.00192333
0.00294459
0.00585325
0.0140453
0.0216828
0.0215913
0.0186806
5.2984e-35
1.41885e-33
3.33983e-32
7.42485e-31
1.55237e-29
2.98706e-28
5.31757e-27
8.48973e-26
1.25568e-24
1.61615e-23
1.88486e-22
1.88598e-21
1.72789e-20
1.36354e-19
9.86098e-19
6.34615e-18
3.64732e-17
1.90085e-16
9.87632e-16
4.97479e-15
2.56805e-14
1.41107e-13
8.04675e-13
3.8599e-12
2.03499e-11
1.02631e-10
5.5223e-10
3.46322e-09
2.22386e-08
1.22538e-07
6.52301e-07
2.84036e-06
1.11641e-05
4.19015e-05
0.000127134
0.000298833
0.000681493
0.00173974
0.00281898
0.00236362
0.00154253
0.000851509
0.000427734
0.0002024
8.05992e-05
3.12677e-05
1.0802e-05
2.30741e-06
4.05225e-07
8.23381e-08
2.09755e-08
7.63253e-09
4.04694e-09
3.77971e-09
1.43852e-08
9.68411e-08
5.56064e-07
2.40125e-06
1.00265e-05
4.25937e-05
0.000174939
0.000689998
0.00262783
0.00463189
0.00439689
0.0031343
0.00150921
0.000668257
0.000638129
0.00091439
0.00213351
0.00622404
0.0172366
0.0279184
0.0318922
0.0333567
0.0368135
0.0422188
0.0434905
0.040996
0.0311794
0.0124306
0.00300517
0.000653592
0.000103216
1.28358e-05
8.96423e-06
2.11184e-05
6.38923e-05
0.000213653
0.000532705
0.00104977
0.00238678
0.00368433
0.00446398
0.00652016
0.0125571
0.0174326
0.0169018
0.0146871
8.6119e-37
2.37191e-35
5.78736e-34
1.30987e-32
2.81988e-31
5.45609e-30
1.008e-28
1.59124e-27
2.4551e-26
3.03784e-25
3.69365e-24
3.53065e-23
3.37321e-22
2.52597e-21
1.8726e-20
1.1246e-19
6.67115e-19
3.47546e-18
1.94439e-17
1.01876e-16
5.88625e-16
3.45102e-15
2.14488e-14
1.17707e-13
7.51724e-13
4.00304e-12
2.64037e-11
1.78829e-10
1.26679e-09
7.09734e-09
4.06651e-08
1.75211e-07
7.18548e-07
2.81216e-06
7.94736e-06
1.74454e-05
4.57263e-05
0.000115602
0.000148719
0.00010571
6.04916e-05
3.06178e-05
1.43699e-05
6.31899e-06
2.60101e-06
1.0091e-06
3.70019e-07
1.26923e-07
4.36502e-08
1.23538e-08
2.9425e-09
7.25212e-10
2.42756e-10
1.7091e-10
7.01489e-10
5.32616e-09
3.76594e-08
2.32512e-07
1.31232e-06
6.50925e-06
2.75173e-05
0.000104191
0.000283307
0.000394138
0.000320163
0.000208957
0.000136939
0.000109758
0.000139179
0.000242876
0.000594731
0.00168799
0.00454646
0.00944402
0.0168136
0.0246466
0.0324425
0.0355779
0.0344583
0.0291706
0.0170342
0.00697176
0.0027614
0.000814385
0.000121376
1.37706e-05
1.13443e-05
4.56902e-05
0.000213758
0.000818049
0.0021776
0.00317787
0.0049781
0.00575122
0.00595755
0.00694171
0.00915561
0.0109973
0.0115561
0.0119873
1.17714e-38
3.3381e-37
8.30072e-36
1.97839e-34
4.29286e-33
8.79245e-32
1.61306e-30
2.66367e-29
3.98417e-28
5.07573e-27
5.94374e-26
5.81708e-25
5.22105e-24
3.94341e-23
2.75444e-22
1.74044e-21
1.0302e-20
6.04589e-20
3.46094e-19
1.94926e-18
1.15279e-17
7.16692e-17
4.85707e-16
2.99452e-15
1.95463e-14
1.22464e-13
9.05017e-13
6.83589e-12
5.10701e-11
2.88477e-10
1.7181e-09
7.24309e-09
3.02926e-08
1.20446e-07
3.06328e-07
6.57561e-07
1.89441e-06
4.10492e-06
4.47493e-06
2.84407e-06
1.46371e-06
6.68882e-07
2.85967e-07
1.15228e-07
4.44766e-08
1.64606e-08
5.83169e-09
1.98756e-09
6.55865e-10
2.08965e-10
6.46588e-11
1.98922e-11
6.5394e-12
4.27151e-12
1.98661e-11
1.57229e-10
1.14547e-09
7.48525e-09
4.53366e-08
2.41794e-07
1.06121e-06
4.03996e-06
9.80625e-06
1.21861e-05
1.0043e-05
7.47815e-06
6.80195e-06
1.0681e-05
2.37465e-05
5.50927e-05
0.000144978
0.000401015
0.00102254
0.0022816
0.00527248
0.0133151
0.0180867
0.0172616
0.0143707
0.00984979
0.00569989
0.00354384
0.00221123
0.000847941
0.000114711
1.36267e-05
1.88619e-05
7.22072e-05
0.00058105
0.00299126
0.00779634
0.00769446
0.00765258
0.00762215
0.00783297
0.00987865
0.0135437
0.0160413
0.0145592
0.012899
1.41269e-40
4.09724e-39
1.07259e-37
2.56129e-36
5.83347e-35
1.13121e-33
2.22003e-32
3.10937e-31
5.07525e-30
5.63301e-29
7.34055e-28
6.17416e-27
6.20751e-26
4.0556e-25
3.24286e-24
1.86694e-23
1.31361e-22
7.48017e-22
5.06934e-21
2.69733e-20
1.84592e-19
1.08609e-18
8.57099e-18
4.82026e-17
3.42282e-16
2.25305e-15
1.88972e-14
1.45971e-13
1.38861e-12
7.06304e-12
4.5479e-11
1.87143e-10
7.9111e-10
3.01387e-09
7.40304e-09
1.6131e-08
4.81599e-08
8.44194e-08
8.08954e-08
5.01995e-08
2.52622e-08
1.09641e-08
4.4243e-09
1.69297e-09
6.23537e-10
2.219e-10
7.665e-11
2.56689e-11
8.34724e-12
2.65201e-12
8.31798e-13
2.62027e-13
8.84974e-14
6.6009e-14
3.39e-13
2.69364e-12
1.9582e-11
1.28614e-10
7.8682e-10
4.18522e-09
1.78754e-08
6.72226e-08
1.58178e-07
1.93922e-07
1.76662e-07
1.84817e-07
3.38006e-07
9.91968e-07
3.21883e-06
1.01671e-05
3.05753e-05
8.48702e-05
0.000227316
0.000575176
0.00142582
0.00287003
0.00270887
0.00242134
0.00231923
0.00234507
0.00229954
0.00203306
0.00132911
0.000376229
3.04306e-05
2.00231e-05
6.6e-05
0.000130944
0.00105584
0.00753539
0.0128023
0.0135502
0.0130223
0.0131087
0.0122884
0.0135388
0.0214416
0.0296248
0.0205185
0.0147255
1.34496e-42
4.1826e-41
1.04546e-39
2.94098e-38
5.66688e-37
1.28341e-35
2.11046e-34
3.22018e-33
4.51247e-32
5.51326e-31
6.2844e-30
5.84668e-29
5.33071e-28
4.11361e-27
3.1172e-26
2.21889e-25
1.59185e-24
1.03883e-23
6.47321e-23
3.73077e-22
2.21103e-21
1.40395e-20
9.74939e-20
6.07879e-19
4.24119e-18
2.97689e-17
2.6264e-16
2.00408e-15
2.19267e-14
1.12778e-13
6.94614e-13
3.03059e-12
1.23053e-11
4.53284e-11
1.09125e-10
2.42691e-10
6.81663e-10
1.0065e-09
9.21897e-10
5.5869e-10
2.77231e-10
1.17541e-10
4.59871e-11
1.70181e-11
6.06304e-12
2.09065e-12
7.00667e-13
2.29154e-13
7.33924e-14
2.31564e-14
7.27778e-15
2.32142e-15
8.16581e-16
7.28506e-16
4.03483e-15
3.1384e-14
2.22595e-13
1.41737e-12
8.22675e-12
4.0613e-11
1.61622e-10
5.88761e-10
1.65531e-09
4.8074e-09
1.58928e-08
4.87812e-08
1.67404e-07
5.75795e-07
1.92735e-06
6.26328e-06
1.97792e-05
5.8264e-05
0.000150018
0.000325938
0.000581908
0.00089501
0.00136106
0.00210308
0.00230551
0.00210348
0.00171776
0.000936624
0.000274034
4.62491e-05
6.90946e-06
6.90828e-05
0.000239983
0.000276299
0.000259595
0.00176265
0.0036243
0.00799154
0.0112531
0.0105412
0.00653457
0.0109797
0.0226118
0.0353139
0.0293509
0.0213387
1.45958e-44
3.94481e-43
1.32614e-41
2.16742e-40
6.15476e-39
8.02448e-38
2.10516e-36
1.86184e-35
4.26702e-34
2.9194e-33
5.76414e-32
3.04441e-31
4.92418e-30
2.24399e-29
3.09435e-28
1.33049e-27
1.72257e-26
5.96683e-26
6.45401e-25
1.92994e-24
1.85509e-23
6.68518e-23
7.51745e-22
3.05227e-21
3.50533e-20
1.64822e-19
2.27536e-18
1.13949e-17
1.67317e-16
7.24208e-16
5.9667e-15
2.09781e-14
1.04068e-13
3.30606e-13
8.70959e-13
1.87158e-12
4.58081e-12
6.31209e-12
5.32942e-12
3.32327e-12
1.67819e-12
7.65581e-13
3.20469e-13
1.27959e-13
4.85439e-14
1.77018e-14
6.24401e-15
2.13879e-15
7.15542e-16
2.35016e-16
7.64113e-17
2.49118e-17
8.67188e-18
6.5429e-18
3.17479e-17
2.3879e-16
1.6511e-15
1.01478e-14
5.51182e-14
2.52713e-13
1.04386e-12
6.20886e-12
6.52257e-11
6.91962e-10
5.18252e-09
2.2878e-08
8.91357e-08
3.27251e-07
1.15825e-06
4.00307e-06
1.36085e-05
4.54686e-05
0.000148066
0.000465901
0.00111366
0.00180053
0.00197398
0.00190013
0.00146435
0.000658474
0.000185998
8.42187e-05
3.63628e-05
6.39649e-06
8.26405e-06
0.000180629
0.000449078
0.000608129
0.000799949
0.00108346
0.00135447
0.0029391
0.00983378
0.0220428
0.0289865
0.0321536
0.0329349
0.030731
0.0253085
0.0200206
)
;

boundaryField
{
    AXIS
    {
        type            empty;
    }
    OUTLET
    {
        type            inletOutlet;
        inletValue      uniform 0;
        value           nonuniform List<scalar> 
50
(
0.998202
0.99387
0.980847
0.961242
0.935771
0.910248
0.887452
0.868765
0.857286
0.855114
0.859035
0.861982
0.857481
0.84439
0.81709
0.772366
0.721467
0.687385
0.673464
0.648299
0.598164
0.523155
0.440046
0.360004
0.285673
0.21876
0.160126
0.110692
0.0753661
0.0521342
0.0346425
0.0230032
0.0144345
0.0114275
0.00959389
0.00904239
0.00909732
0.00995201
0.011274
0.013658
0.0190439
0.0213591
0.0197104
0.0186806
0.0146871
0.0119873
0.012899
0
0.0213387
0
)
;
    }
    COFLOW
    {
        type            fixedValue;
        value           uniform 0;
    }
    PILOT
    {
        type            fixedValue;
        value           uniform 0.271;
    }
    FUEL
    {
        type            fixedValue;
        value           uniform 1;
    }
    WALL
    {
        type            zeroGradient;
    }
    front
    {
        type            wedge;
    }
    back
    {
        type            wedge;
    }
}


// ************************************************************************* //
