/*--------------------------------*- C++ -*----------------------------------*\
| =========                 |                                                 |
| \\      /  F ield         | OpenFOAM: The Open Source CFD Toolbox           |
|  \\    /   O peration     | Version:  2.3.0                                 |
|   \\  /    A nd           | Web:      www.OpenFOAM.org                      |
|    \\/     M anipulation  |                                                 |
\*---------------------------------------------------------------------------*/
FoamFile
{
    version     2.0;
    format      ascii;
    class       volScalarField;
    location    "0.05";
    object      Zeta;
}
// * * * * * * * * * * * * * * * * * * * * * * * * * * * * * * * * * * * * * //

dimensions      [0 0 0 0 0 0 0];

internalField   nonuniform List<scalar> 
5000
(
7.04644e-05
0.000191183
0.000440329
0.00092009
0.00174757
0.00300733
0.00472546
0.0069422
0.00997995
0.0145152
0.0209145
0.0291378
0.0377093
0.0450606
0.0501996
0.053572
0.0570199
0.0622894
0.0697514
0.0784546
0.0906535
0.111844
0.147372
0.203005
0.284511
0.397446
0.552926
0.776392
1.12828
1.76634
2.95869
5.08192
8.71138
14.641
23.9564
38.3766
60.9278
98.7645
166.454
282.384
482.071
0.0258902
0.0281886
0.0272274
0.0265305
0.0280052
0.0275095
0.0267623
0.0280187
0.027483
0.0278399
0.026123
0.0256909
0.0289593
0.0229576
572.456
448.835
350.987
277.199
227.913
207.198
222.323
276.733
370.74
513.838
0.0226213
0.0305084
0.0281087
0.0280118
0.0310273
0.0279592
0.027731
0.0264248
0.0258955
0.0257644
0.0257677
0.0256241
0.02548
0.0253129
0.0251395
0.0249624
0.0247732
0.0245722
0.0243552
0.0241267
0.0239051
0.0237372
0.0236787
0.0237637
0.0240323
0.0244931
0.0252732
0.0270571
0.0272876
0.023523
0.0135806
0.00543249
0.00306617
0.00325381
0.00347277
0.00056901
0.00120485
0.00252609
0.00528697
0.0104186
0.0188191
0.0308788
0.0455728
0.0609994
0.0814335
0.111078
0.152292
0.198945
0.240815
0.271711
0.293649
0.319327
0.358611
0.406883
0.441969
0.468522
0.532385
0.663715
0.893566
1.2525
1.76343
2.43596
3.32703
4.5448
6.63479
10.6721
17.8243
29.8771
49.1193
77.1883
115.648
170.282
270.993
460.719
0.0244522
0.0237643
0.0271824
0.0265786
0.0268101
0.0266171
0.0267334
0.0267549
0.0268033
0.0268259
0.0269933
0.0270311
0.0274045
0.0274814
0.0270873
0.027748
0.0286291
0.0313576
0.0340771
0.0262277
0.0207255
554.229
552.854
0.0212917
0.0292157
0.0295992
0.0305966
0.0298954
0.0308858
0.0310279
0.0311166
0.0308271
0.029916
0.0284022
0.0271127
0.0260468
0.0253722
0.0252403
0.0251045
0.0249223
0.0247325
0.0245506
0.024371
0.024186
0.0239973
0.0238098
0.0236374
0.0235128
0.0234924
0.0236458
0.0240203
0.0246388
0.0256335
0.0276272
0.02856
0.0254514
0.0144127
0.00590244
0.00336885
0.00358173
0.00389453
0.00639998
0.0116332
0.0194121
0.0349603
0.0673169
0.1271
0.226857
0.364257
0.504777
0.633247
0.795815
1.01131
1.24325
1.44972
1.63345
1.84585
2.18334
2.66751
3.18094
3.37864
3.20041
3.26741
3.76098
4.87735
6.78707
9.54446
13.2748
17.7635
22.7757
30.7806
47.2738
76.7179
125.481
200.669
299.875
406.899
506.265
0.0212941
0.0314592
0.0277979
0.0245689
0.0248278
0.0247214
0.0247446
0.0249292
0.0255976
0.0262186
0.0262958
0.0263013
0.0262969
0.0263331
0.0264416
0.0266627
0.0270144
0.0273828
0.0278212
0.0284433
0.0287932
0.0291884
0.0303245
0.0314017
0.0285295
0.0289265
0.0301836
0.0299264
0.0301173
0.0302554
0.0308665
0.0313321
0.0317713
0.031797
0.0317112
0.0310495
0.0293001
0.0271989
0.0251692
0.0247721
0.0246456
0.024477
0.0242898
0.0241141
0.023949
0.0237908
0.0236414
0.0235085
0.0234026
0.0233494
0.0234012
0.0236367
0.0241349
0.0249847
0.0263724
0.0284839
0.0292028
0.0268232
0.0151496
0.00624719
0.00394181
0.00431989
0.00479264
0.0726306
0.138024
0.190195
0.247476
0.382852
0.681265
1.25019
2.20313
3.49024
4.97104
6.33709
7.57697
8.54311
9.24716
9.95581
11.3034
14.1062
18.3416
22.9065
24.6277
22.1731
20.8936
22.2064
27.464
37.9003
53.779
75.0893
97.4566
115.039
140.523
203.742
323.229
523.836
0.0262897
0.027188
0.0281654
0.0299198
0.0270864
0.0272064
0.0257856
0.0250009
0.0244485
0.0243916
0.0243507
0.0239806
0.023492
0.0232759
0.0238874
0.0244991
0.02522
0.0249739
0.0249576
0.025765
0.0270106
0.0279736
0.0286207
0.0289276
0.0297706
0.030795
0.0310972
0.0301504
0.0296022
0.0295044
0.0298431
0.0297739
0.0296373
0.0293438
0.0288014
0.0291441
0.0303992
0.0313826
0.0318782
0.0317682
0.0317107
0.0285907
0.0259217
0.024476
0.0241988
0.0240751
0.0239289
0.0237784
0.0236384
0.0235106
0.0234001
0.0233157
0.0232676
0.0232798
0.0234046
0.0237346
0.0243916
0.025554
0.0274487
0.0294261
0.0298765
0.0273248
0.015495
0.00645035
0.00471408
0.00532521
0.00596069
0.677873
1.537
2.32244
2.44208
2.76111
3.7421
5.98383
10.3518
17.5772
28.3297
41.1129
53.0012
60.6552
62.9929
63.9778
69.8633
87.9006
117.65
150.762
165.795
147.195
130.918
128.431
148.977
201.122
286.2
398.008
508.02
569.394
0.0196228
0.0255777
0.0273543
0.0310631
0.0298036
0.030595
0.0305746
0.0303324
0.0300824
0.0284493
0.0266909
0.0254473
0.0238512
0.0236656
0.0233269
0.0228694
0.0224272
0.0220689
0.0219732
0.0229125
0.0239924
0.0251374
0.026974
0.0278926
0.0279531
0.0284031
0.0293785
0.0308592
0.0313127
0.0307374
0.0302198
0.0300042
0.0297305
0.0300119
0.0299204
0.0297921
0.0295265
0.0291646
0.0284199
0.0274509
0.0269814
0.0290429
0.0301153
0.0314021
0.0320551
0.0300382
0.0269123
0.0245773
0.023866
0.0237392
0.0236445
0.0235299
0.0234143
0.023313
0.0232366
0.0231958
0.0232005
0.0232731
0.023471
0.0239079
0.0247688
0.0263322
0.0287678
0.0302857
0.0303212
0.0271803
0.0154605
0.00671421
0.00584204
0.00670041
0.00745813
6.29415
14.5053
22.8163
25.0798
25.7634
30.4888
40.7173
61.3695
97.8176
154.464
229.108
303.583
352.05
365.862
372.277
411.481
0.0164961
0.0226446
0.0297297
0.0236191
0.0296904
0.0252226
0.0229357
0.0243741
0.0221975
0.0255103
0.0273051
0.027444
0.0271698
0.0272779
0.0280637
0.029488
0.0299317
0.0295601
0.0298861
0.0311646
0.0310966
0.0309364
0.0303425
0.0289549
0.0268352
0.0240911
0.0231574
0.0227473
0.0224259
0.0221306
0.0219151
0.0218153
0.0219092
0.0226331
0.0244852
0.0255534
0.0265778
0.0282196
0.030307
0.0319662
0.0311775
0.0305074
0.030486
0.0306912
0.0302344
0.0301879
0.0307051
0.0303274
0.0298349
0.0295012
0.0289974
0.0282687
0.027371
0.0263642
0.0264989
0.0292627
0.0304021
0.0321686
0.0325485
0.0269268
0.0250388
0.0237151
0.0234577
0.0234052
0.0233343
0.0232483
0.0231731
0.0231295
0.0231313
0.0231879
0.0233207
0.0235945
0.0241518
0.0252583
0.0273205
0.0301479
0.0308647
0.0309104
0.0261144
0.0153444
0.00724446
0.00726232
0.0081971
0.00893155
36.2375
84.1965
149.026
189.996
217.305
249.701
298.149
0.0124104
0.017827
0.0186149
0.0188836
0.0201249
0.0216947
0.0216628
0.0216227
0.022251
0.0237662
0.0254662
0.0266067
0.0276124
0.0274597
0.0269235
0.0265132
0.0262951
0.0263548
0.0265344
0.0271308
0.0274995
0.0277933
0.0279118
0.0282418
0.0287284
0.0290747
0.0291289
0.0285261
0.0288212
0.0306699
0.0311165
0.0310669
0.0308153
0.029423
0.0258623
0.0231749
0.0224999
0.0222302
0.0220398
0.0219194
0.0219124
0.0220745
0.0225446
0.0237316
0.0250913
0.0255992
0.0264345
0.0277871
0.0293947
0.0309879
0.0324444
0.0328482
0.0312965
0.0308534
0.0332548
0.0323396
0.0307234
0.0299458
0.0294912
0.0290534
0.028472
0.0277724
0.0269299
0.0260316
0.027701
0.0293937
0.0312653
0.0334248
0.0281686
0.0256629
0.0237432
0.0232284
0.023188
0.0231689
0.0231208
0.0230762
0.0230682
0.0231163
0.0232286
0.0234263
0.0237816
0.0244734
0.0258639
0.0284858
0.0310849
0.0313543
0.0313879
0.0248048
0.0156711
0.00871301
0.00899226
0.00976755
0.0103384
0.0100597
0.0111911
0.0124813
0.0139761
0.0148706
0.0150318
0.015861
0.0174474
0.0191967
0.0206692
0.0219224
0.0226455
0.0229745
0.0231033
0.0234229
0.0241481
0.0254387
0.0269637
0.0283952
0.0294514
0.0299289
0.0296794
0.0292287
0.0286853
0.0279118
0.0279585
0.0284564
0.0283735
0.0287372
0.0289929
0.0290227
0.029206
0.0294034
0.0294321
0.0279813
0.0264637
0.0276665
0.0296407
0.0305705
0.0313923
0.0321836
0.0268669
0.0241552
0.0224767
0.0220718
0.0219481
0.0219232
0.0220436
0.0223884
0.0230503
0.0241839
0.0252518
0.0256923
0.0264336
0.027479
0.0284989
0.0296975
0.0310564
0.0323025
0.0341927
0.0362313
0.0354935
0.032414
0.0306864
0.0300441
0.029507
0.0290844
0.0285756
0.0279739
0.0273117
0.0265262
0.0267052
0.0287599
0.0300335
0.0325865
0.0305653
0.0257067
0.0240942
0.0230974
0.0229792
0.0230147
0.0230185
0.0230146
0.0230503
0.0231526
0.0233296
0.0236009
0.0240452
0.0248817
0.0265951
0.0297878
0.0315174
0.0322192
0.0311987
0.0229802
0.0165513
0.0114999
0.0113221
0.0115649
0.0117939
0.0087886
0.0112632
0.0139888
0.0159631
0.0169322
0.0175329
0.0182712
0.0194099
0.0209963
0.0225684
0.0238449
0.0247163
0.0253052
0.0256104
0.0259811
0.0266504
0.0275951
0.0287433
0.0300499
0.0309888
0.0328219
0.0326997
0.0323206
0.0316797
0.0318196
0.0305743
0.029886
0.0290216
0.0294866
0.030913
0.0309636
0.0310315
0.0315282
0.0308255
0.0291364
0.0267735
0.0254674
0.0284043
0.0301001
0.0320272
0.0336251
0.0281205
0.0252346
0.0227104
0.0219604
0.0218409
0.0219253
0.0222203
0.0228147
0.0237673
0.0249847
0.0257878
0.0264281
0.0271231
0.0279829
0.0289462
0.0299445
0.0309158
0.0313742
0.0322239
0.0338644
0.035709
0.0343778
0.030738
0.0302126
0.0295834
0.0290855
0.0285578
0.027943
0.0273623
0.0269585
0.0271189
0.0282148
0.0287496
0.031581
0.0334801
0.0263261
0.024573
0.0231096
0.022794
0.0228634
0.0229331
0.0229851
0.0230779
0.023248
0.0235043
0.0238619
0.0244028
0.0253917
0.0275544
0.0306869
0.031615
0.0332336
0.0292248
0.0208942
0.017946
0.0142186
0.013385
0.0132248
0.0132128
0.00873034
0.0122856
0.0153991
0.0179974
0.0198157
0.0212095
0.022146
0.0230412
0.0243497
0.0259744
0.0267324
0.027285
0.0282221
0.0296652
0.0300546
0.0312605
0.0327222
0.0327175
0.0320975
0.0308355
0.0314426
0.0339349
0.0350642
0.0359626
0.0349604
0.0313238
0.0306153
0.0299051
0.0296217
0.0307343
0.0335287
0.0342221
0.0351992
0.033196
0.0306367
0.0280933
0.0257024
0.0252219
0.0291974
0.030952
0.0336316
0.0323989
0.0256863
0.0232926
0.021932
0.0217364
0.0219538
0.0224829
0.0233879
0.0246295
0.0258755
0.0266406
0.0272195
0.0279217
0.0287004
0.029471
0.0302208
0.0308073
0.0310108
0.0314469
0.0322656
0.0337355
0.0343784
0.030844
0.0303373
0.0296884
0.0290527
0.028429
0.0277935
0.0273624
0.0273758
0.0277777
0.0283217
0.0284796
0.0299843
0.0327185
0.0274365
0.0247523
0.0232211
0.0226723
0.0227365
0.0228684
0.0229896
0.0231583
0.0234166
0.023773
0.0242328
0.0248774
0.0260499
0.0288002
0.0307559
0.0316822
0.0316307
0.025549
0.0200797
0.0192194
0.0166579
0.0153544
0.0148857
0.0146241
0.0111509
0.0186513
0.022418
0.0261066
0.0290824
0.029581
0.0318632
0.0324499
0.0312226
0.0308791
0.0314254
0.0326341
0.0335049
0.0339522
0.0343534
0.036389
0.0378169
0.0365131
0.0349204
0.0313898
0.0292875
0.0296671
0.0300211
0.03166
0.0343834
0.0329803
0.031847
0.0305247
0.0298041
0.0301744
0.0320577
0.0326375
0.0338152
0.0341914
0.0306328
0.0287997
0.0264682
0.0253864
0.0271379
0.0281221
0.0309958
0.0335525
0.0262387
0.023979
0.0220941
0.0217028
0.0220582
0.0228737
0.0241213
0.0255856
0.0267297
0.0274063
0.0279676
0.0285657
0.0291971
0.0298075
0.0303417
0.0306417
0.0307891
0.0311304
0.0317185
0.0328747
0.0336813
0.0309601
0.0302901
0.0296973
0.0289433
0.0282187
0.0276237
0.0274772
0.0279246
0.0282943
0.0284732
0.0285018
0.0287376
0.0304592
0.0276993
0.0243433
0.0232908
0.0226396
0.022663
0.0228411
0.0230402
0.0233065
0.0236792
0.0241622
0.0247419
0.0255004
0.0269422
0.0299205
0.0306328
0.0310374
0.0272529
0.0220212
0.0204791
0.0173895
0.0174936
0.0169669
0.0165162
0.0160168
0.00761979
0.0132475
0.0167282
0.0186631
0.0199984
0.0222932
0.0251449
0.0268056
0.0271647
0.027486
0.0276179
0.0277532
0.0280331
0.0287363
0.030278
0.0318862
0.0325762
0.0316132
0.0298913
0.0277455
0.0267164
0.0270059
0.0277198
0.0293997
0.0330855
0.0329448
0.0318879
0.0302431
0.0293175
0.0296359
0.0305368
0.0307897
0.0321701
0.0329448
0.0303118
0.028563
0.0266527
0.0260691
0.0264895
0.0266968
0.0277995
0.0313526
0.0268671
0.0242181
0.0223064
0.0217878
0.0223025
0.0234378
0.024994
0.02648
0.0274306
0.0279921
0.0284634
0.0289509
0.0294522
0.02991
0.0302619
0.0304108
0.0305589
0.0308789
0.0314745
0.0325602
0.0330697
0.0309691
0.0300824
0.0295898
0.0287549
0.0280145
0.0275778
0.0276987
0.0283839
0.0288499
0.0289525
0.0287303
0.0285431
0.0285342
0.0265421
0.0239715
0.0232029
0.0226347
0.0226507
0.0228708
0.0231584
0.0235462
0.0240637
0.0247044
0.025423
0.0263131
0.0281245
0.0306696
0.0307165
0.0298519
0.0226428
0.0205858
0.0241539
0.019973
0.0196965
0.0190687
0.0181741
0.0172245
0.00382558
0.00764185
0.00993786
0.0113917
0.0133476
0.0162136
0.0193249
0.0216087
0.022897
0.0235412
0.0236048
0.0231134
0.023117
0.0239682
0.0256372
0.0270692
0.0273651
0.0270934
0.0261638
0.0248016
0.024752
0.0259554
0.0275794
0.0307021
0.033677
0.0322469
0.03112
0.0294603
0.0287189
0.0289521
0.0293181
0.029608
0.0309801
0.0308636
0.0293903
0.0279754
0.0265269
0.0262998
0.0264812
0.026642
0.0270919
0.0296256
0.0267957
0.0240455
0.0224543
0.0219911
0.0227214
0.024168
0.0258694
0.0271761
0.0278918
0.0283282
0.0287185
0.029123
0.029498
0.0298052
0.0300164
0.0301358
0.0302831
0.0305592
0.0311982
0.0321272
0.0323634
0.0308544
0.0298636
0.0293934
0.0285605
0.0280159
0.0279874
0.0282491
0.028515
0.0293992
0.0295549
0.0291552
0.028718
0.0280066
0.0256718
0.023669
0.0230772
0.0226364
0.0226995
0.0229815
0.023377
0.0239131
0.0246086
0.0254414
0.0263126
0.0273614
0.0295443
0.0313723
0.0310838
0.0284236
0.0205904
0.0200158
0.0288807
0.0244141
0.022004
0.0206542
0.019009
0.0177762
0.00173049
0.00367895
0.00515753
0.00665332
0.008867
0.01173
0.0146467
0.0170984
0.0186673
0.0189531
0.018689
0.0183687
0.0187651
0.0199331
0.0214314
0.0225421
0.0230347
0.0230351
0.0226411
0.0224734
0.0232116
0.0253101
0.0274554
0.0302618
0.0319771
0.0308658
0.0298807
0.0285666
0.0278826
0.0277189
0.0278219
0.0280575
0.0288495
0.0285585
0.0278474
0.0270021
0.0264685
0.0260002
0.0282157
0.0286357
0.0285967
0.0292059
0.0259175
0.023874
0.0224991
0.0223054
0.0233338
0.0250098
0.0266212
0.0276247
0.028133
0.0284821
0.0288111
0.029131
0.0294139
0.0296373
0.0298015
0.0299266
0.0300279
0.0302276
0.030739
0.031493
0.0315873
0.0305641
0.0296754
0.0292144
0.0285239
0.0283884
0.0285223
0.0284792
0.0289353
0.0296433
0.0297327
0.0294646
0.0289497
0.028035
0.0253324
0.0235053
0.0229841
0.022676
0.0228348
0.0232109
0.0237414
0.024456
0.025366
0.02642
0.027449
0.0286718
0.0310844
0.0321944
0.0316804
0.0269929
0.0199296
0.0200822
0.0291402
0.0273187
0.0232104
0.0207301
0.019068
0.0181945
0.000802209
0.00174669
0.00274125
0.00397166
0.00580037
0.00807331
0.0103351
0.0123048
0.01358
0.0140137
0.0141173
0.0144338
0.0153005
0.0165381
0.0178072
0.0187616
0.0193875
0.0197661
0.0200796
0.0207274
0.022041
0.0239728
0.0261189
0.0277712
0.028681
0.0285296
0.0279225
0.0270163
0.0265911
0.0263198
0.0262399
0.0264319
0.0268099
0.0267822
0.0267118
0.0264274
0.0260304
0.0262964
0.0291012
0.0307797
0.0306909
0.0292823
0.0250465
0.0236864
0.0225281
0.0227737
0.0241306
0.0258452
0.0271668
0.0278577
0.0282212
0.0285096
0.0287905
0.0290478
0.0292555
0.0294169
0.0295613
0.0297069
0.0298734
0.0300022
0.0302971
0.0307828
0.0308489
0.0302137
0.0295198
0.029125
0.0287615
0.0290158
0.0291051
0.0290088
0.0289936
0.0292127
0.0294445
0.0296487
0.0293276
0.0280717
0.0248113
0.023451
0.0229363
0.022814
0.0231167
0.0236195
0.024314
0.025239
0.0263975
0.0276898
0.0288558
0.0302504
0.0326508
0.0331691
0.0322009
0.0257906
0.0197874
0.0211741
0.0233875
0.0256401
0.022047
0.0205272
0.0196911
0.019193
0.000448
0.000964113
0.0017202
0.00276352
0.00413381
0.00569762
0.00726083
0.00868851
0.0096948
0.0104043
0.0110299
0.0118162
0.0128269
0.0139413
0.0150212
0.0159539
0.0167859
0.0175741
0.0184306
0.0194782
0.0208168
0.0223685
0.0238857
0.0252627
0.0259605
0.0261095
0.0259648
0.0257055
0.0251815
0.0247621
0.0247499
0.0249836
0.0254032
0.0257396
0.0259378
0.0259261
0.0257681
0.0267612
0.0283098
0.0296009
0.0298103
0.0273548
0.0245614
0.023271
0.0226806
0.0234716
0.0250331
0.0265534
0.0274937
0.0279199
0.0281958
0.0284594
0.0287011
0.0289058
0.029072
0.0292133
0.0293654
0.0295305
0.0297166
0.0299136
0.030065
0.0302755
0.0302829
0.029916
0.0295133
0.0293507
0.0293965
0.0298123
0.0298836
0.0299685
0.0290311
0.0284717
0.0289965
0.0296277
0.0293733
0.0276856
0.0242863
0.0234817
0.0229807
0.0231531
0.0236381
0.0242948
0.0251767
0.0263385
0.0277687
0.0292817
0.0305427
0.0320822
0.0341794
0.0342129
0.0326664
0.0248256
0.0199304
0.0231398
0.0211838
0.0232953
0.0225479
0.0219626
0.0212472
0.0207191
0.000529201
0.00113662
0.0020135
0.00305422
0.00418522
0.00532291
0.00642228
0.00745062
0.00834943
0.00915047
0.00992439
0.0107309
0.0116039
0.0125262
0.0134685
0.0144119
0.015375
0.0163593
0.0173732
0.0184217
0.0195829
0.0208463
0.0220994
0.0232232
0.0240698
0.0245692
0.0245648
0.0241466
0.0235524
0.0234016
0.0235442
0.0239416
0.0244598
0.024937
0.0253829
0.0259185
0.0259761
0.0267701
0.0273745
0.0265556
0.0260581
0.025242
0.0239911
0.0229821
0.0231835
0.0243988
0.0259058
0.0270473
0.0276092
0.027934
0.0281782
0.028398
0.0286003
0.0287788
0.0289315
0.0290962
0.0292842
0.0295005
0.0297392
0.029963
0.03013
0.0301704
0.0301369
0.0299446
0.0298567
0.0300008
0.0304263
0.0308296
0.0311165
0.0310043
0.0288105
0.0272985
0.0280553
0.0290321
0.0287121
0.0266214
0.0240464
0.0234211
0.0232619
0.0238237
0.0245255
0.0253493
0.0264277
0.0278373
0.0295253
0.0312064
0.0325025
0.0341199
0.0356949
0.0351937
0.0331458
0.0239951
0.0201472
0.0262161
0.0252931
0.0256048
0.0248753
0.0238964
0.0229266
0.0223655
0.000998301
0.00215522
0.00349761
0.00483116
0.0060608
0.00706675
0.00792253
0.00867252
0.0093467
0.00996108
0.0105394
0.0111004
0.0117123
0.0124125
0.0131856
0.0140186
0.0148969
0.015789
0.0166717
0.0175396
0.0184612
0.0194549
0.0204545
0.0214133
0.0222171
0.0227007
0.0226991
0.0223977
0.022198
0.0223424
0.0227303
0.0233092
0.0239346
0.0245334
0.0251317
0.0258578
0.0261705
0.0264013
0.0266526
0.0252834
0.024688
0.0241009
0.0234078
0.0232689
0.0240606
0.0253944
0.0266142
0.0272958
0.0276968
0.0279583
0.0281542
0.0283524
0.028544
0.0287211
0.0288961
0.0291127
0.0293713
0.029692
0.0300333
0.0303131
0.030512
0.0306083
0.0305144
0.0305085
0.0306661
0.0311343
0.0317355
0.0322146
0.032693
0.0325097
0.0289778
0.0259554
0.026153
0.0271461
0.0266711
0.0249305
0.0239976
0.0234513
0.023948
0.0249966
0.0259228
0.0269073
0.0281683
0.0297954
0.0316868
0.0334449
0.0347001
0.0362666
0.037187
0.0361806
0.0333921
0.0233335
0.020472
0.0283873
0.028105
0.0276141
0.0263667
0.0251535
0.0243306
0.0240355
0.00201083
0.00424505
0.00639468
0.00805598
0.00933046
0.0101988
0.010827
0.0112972
0.0116677
0.0119714
0.0122498
0.0125432
0.0129135
0.0133744
0.0139136
0.0145083
0.0151305
0.0157552
0.0163691
0.0169754
0.017627
0.0183479
0.0190952
0.0198398
0.0204813
0.0208962
0.0210087
0.0210791
0.0212979
0.0217289
0.0223755
0.023107
0.0238206
0.0244648
0.0250784
0.0257033
0.0262099
0.0259979
0.0259339
0.0245923
0.0238004
0.023681
0.0235971
0.0240496
0.02511
0.0262913
0.0270089
0.0275162
0.0278113
0.0279853
0.02817
0.0283763
0.0285814
0.0287764
0.0290152
0.0293051
0.02968
0.0301511
0.0305933
0.030988
0.0313116
0.0314917
0.0314959
0.0316052
0.0319742
0.0326601
0.0333446
0.0338418
0.0341917
0.0334509
0.0292688
0.0253192
0.0249828
0.0250631
0.0247321
0.0241954
0.0236265
0.0238513
0.0252186
0.0268169
0.0279665
0.0290832
0.030469
0.0322409
0.0342311
0.0359351
0.0370625
0.0383769
0.0386216
0.0371706
0.03316
0.0229826
0.0210017
0.0278422
0.0289185
0.0280086
0.0268594
0.0261505
0.0258971
0.0260064
0.00370808
0.00829642
0.0114061
0.0128097
0.0137116
0.0141516
0.0143833
0.0144883
0.0145167
0.0145067
0.0145313
0.0146214
0.0148061
0.0150569
0.0153474
0.0156561
0.0159711
0.016284
0.0165941
0.0169158
0.0172819
0.0177163
0.0182052
0.0187345
0.0192422
0.0196794
0.0200193
0.0204133
0.0209395
0.0216284
0.0224467
0.0232695
0.0239963
0.0245998
0.0251488
0.0256722
0.0261003
0.0260497
0.0255078
0.0246288
0.0241661
0.0241707
0.0244055
0.0251451
0.0261496
0.0268491
0.0274402
0.0277584
0.0279119
0.0280755
0.0282822
0.0285082
0.0287433
0.0290005
0.029313
0.0297092
0.0302436
0.0308467
0.0314461
0.0320165
0.0325035
0.0328141
0.0329273
0.0331519
0.0336573
0.0344369
0.0350873
0.0354663
0.035533
0.0343115
0.0302587
0.0250506
0.0242568
0.024324
0.0242322
0.0237088
0.0237402
0.024898
0.027209
0.0294166
0.0307589
0.0319371
0.0333542
0.0351456
0.0370705
0.0385613
0.0394577
0.0402856
0.0399993
0.0379768
0.0322325
0.0231782
0.0220805
0.0249916
0.0286384
0.0281596
0.0279133
0.0279795
0.0281546
0.0284392
0.00820378
0.0139817
0.0168855
0.018017
0.0184951
0.018406
0.0181734
0.0178752
0.017593
0.0173688
0.0172308
0.017203
0.0172635
0.017319
0.0173757
0.0173982
0.0174282
0.0174525
0.0174748
0.0175212
0.0176101
0.0177754
0.0180331
0.0183891
0.0188235
0.019315
0.0198423
0.0204501
0.0211755
0.0220178
0.0229066
0.0237202
0.0243673
0.0248738
0.0253563
0.025853
0.0262545
0.0263108
0.025628
0.0251502
0.0250875
0.0252803
0.0257662
0.0264054
0.0269716
0.0276087
0.0278953
0.0279865
0.0281073
0.0283124
0.028537
0.0288071
0.0291001
0.0294382
0.0298369
0.0303778
0.0310584
0.0318554
0.0326413
0.0333944
0.0340484
0.0344966
0.0347173
0.0350356
0.035605
0.0363666
0.0368763
0.0370533
0.0367654
0.0352166
0.031872
0.0268622
0.024481
0.0239048
0.023775
0.0238125
0.0247354
0.0268
0.0301368
0.0329715
0.0344257
0.0355611
0.0368663
0.0384887
0.0401271
0.041238
0.0417797
0.0420406
0.0411752
0.0384386
0.0309298
0.0241713
0.0251195
0.0233543
0.0300529
0.0306814
0.0308861
0.0310746
0.0311298
0.0312378
0.0104646
0.0138018
0.0163514
0.0176667
0.0185753
0.0195422
0.0199401
0.0200976
0.0201721
0.0201996
0.0201933
0.0201491
0.0200683
0.0199582
0.0198183
0.0196454
0.0194479
0.0192368
0.0190184
0.0188249
0.0186742
0.0186265
0.0187178
0.0189738
0.0193901
0.0199376
0.0205706
0.0212759
0.0220557
0.0228894
0.0237032
0.0243773
0.0248658
0.0252612
0.0257071
0.0262457
0.0267561
0.0269046
0.0265008
0.0260454
0.0263351
0.0267116
0.027138
0.0276435
0.0282033
0.0283321
0.0282876
0.028325
0.0284945
0.0287505
0.0290042
0.0293521
0.0297264
0.0301373
0.0306521
0.0313446
0.0322283
0.0332323
0.0341941
0.0351144
0.0359129
0.0364701
0.0367734
0.0371581
0.0377297
0.0384012
0.0387206
0.0386734
0.0380298
0.0362586
0.0335754
0.0296626
0.0266597
0.0250346
0.0247315
0.0251136
0.0268185
0.0298222
0.0342206
0.0376101
0.0389896
0.039909
0.0408975
0.042104
0.0432168
0.0438096
0.043891
0.0437259
0.0422706
0.0384436
0.0295455
0.0261808
0.0305274
0.0294636
0.0350034
0.0352006
0.0349688
0.0346311
0.0342256
0.0340187
0.0104839
0.01272
0.0147859
0.0161076
0.0171383
0.0184284
0.019226
0.019863
0.0204744
0.0211365
0.0215724
0.0218598
0.0219829
0.0219784
0.0218818
0.0217147
0.0214825
0.0211867
0.0208498
0.0205111
0.0202248
0.0201121
0.0201745
0.0205015
0.0210578
0.0216721
0.022343
0.0230006
0.0235941
0.0241606
0.0247228
0.0251409
0.0254443
0.0257673
0.026218
0.0268314
0.0275209
0.0279146
0.0279335
0.0278883
0.0282217
0.0286064
0.0290388
0.0293069
0.0291445
0.0288628
0.0287772
0.0289165
0.0291521
0.029452
0.0298131
0.0302172
0.0306586
0.0311584
0.0317965
0.0326742
0.0337645
0.0349586
0.0360664
0.0371149
0.0380069
0.0386306
0.0389882
0.0394126
0.0399554
0.0405198
0.040668
0.0404297
0.0395022
0.0376373
0.0354889
0.0326784
0.0301998
0.0280258
0.0273608
0.0279671
0.0303009
0.0341389
0.0394299
0.0429782
0.043931
0.0444209
0.0449171
0.0455325
0.0459582
0.045995
0.0457799
0.0451786
0.0431276
0.0379083
0.028943
0.0283927
0.039058
0.0382265
0.0392996
0.0394332
0.0384523
0.0375184
0.0368082
0.0364562
0.0106474
0.0123106
0.0139993
0.0151903
0.0162403
0.0173205
0.0181987
0.0189227
0.0195459
0.0202042
0.0207171
0.0211096
0.0214065
0.0216339
0.0218083
0.0219973
0.0221928
0.0221908
0.0220767
0.0219024
0.0217688
0.022061
0.0225823
0.0229573
0.0235416
0.024209
0.024644
0.0249007
0.025032
0.0252947
0.0256022
0.0258662
0.0261273
0.0264664
0.026924
0.02754
0.028311
0.0289972
0.0294074
0.0297622
0.0302306
0.0304719
0.0303836
0.0300003
0.0296163
0.0294913
0.0296278
0.0298893
0.0302408
0.030607
0.0309893
0.0314563
0.0319625
0.0325297
0.033301
0.0343664
0.0356423
0.0369903
0.0382011
0.0393251
0.0402533
0.0409069
0.0413061
0.0417673
0.0422735
0.0427442
0.0427738
0.042441
0.0413409
0.0396131
0.0379444
0.0359278
0.034305
0.0324781
0.0317302
0.0325261
0.0352919
0.0396907
0.0450825
0.0479478
0.0481835
0.0482146
0.0482352
0.0482491
0.048125
0.047766
0.0472385
0.0462589
0.0435503
0.0366711
0.0293266
0.0306439
0.0419247
0.0441692
0.043114
0.0419567
0.0406226
0.0396616
0.0389932
0.0386181
0.0108442
0.0121309
0.0135328
0.0145932
0.0155615
0.0164897
0.0173013
0.0179926
0.0185852
0.0191383
0.0196526
0.0201094
0.0205544
0.0210078
0.0212794
0.0215243
0.0217639
0.0219616
0.022184
0.0225985
0.0231778
0.023548
0.0238732
0.0240349
0.0241521
0.024401
0.024816
0.0250985
0.0254382
0.0258948
0.026512
0.0270433
0.0273442
0.0277099
0.0281984
0.0286763
0.0291066
0.0294457
0.0297115
0.0299759
0.0302447
0.0303525
0.0302888
0.0302492
0.030391
0.0306862
0.0310537
0.0314922
0.031889
0.0322685
0.0326519
0.0330768
0.0335626
0.0342111
0.035129
0.0363698
0.0377996
0.0392587
0.0405234
0.0416694
0.0425886
0.0432548
0.0436981
0.044196
0.0446723
0.0450796
0.0450505
0.0447252
0.0435944
0.0422286
0.0411753
0.0398805
0.0389719
0.0377988
0.0374446
0.0385005
0.0415185
0.0457344
0.049581
0.0509255
0.0508565
0.0506569
0.0503677
0.0500552
0.0496263
0.0488981
0.0481158
0.0467576
0.0433228
0.034934
0.031777
0.038023
0.0390388
0.0465771
0.0449248
0.0438319
0.042673
0.0416888
0.0408789
0.040307
0.0110108
0.0120226
0.0131996
0.0141334
0.0150093
0.0158242
0.016563
0.0172173
0.0178034
0.0183476
0.0188639
0.0193541
0.0198371
0.0202894
0.0207452
0.0211632
0.0214449
0.0217009
0.0219911
0.0224763
0.0230397
0.023274
0.0235377
0.0238604
0.0242922
0.0252727
0.0263995
0.0275058
0.0280751
0.0283364
0.0304719
0.0331587
0.0330776
0.032492
0.0325429
0.0327173
0.032811
0.0327436
0.0326955
0.0327244
0.032848
0.0330159
0.0331893
0.0333737
0.0335727
0.033759
0.0339284
0.0340582
0.0341293
0.0342331
0.0344389
0.0348382
0.0353843
0.0361405
0.0372045
0.038602
0.0401517
0.0416764
0.0429459
0.044069
0.0449525
0.0456287
0.0461216
0.0466487
0.0470936
0.0474574
0.0474092
0.047103
0.0461715
0.0453493
0.0450196
0.0445261
0.0442947
0.0438196
0.0438985
0.0451903
0.0478366
0.0503881
0.051668
0.0518375
0.0517184
0.0515224
0.0511428
0.0506971
0.0499989
0.0491731
0.0483029
0.0467015
0.0424004
0.034156
0.0357204
0.0489278
0.0482945
0.0485323
0.0477941
0.0461045
0.0443738
0.043001
0.0419619
0.0412291
0.0111104
0.011927
0.0129335
0.0137704
0.014572
0.0153142
0.0160019
0.0166315
0.017214
0.0177635
0.0182904
0.0188026
0.0193064
0.0197875
0.0202622
0.0206962
0.0210692
0.0214389
0.0216834
0.0221615
0.0225806
0.023055
0.0238564
0.0253012
0.027461
0.0291283
0.0300042
0.0346646
0.0358514
0.0354467
0.0353377
0.0352621
0.0351432
0.0350725
0.035052
0.0350377
0.0349982
0.0349527
0.0349423
0.0349921
0.0350965
0.0352289
0.0353657
0.0354887
0.0355865
0.0356507
0.03568
0.0356975
0.0357395
0.0358628
0.0361396
0.0366453
0.037309
0.0382175
0.0394387
0.0409712
0.0426001
0.0441389
0.045369
0.046436
0.0472697
0.0479515
0.0484893
0.0490285
0.0494423
0.0497573
0.0496607
0.0493076
0.0486815
0.0485308
0.0489378
0.0491848
0.0494792
0.0495098
0.0499124
0.0508674
0.0519781
0.0523708
0.0519707
0.0515133
0.0513146
0.0511168
0.0508304
0.0505467
0.0499449
0.0491951
0.0482876
0.0463323
0.0401701
0.0346217
0.0402224
0.0453849
0.0561374
0.0518723
0.0490837
0.0466611
0.0447874
0.0434571
0.0425184
0.0418789
0.0111768
0.011865
0.0127449
0.0135091
0.0142553
0.0149477
0.0155991
0.0162081
0.0167833
0.0173326
0.0178656
0.01839
0.0189068
0.0194076
0.0198946
0.0203475
0.020754
0.0211461
0.0215042
0.0220857
0.0229368
0.0245582
0.027509
0.030407
0.0319568
0.0356892
0.0380462
0.0379656
0.0376913
0.0375516
0.0374735
0.0374408
0.0374211
0.0373934
0.0373584
0.0373241
0.0373208
0.0373563
0.037405
0.0374498
0.0374938
0.0375377
0.0375814
0.0376158
0.0376316
0.037618
0.0375729
0.0375282
0.0375259
0.037646
0.0379652
0.0385532
0.0393447
0.0403951
0.0417509
0.0433817
0.0450389
0.0465275
0.0476809
0.0486689
0.0494407
0.0501174
0.0507028
0.0512728
0.0516677
0.0518254
0.0515241
0.0510712
0.050813
0.0512979
0.0521684
0.0528004
0.053215
0.053401
0.0535328
0.0536425
0.0533731
0.0526569
0.0512767
0.0502593
0.0500556
0.0498697
0.049656
0.0495483
0.0492289
0.0487264
0.0477407
0.0450381
0.0373548
0.0370218
0.0511285
0.0499874
0.0508603
0.0503361
0.0483075
0.0463598
0.0449289
0.0439717
0.0433424
0.0429621
0.0112484
0.0118542
0.0126339
0.0133386
0.0140366
0.0146889
0.0153089
0.0158965
0.0164589
0.0170026
0.0175365
0.0180682
0.0185994
0.0191255
0.0196467
0.020156
0.0206586
0.0212504
0.0220291
0.0234845
0.026135
0.0297527
0.0326066
0.0351405
0.0388714
0.0399245
0.0400701
0.0398411
0.0396245
0.0394682
0.0393437
0.039233
0.0391896
0.0392359
0.0393618
0.039537
0.0396277
0.0396049
0.0395735
0.039553
0.0395295
0.0394936
0.0394451
0.0393815
0.0393003
0.0391959
0.0390748
0.0389806
0.0389806
0.0391742
0.0396401
0.040412
0.0413971
0.0426067
0.0440638
0.0457524
0.0473732
0.0487275
0.049781
0.0506751
0.051389
0.0521432
0.0528061
0.0532837
0.0535539
0.0534142
0.0527379
0.0523287
0.0525301
0.0534396
0.0544055
0.0550074
0.0553446
0.0554884
0.0551988
0.0546082
0.0535313
0.05194
0.0500806
0.0489014
0.0485043
0.0481147
0.0478532
0.0479597
0.0479855
0.0476952
0.0464228
0.0411291
0.0372267
0.0405147
0.048006
0.0564393
0.0513038
0.0497682
0.0479875
0.0466013
0.0457132
0.0451772
0.044866
0.0447297
0.0113482
0.0118933
0.0125887
0.0132397
0.0138919
0.0145062
0.0150957
0.0156609
0.0162082
0.0167456
0.017288
0.0178504
0.0184471
0.0190859
0.0197844
0.0205679
0.0215238
0.0229066
0.0250478
0.0283474
0.031771
0.033929
0.0365761
0.0407127
0.0413629
0.0414668
0.0414764
0.0415131
0.0416446
0.0417695
0.0418495
0.0418897
0.0418632
0.0417805
0.0416469
0.0414721
0.0413808
0.0413123
0.0411977
0.0410598
0.0409248
0.0407985
0.0406798
0.0405617
0.0404367
0.0403001
0.0401683
0.040106
0.0402105
0.0405932
0.0413102
0.0423715
0.04353
0.0448247
0.046318
0.0480461
0.0495658
0.0507605
0.0517215
0.0525074
0.0532294
0.053858
0.0544514
0.0546987
0.0546918
0.054098
0.0532758
0.053118
0.053827
0.0549857
0.0560068
0.056894
0.057
0.0565846
0.0556667
0.0543967
0.0527793
0.0508537
0.0488968
0.0475936
0.0468922
0.0461252
0.0459711
0.0462156
0.0464446
0.046036
0.0430195
0.0383562
0.0407244
0.0552155
0.0523049
0.0518153
0.0518783
0.0501773
0.0487963
0.0478656
0.0473315
0.0470266
0.0468662
0.0468279
0.00559068
0.011969
0.0125884
0.0131869
0.0137926
0.0143695
0.0149301
0.0154736
0.0160092
0.0165568
0.0171579
0.0178731
0.0187707
0.019895
0.0213024
0.0230307
0.0252272
0.0280155
0.0309886
0.0335343
0.0348947
0.0366207
0.0407591
0.0418391
0.0419849
0.0420268
0.0421017
0.0422515
0.0426898
0.0431154
0.043413
0.0435334
0.0434842
0.043311
0.0430657
0.0427908
0.0424816
0.0422933
0.0421721
0.0420208
0.0418455
0.0416949
0.0415833
0.0414849
0.0413743
0.0412475
0.041144
0.0411617
0.0414442
0.0422027
0.0432999
0.044501
0.0457262
0.0470218
0.0486383
0.0502164
0.0515557
0.052464
0.0532564
0.0539333
0.0545849
0.0550431
0.055573
0.0555597
0.0550658
0.0540326
0.0532638
0.0537321
0.0548585
0.0564808
0.0575295
0.0581522
0.0575441
0.0567278
0.0554267
0.0539123
0.0518791
0.0495587
0.0475211
0.0461173
0.0452177
0.0442913
0.0441116
0.0443004
0.0443211
0.0428479
0.0396931
0.0412316
0.0482863
0.0558652
0.0637824
0.0557474
0.0533372
0.0514534
0.0502721
0.049574
0.0491916
0.0489633
0.0488391
0.0488135
0.000782505
0.00246289
0.00656656
0.0131588
0.0137197
0.0142616
0.0147951
0.0153224
0.0158672
0.0164934
0.0173482
0.0186694
0.0206802
0.0233417
0.026422
0.0293935
0.0319952
0.0339755
0.0350397
0.0356723
0.0368745
0.0395172
0.0419075
0.0421621
0.0421996
0.0422475
0.0423614
0.0425481
0.0431568
0.0436474
0.0438666
0.0438549
0.0437106
0.0435116
0.043305
0.0431188
0.0429562
0.0427736
0.0426201
0.0425602
0.0425843
0.0426367
0.0425989
0.0424704
0.042318
0.0421787
0.0421206
0.0423793
0.0431796
0.0442248
0.0453513
0.0465824
0.0478694
0.0491764
0.0507959
0.052097
0.0532239
0.0538879
0.054493
0.0550994
0.0554013
0.0559826
0.0561453
0.0557756
0.0546749
0.0534553
0.0531872
0.0542915
0.0564699
0.0575757
0.0589262
0.0587371
0.0579262
0.056575
0.0550917
0.0533824
0.0504882
0.0477713
0.045968
0.04445
0.0433693
0.0438772
0.0441016
0.0437544
0.04322
0.042005
0.0418492
0.0506535
0.0645923
0.0608142
0.0583793
0.0569015
0.054162
0.0525405
0.0516971
0.0512045
0.0509203
0.0507339
0.0506313
0.0346945
0.000104582
0.000341353
0.000935428
0.00220311
0.00475983
0.00943022
0.0146812
0.0152114
0.0158288
0.0167358
0.0183707
0.0213014
0.0255886
0.0302116
0.0340851
0.0362582
0.0371049
0.0372055
0.0368105
0.037199
0.0387513
0.0420005
0.0425775
0.0427555
0.0429439
0.0431745
0.0434261
0.0436679
0.0438665
0.0439954
0.0440618
0.0440043
0.0438785
0.043745
0.0436325
0.0435631
0.0435413
0.0435418
0.0435654
0.0435852
0.043575
0.0435276
0.0435034
0.0435068
0.0434586
0.0433965
0.0435521
0.0440396
0.044968
0.0463682
0.0479157
0.0490584
0.0501119
0.0513368
0.0524984
0.0537254
0.0545516
0.0550816
0.0555286
0.055762
0.0561504
0.0564553
0.0561762
0.0551838
0.053773
0.0528554
0.0534169
0.0559675
0.0572547
0.0592143
0.0601422
0.0592814
0.0579092
0.0563488
0.0547658
0.0524306
0.0486639
0.0459511
0.0448584
0.0432026
0.0438585
0.0464443
0.0468589
0.0462366
0.0459106
0.0461335
0.048034
0.0674266
0.0642289
0.0602637
0.0564228
0.056681
0.0559811
0.0544839
0.0535029
0.0530291
0.0527786
0.0526183
0.0525516
0.013268
1.33434e-05
4.48209e-05
0.000125508
0.000303813
0.000673424
0.00136849
0.00262435
0.0048095
0.00860215
0.0155992
0.0211338
0.0265328
0.0324433
0.0368244
0.0394336
0.0405751
0.0410295
0.0402492
0.0387368
0.0388365
0.0406579
0.0431104
0.04309
0.0432223
0.0434511
0.0437247
0.0439879
0.0441922
0.0443132
0.0443619
0.04437
0.0443619
0.0443972
0.0444968
0.04465
0.0448531
0.0450857
0.0453028
0.0454536
0.0454897
0.0454016
0.0452199
0.0449573
0.0446381
0.0443377
0.0444397
0.0449221
0.0458532
0.0477807
0.0501177
0.050705
0.0512614
0.0516948
0.0528987
0.0536456
0.0552149
0.0556775
0.056064
0.0561755
0.0563066
0.0566144
0.0561662
0.0554462
0.0539477
0.052748
0.0526566
0.0547229
0.0566679
0.0588204
0.0611371
0.0607875
0.0597864
0.0578443
0.0564269
0.0543029
0.0508078
0.0465346
0.0451132
0.0443552
0.0437693
0.0478043
0.0538676
0.0544545
0.0530907
0.0546972
0.0580682
0.0655232
0.0633513
0.0680613
0.0638488
0.0606512
0.058992
0.0592045
0.0586279
0.0575972
0.0565025
0.0557547
0.0553698
0.0295463
0.00435268
1.61812e-06
5.55929e-06
1.58534e-05
3.9292e-05
8.90091e-05
0.000184752
0.000363072
0.000688999
0.00131564
0.00269514
0.00619065
0.0151583
0.0367638
0.0405875
0.0420371
0.0428172
0.0433713
0.0435977
0.0437378
0.0409075
0.0421082
0.0434783
0.0434092
0.043457
0.0436275
0.0438854
0.0441828
0.0444149
0.0445297
0.0445562
0.0445209
0.0445896
0.044738
0.0449735
0.0458863
0.0468563
0.0477101
0.0482351
0.0483562
0.0481394
0.0477326
0.0472584
0.0467743
0.046248
0.0458818
0.0465036
0.0476919
0.0499266
0.0521187
0.0525674
0.0523952
0.0520752
0.0527233
0.0537406
0.0549354
0.0564524
0.0566495
0.0565916
0.0565315
0.0566498
0.0564315
0.0553247
0.05415
0.0527106
0.0521091
0.0530077
0.0560404
0.0579339
0.0611277
0.0625677
0.0613106
0.059997
0.0578725
0.0572254
0.053812
0.0488771
0.045297
0.0451741
0.0465396
0.0457204
0.0465387
0.0519809
0.0525557
0.0613457
0.0576043
0.0694369
0.0722608
0.0723105
0.0699999
0.0714852
0.0711971
0.0690354
0.0661014
0.0606253
0.0581873
0.059664
0.0600891
0.048597
0.00784112
0.00114428
1.85632e-07
6.49165e-07
1.87866e-06
4.74772e-06
1.09482e-05
2.31632e-05
4.68177e-05
9.38563e-05
0.000200087
0.00047945
0.00125571
0.00333263
0.00847687
0.0205034
0.0434221
0.0441093
0.0447231
0.0452771
0.0457253
0.0455613
0.0448058
0.0439461
0.043686
0.0435205
0.0435882
0.0437886
0.0441206
0.044453
0.0446753
0.0447985
0.0449162
0.045119
0.0454279
0.0458845
0.0468631
0.0479658
0.0494784
0.0509783
0.0511944
0.0508072
0.0501809
0.0495877
0.0491709
0.04944
0.0505848
0.0514533
0.0527391
0.053921
0.0538057
0.0529779
0.0522052
0.0522713
0.0537527
0.0545354
0.0564627
0.0574531
0.057228
0.0567414
0.0567167
0.0568306
0.0558149
0.0547435
0.0530108
0.0519554
0.0520147
0.0544791
0.0570576
0.059818
0.0636695
0.0632263
0.0617792
0.0603906
0.0587594
0.0585337
0.0532383
0.04722
0.045328
0.0482373
0.0524236
0.0514202
0.0446409
0.0560237
0.0543741
0.059235
0.0634409
0.0695267
0.0783714
0.0750186
0.0727782
0.0762807
0.0797524
0.080145
0.0739443
0.0639101
0.0556443
0.0559687
0.0596973
0.00986737
0.00155857
0.00022511
2.00617e-08
7.11801e-08
2.08476e-07
5.35142e-07
1.25421e-06
2.71001e-06
5.7083e-06
1.25443e-05
3.11036e-05
8.58125e-05
0.000243654
0.000676001
0.00176709
0.00438611
0.0100574
0.0216557
0.0455633
0.0461509
0.046604
0.0467884
0.0467938
0.0465404
0.0448735
0.0441597
0.0440684
0.0442498
0.044617
0.0450136
0.0453139
0.0455583
0.0458713
0.0462924
0.046806
0.0474465
0.0483583
0.0493755
0.0506756
0.0518389
0.0522814
0.0523619
0.0524245
0.0526629
0.053341
0.0544283
0.0552872
0.0555276
0.0551088
0.0544506
0.0533859
0.0523095
0.0519512
0.0529252
0.0549965
0.0559808
0.0580662
0.0584273
0.0576149
0.0567104
0.0568028
0.0569905
0.0558499
0.0546166
0.0526614
0.0518874
0.0527231
0.0564229
0.0582089
0.0621636
0.0653126
0.0641923
0.062618
0.0612737
0.0603247
0.0610764
0.0515753
0.0464971
0.0460484
0.0510499
0.0575349
0.0640092
0.0592356
0.0639137
0.0611799
0.0632714
0.0678466
0.0715692
0.0753423
0.0738202
0.0742763
0.076399
0.0800671
0.0829125
0.0804293
0.0702689
0.0564124
0.049212
0.011945
0.00205163
0.000294215
4.01732e-05
2.03449e-09
7.29731e-09
2.15793e-08
5.61624e-08
1.33853e-07
2.98443e-07
6.75768e-07
1.706e-06
4.91792e-06
1.48987e-05
4.42609e-05
0.000126403
0.000337966
0.000853056
0.00200521
0.00439266
0.00953498
0.0212245
0.0471519
0.0474024
0.0475736
0.0477018
0.0477799
0.0477157
0.0477901
0.0479509
0.0482925
0.0487235
0.0491722
0.0496181
0.0500197
0.0503091
0.0505925
0.0509525
0.0506518
0.0511789
0.0520577
0.0527734
0.0531613
0.0533376
0.0535754
0.054068
0.0544861
0.0550809
0.0553962
0.0552711
0.0547372
0.0541159
0.0531235
0.0527204
0.0532507
0.0555509
0.0576096
0.0587169
0.060504
0.0601629
0.0584607
0.0567443
0.0569315
0.0572135
0.0565236
0.0552195
0.0530117
0.0523585
0.054293
0.0584851
0.0603647
0.0641641
0.0671446
0.0661759
0.0647785
0.0628834
0.0628489
0.0653862
0.0510917
0.047495
0.048558
0.0521999
0.0615675
0.0784778
0.0796708
0.069351
0.0711201
0.0669826
0.0699972
0.0723418
0.0733455
0.0726847
0.0725588
0.0734932
0.0762566
0.0766231
0.0768144
0.0722798
0.0342542
0.00695959
0.00181322
0.000442612
6.45736e-05
8.4045e-06
1.92888e-10
6.98268e-10
2.08297e-09
5.49633e-09
1.34135e-08
3.16413e-08
8.0838e-08
2.3864e-07
7.66313e-07
2.44772e-06
7.4761e-06
2.18213e-05
5.96028e-05
0.000152669
0.000365286
0.000818543
0.00181381
0.00422005
0.0109972
0.0318528
0.0480997
0.0483621
0.0486253
0.0488638
0.0491164
0.0493995
0.0497959
0.0502746
0.0507772
0.0512561
0.0516454
0.0519073
0.0521239
0.0523614
0.052557
0.0527982
0.0531135
0.0533968
0.0536327
0.0538502
0.054138
0.0545191
0.0549608
0.0553763
0.0555123
0.0552567
0.0548277
0.0543992
0.0540245
0.0551846
0.0579626
0.0607713
0.0616034
0.062156
0.0618705
0.0606988
0.0589753
0.0580004
0.0587247
0.0591448
0.058383
0.0567743
0.0540986
0.0533046
0.0574256
0.0612828
0.063354
0.0662211
0.0689381
0.0679115
0.0661689
0.0636833
0.0664225
0.071402
0.0601687
0.0504797
0.0524716
0.0552582
0.0645784
0.0823617
0.0834593
0.083272
0.0817148
0.0744781
0.07072
0.0721251
0.0722737
0.0718939
0.0716063
0.0709798
0.0707604
0.0692632
0.0688585
0.0502221
0.00767351
0.00130094
0.000244499
5.69803e-05
1.35331e-05
1.8526e-06
1.70743e-11
6.23051e-11
1.87592e-10
5.04109e-10
1.28387e-09
3.35037e-09
9.97816e-09
3.33726e-08
1.142e-07
3.7619e-07
1.17349e-06
3.48883e-06
9.72043e-06
2.54664e-05
6.19647e-05
0.000141556
0.00032263
0.000781179
0.00213327
0.00643949
0.0197838
0.0488677
0.0492053
0.0495372
0.049877
0.0502451
0.0506939
0.0512028
0.0517127
0.0521661
0.0525087
0.0527509
0.0529532
0.0531463
0.0533298
0.0535165
0.0537052
0.0538884
0.0540856
0.054316
0.0545936
0.0549261
0.0553716
0.0559931
0.0566512
0.057127
0.0565021
0.0565637
0.058035
0.060079
0.0612396
0.0623098
0.062952
0.0628935
0.0619042
0.0607998
0.0601317
0.0609771
0.0615446
0.0613219
0.0599119
0.0578414
0.0578291
0.0599447
0.0642369
0.0652791
0.0653979
0.0649773
0.0673179
0.0718317
0.0725282
0.0695079
0.0720538
0.0743278
0.063515
0.0519748
0.0548236
0.0597143
0.0688523
0.0876731
0.0849315
0.082777
0.0815085
0.0785657
0.074622
0.0717012
0.0716758
0.0713739
0.0710341
0.0704145
0.068699
0.0668602
0.0661039
0.0147709
0.00229361
0.000365449
6.07892e-05
1.06415e-05
1.90957e-06
3.43392e-07
1.4093e-12
5.18692e-12
1.58362e-11
4.40155e-11
1.21455e-10
3.66326e-10
1.25493e-09
4.53221e-09
1.60815e-08
5.41435e-08
1.7179e-07
5.19574e-07
1.4782e-06
3.95211e-06
9.82394e-06
2.27989e-05
5.30875e-05
0.000133558
0.000378427
0.00117814
0.00370837
0.0111546
0.0312984
0.0500405
0.0504228
0.0508418
0.0513273
0.0518505
0.0523496
0.0527667
0.0530721
0.0533071
0.0535181
0.0537077
0.0538816
0.0540501
0.0542048
0.0543606
0.0545436
0.0547621
0.0550128
0.0553204
0.0558761
0.0569679
0.0581653
0.0589835
0.0593078
0.0599353
0.060881
0.0619008
0.0628104
0.063569
0.0639689
0.063601
0.0627182
0.062154
0.0620698
0.0623359
0.0626513
0.0627369
0.0623424
0.0611957
0.0639599
0.0674904
0.0685166
0.0687845
0.0689898
0.0696719
0.0690963
0.0687786
0.0728447
0.0715579
0.0735614
0.0748713
0.0630007
0.0568451
0.0574703
0.0672481
0.0730391
0.079545
0.0787157
0.077625
0.0767149
0.0758947
0.0743952
0.0725445
0.0709685
0.0706789
0.0703623
0.0699591
0.0693311
0.0683382
0.0290197
0.00437503
0.000677664
0.000105376
1.64419e-05
2.59424e-06
4.20495e-07
6.66669e-08
1.08746e-13
4.05468e-13
1.2705e-12
3.76648e-12
1.18113e-11
4.13801e-11
1.55553e-10
5.857e-10
2.12415e-09
7.28122e-09
2.34707e-08
7.21001e-08
2.09442e-07
5.70346e-07
1.44368e-06
3.4385e-06
8.17281e-06
2.11736e-05
6.17762e-05
0.000196734
0.000630048
0.00192144
0.00546754
0.0142824
0.0343535
0.0513284
0.0518356
0.0523625
0.0528425
0.0532214
0.0535013
0.0537433
0.0539743
0.0541805
0.0543629
0.0545303
0.0546784
0.0548274
0.0550035
0.0552078
0.0554346
0.055738
0.0564834
0.0580594
0.0595413
0.0604693
0.0610895
0.0617426
0.0624665
0.0632167
0.0639348
0.0645109
0.0647483
0.0642866
0.0635602
0.0631869
0.0631488
0.0632666
0.063417
0.0637065
0.0646445
0.0658244
0.0673708
0.0686016
0.0694731
0.0699398
0.0702691
0.070535
0.0706184
0.0708518
0.0712806
0.0719212
0.0734248
0.0744062
0.0679226
0.0675191
0.0701659
0.0788238
0.0794014
0.0735699
0.0740866
0.0740738
0.0737443
0.0729927
0.0722118
0.0709504
0.0695258
0.0684226
0.068475
0.0686904
0.0686137
0.022885
0.00693982
0.00123603
0.000182093
2.67487e-05
3.88582e-06
5.64759e-07
8.35883e-08
1.22168e-08
7.90693e-15
3.0174e-14
9.9625e-14
3.29862e-13
1.19811e-12
4.67643e-12
1.84821e-11
7.12423e-11
2.62545e-10
9.13508e-10
2.98945e-09
9.31283e-09
2.75633e-08
7.68521e-08
1.97385e-07
4.78546e-07
1.15943e-06
3.06526e-06
9.12957e-06
2.95401e-05
9.58158e-05
0.00029546
0.000849628
0.00224613
0.00545508
0.0118593
0.0231778
0.0424807
0.0532424
0.0535881
0.0538573
0.0541162
0.0543754
0.0546044
0.0548029
0.05498
0.0551309
0.0552826
0.0554558
0.0556471
0.0558558
0.0561691
0.0571335
0.0590864
0.0606947
0.0616575
0.0623418
0.062964
0.0635792
0.0641912
0.0647682
0.0652231
0.0653628
0.0648702
0.0642096
0.0638891
0.06383
0.0638722
0.0639571
0.0643101
0.0658215
0.0674401
0.0686531
0.0695122
0.0701418
0.070601
0.070917
0.0711284
0.0712675
0.0714052
0.0716268
0.0717545
0.0730341
0.0737331
0.0704647
0.0766466
0.0797169
0.0798385
0.0795881
0.0783369
0.0768838
0.0721237
0.0712514
0.0708227
0.0705195
0.0699114
0.068767
0.0672152
0.0655914
0.033
0.0089526
0.00279367
0.000844637
0.000244243
4.80675e-05
6.60669e-06
8.9262e-07
1.20441e-07
1.66784e-08
2.33715e-09
5.51659e-16
2.20145e-15
7.96448e-15
3.02205e-14
1.23107e-13
5.09666e-13
2.06825e-12
8.10206e-12
3.02667e-11
1.06741e-10
3.53948e-10
1.12094e-09
3.37919e-09
9.6286e-09
2.51681e-08
6.16957e-08
1.51595e-07
4.07988e-07
1.23383e-06
4.03896e-06
1.32278e-05
4.11625e-05
0.000119351
0.000318523
0.000776376
0.00168219
0.00327307
0.00596862
0.0105763
0.0190682
0.0357557
0.0544543
0.0547441
0.0549981
0.0552142
0.0554025
0.0555617
0.0557178
0.0558882
0.0560686
0.056264
0.0565928
0.057768
0.0599836
0.0616422
0.0626043
0.0632825
0.0638629
0.0644009
0.0649151
0.0653893
0.0657594
0.0658394
0.0653297
0.0646809
0.0643682
0.0642813
0.0642814
0.0643209
0.0646803
0.0663778
0.0681553
0.0692984
0.0700566
0.0705976
0.0710054
0.0712874
0.0714643
0.0715702
0.07164
0.0717376
0.0717906
0.0726964
0.0730313
0.0719654
0.0749333
0.0795079
0.0799532
0.0795075
0.0787715
0.0774921
0.0764004
0.0710951
0.0704757
0.0702399
0.0701179
0.0696722
0.0686175
0.0394582
0.00837091
0.0017623
0.000376869
9.36127e-05
2.68516e-05
7.26368e-06
1.62747e-06
2.07491e-07
2.64086e-08
3.50073e-09
4.80743e-10
3.82322e-17
1.64281e-16
6.67629e-16
2.83231e-15
1.23126e-14
5.25582e-14
2.16741e-13
8.59773e-13
3.2504e-12
1.15983e-11
3.89189e-11
1.25275e-10
3.83867e-10
1.10977e-09
2.94285e-09
7.28707e-09
1.81001e-08
4.92838e-08
1.50408e-07
4.95458e-07
1.63175e-06
5.10561e-06
1.48663e-05
3.9892e-05
9.72767e-05
0.000210136
0.000407678
0.000740324
0.00130716
0.00235783
0.00444401
0.00851836
0.0158151
0.0279947
0.0461678
0.0557972
0.0559644
0.0561246
0.0562916
0.0564619
0.0566461
0.0569912
0.0583507
0.0607417
0.0624058
0.0633465
0.0639968
0.0645364
0.0650142
0.0654544
0.0658511
0.0661578
0.0661983
0.0656834
0.0650297
0.064709
0.0645998
0.0645721
0.0645851
0.0649001
0.0665432
0.068412
0.0695994
0.0703448
0.0708598
0.0712262
0.071474
0.0716237
0.0716985
0.0717281
0.0717686
0.0718209
0.0723839
0.0734464
0.0756491
0.0744122
0.0791956
0.0793472
0.0788509
0.0781405
0.0770939
0.0760952
0.0750145
0.074038
0.0701696
0.0703603
0.0704256
0.0540471
0.0112401
0.00229591
0.000458634
9.02936e-05
1.75943e-05
3.43913e-06
7.61148e-07
1.91095e-07
4.44009e-08
5.66087e-09
7.34941e-10
1.03273e-10
2.74197e-18
1.28272e-17
5.73519e-17
2.59805e-16
1.16702e-15
5.06225e-15
2.11144e-14
8.45972e-14
3.22901e-13
1.16393e-12
3.95311e-12
1.29075e-11
4.00649e-11
1.1727e-10
3.12889e-10
7.81036e-10
1.96926e-09
5.40933e-09
1.65524e-08
5.45869e-08
1.79989e-07
5.63878e-07
1.64357e-06
4.42459e-06
1.07746e-05
2.31984e-05
4.48719e-05
8.12884e-05
0.000143365
0.00025916
0.000490758
0.000947622
0.00177294
0.0031553
0.00521172
0.00800122
0.0115487
0.015518
0.0196414
0.0236955
0.027337
0.0312317
0.0414842
0.0613563
0.0630041
0.0639163
0.0645355
0.0650383
0.0654673
0.0658488
0.0661842
0.0664412
0.0664576
0.0659578
0.0653044
0.0649701
0.0648404
0.0647941
0.0647883
0.0650467
0.0665143
0.068385
0.0696577
0.0704479
0.0709623
0.0713142
0.0715422
0.0716723
0.0717292
0.0717383
0.07175
0.0717835
0.0721345
0.0740401
0.0757432
0.0741927
0.0784851
0.0783808
0.0779173
0.077254
0.0764108
0.0756046
0.0747882
0.0740751
0.0734586
0.0729197
0.0702894
0.0178664
0.00353478
0.000692491
0.000134202
2.5718e-05
4.85398e-06
9.04776e-07
1.66669e-07
3.04218e-08
5.51992e-09
1.04248e-09
1.64184e-10
2.5843e-11
2.04643e-19
1.02104e-18
4.82831e-18
2.25899e-17
1.03161e-16
4.52035e-16
1.90214e-15
7.68646e-15
2.95636e-14
1.07538e-13
3.69658e-13
1.22119e-12
3.82654e-12
1.12412e-11
3.00531e-11
7.58608e-11
1.93568e-10
5.31853e-10
1.62049e-09
5.31948e-09
1.74719e-08
5.44924e-08
1.58208e-07
4.23259e-07
1.03376e-06
2.24331e-06
4.37355e-06
7.971e-06
1.41292e-05
2.56615e-05
4.8735e-05
9.43025e-05
0.000176678
0.000314166
0.000517954
0.000794062
0.00114354
0.00153642
0.00194894
0.00235393
0.00272061
0.00312986
0.00424252
0.00756198
0.0143402
0.0251179
0.0389139
0.0550992
0.0657949
0.0661279
0.0664139
0.066631
0.0666367
0.0661745
0.0655359
0.0651862
0.0650386
0.0649782
0.0649578
0.0651576
0.0663879
0.0681799
0.0695466
0.0704148
0.0709566
0.0713112
0.0715315
0.0716545
0.0717054
0.0717092
0.0717105
0.0717333
0.0719558
0.0730491
0.0754181
0.0739843
0.0774702
0.0772251
0.0768849
0.0762995
0.0756293
0.0749948
0.0743711
0.0738183
0.0733153
0.041462
0.0157179
0.0056211
0.00118688
0.000223529
4.19879e-05
7.82664e-06
1.44638e-06
2.65021e-07
4.7991e-08
8.57534e-09
1.51189e-09
2.63028e-10
4.49383e-11
7.21864e-12
1.52954e-20
7.91211e-20
3.84641e-19
1.82757e-18
8.41713e-18
3.71629e-17
1.5764e-16
6.40536e-16
2.4766e-15
9.07776e-15
3.14905e-14
1.04817e-13
3.29768e-13
9.68597e-13
2.60433e-12
6.66709e-12
1.7134e-11
4.69111e-11
1.41922e-10
4.63019e-10
1.51348e-09
4.70305e-09
1.36315e-08
3.651e-08
8.95963e-08
1.96065e-07
3.86123e-07
7.08467e-07
1.25825e-06
2.28205e-06
4.31655e-06
8.31185e-06
1.54893e-05
2.73888e-05
4.49401e-05
6.8679e-05
9.87025e-05
0.000132593
0.000168432
0.000203581
0.000235742
0.000272914
0.000374995
0.000678327
0.00129459
0.00227383
0.00353551
0.00503851
0.00661956
0.00801719
0.00921043
0.00999114
0.010622
0.0120156
0.0153379
0.019501
0.0231674
0.0254869
0.0265018
0.0267645
0.0291071
0.0344649
0.0416174
0.0484031
0.0525253
0.0541253
0.0526859
0.0493551
0.0460378
0.0408393
0.0369872
0.0316376
0.0287324
0.0266728
0.0748593
0.0737367
0.0763589
0.0761096
0.0759037
0.075407
0.0748889
0.0743885
0.0378298
0.0173551
0.00779979
0.00332139
0.00133888
0.000512301
0.000182122
6.13077e-05
1.32036e-05
2.36641e-06
4.25901e-07
7.62993e-08
1.35894e-08
2.404e-09
4.21004e-10
7.27752e-11
1.23759e-11
1.98474e-12
1.09424e-21
5.75878e-21
2.83658e-20
1.35947e-19
6.29994e-19
2.79896e-18
1.19321e-17
4.86603e-17
1.88774e-16
6.9524e-16
2.43262e-15
8.13621e-15
2.55922e-14
7.50652e-14
2.03628e-13
5.27903e-13
1.36457e-12
3.71746e-12
1.11553e-11
3.61561e-11
1.17604e-10
3.637e-10
1.04778e-09
2.78513e-09
6.84503e-09
1.51399e-08
3.00984e-08
5.53686e-08
9.80298e-08
1.76769e-07
3.32784e-07
6.39109e-07
1.18863e-06
2.09084e-06
3.40993e-06
5.18402e-06
7.40546e-06
9.91813e-06
1.25832e-05
1.52057e-05
1.76596e-05
2.05451e-05
2.84626e-05
5.18787e-05
9.93576e-05
0.000174923
0.000273428
0.00039247
0.000519282
0.000634058
0.000733374
0.000797739
0.000848326
0.000949649
0.00118611
0.00149378
0.00178475
0.00198768
0.00210147
0.00214145
0.00229254
0.00262669
0.00311547
0.00362175
0.00397029
0.00415113
0.00410736
0.00391219
0.00371193
0.00334245
0.0030786
0.00266018
0.00240407
0.00213512
0.00481762
0.0377028
0.0497226
0.0355421
0.027505
0.0150875
0.00869685
0.00432488
0.00217329
0.00101181
0.000464069
0.000202066
8.41855e-05
3.34474e-05
1.2599e-05
4.52527e-06
1.52043e-06
4.86251e-07
1.24105e-07
2.15193e-08
3.78414e-09
6.72749e-10
1.18594e-10
2.05805e-11
3.50234e-12
5.61304e-13
7.28924e-23
3.87363e-22
1.92353e-21
9.25982e-21
4.30446e-20
1.92274e-19
8.23046e-19
3.35963e-18
1.30525e-17
4.83075e-17
1.70211e-16
5.69219e-16
1.78119e-15
5.20854e-15
1.42976e-14
3.76794e-14
9.78495e-14
2.6391e-13
7.82349e-13
2.51339e-12
8.12267e-12
2.49469e-11
7.11226e-11
1.86383e-10
4.48625e-10
9.90641e-10
1.97843e-09
3.65027e-09
6.48323e-09
1.17458e-08
2.2255e-08
4.30013e-08
8.02249e-08
1.40653e-07
2.27905e-07
3.43265e-07
4.84216e-07
6.40969e-07
8.05009e-07
9.65786e-07
1.11811e-06
1.30064e-06
1.7987e-06
3.28027e-06
6.30305e-06
1.1141e-05
1.75554e-05
2.53853e-05
3.37911e-05
4.16148e-05
4.84335e-05
5.30158e-05
5.66936e-05
6.31659e-05
7.75421e-05
9.7031e-05
0.0001168
0.000132352
0.000142193
0.000147032
0.000155881
0.000174523
0.000203684
0.000235852
0.000259836
0.000273817
0.000273452
0.000262835
0.000249325
0.000225514
0.000206104
0.000177708
0.000158255
0.00013601
0.000207706
0.00144955
0.00182071
0.00136097
0.00106863
0.000601482
0.000354096
0.000178982
9.11942e-05
4.29347e-05
1.99246e-05
8.78803e-06
3.72734e-06
1.51406e-06
5.872e-07
2.18474e-07
7.75143e-08
2.64152e-08
8.52147e-09
2.61009e-09
7.89451e-10
1.88103e-10
3.22763e-11
5.49649e-12
9.22634e-13
1.46218e-13
)
;

boundaryField
{
    AXIS
    {
        type            empty;
    }
    OUTLET
    {
        type            calculated;
        value           nonuniform List<scalar> 
50
(
0.00347277
0.00389453
0.00479264
0.00596069
0.00745813
0.00893155
0.0103384
0.0117939
0.0132128
0.0146241
0.0160168
0.0172245
0.0177762
0.0181945
0.019193
0.0207191
0.0223655
0.0240355
0.0260064
0.0284392
0.0312378
0.0340187
0.0364562
0.0386181
0.040307
0.0412291
0.0418789
0.0429621
0.0447297
0.0468279
0.0488135
0.0346945
0.013268
0.00435268
0.00114428
0.00022511
4.01732e-05
8.4045e-06
1.8526e-06
3.43392e-07
6.66669e-08
1.22168e-08
2.33715e-09
4.80743e-10
1.03273e-10
2.5843e-11
7.21864e-12
1.98474e-12
5.61304e-13
1.46218e-13
)
;
    }
    COFLOW
    {
        type            calculated;
        value           uniform 0;
    }
    PILOT
    {
        type            calculated;
        value           uniform 0;
    }
    FUEL
    {
        type            calculated;
        value           uniform 0;
    }
    WALL
    {
        type            calculated;
        value           nonuniform List<scalar> 
100
(
7.28924e-23
3.87363e-22
1.92353e-21
9.25982e-21
4.30446e-20
1.92274e-19
8.23046e-19
3.35963e-18
1.30525e-17
4.83075e-17
1.70211e-16
5.69219e-16
1.78119e-15
5.20854e-15
1.42976e-14
3.76794e-14
9.78495e-14
2.6391e-13
7.82349e-13
2.51339e-12
8.12267e-12
2.49469e-11
7.11226e-11
1.86383e-10
4.48625e-10
9.90641e-10
1.97843e-09
3.65027e-09
6.48323e-09
1.17458e-08
2.2255e-08
4.30013e-08
8.02249e-08
1.40653e-07
2.27905e-07
3.43265e-07
4.84216e-07
6.40969e-07
8.05009e-07
9.65786e-07
1.11811e-06
1.30064e-06
1.7987e-06
3.28027e-06
6.30305e-06
1.1141e-05
1.75554e-05
2.53853e-05
3.37911e-05
4.16148e-05
4.84335e-05
5.30158e-05
5.66936e-05
6.31659e-05
7.75421e-05
9.7031e-05
0.0001168
0.000132352
0.000142193
0.000147032
0.000155881
0.000174523
0.000203684
0.000235852
0.000259836
0.000273817
0.000273452
0.000262835
0.000249325
0.000225514
0.000206104
0.000177708
0.000158255
0.00013601
0.000207706
0.00144955
0.00182071
0.00136097
0.00106863
0.000601482
0.000354096
0.000178982
9.11942e-05
4.29347e-05
1.99246e-05
8.78803e-06
3.72734e-06
1.51406e-06
5.872e-07
2.18474e-07
7.75143e-08
2.64152e-08
8.52147e-09
2.61009e-09
7.89451e-10
1.88103e-10
3.22763e-11
5.49649e-12
9.22634e-13
1.46218e-13
)
;
    }
    front
    {
        type            wedge;
    }
    back
    {
        type            wedge;
    }
}


// ************************************************************************* //
