/*--------------------------------*- C++ -*----------------------------------*\
| =========                 |                                                 |
| \\      /  F ield         | OpenFOAM: The Open Source CFD Toolbox           |
|  \\    /   O peration     | Version:  2.3.0                                 |
|   \\  /    A nd           | Web:      www.OpenFOAM.org                      |
|    \\/     M anipulation  |                                                 |
\*---------------------------------------------------------------------------*/
FoamFile
{
    version     2.0;
    format      ascii;
    class       volScalarField;
    location    "0.04";
    object      alphaSgs;
}
// * * * * * * * * * * * * * * * * * * * * * * * * * * * * * * * * * * * * * //

dimensions      [1 -1 -1 0 0 0 0];

internalField   nonuniform List<scalar> 
5000
(
2.85239e-08
2.51156e-08
1.70903e-08
2.46952e-08
4.04131e-08
4.98877e-08
7.16023e-08
4.7254e-08
1.96527e-08
3.63215e-08
3.24644e-08
3.60306e-08
3.37331e-08
3.37401e-08
2.52319e-08
4.15385e-08
6.3055e-08
7.98289e-08
2.67844e-08
2.34369e-08
1.98681e-08
3.15937e-08
4.21676e-08
7.46448e-08
2.74543e-08
2.19452e-08
9.61417e-09
3.05436e-08
2.98831e-08
4.71367e-08
6.07146e-08
4.68334e-08
4.45158e-08
6.29138e-08
2.90671e-08
3.24983e-08
5.1406e-08
5.92575e-08
6.98539e-08
2.51471e-08
4.38881e-08
3.75605e-08
6.11654e-08
6.22715e-08
7.28149e-08
6.08249e-08
6.12187e-08
5.08824e-08
5.688e-08
4.7281e-08
4.7302e-08
1.14513e-07
7.41212e-08
2.38661e-08
4.59491e-08
3.83502e-08
5.29509e-08
5.23727e-08
4.20634e-08
1.66575e-08
1.07583e-08
2.56988e-08
4.03865e-08
5.67949e-08
5.42017e-08
2.97948e-08
5.07077e-08
5.5168e-08
6.8912e-08
3.68629e-08
8.73963e-08
5.94027e-08
3.84629e-08
3.28421e-08
2.90875e-08
5.92122e-08
8.45986e-08
1.00598e-07
1.05307e-08
1.16799e-08
1.38941e-08
2.34967e-08
3.42936e-08
3.52501e-08
3.53321e-08
4.09094e-08
4.60562e-08
7.45127e-08
8.26716e-08
7.48828e-09
7.25769e-09
3.98166e-09
1.33462e-08
2.2154e-08
3.32793e-08
1.82964e-08
2.74037e-08
1.20445e-08
9.81219e-08
4.27832e-08
2.83291e-07
4.61013e-08
8.34905e-08
6.30369e-08
3.03026e-08
8.93552e-08
1.47414e-07
1.45263e-07
1.04784e-07
7.95459e-08
3.99212e-08
4.7579e-08
2.37557e-08
6.57842e-08
1.30361e-08
4.55228e-08
6.92781e-08
9.2803e-08
1.67542e-08
5.05143e-08
5.72899e-08
6.02094e-08
1.15834e-07
1.85449e-07
1.21534e-07
8.92347e-08
7.56189e-08
1.19898e-07
1.31224e-07
8.01679e-08
1.02621e-07
7.95649e-08
1.00075e-07
1.19194e-07
7.85161e-08
2.09427e-08
5.53484e-08
9.69413e-08
1.66937e-07
1.46177e-07
6.71852e-08
9.49304e-08
1.04384e-07
1.30019e-07
1.57647e-07
1.8244e-07
1.35584e-07
9.90183e-08
2.20681e-07
1.60161e-07
1.16342e-07
1.85015e-07
2.05075e-07
1.3033e-07
1.51165e-07
1.13838e-07
1.16304e-07
1.14369e-07
9.30313e-08
7.58049e-08
6.70219e-08
6.71016e-08
9.13802e-08
1.14037e-07
1.39327e-07
9.64623e-08
7.81684e-08
7.59787e-08
9.76048e-08
1.29106e-07
1.00342e-07
1.13892e-07
2.3255e-07
2.54166e-07
2.7652e-07
2.30925e-07
2.59976e-07
2.15614e-07
1.00139e-07
6.06231e-08
3.37626e-08
4.25043e-08
8.50541e-08
1.37013e-07
1.71566e-07
1.7387e-07
1.83122e-07
2.33101e-07
2.76165e-07
1.35962e-07
4.82714e-09
8.51858e-09
2.57538e-08
6.32354e-08
4.60978e-08
7.16667e-08
4.81911e-08
9.82346e-08
1.29962e-07
1.06093e-07
1.15821e-07
2.07309e-07
3.21869e-07
3.10322e-07
2.04322e-07
1.64915e-07
1.79444e-07
1.57759e-07
9.34682e-08
1.41112e-07
8.79263e-08
5.64044e-08
3.42871e-08
5.90985e-08
5.57237e-08
4.34252e-08
9.28804e-08
1.47188e-07
1.01367e-07
4.45899e-08
3.49189e-08
8.86327e-08
1.42331e-07
2.40622e-07
2.5646e-07
4.53836e-08
6.53452e-08
1.72055e-07
2.58491e-07
1.65577e-07
1.55741e-07
9.95178e-08
1.02958e-07
1.24805e-07
1.90392e-07
3.45874e-08
1.05656e-07
1.87693e-07
2.73664e-07
2.37293e-07
3.64705e-08
1.00005e-08
1.51137e-08
3.6406e-08
5.48924e-08
7.12731e-08
7.2042e-08
1.05851e-07
1.44534e-07
4.12526e-07
4.52535e-07
4.65374e-07
4.00143e-07
3.17597e-07
2.4565e-07
5.24712e-08
3.3075e-08
1.6315e-08
3.95621e-08
8.38075e-08
1.54053e-07
1.89108e-07
2.52091e-07
2.55495e-07
2.12597e-07
1.62295e-07
1.58605e-07
1.50575e-07
1.21169e-07
8.72855e-08
6.59712e-08
6.07921e-08
8.84327e-08
1.99069e-07
5.37687e-07
7.03264e-07
7.58621e-07
5.16613e-07
1.35253e-07
2.91246e-08
3.2706e-09
1.48421e-08
7.51304e-08
1.76646e-07
2.60047e-07
3.17331e-07
3.88318e-07
4.07296e-07
4.33389e-07
2.57909e-07
2.14114e-08
8.34821e-09
1.78995e-08
5.17674e-08
6.94533e-08
6.54603e-08
6.54851e-08
2.86847e-08
6.84554e-08
2.85675e-08
8.18089e-07
1.6423e-07
9.23385e-08
1.7848e-07
3.22796e-07
2.73382e-07
2.79666e-07
2.15656e-07
1.95183e-07
1.23358e-07
1.25372e-07
5.59183e-08
2.19529e-08
4.67422e-08
6.53767e-08
9.19845e-08
1.10798e-07
1.56846e-07
1.54037e-07
1.82509e-07
1.67034e-07
2.54418e-07
3.6762e-07
3.69837e-07
3.939e-07
5.20982e-08
5.47585e-08
2.09482e-07
3.44174e-07
2.98805e-07
2.37527e-07
1.54229e-07
1.62236e-07
2.5873e-07
1.75395e-07
1.08878e-07
1.88605e-07
3.15797e-07
4.30295e-07
2.35084e-07
2.66638e-08
2.93524e-08
3.31865e-08
6.56137e-08
6.66348e-08
6.93166e-08
5.02638e-08
4.74572e-08
6.76218e-08
1.1819e-07
5.13882e-07
9.00134e-07
8.94506e-07
7.49013e-07
3.72784e-07
6.06739e-08
3.1127e-08
3.87855e-08
5.55478e-08
6.01555e-08
1.3779e-07
2.8952e-07
4.21898e-07
3.95247e-07
3.93044e-07
2.02402e-07
1.66672e-07
9.71742e-08
6.22029e-08
5.13768e-08
2.89589e-08
3.82507e-08
7.78812e-08
1.00039e-07
4.72354e-07
6.3974e-07
1.14544e-06
1.10769e-06
4.9647e-07
2.14131e-07
1.26615e-07
1.44185e-07
1.77754e-07
1.87395e-07
2.65769e-07
3.39849e-07
5.66625e-07
6.60714e-07
6.49735e-07
3.91789e-07
3.9013e-08
2.78589e-08
1.35207e-08
2.63353e-08
4.34013e-08
8.69955e-08
7.61448e-08
1.01961e-07
7.86466e-08
1.29923e-07
5.31176e-07
1.0489e-07
2.91729e-07
5.21295e-08
1.81513e-07
1.29454e-07
1.53442e-07
1.5717e-07
1.6417e-07
1.61984e-07
1.77625e-07
6.30386e-08
7.4289e-08
8.08902e-08
1.81694e-07
2.47561e-08
1.61757e-07
2.50189e-07
2.96189e-07
5.04271e-08
1.33369e-07
2.03083e-07
3.33332e-07
6.47876e-07
6.11479e-07
1.71185e-07
2.00361e-07
2.96064e-07
4.29893e-07
3.15256e-07
6.27799e-08
8.5555e-08
2.03895e-07
4.92393e-07
6.53913e-07
3.91583e-07
4.54093e-07
4.9558e-07
5.49284e-07
4.14958e-07
9.87331e-08
1.45675e-08
1.67567e-08
3.70921e-08
5.14983e-08
5.62559e-08
5.25849e-08
5.32411e-08
5.7762e-08
6.51042e-08
1.39831e-07
6.72872e-07
1.33904e-06
1.44939e-06
1.11947e-06
1.21332e-07
4.04499e-08
2.66474e-08
3.70225e-08
3.88576e-08
2.7436e-08
1.50886e-07
4.56164e-07
5.6032e-07
5.91639e-07
2.64185e-07
1.60307e-07
7.58107e-08
4.46065e-08
3.07101e-08
3.1648e-08
4.81126e-08
6.5922e-08
1.02893e-07
8.31318e-08
4.28227e-07
1.00396e-06
1.52408e-06
9.14751e-07
4.95128e-07
1.5294e-07
1.47843e-07
1.66399e-07
2.76508e-07
3.3464e-07
3.55731e-07
6.18043e-07
9.23919e-07
8.79016e-07
6.77163e-07
5.11662e-08
1.79089e-08
9.64352e-09
2.0441e-08
5.81338e-08
8.71684e-08
1.10172e-07
6.92376e-08
8.7391e-08
1.06119e-07
3.5636e-07
3.82228e-07
1.03716e-07
2.55266e-07
4.43377e-07
4.03274e-07
3.43357e-07
3.00989e-07
2.84121e-07
2.16716e-07
2.27855e-07
6.99216e-08
6.93323e-08
7.39413e-08
1.79112e-07
1.30642e-07
1.93929e-07
3.21383e-07
5.3617e-07
2.8847e-07
1.86805e-07
1.74736e-07
2.83163e-07
1.08593e-06
1.98382e-06
1.08332e-06
5.26534e-07
4.3193e-07
5.15672e-07
4.20072e-07
9.10282e-08
8.73892e-08
1.08241e-07
2.91221e-07
1.12958e-06
1.00136e-06
7.41183e-07
6.99646e-07
6.65881e-07
5.85795e-07
2.75224e-07
1.3969e-07
6.96297e-08
7.6437e-08
7.13981e-08
7.94343e-08
7.86428e-08
7.31978e-08
6.81263e-08
7.44154e-08
4.40357e-08
2.92545e-07
1.08811e-06
1.61607e-06
1.00933e-06
4.26764e-07
1.4442e-08
5.07006e-08
6.91685e-08
5.49705e-08
3.1466e-08
9.02067e-08
3.57081e-07
7.16582e-07
7.35531e-07
2.99665e-07
1.43171e-07
5.89367e-08
3.63784e-08
3.1658e-08
4.18399e-08
6.62543e-08
1.00555e-07
1.29672e-07
1.49728e-07
3.46318e-07
5.03503e-07
1.26521e-06
2.01829e-06
7.68176e-07
1.05134e-07
8.76286e-08
9.03929e-08
1.78105e-07
3.0406e-07
3.63547e-07
6.40951e-07
1.07578e-06
1.06816e-06
1.04609e-06
5.94024e-08
1.4662e-08
4.12131e-09
1.4631e-08
3.86097e-08
7.68729e-08
1.03332e-07
8.56187e-08
1.0179e-07
1.7139e-07
4.40508e-07
1.13911e-07
1.9065e-07
1.07622e-07
4.77792e-08
2.11802e-07
4.64661e-07
4.66126e-07
4.36376e-07
3.84256e-07
3.3387e-07
1.45677e-07
1.2179e-07
1.20531e-07
1.01698e-07
1.76739e-07
2.10945e-07
3.12302e-07
4.35866e-07
2.17e-07
1.02926e-07
8.49436e-08
1.1964e-07
2.11664e-07
1.50114e-06
2.29837e-06
2.15442e-06
8.94155e-07
7.47885e-07
6.32829e-07
9.06558e-08
3.39918e-08
4.75692e-08
1.31769e-07
2.47264e-07
1.36309e-06
1.56325e-06
1.17943e-06
8.07845e-07
8.18777e-07
4.59235e-07
1.62748e-07
5.52011e-08
4.51735e-08
5.82652e-08
9.02592e-08
7.75862e-08
8.94162e-08
9.78735e-08
7.73219e-08
4.56182e-08
1.31751e-07
6.79593e-07
1.55004e-06
1.6721e-06
1.33026e-06
2.12908e-08
3.49585e-08
6.88828e-08
5.09861e-08
4.92196e-08
7.09983e-08
3.49266e-07
8.38169e-07
8.12905e-07
2.85495e-07
1.11525e-07
4.66655e-08
3.22373e-08
3.35349e-08
4.97037e-08
7.82524e-08
1.81982e-07
2.14591e-07
3.11089e-07
2.37788e-07
1.41966e-07
7.22703e-07
1.58366e-06
1.6202e-06
6.50701e-07
8.90488e-08
8.00291e-08
1.60781e-07
2.67668e-07
2.26544e-07
4.79704e-07
9.4807e-07
1.27576e-06
1.39637e-06
9.14044e-08
1.03454e-08
6.11487e-09
1.66244e-08
4.53242e-08
7.3942e-08
9.36511e-08
7.13767e-08
1.10876e-07
1.47629e-07
1.69959e-06
1.4962e-08
4.86657e-07
3.36255e-07
3.86892e-07
4.38882e-07
4.22874e-07
2.49845e-07
3.48988e-07
2.5252e-07
2.86958e-07
1.67573e-07
2.00711e-07
2.67691e-07
5.02839e-07
2.82964e-07
4.60162e-07
4.676e-07
8.07931e-07
1.22399e-07
8.36426e-08
6.12248e-08
6.52753e-08
1.21164e-07
1.6665e-07
1.47936e-06
1.89652e-06
2.08104e-06
1.89574e-06
1.6478e-06
2.01031e-07
7.53947e-08
7.16156e-08
9.10714e-08
1.17686e-07
4.21278e-07
1.50762e-06
1.97244e-06
1.35845e-06
1.5466e-06
5.93005e-07
1.98271e-07
5.94895e-08
5.3951e-08
6.8129e-08
8.29268e-08
1.03264e-07
9.74584e-08
9.92088e-08
8.7162e-08
4.53163e-08
4.12907e-08
2.52981e-07
1.01892e-06
1.91801e-06
6.70728e-07
4.46556e-07
5.52128e-08
1.19567e-07
1.37865e-07
6.82389e-08
5.74727e-08
4.12602e-07
9.44929e-07
8.99188e-07
3.11484e-07
1.14339e-07
5.5432e-08
4.20852e-08
4.5338e-08
5.54218e-08
1.06539e-07
2.61177e-07
2.96746e-07
5.06642e-07
4.30147e-07
5.43478e-07
7.60715e-07
1.24399e-06
1.4459e-06
8.33173e-07
1.81299e-08
5.14473e-08
1.44183e-07
2.63088e-07
2.50444e-07
2.30238e-07
8.22139e-07
1.65203e-06
1.62353e-06
1.66544e-07
2.79558e-08
9.3845e-09
1.99042e-08
4.00429e-08
7.27169e-08
1.06116e-07
1.48112e-07
1.12294e-07
4.33228e-07
3.63001e-07
3.46443e-07
2.69146e-07
2.25828e-07
1.53435e-07
1.80306e-07
2.29143e-07
8.68898e-08
2.56572e-07
1.97872e-07
8.56743e-08
1.31219e-07
8.14304e-08
1.41625e-07
3.00985e-07
6.07766e-07
4.66248e-07
4.11123e-07
4.16012e-07
3.36158e-07
1.5788e-07
6.53322e-08
8.29831e-08
9.08107e-08
1.30539e-07
6.4526e-07
1.05161e-06
1.86462e-06
2.36476e-06
2.44971e-06
6.44408e-07
1.65069e-07
1.20275e-07
1.55806e-07
1.54372e-07
1.8655e-07
6.53812e-07
1.67552e-06
1.85418e-06
1.78074e-06
1.06194e-06
2.30868e-07
6.57021e-08
5.15136e-08
6.33301e-08
1.05962e-07
1.06177e-07
9.39356e-08
9.848e-08
8.55983e-08
2.0268e-08
9.66883e-09
7.81962e-08
4.80576e-07
1.80446e-06
6.67739e-07
8.639e-07
7.04102e-08
1.25948e-07
1.19275e-07
4.75774e-08
3.4269e-08
2.58576e-07
9.62151e-07
9.39273e-07
4.20254e-07
1.28541e-07
6.46913e-08
5.00547e-08
4.62147e-08
6.54005e-08
1.38868e-07
3.11143e-07
5.59538e-07
4.76509e-07
7.32183e-07
8.03605e-07
9.77604e-07
1.49249e-06
1.43108e-06
9.04768e-07
1.52071e-07
1.01127e-07
1.62065e-07
2.91872e-07
2.47002e-07
2.40788e-07
7.18263e-07
1.52131e-06
1.65687e-06
4.07165e-07
8.74194e-09
1.26625e-08
2.45147e-08
4.83097e-08
8.36234e-08
1.27169e-07
1.82771e-07
3.01421e-07
1.93708e-07
2.04315e-06
1.22047e-07
2.53139e-07
2.86565e-07
3.55214e-07
2.55448e-07
1.92997e-07
1.4138e-07
4.86867e-08
3.2928e-08
6.75928e-08
1.07102e-07
1.80477e-07
2.55508e-07
5.12951e-07
1.66174e-06
6.74784e-07
7.85775e-07
1.39484e-06
5.22961e-07
2.45655e-07
1.08627e-07
8.72722e-08
1.40602e-07
2.04353e-07
3.89151e-07
7.09449e-07
1.0163e-06
2.12513e-06
1.88506e-06
1.12102e-06
1.84039e-07
1.15432e-07
1.34386e-07
1.79409e-07
1.10043e-07
1.67907e-07
8.35715e-07
2.1798e-06
1.83766e-06
2.10579e-06
1.92341e-07
8.42634e-08
6.17068e-08
7.16779e-08
9.27064e-08
1.00356e-07
9.04479e-08
6.30544e-08
7.68924e-08
4.41596e-08
2.06574e-07
2.88817e-07
7.83506e-07
1.51841e-06
8.55729e-07
1.15608e-06
1.87591e-07
2.549e-07
1.99893e-07
4.84221e-08
2.69146e-08
2.50938e-07
9.80365e-07
9.8093e-07
6.13993e-07
1.52277e-07
6.91673e-08
5.25447e-08
4.95965e-08
7.21952e-08
1.8119e-07
4.07537e-07
6.43007e-07
8.66256e-07
9.897e-07
8.28808e-07
9.5344e-07
1.23551e-06
1.28291e-06
8.05124e-07
2.54191e-07
1.86136e-07
1.88647e-07
3.42811e-07
2.74387e-07
2.7923e-07
5.45278e-07
1.36517e-06
1.53534e-06
7.82929e-07
1.83506e-08
1.77098e-08
2.31835e-08
4.60704e-08
9.57665e-08
2.08453e-07
3.02723e-07
4.80725e-07
4.94588e-07
3.36536e-07
9.46528e-07
8.76942e-07
9.10644e-07
1.01397e-06
1.27541e-06
9.96865e-07
8.53563e-07
8.17371e-07
1.12853e-06
1.00339e-06
1.15894e-06
7.59025e-07
6.72895e-07
6.23181e-07
1.17555e-06
7.19466e-07
1.20201e-06
1.56504e-06
9.08282e-07
2.91863e-07
1.15548e-07
1.29752e-07
2.69677e-07
4.21647e-07
4.76469e-07
6.44422e-07
6.21759e-07
1.60334e-06
1.73951e-06
7.67316e-07
1.65009e-07
1.63678e-07
1.91002e-07
1.83431e-07
1.97161e-07
3.1974e-07
9.84681e-08
1.55632e-06
1.77535e-06
2.00198e-06
3.36475e-07
1.27958e-07
6.88028e-08
6.40923e-08
1.09987e-07
1.37698e-07
1.0353e-07
2.82022e-07
4.24247e-07
4.61333e-07
5.08319e-07
6.30059e-07
1.22472e-06
1.29495e-06
1.08396e-06
2.96274e-07
6.08407e-08
2.06337e-07
1.13891e-07
4.22076e-08
3.38094e-08
1.84388e-07
9.37616e-07
1.03126e-06
7.4002e-07
1.76852e-07
7.87415e-08
5.83268e-08
5.23544e-08
1.11377e-07
2.58378e-07
5.06769e-07
1.05423e-06
8.86731e-07
1.09599e-06
1.1181e-06
9.98518e-07
1.25304e-06
1.10148e-06
7.35166e-07
2.73071e-07
2.16191e-07
2.40289e-07
4.28777e-07
3.05413e-07
3.08597e-07
4.62309e-07
1.40418e-06
1.49425e-06
1.30492e-06
3.06516e-08
3.00862e-08
3.72159e-08
6.21933e-08
1.32563e-07
2.54632e-07
4.05179e-07
7.24669e-07
5.15273e-07
1.35181e-07
2.77559e-07
4.74558e-07
4.58778e-07
5.88243e-07
5.97566e-07
5.41896e-07
4.99574e-07
7.08969e-07
7.32097e-07
9.42134e-07
7.79503e-07
5.70479e-07
5.70513e-07
7.9591e-07
5.06022e-07
1.06947e-06
1.73353e-06
1.51407e-06
8.64229e-07
2.81015e-07
1.41984e-07
1.56987e-07
4.6897e-07
6.57257e-07
1.07706e-06
1.02604e-06
1.17653e-06
1.98609e-06
1.67242e-06
1.12632e-06
1.58284e-07
1.48457e-07
3.21626e-07
3.98062e-07
2.33892e-07
3.73463e-07
2.3004e-07
1.21971e-06
2.41799e-06
1.8002e-06
6.82768e-07
1.34692e-07
6.49517e-08
7.52115e-08
1.50411e-07
3.23402e-07
5.04534e-07
8.50071e-07
7.52874e-07
6.82927e-07
7.56946e-07
1.07397e-06
1.53363e-06
1.0565e-06
5.73631e-07
1.03727e-07
1.0538e-07
2.08322e-07
1.59194e-07
1.92817e-08
4.68894e-08
3.27577e-07
1.016e-06
1.10278e-06
7.96153e-07
1.73926e-07
7.82617e-08
5.8476e-08
7.065e-08
1.51267e-07
3.52568e-07
6.84795e-07
6.78962e-07
1.18055e-06
1.21178e-06
1.05404e-06
1.22073e-06
1.26305e-06
1.14185e-06
6.80063e-07
3.49395e-07
2.66139e-07
3.07264e-07
4.68446e-07
5.8638e-07
4.86575e-07
7.10254e-07
1.34835e-06
1.41646e-06
1.36172e-06
6.90233e-08
6.74942e-08
6.4682e-08
9.14487e-08
1.87795e-07
3.75556e-07
6.11519e-07
8.13368e-07
7.42565e-07
2.9795e-09
9.68455e-09
4.22961e-08
5.88929e-08
1.35942e-08
6.70159e-08
1.62525e-07
3.28552e-07
3.47058e-07
2.95928e-07
2.21164e-07
2.20591e-07
4.08289e-07
5.33182e-07
4.41321e-07
7.47525e-07
1.36058e-06
1.64087e-06
1.23536e-06
5.94002e-07
2.91707e-07
2.89468e-07
2.24544e-07
5.24853e-07
9.73936e-07
1.23133e-06
7.02295e-07
1.59824e-06
1.94214e-06
1.20283e-06
4.44255e-07
2.09634e-07
2.48127e-07
5.83188e-07
6.56065e-07
4.64969e-07
5.35809e-07
3.94793e-07
1.13377e-06
2.35583e-06
1.68021e-06
7.16686e-07
1.272e-07
8.44146e-08
8.00716e-08
3.55909e-07
8.20477e-07
1.0351e-06
1.11837e-06
8.93852e-07
8.70332e-07
9.83107e-07
1.32452e-06
1.20174e-06
5.17023e-07
3.20985e-07
1.73078e-07
9.95822e-08
2.09769e-07
3.14415e-07
2.08746e-07
2.23346e-07
4.9712e-07
1.12979e-06
1.11165e-06
8.37541e-07
1.45771e-07
7.79771e-08
6.35613e-08
8.12539e-08
2.3807e-07
4.45656e-07
6.41506e-07
1.17563e-06
1.02064e-06
1.44013e-06
1.40231e-06
1.57444e-06
1.38987e-06
1.05213e-06
5.83526e-07
3.96022e-07
3.36102e-07
4.8007e-07
6.31781e-07
8.13813e-07
9.58796e-07
8.41154e-07
1.38354e-06
1.5781e-06
1.3309e-06
1.87865e-07
1.50333e-07
1.13177e-07
1.49381e-07
2.71242e-07
4.76857e-07
7.77337e-07
1.14196e-06
8.7609e-07
1.17301e-07
8.83176e-08
1.28929e-07
1.50207e-07
1.27704e-07
1.31146e-07
1.36383e-07
2.09244e-07
1.90014e-07
1.96667e-07
1.39502e-07
1.6307e-07
2.5238e-07
4.06023e-07
5.12923e-07
6.55981e-07
7.99477e-07
7.68783e-07
7.54497e-07
4.22862e-07
5.00697e-07
2.12883e-07
1.05928e-07
5.70373e-07
1.01169e-06
7.39072e-07
1.05905e-06
1.43736e-06
1.02175e-06
6.91072e-07
3.73156e-07
2.57197e-07
4.79792e-07
1.10164e-06
9.76171e-07
1.19755e-06
5.09861e-07
4.47115e-07
1.07346e-06
2.2012e-06
1.36358e-06
4.49691e-07
1.24531e-07
8.80433e-08
2.70109e-07
8.66029e-07
1.17552e-06
1.36546e-06
1.12728e-06
9.7992e-07
1.06718e-06
1.25398e-06
1.21528e-06
7.30579e-07
4.84069e-07
4.32733e-07
6.17322e-07
5.10392e-07
7.66737e-07
5.51551e-07
5.61239e-07
4.44944e-07
7.4096e-07
1.26236e-06
1.15893e-06
5.17286e-07
1.26019e-07
8.12072e-08
6.83341e-08
1.31108e-07
2.77272e-07
4.32121e-07
6.54019e-07
7.8227e-07
1.49503e-06
1.86198e-06
1.47067e-06
1.3615e-06
1.15042e-06
9.62877e-07
6.12864e-07
4.21739e-07
4.81519e-07
5.91172e-07
9.05333e-07
8.32698e-07
1.18936e-06
1.10311e-06
1.48448e-06
1.53138e-06
1.35402e-06
3.60377e-07
2.55059e-07
1.84451e-07
1.97808e-07
3.34389e-07
6.20463e-07
9.85197e-07
8.70899e-07
1.1844e-06
6.03057e-08
1.71585e-08
9.13817e-08
4.2428e-08
6.80798e-09
2.99394e-08
6.25498e-09
6.20572e-08
7.31647e-08
4.51711e-08
7.96986e-09
7.00744e-08
1.87802e-07
2.97701e-07
3.4134e-07
3.67983e-07
5.15083e-07
4.92705e-07
4.1871e-07
4.28158e-07
2.84009e-07
1.31402e-07
7.04108e-07
7.90134e-07
9.27923e-07
1.14978e-06
8.19998e-07
9.42209e-07
4.92376e-07
5.30868e-07
4.19325e-07
2.88571e-07
8.04144e-07
6.76635e-07
1.10344e-06
1.12791e-06
7.30115e-07
6.61756e-07
1.33105e-06
2.24719e-06
1.47475e-06
3.55069e-07
1.21142e-07
7.13084e-08
4.61883e-07
1.12077e-06
1.36521e-06
1.41274e-06
1.12354e-06
1.08828e-06
1.10946e-06
1.06601e-06
7.21255e-07
4.4178e-07
4.4194e-07
9.5762e-07
1.1022e-06
1.05918e-06
1.07629e-06
7.34777e-07
6.10343e-07
5.7573e-07
8.69655e-07
1.30288e-06
1.06971e-06
3.49491e-07
1.33926e-07
9.34185e-08
8.39205e-08
1.83669e-07
2.96868e-07
3.74657e-07
5.57416e-07
7.87878e-07
1.10389e-06
1.58106e-06
1.41094e-06
1.22005e-06
8.86945e-07
7.73596e-07
6.03506e-07
4.81761e-07
6.13155e-07
9.44313e-07
1.11624e-06
8.92964e-07
1.16693e-06
1.30414e-06
1.586e-06
1.72983e-06
1.42441e-06
6.22181e-07
3.49556e-07
2.21455e-07
2.57545e-07
3.50665e-07
7.81165e-07
1.08012e-06
1.28054e-06
1.40315e-06
1.2872e-07
5.60824e-08
9.9805e-08
8.80741e-08
8.45458e-08
8.08737e-08
7.96981e-08
7.15024e-08
6.2275e-08
9.94198e-08
6.38547e-08
4.46501e-08
1.2718e-07
2.02283e-07
2.52385e-07
3.07042e-07
2.56272e-07
7.98161e-08
6.45162e-08
1.78788e-07
8.81114e-08
5.88788e-07
5.00432e-07
7.17001e-07
5.28333e-07
5.53361e-07
7.55263e-07
7.84099e-07
4.44229e-07
4.47954e-07
3.94284e-07
4.57786e-07
1.15372e-06
1.01043e-06
1.31993e-06
1.26251e-06
8.29119e-07
9.63336e-07
1.62239e-06
1.97907e-06
1.07599e-06
3.04632e-07
9.58676e-08
9.52206e-08
7.07497e-07
1.25015e-06
1.27398e-06
1.32002e-06
1.08755e-06
1.04892e-06
8.66825e-07
6.32814e-07
4.16924e-07
4.02317e-07
8.52178e-07
9.29082e-07
1.28608e-06
1.25442e-06
1.03387e-06
8.14832e-07
7.99743e-07
8.44791e-07
1.15919e-06
1.36915e-06
9.75438e-07
2.83031e-07
1.45672e-07
9.81744e-08
1.34426e-07
2.38266e-07
3.43395e-07
3.89437e-07
5.60828e-07
8.7036e-07
1.09085e-06
1.82392e-06
1.53899e-06
1.08587e-06
7.91951e-07
7.00046e-07
5.40457e-07
4.43508e-07
6.84473e-07
1.26485e-06
1.24515e-06
1.23192e-06
1.24383e-06
1.29885e-06
1.68361e-06
1.99526e-06
1.48702e-06
6.85217e-07
3.68803e-07
2.51828e-07
2.18004e-07
4.19807e-07
8.611e-07
1.18141e-06
1.22515e-06
1.44897e-06
7.61411e-08
2.34682e-08
7.67212e-08
2.1124e-08
1.00447e-09
2.0298e-08
2.39563e-08
4.79678e-08
5.5496e-08
4.64191e-08
3.41075e-08
5.02899e-08
1.04185e-07
1.68858e-07
2.17721e-07
2.23086e-07
2.48749e-07
1.38919e-07
3.23795e-07
3.45412e-07
4.69695e-07
5.96393e-07
8.15386e-07
4.8387e-07
5.05622e-07
3.6967e-07
3.30176e-07
1.70038e-07
1.90425e-07
3.40883e-07
3.94046e-07
6.1941e-07
1.12072e-06
9.90212e-07
1.38151e-06
1.35077e-06
1.06477e-06
1.42772e-06
1.95262e-06
1.58852e-06
6.74718e-07
2.21432e-07
9.2751e-08
2.71842e-07
1.15349e-06
9.10645e-07
1.26808e-06
9.04514e-07
7.91421e-07
6.4699e-07
4.57913e-07
3.4797e-07
2.88152e-07
5.03811e-07
1.0801e-06
9.9378e-07
1.23266e-06
1.23221e-06
1.06919e-06
8.57276e-07
9.14974e-07
1.08834e-06
1.47779e-06
1.18914e-06
5.4147e-07
2.26185e-07
1.36955e-07
1.20243e-07
2.02638e-07
2.99288e-07
3.3498e-07
4.04934e-07
5.51869e-07
6.79719e-07
1.16651e-06
1.32927e-06
1.362e-06
1.07514e-06
7.97083e-07
6.70198e-07
5.28822e-07
4.80333e-07
7.53256e-07
1.35943e-06
1.37528e-06
1.36e-06
1.31401e-06
1.36183e-06
1.74404e-06
2.0047e-06
1.28836e-06
6.69309e-07
3.6207e-07
2.57457e-07
2.69014e-07
5.59938e-07
9.92884e-07
1.20496e-06
1.13796e-06
1.4115e-06
1.39485e-08
6.23886e-08
7.80719e-08
6.11547e-08
6.87704e-08
1.82459e-08
6.76766e-08
8.5658e-08
9.01543e-08
9.82384e-08
9.22596e-08
1.04005e-07
1.36706e-07
1.64478e-07
1.87811e-07
1.93207e-07
1.8343e-07
2.35151e-07
2.10212e-07
3.77316e-07
5.10028e-07
5.2389e-07
4.52012e-07
5.42536e-07
4.01417e-07
2.75013e-07
2.06862e-07
8.92065e-08
1.2666e-07
3.6989e-07
4.31058e-07
6.03275e-07
7.91906e-07
1.02169e-06
1.44774e-06
1.43482e-06
1.19882e-06
1.69048e-06
1.90891e-06
1.07967e-06
4.79057e-07
2.01791e-07
1.6249e-07
4.6158e-07
9.30437e-07
7.58674e-07
9.59162e-07
6.02375e-07
4.60304e-07
3.82982e-07
2.56934e-07
2.41256e-07
2.14198e-07
6.6046e-07
9.64405e-07
1.08003e-06
1.43335e-06
1.28962e-06
1.15399e-06
1.03849e-06
1.10325e-06
1.28174e-06
1.45044e-06
1.00502e-06
4.30431e-07
2.23388e-07
1.63051e-07
1.47016e-07
2.47073e-07
3.1937e-07
3.35035e-07
3.74816e-07
5.01918e-07
8.37042e-07
7.6047e-07
1.17529e-06
1.20758e-06
9.59416e-07
7.07236e-07
6.44657e-07
4.86846e-07
5.4881e-07
9.21099e-07
1.18474e-06
1.39854e-06
1.53555e-06
1.66914e-06
1.48995e-06
1.63396e-06
1.68452e-06
1.02607e-06
5.97047e-07
3.33093e-07
2.34969e-07
3.73499e-07
6.53777e-07
1.02162e-06
1.22456e-06
1.22469e-06
1.52279e-06
1.1333e-07
2.13039e-08
1.11995e-07
8.74556e-08
1.05584e-07
1.49905e-07
1.82684e-07
2.02487e-07
2.03284e-07
2.05221e-07
1.80804e-07
1.8137e-07
1.97122e-07
2.05936e-07
1.89296e-07
1.5265e-07
1.51999e-07
1.82392e-07
3.73727e-07
4.15875e-07
5.06019e-07
5.64389e-07
6.61932e-07
5.40284e-07
3.99311e-07
2.49066e-07
1.43994e-07
7.10089e-08
1.57323e-07
2.85514e-07
3.16682e-07
4.40628e-07
6.32176e-07
1.00187e-06
1.69516e-06
1.41757e-06
1.12659e-06
1.11375e-06
1.03412e-06
7.22976e-07
4.27155e-07
2.31147e-07
3.04097e-07
5.75733e-07
6.96563e-07
6.07283e-07
7.29124e-07
4.534e-07
3.16647e-07
2.62566e-07
2.32699e-07
2.96793e-07
4.44056e-07
6.72924e-07
7.87703e-07
1.0109e-06
1.28787e-06
1.36076e-06
1.28819e-06
1.16075e-06
1.24079e-06
1.23562e-06
1.03542e-06
6.23782e-07
3.8873e-07
2.69699e-07
1.8617e-07
1.81159e-07
2.90743e-07
3.36163e-07
3.90647e-07
4.36356e-07
5.109e-07
5.77947e-07
9.85459e-07
8.0168e-07
8.37592e-07
7.01455e-07
5.47285e-07
4.59121e-07
4.66829e-07
5.8847e-07
9.38864e-07
1.17858e-06
1.55879e-06
1.67108e-06
1.58751e-06
1.86968e-06
1.62499e-06
1.34001e-06
8.31981e-07
5.03358e-07
3.07549e-07
2.2219e-07
4.28448e-07
7.37367e-07
8.10043e-07
1.17315e-06
1.35575e-06
1.63349e-06
2.63796e-07
2.69275e-07
3.23937e-07
3.87116e-07
4.22343e-07
4.05055e-07
3.84413e-07
3.59741e-07
3.31151e-07
3.02768e-07
2.65313e-07
2.54335e-07
2.47624e-07
2.30779e-07
1.94114e-07
1.37646e-07
9.30364e-08
9.65247e-08
2.6405e-07
3.74938e-07
4.82152e-07
5.31447e-07
5.23495e-07
5.10348e-07
3.79449e-07
2.43204e-07
1.24041e-07
2.86322e-08
8.01268e-08
2.48316e-07
3.37556e-07
4.50048e-07
5.52881e-07
1.02388e-06
1.46419e-06
9.87318e-07
8.02689e-07
7.29595e-07
4.20133e-07
4.79644e-07
3.14315e-07
2.7053e-07
3.76781e-07
5.88838e-07
5.04631e-07
5.01549e-07
4.73424e-07
3.33284e-07
2.7989e-07
2.52122e-07
2.73268e-07
3.57271e-07
4.315e-07
6.27626e-07
6.91206e-07
9.08839e-07
9.45315e-07
1.18712e-06
1.1794e-06
1.04457e-06
9.88488e-07
9.21306e-07
6.79524e-07
4.55417e-07
4.04627e-07
2.61599e-07
2.10034e-07
2.70634e-07
3.38297e-07
3.96028e-07
3.96325e-07
3.99685e-07
4.80308e-07
5.38416e-07
5.82421e-07
6.53682e-07
6.47217e-07
5.00967e-07
4.09349e-07
4.23812e-07
4.69563e-07
6.45934e-07
8.83301e-07
1.15637e-06
1.46119e-06
1.70402e-06
1.73409e-06
1.92904e-06
1.60832e-06
1.0283e-06
6.60786e-07
4.4745e-07
3.12517e-07
3.53032e-07
5.67076e-07
7.39924e-07
7.86807e-07
1.0047e-06
1.32087e-06
1.75577e-06
5.21747e-07
7.10375e-07
7.02686e-07
6.08806e-07
5.89174e-07
5.51795e-07
4.93901e-07
4.53996e-07
4.09662e-07
3.84221e-07
3.60976e-07
3.4504e-07
3.31451e-07
2.97691e-07
2.4417e-07
1.71131e-07
1.07716e-07
7.79127e-08
3.471e-07
4.62417e-07
6.18525e-07
6.70877e-07
6.61317e-07
5.53453e-07
3.84658e-07
2.59178e-07
1.45997e-07
4.99685e-08
1.20239e-07
2.75632e-07
3.59757e-07
4.13047e-07
4.93379e-07
5.4204e-07
1.94672e-07
8.1278e-07
8.91476e-07
4.18668e-07
2.6558e-07
3.97284e-07
3.21086e-07
2.97777e-07
6.01841e-07
6.20819e-07
4.93113e-07
4.50268e-07
4.15361e-07
3.14909e-07
2.56035e-07
2.48476e-07
2.82526e-07
3.69302e-07
4.48459e-07
5.2448e-07
6.79429e-07
7.91309e-07
1.00376e-06
1.06044e-06
1.05194e-06
9.2121e-07
7.58939e-07
6.50495e-07
4.60804e-07
3.80891e-07
3.4743e-07
2.38185e-07
2.89694e-07
3.86054e-07
4.24657e-07
4.33994e-07
4.57515e-07
4.80978e-07
4.96164e-07
5.24646e-07
5.2751e-07
4.88876e-07
3.9917e-07
3.72171e-07
3.41193e-07
4.28908e-07
5.2144e-07
6.92021e-07
9.51853e-07
1.17643e-06
1.51522e-06
1.84881e-06
1.78695e-06
1.70478e-06
1.2157e-06
8.00085e-07
5.70868e-07
4.61721e-07
3.68181e-07
4.72904e-07
5.72483e-07
7.76245e-07
8.12689e-07
1.00795e-06
1.35832e-06
1.94729e-06
1.72138e-07
5.61016e-07
3.75542e-07
3.64549e-07
5.03468e-07
5.25159e-07
5.49558e-07
5.18066e-07
4.71553e-07
4.30239e-07
3.78134e-07
3.54439e-07
3.39309e-07
3.01067e-07
2.40163e-07
1.77492e-07
1.38222e-07
1.28449e-07
4.22053e-07
5.48693e-07
6.97759e-07
6.86517e-07
6.32264e-07
4.91889e-07
3.49855e-07
2.28648e-07
1.48684e-07
6.74518e-08
1.0072e-07
2.3468e-07
3.57988e-07
4.23815e-07
4.29952e-07
4.4781e-07
4.96533e-07
4.55652e-07
2.62751e-07
1.54973e-07
2.42245e-07
4.34733e-07
4.13654e-07
7.94363e-07
8.27454e-07
6.98416e-07
5.88968e-07
5.11928e-07
3.94363e-07
2.76063e-07
2.41506e-07
2.17928e-07
2.53804e-07
3.25454e-07
3.79982e-07
5.01727e-07
5.65839e-07
7.13844e-07
9.02761e-07
9.7088e-07
1.00876e-06
7.69136e-07
5.99609e-07
5.23468e-07
3.71394e-07
3.89515e-07
2.59868e-07
3.08872e-07
4.44112e-07
4.76689e-07
5.09992e-07
5.11623e-07
4.83593e-07
4.70433e-07
5.0707e-07
4.95429e-07
4.8105e-07
4.61367e-07
3.15848e-07
2.79163e-07
3.29274e-07
4.53051e-07
5.60903e-07
7.20349e-07
9.39486e-07
1.17655e-06
1.53495e-06
1.65847e-06
1.59318e-06
1.29665e-06
8.13638e-07
6.55414e-07
5.36213e-07
4.98631e-07
4.76639e-07
5.61152e-07
7.1825e-07
8.04057e-07
8.37926e-07
1.06051e-06
1.38607e-06
1.70314e-06
2.22127e-07
1.90377e-07
1.18964e-07
5.71675e-10
5.82314e-08
1.26824e-07
1.20397e-07
1.3027e-07
1.34545e-07
1.49173e-07
1.65315e-07
1.83165e-07
1.98957e-07
2.14788e-07
1.97895e-07
1.50793e-07
1.41139e-07
1.92212e-07
4.96853e-07
5.98781e-07
7.23536e-07
6.90663e-07
5.7457e-07
4.47032e-07
3.23342e-07
2.16939e-07
1.43609e-07
7.61124e-08
7.23405e-08
1.7283e-07
2.72148e-07
3.68836e-07
4.69489e-07
5.29424e-07
4.30017e-07
3.84464e-07
3.2745e-07
4.06727e-07
2.62506e-07
6.11251e-07
8.70173e-07
1.1738e-06
9.9806e-07
8.94943e-07
6.72418e-07
5.6362e-07
3.85939e-07
2.59217e-07
2.10116e-07
1.91139e-07
2.38237e-07
3.11901e-07
3.9546e-07
4.43134e-07
4.94928e-07
5.63734e-07
6.35123e-07
8.45211e-07
8.39342e-07
7.79628e-07
6.62987e-07
5.5598e-07
3.62623e-07
3.53497e-07
3.97309e-07
5.09983e-07
5.62172e-07
5.83594e-07
5.8518e-07
5.84214e-07
5.21242e-07
5.22813e-07
5.15725e-07
4.94923e-07
4.65192e-07
3.47958e-07
2.4268e-07
2.38599e-07
3.30291e-07
4.78109e-07
5.82924e-07
7.21276e-07
9.44811e-07
1.08338e-06
1.4219e-06
1.53168e-06
1.41215e-06
1.02402e-06
6.77955e-07
5.80572e-07
5.79478e-07
4.86144e-07
5.23526e-07
6.26738e-07
6.95017e-07
7.88871e-07
8.56325e-07
1.02502e-06
1.08466e-06
1.44146e-06
3.25771e-08
1.8332e-07
5.63883e-08
1.27995e-07
4.40972e-08
3.60536e-08
8.07635e-08
7.84138e-08
5.12932e-08
6.4529e-08
4.78645e-08
5.40236e-08
6.1305e-08
6.41808e-08
6.8115e-08
2.65606e-08
4.64227e-08
1.46328e-07
3.46271e-07
3.93584e-07
4.56383e-07
4.03206e-07
3.64381e-07
3.16161e-07
2.58192e-07
2.01353e-07
1.42138e-07
8.70986e-08
7.78026e-08
1.37399e-07
1.93166e-07
2.47245e-07
3.23559e-07
3.94326e-07
4.6525e-07
5.33047e-07
5.95422e-07
6.8196e-07
6.78139e-07
1.00266e-06
1.27758e-06
1.22944e-06
1.0334e-06
8.54868e-07
7.08419e-07
5.69565e-07
4.22468e-07
3.04679e-07
2.47614e-07
2.32703e-07
2.6231e-07
3.07892e-07
3.85624e-07
4.62793e-07
4.39113e-07
4.56448e-07
4.90304e-07
5.46336e-07
5.14865e-07
4.82116e-07
4.00457e-07
3.53209e-07
3.32254e-07
4.64137e-07
6.43911e-07
7.00543e-07
6.81163e-07
6.95352e-07
6.57176e-07
6.3466e-07
5.88097e-07
5.41186e-07
5.1272e-07
4.77706e-07
4.40138e-07
3.4105e-07
2.38206e-07
2.40239e-07
3.26703e-07
4.64261e-07
5.72336e-07
6.77998e-07
8.57464e-07
1.016e-06
1.14126e-06
1.35278e-06
1.19488e-06
9.32125e-07
5.90036e-07
5.78111e-07
5.62003e-07
4.86449e-07
5.92244e-07
6.62674e-07
7.21217e-07
7.8903e-07
8.45248e-07
1.17896e-06
1.01479e-06
9.77972e-07
6.51089e-08
4.81181e-08
9.27052e-08
8.78797e-08
5.94325e-08
7.09395e-08
1.19331e-08
8.20108e-09
4.39032e-09
4.6439e-09
8.95379e-09
1.11962e-08
1.23998e-08
1.93088e-08
1.91295e-08
1.41387e-08
4.4803e-08
1.16585e-07
2.05185e-07
2.21018e-07
2.4491e-07
2.24338e-07
2.08509e-07
2.26719e-07
2.14095e-07
1.9251e-07
1.48143e-07
1.17235e-07
1.11934e-07
1.52087e-07
1.85715e-07
2.31068e-07
2.48603e-07
3.123e-07
3.89472e-07
5.08532e-07
7.58209e-07
1.0079e-06
1.39773e-06
1.17074e-06
9.96541e-07
9.22042e-07
7.91899e-07
6.91938e-07
5.76948e-07
5.19023e-07
4.03055e-07
3.23504e-07
2.9374e-07
2.82381e-07
3.17158e-07
3.5326e-07
3.99372e-07
4.22853e-07
4.25594e-07
3.95148e-07
3.50793e-07
3.23618e-07
2.28792e-07
7.66541e-08
2.57616e-07
3.14707e-07
5.14392e-07
7.10508e-07
8.25868e-07
8.00982e-07
8.32379e-07
7.82594e-07
7.41786e-07
6.90415e-07
6.17466e-07
5.68049e-07
5.25361e-07
4.76424e-07
4.17611e-07
3.17475e-07
2.25331e-07
2.06252e-07
2.85855e-07
4.27209e-07
5.11903e-07
6.19562e-07
7.23179e-07
8.61778e-07
1.02022e-06
1.0165e-06
1.1105e-06
8.77529e-07
6.27821e-07
6.33104e-07
5.81595e-07
5.05907e-07
6.5118e-07
6.70083e-07
6.94575e-07
7.53151e-07
8.28284e-07
9.10769e-07
9.45287e-07
7.89545e-07
4.34688e-08
1.40528e-08
5.80148e-08
3.94372e-08
2.77472e-08
1.70296e-08
2.96303e-08
8.61197e-09
1.04275e-08
8.33578e-09
1.52275e-08
1.3158e-08
2.16099e-08
3.51794e-08
3.67835e-08
3.13126e-08
4.67193e-08
6.90064e-08
1.06556e-07
1.08557e-07
1.07928e-07
9.85106e-08
1.14557e-07
1.53601e-07
1.76939e-07
1.78462e-07
1.61439e-07
1.45185e-07
1.36882e-07
1.64935e-07
1.98424e-07
2.244e-07
2.19889e-07
2.91888e-07
3.70565e-07
4.41163e-07
4.90108e-07
5.46221e-07
5.81406e-07
6.14211e-07
5.84498e-07
6.07647e-07
5.16087e-07
4.94049e-07
4.63207e-07
4.46624e-07
3.94835e-07
3.52381e-07
3.25428e-07
3.03853e-07
3.15759e-07
3.45588e-07
3.92464e-07
4.09e-07
3.91756e-07
3.35163e-07
2.69674e-07
2.28395e-07
1.79272e-07
8.89134e-08
3.4622e-07
4.85197e-07
6.8731e-07
9.25035e-07
8.98503e-07
1.00673e-06
8.7804e-07
8.7087e-07
7.69428e-07
7.34862e-07
6.75094e-07
6.09432e-07
5.37729e-07
4.78261e-07
4.02496e-07
3.02789e-07
1.97496e-07
1.37042e-07
1.97646e-07
3.40308e-07
4.42298e-07
5.2214e-07
6.39669e-07
6.96186e-07
8.04064e-07
7.96315e-07
8.77375e-07
7.62452e-07
5.80459e-07
5.6199e-07
6.3036e-07
7.11657e-07
7.37914e-07
7.19533e-07
7.18151e-07
7.26891e-07
7.71963e-07
7.92896e-07
7.9358e-07
6.23114e-07
9.20713e-09
3.28107e-08
2.77389e-08
2.82884e-08
6.09473e-08
7.79534e-09
2.21175e-10
7.6197e-09
9.17574e-09
3.23957e-09
1.06422e-08
1.1982e-08
1.58669e-08
2.37175e-08
6.3503e-09
1.22327e-08
4.78536e-08
5.48553e-08
7.69e-08
2.97624e-08
6.01161e-08
5.25778e-08
8.65242e-08
1.44458e-07
1.72134e-07
1.82311e-07
1.62906e-07
1.49535e-07
1.53241e-07
1.66759e-07
1.82846e-07
1.841e-07
1.88234e-07
2.49693e-07
3.28243e-07
3.98245e-07
4.08937e-07
3.45447e-07
2.67047e-07
3.22133e-07
3.85793e-07
3.73169e-07
3.44638e-07
3.87552e-07
3.98291e-07
4.17605e-07
3.81479e-07
3.45983e-07
3.23707e-07
3.11283e-07
3.34615e-07
3.58269e-07
3.86186e-07
3.86407e-07
3.50178e-07
2.64295e-07
2.14455e-07
1.92012e-07
2.04922e-07
2.80596e-07
4.80143e-07
7.15098e-07
9.30418e-07
1.01146e-06
1.03204e-06
1.02625e-06
9.63647e-07
8.975e-07
8.24653e-07
8.14432e-07
7.09276e-07
6.38677e-07
5.64191e-07
4.74214e-07
3.86107e-07
2.80436e-07
1.62531e-07
6.79445e-08
8.68057e-08
2.45901e-07
3.5779e-07
4.83217e-07
5.23421e-07
6.02873e-07
5.96142e-07
6.23376e-07
2.65403e-07
2.98857e-07
4.03678e-07
5.56767e-07
7.57277e-07
8.34922e-07
7.98165e-07
7.49843e-07
7.29579e-07
7.06514e-07
7.02814e-07
6.1245e-07
6.02242e-07
5.44671e-08
2.43445e-09
1.29093e-08
3.74799e-08
1.60193e-08
6.88885e-09
4.7396e-09
2.64256e-09
1.3647e-08
1.71519e-08
2.49353e-09
1.21274e-08
1.84671e-08
2.0138e-08
2.40893e-08
4.06489e-08
1.41935e-08
1.35691e-08
2.06524e-08
2.32932e-08
2.84075e-08
1.255e-08
2.69237e-08
7.89844e-08
1.36561e-07
1.56238e-07
1.65875e-07
1.52397e-07
1.37867e-07
1.33718e-07
1.32868e-07
1.33832e-07
1.2044e-07
1.35852e-07
2.28376e-07
3.04904e-07
3.36677e-07
2.96371e-07
2.34676e-07
2.25777e-07
2.82226e-07
2.64859e-07
2.86457e-07
3.23427e-07
3.79701e-07
3.88652e-07
3.99002e-07
3.62939e-07
3.28395e-07
3.02866e-07
2.77152e-07
2.77613e-07
2.98042e-07
3.01309e-07
2.84667e-07
2.23661e-07
1.72688e-07
1.5554e-07
1.75188e-07
2.39099e-07
3.85438e-07
5.55625e-07
7.7226e-07
9.33943e-07
9.82581e-07
9.34338e-07
1.03291e-06
9.02669e-07
9.39194e-07
8.66135e-07
8.68059e-07
7.65944e-07
6.79242e-07
5.74098e-07
4.78535e-07
3.78139e-07
2.62198e-07
1.40103e-07
5.60138e-08
5.72352e-08
2.31696e-07
3.67083e-07
4.47852e-07
4.89162e-07
4.71e-07
4.90958e-07
4.09888e-07
2.70489e-07
2.55772e-07
3.80454e-07
7.7128e-07
9.33541e-07
1.02572e-06
9.62858e-07
8.91525e-07
8.77879e-07
7.76248e-07
6.83296e-07
4.95784e-07
3.51714e-07
1.03693e-08
1.39636e-08
6.9667e-09
1.96695e-08
1.65962e-08
1.87102e-08
5.18666e-09
9.50826e-09
4.03136e-09
6.48785e-09
7.16909e-09
8.27896e-09
6.22983e-09
1.0466e-08
1.29174e-08
1.36499e-08
4.55694e-09
7.19315e-09
2.17705e-08
1.61243e-08
1.02322e-08
7.33594e-09
1.96071e-08
8.5233e-08
1.38529e-07
1.4272e-07
1.51513e-07
1.35755e-07
1.21243e-07
1.15281e-07
1.10479e-07
9.70247e-08
7.77675e-08
7.59309e-08
2.07586e-07
2.85474e-07
3.09951e-07
2.68036e-07
1.54173e-07
1.10859e-07
1.20637e-07
1.81673e-07
2.77405e-07
3.21538e-07
3.70235e-07
3.68116e-07
3.53442e-07
2.9725e-07
2.49079e-07
1.84629e-07
5.82834e-08
2.91663e-08
9.5456e-08
8.00436e-08
8.33054e-08
8.80676e-08
8.98448e-08
1.19144e-07
1.92996e-07
2.96421e-07
4.33422e-07
5.86846e-07
7.02888e-07
7.84003e-07
7.91568e-07
8.07652e-07
8.6234e-07
8.64441e-07
8.9606e-07
8.9011e-07
8.70877e-07
7.30669e-07
6.46039e-07
5.50203e-07
4.6031e-07
3.62056e-07
2.54544e-07
1.49409e-07
9.41699e-08
1.38971e-07
3.05227e-07
4.25863e-07
4.84183e-07
4.6908e-07
4.66056e-07
4.50125e-07
4.57847e-07
4.66026e-07
5.41879e-07
7.75837e-07
1.11848e-06
1.30215e-06
1.31871e-06
1.18377e-06
1.13543e-06
1.05852e-06
7.79365e-07
5.89427e-07
4.18297e-07
3.31603e-07
3.2744e-07
3.64832e-08
2.91288e-09
1.38961e-09
6.85185e-09
5.17938e-09
1.55097e-09
7.75199e-10
4.58426e-09
9.80047e-09
3.69189e-09
1.04812e-08
4.9136e-09
1.83565e-08
2.27006e-08
1.58223e-08
1.37908e-08
1.40002e-08
7.14412e-09
1.84944e-09
3.61178e-09
1.01399e-09
1.7687e-08
8.6505e-08
1.18996e-07
1.16748e-07
1.23748e-07
1.16387e-07
8.0481e-08
9.9995e-08
9.05222e-08
7.5447e-08
5.99817e-08
6.74106e-08
2.09075e-07
2.77952e-07
2.81816e-07
2.20495e-07
1.38828e-07
5.60068e-08
7.70334e-08
1.8146e-07
2.69453e-07
3.3342e-07
3.30424e-07
2.91059e-07
1.59931e-07
1.0552e-07
5.407e-08
4.09929e-08
1.25588e-08
3.73097e-08
5.93029e-08
3.98648e-08
4.22103e-08
7.00516e-08
1.0295e-07
1.29652e-07
1.78375e-07
2.57117e-07
3.527e-07
4.37592e-07
4.98602e-07
5.11497e-07
5.30915e-07
5.73282e-07
7.34927e-07
7.59943e-07
8.83822e-07
7.9396e-07
7.71055e-07
6.18671e-07
5.27756e-07
4.6162e-07
4.14646e-07
3.54486e-07
2.90687e-07
2.3746e-07
2.59181e-07
3.40913e-07
4.20557e-07
4.22545e-07
3.67226e-07
2.80381e-07
3.05033e-07
3.98731e-07
5.70385e-07
8.04805e-07
1.09873e-06
1.39682e-06
1.6472e-06
1.78688e-06
1.75279e-06
1.54475e-06
1.5561e-06
1.44795e-06
9.12785e-07
5.27248e-07
3.51849e-07
4.60629e-07
3.37004e-07
2.14033e-08
4.56548e-09
9.60928e-09
7.54028e-09
5.81479e-09
4.89161e-09
9.97361e-09
2.0072e-08
2.43294e-08
1.30094e-08
3.30908e-09
1.20372e-08
1.89903e-08
1.4674e-08
1.53718e-08
8.5191e-09
5.12209e-09
4.14494e-09
2.50974e-09
4.89749e-09
5.87455e-09
1.79175e-08
9.17179e-08
1.12891e-07
9.88988e-08
1.05965e-07
1.16974e-07
8.88675e-08
8.80476e-08
9.35982e-08
7.04867e-08
5.3192e-08
8.26259e-08
2.21243e-07
2.73827e-07
2.87155e-07
2.41603e-07
1.41712e-07
7.0256e-08
1.54014e-07
2.43598e-07
3.08478e-07
2.80035e-07
2.63281e-07
2.13621e-07
1.48422e-07
9.61911e-08
1.16082e-07
1.53718e-07
1.81818e-07
1.84734e-07
1.7811e-07
1.75775e-07
1.71383e-07
2.0042e-07
2.22136e-07
2.33398e-07
2.2073e-07
2.62871e-07
2.91262e-07
3.20495e-07
2.9194e-07
2.64393e-07
3.22306e-07
4.4502e-07
6.19939e-07
7.21751e-07
7.40398e-07
6.62442e-07
5.5244e-07
4.15995e-07
3.67445e-07
3.51253e-07
3.94911e-07
4.09129e-07
4.31763e-07
4.69759e-07
5.25341e-07
4.26855e-07
3.4177e-07
2.01981e-07
1.64409e-07
1.62669e-07
2.4269e-07
4.31692e-07
6.81891e-07
9.86707e-07
1.31735e-06
1.69171e-06
1.89013e-06
1.97222e-06
1.76458e-06
1.63739e-06
1.5983e-06
1.25932e-06
5.91825e-07
4.59643e-07
4.18758e-07
4.41776e-07
1.549e-07
3.47154e-08
6.14302e-10
1.06415e-09
4.63684e-09
7.21833e-09
2.00006e-09
1.78334e-08
2.05788e-08
2.88357e-08
2.56604e-08
1.52746e-08
3.77184e-08
3.04248e-08
2.13481e-08
1.26672e-08
1.51717e-08
1.51626e-08
9.60306e-09
7.27527e-09
1.1811e-08
1.74516e-08
2.33237e-08
9.73699e-08
1.1122e-07
8.19993e-08
8.49383e-08
1.09123e-07
9.14134e-08
8.53108e-08
7.50583e-08
6.13601e-08
5.09085e-08
1.37309e-07
2.37416e-07
2.94965e-07
3.26687e-07
2.90059e-07
1.72704e-07
1.44914e-07
2.37482e-08
4.03201e-07
3.61408e-07
3.88826e-07
3.86468e-07
3.49314e-07
2.73295e-07
2.19681e-07
2.00883e-07
2.04279e-07
2.05274e-07
1.92031e-07
1.75825e-07
1.71175e-07
1.64998e-07
2.06472e-07
2.70403e-07
3.5381e-07
3.12693e-07
3.14754e-07
3.31292e-07
3.01298e-07
2.92208e-07
1.71914e-07
2.62327e-07
4.08226e-07
6.03733e-07
6.32458e-07
6.39272e-07
5.05062e-07
4.25615e-07
3.17075e-07
3.00256e-07
3.74403e-07
5.00174e-07
6.27179e-07
7.32284e-07
7.83228e-07
5.68911e-07
2.46156e-07
1.45834e-07
1.0391e-07
9.75841e-08
1.17595e-07
1.97983e-07
2.76621e-07
3.03051e-07
4.02471e-07
6.4079e-07
9.72298e-07
1.2447e-06
1.38957e-06
1.37082e-06
1.23045e-06
1.13714e-06
9.92053e-07
4.8791e-07
5.97207e-07
4.47138e-07
4.45535e-07
4.05564e-08
4.16979e-08
1.26933e-08
1.06526e-08
2.49457e-08
3.42526e-08
4.71032e-08
5.20577e-08
2.1647e-08
6.93019e-08
6.58894e-08
5.3592e-08
4.65386e-08
2.99958e-08
1.82469e-08
1.34989e-08
5.6905e-09
1.9491e-09
9.48118e-09
1.67747e-08
2.31644e-08
2.79785e-08
1.77281e-08
7.67777e-08
1.31724e-07
7.30423e-08
8.12436e-08
1.30751e-07
1.03931e-07
9.33151e-08
8.12201e-08
6.07737e-08
9.96886e-08
1.93293e-07
3.12176e-07
3.85181e-07
3.59108e-07
2.95101e-07
2.57767e-07
1.43934e-07
6.25075e-07
5.17923e-07
5.72502e-07
6.20702e-07
5.62068e-07
4.77201e-07
3.47654e-07
2.59065e-07
2.08679e-07
1.90681e-07
1.74531e-07
1.69245e-07
1.62748e-07
1.70753e-07
1.74633e-07
2.16401e-07
2.57412e-07
3.33421e-07
3.84352e-07
3.91075e-07
4.19602e-07
4.26929e-07
3.58517e-07
2.50151e-07
2.8246e-07
4.38876e-07
5.64672e-07
5.668e-07
4.97654e-07
3.96628e-07
2.84533e-07
2.32309e-07
2.76122e-07
4.70763e-07
7.10497e-07
9.35332e-07
1.01221e-06
7.49558e-07
4.98816e-08
9.08507e-08
1.08692e-07
1.43492e-07
1.50934e-07
1.35333e-07
1.36478e-07
1.58187e-07
1.78432e-07
1.88306e-07
2.83101e-07
5.25874e-07
6.92217e-07
8.74968e-07
8.80831e-07
7.13849e-07
6.62183e-07
6.70558e-07
5.92519e-07
6.60789e-07
4.18828e-07
2.69514e-07
1.4987e-07
9.67335e-08
1.3405e-08
2.77765e-09
1.55092e-08
4.81141e-08
9.40798e-09
2.34072e-09
2.25783e-08
4.62325e-08
3.04316e-08
4.42528e-08
6.48751e-08
4.49042e-08
2.39953e-08
1.38951e-08
5.40542e-09
3.35762e-09
9.82742e-09
3.13032e-08
3.73943e-08
3.54124e-08
1.32905e-08
8.25217e-08
1.51959e-07
1.39502e-07
1.06222e-07
1.5825e-07
1.65169e-07
1.30565e-07
9.6455e-08
8.35136e-08
1.36862e-07
2.8279e-07
4.20608e-07
4.80054e-07
5.11233e-07
4.88045e-07
4.94953e-07
5.5177e-07
4.50461e-07
6.12898e-07
7.04625e-07
7.38416e-07
6.8181e-07
5.90516e-07
4.61988e-07
3.21048e-07
2.10312e-07
1.61676e-07
1.49748e-07
1.29393e-07
1.21528e-07
1.34376e-07
1.47202e-07
1.85885e-07
2.5944e-07
3.46353e-07
4.08445e-07
4.62604e-07
5.03875e-07
5.2473e-07
4.76154e-07
3.08748e-07
3.19538e-07
4.1609e-07
4.9765e-07
4.4518e-07
3.86695e-07
3.02505e-07
2.11366e-07
2.05522e-07
3.23215e-07
5.67288e-07
9.01559e-07
1.10702e-06
8.68096e-07
8.74856e-08
1.88506e-07
2.05149e-07
2.40478e-07
3.45651e-07
4.09379e-07
2.95314e-07
2.22447e-07
1.83606e-07
1.82255e-07
1.86063e-07
2.81259e-07
4.60844e-07
6.29389e-07
8.02835e-07
7.67355e-07
6.77761e-07
2.66114e-07
5.91832e-07
5.95924e-07
4.0338e-07
3.68436e-07
2.40567e-07
1.42914e-08
5.55714e-08
4.51292e-08
4.35037e-08
1.99488e-08
7.36873e-09
5.18247e-08
7.55728e-08
5.32617e-08
2.83886e-08
7.78972e-08
7.05699e-08
7.31335e-08
5.34816e-08
2.84617e-08
1.8481e-08
1.86032e-08
1.19434e-08
2.84605e-08
5.42037e-08
6.58334e-08
5.13029e-08
1.92179e-08
6.78796e-09
1.46913e-07
2.06859e-07
1.94297e-07
2.33605e-07
2.85994e-07
1.8386e-07
1.22558e-07
1.54127e-07
2.46769e-07
4.00105e-07
5.22255e-07
6.06813e-07
4.4063e-07
2.02794e-07
2.91164e-07
5.10149e-07
5.20246e-07
5.67003e-07
6.22346e-07
6.68743e-07
6.57986e-07
6.38367e-07
5.60425e-07
4.19861e-07
2.70502e-07
1.53464e-07
8.10491e-08
3.91828e-08
4.24388e-08
4.8013e-08
6.57679e-08
1.26475e-07
2.22404e-07
3.24768e-07
4.2012e-07
4.9421e-07
5.58664e-07
5.86664e-07
5.23198e-07
4.06611e-07
3.27782e-07
3.78828e-07
3.68589e-07
3.35167e-07
3.00104e-07
2.52564e-07
1.90867e-07
2.15443e-07
3.64943e-07
6.71419e-07
1.02681e-06
8.98705e-07
1.00666e-07
2.76602e-07
4.63063e-07
5.1963e-07
5.35583e-07
5.86503e-07
5.42794e-07
3.83173e-07
2.60805e-07
2.09782e-07
1.85577e-07
1.8546e-07
3.02018e-07
4.9764e-07
6.59277e-07
8.33519e-07
7.18915e-07
5.60679e-07
2.65631e-07
5.50903e-07
4.33082e-07
4.79866e-07
4.21467e-07
2.07234e-07
1.73754e-07
8.6697e-08
1.31121e-08
1.06934e-08
7.70054e-09
7.73002e-09
4.66513e-09
4.15479e-08
1.77689e-08
6.25377e-08
1.9277e-08
8.51915e-08
9.89008e-08
7.83398e-08
4.34674e-08
2.89379e-08
4.92313e-09
1.98503e-08
4.92292e-09
6.92564e-08
9.59887e-08
9.63784e-08
6.54176e-08
7.1279e-08
1.63854e-07
2.81196e-07
2.86198e-07
2.96843e-07
3.21142e-07
2.86478e-07
1.68792e-07
1.75801e-07
3.66129e-07
5.01593e-07
5.79096e-07
6.72506e-07
3.98314e-07
4.48873e-07
2.50315e-07
3.45673e-07
4.66505e-07
5.53537e-07
5.93461e-07
6.27361e-07
6.67828e-07
6.62272e-07
5.94994e-07
4.69541e-07
3.21763e-07
1.94775e-07
1.08886e-07
5.43015e-08
5.28492e-08
5.27723e-08
4.53807e-08
7.0509e-08
5.69863e-08
2.5596e-07
3.84796e-07
5.09239e-07
5.82127e-07
6.0098e-07
5.28753e-07
4.20094e-07
3.03235e-07
2.84849e-07
2.37861e-07
2.34026e-07
2.56035e-07
2.21808e-07
1.72271e-07
2.17356e-07
4.95764e-07
8.82245e-07
9.40121e-07
5.6626e-07
6.95642e-07
5.17275e-07
8.27927e-07
8.68981e-07
7.28314e-07
5.25059e-07
4.02466e-07
3.33032e-07
2.95902e-07
2.56623e-07
2.34047e-07
2.39425e-07
3.44404e-07
5.39986e-07
7.15237e-07
8.98331e-07
7.88873e-07
3.01014e-07
2.76487e-07
5.85161e-07
7.01271e-07
3.58331e-07
2.68468e-07
3.66177e-07
7.79487e-08
4.53161e-08
1.78992e-08
1.14996e-08
1.13452e-08
5.78364e-09
2.53513e-08
3.38414e-08
3.52758e-08
5.30611e-08
7.71281e-08
9.11577e-08
1.15362e-07
9.26639e-08
1.29866e-08
7.41108e-08
9.06602e-08
1.17412e-07
9.71189e-08
1.68378e-07
1.81698e-07
1.77027e-07
1.66963e-07
1.90726e-07
2.55236e-07
3.25203e-07
3.53793e-07
3.45271e-07
3.24559e-07
2.93361e-07
1.92786e-07
2.45458e-07
3.77426e-07
5.76785e-07
8.40169e-07
7.00672e-07
4.52631e-07
2.20384e-07
2.33614e-07
4.23328e-07
5.12411e-07
5.92659e-07
6.45338e-07
6.74946e-07
6.49381e-07
5.86285e-07
5.48399e-07
4.98889e-07
3.79636e-07
2.32847e-07
1.48693e-07
1.17875e-07
1.24153e-07
1.28512e-07
1.82365e-07
8.25542e-08
6.37626e-08
9.3625e-08
2.47984e-07
4.4369e-07
5.60988e-07
5.83415e-07
4.98412e-07
3.4752e-07
2.30325e-07
1.87541e-07
2.13862e-07
2.00912e-07
2.50058e-07
1.91563e-07
2.00775e-07
3.30445e-07
7.08201e-07
8.32033e-07
8.37447e-07
9.9392e-07
6.69113e-07
9.06982e-07
9.50724e-07
7.81787e-07
5.17659e-07
3.54709e-07
3.61246e-07
4.55355e-07
3.25426e-07
2.75514e-07
2.45266e-07
2.5851e-07
3.78521e-07
5.4455e-07
6.92599e-07
3.9743e-07
7.37174e-07
5.72005e-07
5.16924e-07
2.6473e-07
1.631e-07
3.28576e-07
2.93052e-07
3.4113e-07
4.25211e-07
6.29686e-08
1.53427e-09
1.62118e-08
1.67386e-08
2.97249e-08
2.46364e-09
4.00326e-08
1.42507e-08
7.37435e-08
4.80521e-08
1.20365e-07
1.44713e-07
1.48622e-07
1.46652e-08
1.68007e-07
1.33731e-07
8.07908e-08
2.48759e-08
2.06349e-07
5.35326e-08
2.22499e-07
2.45825e-07
2.38425e-07
2.57475e-07
2.27678e-07
3.15821e-07
3.39887e-07
3.24217e-07
2.55864e-07
2.6474e-07
3.17809e-07
4.43374e-07
6.33975e-07
8.77715e-07
7.00123e-07
5.77635e-07
2.72814e-07
3.98664e-07
4.73164e-07
5.1841e-07
6.18017e-07
7.19741e-07
7.4558e-07
6.44459e-07
5.65167e-07
4.53185e-07
4.1613e-07
3.74731e-07
2.51382e-07
2.0419e-07
2.42585e-07
1.98251e-07
2.13719e-07
2.24558e-07
2.03977e-07
1.53245e-07
1.3653e-07
2.28597e-07
3.54128e-07
4.80274e-07
4.79822e-07
3.98286e-07
6.76575e-08
2.1039e-07
3.05619e-07
3.1917e-07
2.83804e-07
2.55726e-07
2.68838e-07
3.16377e-07
4.7816e-07
6.74431e-07
5.39275e-07
7.77804e-07
7.73584e-07
1.07372e-06
9.9575e-07
8.05539e-07
6.8112e-07
4.37422e-07
2.66765e-07
3.01756e-07
3.73793e-07
3.73499e-07
3.33191e-07
2.8409e-07
3.08379e-07
3.95205e-07
5.45526e-07
5.84011e-07
7.6979e-07
7.1123e-07
4.14046e-07
5.51719e-07
5.81013e-07
1.57041e-07
7.09111e-08
3.7358e-07
5.87858e-07
7.50043e-07
9.01582e-08
6.72964e-08
5.25115e-08
8.15622e-09
2.88594e-08
3.22593e-08
7.94785e-08
3.46266e-08
2.05034e-08
2.13123e-08
1.50771e-07
1.56763e-07
1.9431e-07
3.53832e-08
1.68731e-07
2.42529e-07
2.62792e-07
3.40735e-09
2.68473e-07
2.68752e-07
2.76128e-07
2.43179e-07
1.56202e-07
1.60137e-07
1.68196e-07
2.02372e-07
2.30404e-07
2.12555e-07
2.46118e-07
2.63069e-07
3.28033e-07
5.61654e-07
8.1802e-07
5.51777e-07
5.33186e-07
7.11111e-07
3.47254e-07
3.01865e-07
5.60093e-07
4.8652e-07
5.46912e-07
5.77296e-07
5.38514e-07
6.75556e-07
5.81319e-07
4.82599e-07
3.95412e-07
3.12476e-07
2.41554e-07
2.24173e-07
2.19596e-07
2.44683e-07
2.76379e-07
2.98559e-07
2.92408e-07
2.05115e-07
3.10481e-07
2.67664e-07
4.31644e-07
2.8034e-07
3.39377e-07
2.52493e-07
2.06637e-07
3.56461e-07
4.33038e-07
3.94343e-07
3.57785e-07
3.02912e-07
1.95225e-07
3.11068e-07
5.24307e-07
7.28765e-07
5.73918e-08
7.01008e-07
1.2144e-06
1.08971e-06
8.71313e-07
6.34459e-07
6.29969e-07
4.47088e-07
2.79033e-07
3.84086e-07
3.82127e-07
3.9383e-07
3.55803e-07
2.89105e-07
3.06244e-07
3.96413e-07
4.64417e-07
4.91729e-07
2.57915e-07
4.67716e-07
3.6526e-07
3.88774e-07
3.30259e-07
4.64011e-07
3.81444e-07
1.47817e-06
1.53694e-06
2.61176e-06
1.93934e-07
5.92862e-08
5.88036e-08
3.41562e-09
7.35578e-08
2.25633e-08
1.50255e-07
4.45631e-09
1.75229e-07
3.6719e-08
1.89799e-07
1.43946e-07
2.35384e-07
5.89496e-08
2.58862e-07
4.07662e-09
2.46654e-07
6.70387e-08
2.36439e-07
2.07644e-07
2.48904e-07
2.64113e-07
1.17482e-07
3.21801e-08
1.3306e-07
1.21719e-07
2.37815e-07
2.56723e-07
2.96805e-07
1.8771e-07
2.65961e-07
5.75584e-07
1.04098e-06
7.60625e-07
2.92196e-07
3.91594e-07
1.37274e-07
1.35218e-07
2.83727e-07
6.22039e-07
5.5822e-07
5.97705e-07
6.7966e-07
7.33153e-07
5.97338e-07
4.757e-07
4.13528e-07
3.75694e-07
2.99917e-07
2.48878e-07
2.67994e-07
2.88221e-07
3.28581e-07
3.58178e-07
3.38612e-07
2.68725e-07
1.91187e-07
1.08911e-07
2.7019e-07
3.15882e-07
3.03537e-07
1.65481e-07
3.86798e-07
5.6752e-07
4.433e-07
3.36952e-07
4.12233e-07
3.38242e-07
3.83431e-07
4.72138e-07
5.19226e-07
5.86414e-07
2.5842e-07
1.05277e-06
1.04916e-06
8.09874e-07
7.75745e-07
6.7326e-07
6.85927e-07
5.6099e-07
3.7576e-07
4.17356e-07
3.63192e-07
3.903e-07
3.59759e-07
3.16245e-07
3.646e-07
3.21814e-07
5.17182e-07
3.22352e-07
2.47583e-07
2.29004e-07
6.07037e-08
3.89208e-07
6.30894e-07
8.68276e-07
1.40745e-06
2.14185e-06
2.26897e-06
1.35369e-08
2.20005e-07
7.65992e-08
1.75868e-07
4.60774e-08
1.429e-07
3.45104e-08
8.37013e-08
2.55163e-08
1.39005e-07
9.90685e-08
1.65048e-07
7.48509e-08
1.60866e-07
1.61507e-08
1.83892e-07
5.81381e-08
1.62174e-07
1.53173e-07
8.85802e-08
2.1691e-07
1.7639e-07
2.65001e-07
1.95504e-07
3.08777e-08
1.13015e-07
4.40788e-08
2.34116e-07
2.96727e-07
2.57024e-07
2.38399e-07
1.91006e-07
4.0402e-07
1.10665e-06
1.53136e-06
1.08908e-06
6.21923e-07
4.33007e-07
4.75516e-07
3.32054e-07
4.78059e-07
7.63908e-07
1.37112e-06
1.39688e-06
8.62484e-07
6.23466e-07
5.16395e-07
4.48838e-07
3.5604e-07
2.97478e-07
3.1151e-07
3.30295e-07
3.23591e-07
3.17679e-07
3.53719e-07
3.47407e-07
2.96742e-07
2.64656e-07
4.00328e-07
2.11648e-07
1.60224e-07
2.28135e-07
2.49131e-07
5.43037e-07
4.72592e-07
3.95543e-07
3.8825e-07
4.73631e-07
5.83982e-07
7.38746e-07
8.09421e-07
8.04621e-07
5.61671e-07
1.65814e-07
8.90222e-07
7.92682e-07
6.4746e-07
9.83896e-07
9.83274e-07
8.41848e-07
6.82094e-07
5.036e-07
4.04061e-07
3.98856e-07
3.59494e-07
3.15914e-07
3.11028e-07
4.23871e-07
4.38472e-07
2.60658e-07
6.31521e-07
7.45478e-07
4.21774e-07
1.09155e-07
3.1617e-07
1.20348e-06
1.30518e-06
1.78485e-06
1.54283e-06
6.95202e-07
2.72988e-07
1.74575e-07
5.48966e-08
1.05979e-07
7.56454e-10
1.10454e-07
3.74668e-08
1.59482e-07
4.97422e-08
1.5637e-07
4.99573e-08
1.39835e-07
3.80412e-08
1.31216e-07
3.17425e-09
9.24607e-08
9.35525e-09
3.53955e-08
2.60757e-08
1.00529e-07
2.1856e-07
2.03155e-07
5.19211e-09
1.15034e-07
1.08604e-07
9.55837e-08
1.30764e-07
1.75183e-07
2.17016e-07
2.87305e-07
3.04623e-07
3.26365e-07
2.51005e-07
5.43515e-07
1.29334e-06
2.09713e-06
1.00895e-06
1.28152e-06
2.18175e-06
8.87846e-07
1.22211e-06
1.51504e-06
1.36388e-06
1.17639e-06
8.98633e-07
6.65978e-07
4.9644e-07
4.5862e-07
4.45301e-07
4.02854e-07
3.78475e-07
3.74249e-07
3.60378e-07
3.52248e-07
3.60684e-07
3.72799e-07
3.42445e-07
3.46726e-07
4.43418e-07
4.17738e-07
4.20313e-07
4.98696e-07
7.41731e-08
5.47674e-07
8.01261e-07
6.79847e-07
4.58261e-07
5.82749e-07
6.03113e-07
9.38601e-07
1.06538e-06
1.2782e-06
7.40649e-07
8.43247e-08
6.21265e-07
7.26511e-07
1.18423e-06
1.7253e-06
9.33737e-07
8.95275e-07
8.73104e-07
6.08903e-07
3.7164e-07
3.44977e-07
3.62156e-07
3.2668e-07
3.59682e-07
5.08194e-07
3.36611e-07
6.18059e-07
6.74962e-07
5.34109e-07
6.83813e-07
9.08147e-07
1.7591e-06
1.42481e-06
5.54833e-08
5.05932e-07
1.61947e-06
2.96686e-08
1.14792e-07
1.04192e-07
8.29958e-08
8.49879e-08
1.97677e-08
6.83385e-08
2.04709e-08
3.96278e-08
2.05411e-09
2.1544e-08
2.4443e-09
1.91991e-08
1.39224e-08
1.07975e-08
2.6596e-08
1.06167e-08
1.52163e-08
4.44784e-09
4.15653e-08
4.74621e-08
8.83761e-09
3.99086e-08
2.11941e-07
1.92524e-07
2.15589e-07
1.49052e-07
7.25824e-08
1.0231e-07
1.68849e-07
1.79515e-07
4.21047e-07
4.83155e-07
4.10182e-07
6.78536e-07
8.09894e-07
8.51607e-07
1.11384e-06
2.13681e-06
1.84598e-06
1.92637e-06
1.70992e-06
9.02953e-07
8.1492e-07
8.04224e-07
7.74734e-07
6.99983e-07
6.19817e-07
5.37394e-07
4.68415e-07
4.07875e-07
4.43301e-07
4.24948e-07
4.12928e-07
3.92765e-07
4.06113e-07
4.14869e-07
3.97364e-07
4.47419e-07
5.31901e-07
5.08393e-07
6.4419e-07
7.47064e-07
3.24308e-07
9.83295e-07
1.08645e-06
9.26513e-07
9.24159e-07
6.33318e-07
4.68149e-07
6.41441e-07
9.13285e-07
1.27558e-06
5.50527e-07
4.06267e-07
8.15591e-07
9.27437e-07
7.74291e-07
1.39549e-06
8.93307e-07
7.84321e-07
9.40945e-07
9.44173e-07
4.98112e-07
3.50469e-07
5.28987e-07
4.56634e-07
5.92469e-07
7.36224e-07
7.26512e-07
3.26929e-07
6.81028e-07
7.63568e-07
1.2911e-06
1.31902e-06
2.23455e-06
2.43302e-06
1.61425e-06
1.19956e-06
1.23197e-06
1.33511e-06
2.22392e-07
1.80139e-09
1.01565e-09
1.53418e-09
2.30201e-09
5.07449e-09
1.70426e-08
2.22068e-08
2.63556e-08
2.44949e-08
3.84031e-09
2.22775e-08
1.29047e-08
5.24197e-08
9.78397e-09
2.04651e-08
3.97565e-09
3.14535e-08
4.5127e-10
8.1576e-08
1.84874e-09
1.36343e-07
1.17419e-07
2.50173e-08
1.04747e-08
3.0494e-08
8.17938e-08
4.35961e-08
2.24463e-07
4.68713e-08
4.28823e-07
4.60349e-07
5.68619e-07
6.14877e-07
6.7955e-07
1.05076e-06
2.13227e-06
2.33869e-06
1.4577e-06
8.96052e-07
9.58261e-07
1.01925e-06
8.23983e-07
7.13507e-07
6.30508e-07
6.27946e-07
5.79491e-07
5.59815e-07
5.15485e-07
4.85208e-07
4.53439e-07
4.29276e-07
3.99272e-07
3.87684e-07
4.1267e-07
4.37979e-07
4.67147e-07
5.42474e-07
6.37221e-07
6.08978e-07
7.66795e-07
4.74167e-07
8.33478e-07
1.21291e-06
7.4095e-07
1.95403e-07
6.05878e-07
5.26853e-07
5.54229e-07
5.17048e-07
6.40641e-07
1.08824e-06
1.37127e-06
6.8339e-07
1.58122e-07
1.49433e-06
2.07361e-06
2.24904e-06
1.38542e-06
1.22379e-06
1.13101e-06
9.71481e-07
7.10059e-07
4.4688e-07
3.89084e-07
4.41579e-07
6.36253e-07
7.86559e-07
6.24256e-07
7.49842e-07
6.08523e-07
9.15713e-07
1.37841e-06
1.20876e-06
6.91484e-07
4.84716e-07
1.18874e-06
1.07491e-06
2.40251e-06
2.938e-06
1.88023e-06
1.06028e-07
1.02223e-09
2.71705e-08
1.94387e-09
2.91203e-08
2.87162e-09
2.7043e-08
3.57427e-09
2.28742e-08
3.99138e-09
4.45624e-08
2.31149e-08
4.85057e-09
1.59225e-08
1.2059e-09
5.71043e-09
6.56608e-09
5.5319e-09
3.18414e-08
1.24186e-08
7.32198e-08
1.05802e-08
9.40825e-09
2.03955e-07
2.49649e-07
6.95957e-08
1.69719e-08
3.22527e-07
7.73348e-08
6.45333e-07
5.58884e-07
6.95536e-07
5.73775e-07
6.26814e-07
9.16027e-07
1.42771e-06
1.03951e-06
8.24498e-07
7.11023e-07
6.93341e-07
6.18748e-07
6.98866e-07
6.56219e-07
6.49019e-07
6.46332e-07
6.19962e-07
5.71554e-07
5.29043e-07
4.81878e-07
4.86919e-07
4.58369e-07
4.39579e-07
4.37685e-07
4.58835e-07
4.66727e-07
4.84072e-07
5.89684e-07
6.21006e-07
6.63228e-07
7.68264e-07
1.06174e-06
1.19242e-06
8.54318e-07
2.75545e-07
5.16643e-07
5.09511e-07
4.41571e-07
8.84594e-07
9.81999e-07
8.9474e-07
8.93478e-07
1.10353e-06
8.11805e-07
6.73409e-07
1.14107e-06
4.32422e-07
3.29371e-06
2.90653e-06
2.92626e-06
2.01439e-06
1.54568e-06
1.09633e-06
5.03098e-07
5.36485e-07
7.79026e-07
1.06363e-06
1.13101e-06
5.66609e-07
6.36445e-07
5.79479e-07
6.47955e-07
8.45784e-07
6.52798e-07
8.04553e-07
3.21114e-06
2.53676e-06
5.06435e-08
6.4973e-07
9.66725e-07
2.45513e-06
4.88074e-08
3.09312e-10
5.50422e-09
1.97326e-10
3.00488e-09
2.08527e-10
2.23546e-09
2.33967e-09
2.65782e-08
4.49338e-08
3.6208e-08
2.31376e-10
3.94527e-08
7.25933e-10
6.73719e-08
4.05629e-10
1.04716e-07
4.35843e-08
1.16771e-07
5.77733e-08
1.26244e-07
7.14955e-09
2.17765e-08
9.40885e-09
3.25428e-08
6.13659e-07
8.70934e-09
6.80496e-07
3.90232e-08
5.80633e-07
7.01435e-07
6.23045e-07
7.04501e-07
8.52471e-07
7.5289e-07
1.05816e-06
9.59348e-07
6.85635e-07
6.39673e-07
7.58962e-07
7.71014e-07
6.61985e-07
6.53606e-07
6.53578e-07
9.69944e-07
7.27616e-07
5.80329e-07
5.29845e-07
5.14234e-07
5.2548e-07
6.51222e-07
4.64809e-07
4.49068e-07
4.67938e-07
4.65315e-07
5.12623e-07
5.14617e-07
5.4427e-07
6.30697e-07
7.84885e-07
9.03632e-07
8.18009e-07
3.0491e-07
2.97298e-07
3.31875e-07
3.96105e-07
5.87482e-07
8.73232e-07
1.0261e-06
1.0293e-06
9.6476e-07
6.17518e-07
3.1877e-07
8.71691e-07
1.24563e-06
2.21665e-06
2.56487e-06
2.5849e-06
2.35574e-06
2.11599e-06
2.11633e-06
1.90859e-06
1.70388e-06
4.43256e-07
6.74581e-07
1.27328e-06
9.07443e-07
7.86282e-07
5.23922e-07
6.86265e-07
2.26986e-06
3.58004e-06
4.07303e-07
2.45078e-06
4.26849e-06
4.31558e-06
1.99669e-06
7.55641e-09
3.71724e-06
9.58903e-08
2.03285e-07
2.25832e-09
5.00636e-08
3.46664e-09
4.0523e-08
4.61194e-09
1.18895e-08
1.71392e-08
1.48454e-08
1.14036e-08
7.10799e-09
7.55905e-09
2.17624e-08
5.36685e-09
2.28975e-08
5.33898e-09
6.62122e-08
5.20601e-09
1.31949e-07
5.08941e-09
1.18605e-08
6.35672e-09
2.6237e-08
8.93441e-09
1.30831e-08
5.2287e-07
6.66039e-08
8.43356e-07
9.39738e-09
9.5897e-07
8.42341e-08
9.49967e-07
2.75529e-07
6.06734e-07
6.37004e-07
8.17867e-07
3.0565e-07
3.32338e-07
4.37555e-07
4.01109e-07
6.06538e-07
6.49507e-07
6.05585e-07
5.89649e-07
6.49526e-07
5.29851e-07
5.38723e-07
5.57283e-07
5.35494e-07
5.15128e-07
5.07727e-07
4.73101e-07
4.77585e-07
4.81284e-07
4.9691e-07
4.90188e-07
5.10078e-07
5.12397e-07
5.12204e-07
5.34922e-07
6.40423e-07
5.02944e-07
3.88532e-07
4.40306e-08
1.93672e-07
4.51698e-07
4.80092e-07
4.51448e-07
7.16464e-07
7.87291e-07
8.82508e-07
1.34367e-06
8.19307e-07
3.09642e-06
1.84112e-07
2.02741e-06
1.97666e-06
2.40424e-06
2.49978e-06
3.01068e-06
2.86615e-06
2.44097e-06
1.99533e-06
1.2946e-06
1.49105e-06
2.44933e-06
2.47825e-06
1.50244e-06
5.30415e-07
1.05295e-06
1.98499e-06
2.72775e-06
2.30526e-07
2.70449e-06
3.58479e-06
2.32916e-06
1.63288e-06
5.89815e-07
5.84063e-07
2.0658e-06
2.84457e-07
3.36048e-10
2.21577e-08
7.18522e-09
2.65088e-07
2.27944e-07
2.94975e-07
6.62642e-08
4.54964e-09
2.34139e-08
3.25143e-09
2.76802e-08
2.71645e-08
3.56435e-08
4.29586e-07
3.84863e-08
4.55588e-07
3.17745e-08
4.83549e-07
2.27727e-08
5.26792e-08
3.72838e-08
4.8612e-09
2.91441e-09
5.15763e-09
4.72475e-09
2.00568e-07
3.27601e-07
1.21391e-08
8.46908e-07
8.61144e-08
7.10896e-07
3.27717e-07
8.7672e-07
5.7705e-07
9.03386e-07
4.29164e-07
3.41255e-07
4.82535e-07
5.14529e-07
5.38228e-07
5.35813e-07
5.58174e-07
5.63525e-07
5.72918e-07
5.74667e-07
5.7243e-07
5.6859e-07
5.78955e-07
6.00156e-07
5.80015e-07
5.54135e-07
5.39416e-07
5.32179e-07
4.95234e-07
4.86934e-07
4.67782e-07
3.94142e-07
4.46432e-07
5.21953e-07
4.41717e-07
2.42328e-07
2.51997e-07
3.85586e-07
2.06622e-07
4.8916e-07
6.17415e-07
5.63727e-07
9.23018e-07
1.12288e-06
1.05621e-06
2.83138e-06
1.86677e-06
1.09063e-06
2.35395e-06
2.15153e-06
1.77673e-06
9.72543e-07
2.36139e-06
3.22021e-06
4.25846e-06
4.30049e-06
2.65653e-06
1.24602e-06
2.79887e-06
7.86138e-07
3.65746e-06
2.7265e-06
7.28891e-06
8.50501e-06
1.35274e-06
2.98882e-06
1.58213e-07
6.37819e-07
3.47117e-06
2.06434e-06
2.85876e-06
1.14723e-06
1.74678e-06
7.88429e-08
6.52321e-08
2.43498e-09
2.33506e-08
1.12375e-08
2.53581e-08
1.04582e-08
3.21682e-07
6.56387e-09
1.20038e-08
5.49148e-09
1.03176e-07
6.47048e-09
1.50701e-08
7.07109e-09
1.1119e-08
7.21055e-09
5.49216e-08
7.06371e-09
7.6521e-08
5.79454e-09
9.22861e-08
4.40945e-09
3.19072e-08
3.83534e-09
1.97757e-08
4.16064e-09
2.51387e-08
3.5173e-07
3.5141e-08
8.40049e-07
9.20224e-08
8.73345e-07
2.05168e-07
7.58179e-07
1.14863e-07
5.60034e-07
4.82184e-08
1.65517e-07
3.52842e-07
9.23239e-08
4.94425e-07
2.57354e-07
4.93327e-07
2.44152e-07
3.86584e-07
2.52561e-07
4.56045e-07
4.60762e-07
5.81563e-07
5.90059e-07
3.88388e-07
6.76397e-07
6.70214e-07
6.45163e-07
6.03571e-07
4.11306e-07
4.32078e-07
3.78907e-07
4.63207e-07
4.43452e-07
5.09116e-07
4.68608e-07
2.96912e-07
3.88062e-07
4.68763e-07
5.20687e-07
6.83819e-07
5.71737e-07
2.19387e-07
1.24013e-06
3.20626e-07
1.30292e-06
1.41393e-06
1.82746e-06
1.38218e-06
1.59413e-06
3.75388e-06
3.98066e-06
5.72746e-06
2.75193e-06
4.8398e-06
4.69027e-06
2.45775e-06
2.19486e-06
1.82238e-06
2.05375e-06
8.58587e-07
2.09912e-06
7.69146e-07
6.98529e-07
3.67427e-06
2.15484e-06
4.58347e-06
3.93603e-06
4.88586e-07
1.30315e-05
1.42904e-06
2.81566e-06
2.5206e-06
8.27625e-06
1.85216e-10
6.88774e-09
1.50248e-09
2.94768e-08
1.99138e-09
1.0615e-08
9.51195e-10
1.56708e-08
4.0371e-10
1.44263e-08
8.86095e-10
1.19495e-08
9.46588e-10
1.3956e-08
3.37637e-10
1.69235e-08
8.20456e-11
1.53017e-08
1.57362e-09
1.09244e-08
5.76596e-09
6.66471e-09
4.68496e-09
3.00754e-09
2.46549e-09
9.32932e-10
4.32482e-09
1.69407e-08
8.4005e-09
4.45353e-08
2.09565e-08
6.37984e-08
4.18115e-08
8.56002e-08
3.38566e-08
5.96174e-08
2.11565e-08
2.23756e-10
1.6987e-08
2.03072e-10
2.50238e-08
1.20225e-08
1.90565e-08
1.53965e-08
2.37592e-08
3.84633e-08
6.30165e-08
5.0068e-08
2.85613e-08
1.3584e-08
6.2347e-09
1.02345e-08
2.14515e-08
3.14031e-08
3.39339e-08
4.3883e-08
3.43158e-08
2.78393e-08
1.09463e-08
1.48644e-08
1.08607e-08
2.01353e-08
3.11178e-08
5.12348e-08
5.98567e-08
2.21664e-08
2.12174e-08
4.59253e-08
3.99394e-08
1.0305e-08
8.32467e-08
1.40103e-08
8.17346e-08
1.38352e-07
6.39e-08
8.15159e-08
3.25955e-07
4.07514e-07
6.10873e-07
3.83829e-08
9.18803e-08
2.6823e-08
1.42809e-07
6.68972e-07
1.67388e-06
1.22537e-05
1.57089e-05
1.92711e-06
9.03905e-07
4.9739e-06
1.52545e-06
2.41581e-06
1.98407e-06
2.64822e-06
9.79135e-07
8.90604e-07
9.7925e-09
9.94226e-07
2.09827e-06
3.61063e-07
)
;

boundaryField
{
    AXIS
    {
        type            empty;
    }
    OUTLET
    {
        type            calculated;
        value           nonuniform List<scalar> 
50
(
6.92946e-30
9.83718e-30
2.29295e-30
5.84858e-30
4.16985e-30
4.53557e-30
2.19027e-30
4.67564e-30
3.53797e-30
6.64889e-30
5.62276e-30
7.13855e-30
6.97417e-30
8.54701e-30
8.65478e-30
8.27179e-30
7.17473e-30
7.12938e-30
6.85148e-30
6.80051e-30
6.27361e-30
4.50475e-30
2.98124e-30
1.65652e-30
1.03655e-30
7.57535e-31
8.48692e-32
1.35224e-32
2.22717e-31
1.96551e-31
4.83685e-32
4.52583e-32
1.74727e-32
1.28554e-32
1.31972e-31
1.02649e-31
4.89386e-31
5.59217e-31
1.17428e-30
6.28333e-33
2.77355e-32
4.13962e-32
1.095e-32
9.93206e-32
1.64685e-30
2.94774e-30
2.76374e-30
3.47752e-30
3.91718e-30
9.3451e-31
)
;
    }
    COFLOW
    {
        type            calculated;
        value           nonuniform List<scalar> 
30
(
6.33698e-30
2.68428e-30
3.82214e-30
9.6926e-31
1.28253e-30
9.22674e-31
3.13976e-31
1.12643e-31
3.53512e-31
3.90283e-31
1.05402e-30
9.26846e-31
1.16147e-30
9.32324e-31
9.36237e-31
7.51811e-31
8.42423e-31
6.98342e-31
7.36072e-31
5.85556e-31
4.94506e-31
2.22469e-31
2.48258e-31
5.55983e-33
2.32343e-31
5.8684e-32
1.05549e-30
1.45678e-31
3.35515e-30
3.30032e-31
)
;
    }
    PILOT
    {
        type            calculated;
        value           nonuniform List<scalar> 10(3.07126e-30 9.41044e-30 1.39413e-30 6.01851e-30 3.3113e-30 8.68573e-31 3.65234e-30 5.80282e-31 4.88095e-30 6.38919e-30);
    }
    FUEL
    {
        type            calculated;
        value           nonuniform List<scalar> 10(1.79836e-29 1.79966e-28 1.19215e-29 1.26213e-28 7.59247e-29 2.40125e-29 4.95124e-29 1.15574e-28 1.6463e-29 1.31921e-28);
    }
    WALL
    {
        type            zeroGradient;
    }
    front
    {
        type            wedge;
    }
    back
    {
        type            wedge;
    }
}


// ************************************************************************* //
