/*--------------------------------*- C++ -*----------------------------------*\
| =========                 |                                                 |
| \\      /  F ield         | OpenFOAM: The Open Source CFD Toolbox           |
|  \\    /   O peration     | Version:  2.3.0                                 |
|   \\  /    A nd           | Web:      www.OpenFOAM.org                      |
|    \\/     M anipulation  |                                                 |
\*---------------------------------------------------------------------------*/
FoamFile
{
    version     2.0;
    format      ascii;
    class       volScalarField;
    location    "0.04";
    object      chi;
}
// * * * * * * * * * * * * * * * * * * * * * * * * * * * * * * * * * * * * * //

dimensions      [0 0 -1 0 0 0 0];

internalField   nonuniform List<scalar> 
5000
(
1.92212e-24
1.7063e-24
6.51656e-24
2.79531e-23
1.80362e-22
6.20015e-22
2.69594e-21
4.51556e-21
4.39071e-21
2.1393e-20
6.75954e-20
2.49094e-19
6.1746e-19
1.93043e-18
6.96057e-18
6.57812e-17
5.61718e-16
3.70127e-15
6.46419e-15
3.76359e-14
1.70532e-13
1.25927e-12
4.45123e-12
9.12721e-12
1.31798e-12
6.95666e-13
1.42244e-13
1.37801e-13
6.12844e-14
1.395e-13
6.51126e-13
1.82158e-12
4.45497e-12
1.17354e-11
6.71769e-12
2.58772e-11
1.5012e-10
7.94214e-10
3.75687e-09
4.54485e-09
2.68377e-08
6.46089e-08
2.59676e-07
6.10827e-07
1.42713e-06
2.13337e-06
2.78657e-06
2.16171e-06
2.63719e-06
1.37695e-06
8.96359e-07
1.0875e-06
3.99852e-07
8.23579e-08
1.41381e-07
1.79975e-07
4.24735e-07
6.70494e-07
6.11781e-07
2.40942e-07
1.69568e-07
2.62518e-07
2.7754e-07
2.61974e-07
2.11494e-07
1.72644e-07
4.93473e-07
1.12268e-06
2.48143e-06
3.71025e-06
8.68437e-06
8.56524e-06
5.34349e-06
5.94973e-06
2.92755e-06
2.04773e-06
2.04767e-06
2.64832e-06
1.09692e-06
2.31354e-06
3.82194e-06
6.01176e-06
6.7628e-06
4.20793e-06
2.88521e-06
3.1343e-06
3.82562e-06
8.82235e-06
1.91677e-05
1.57268e-05
4.36325e-05
0.00014187
0.000361419
0.000713201
0.00119146
0.00176023
0.00248525
0.00326867
0.00442245
0.00653075
1.61263e-22
1.8416e-22
8.48047e-22
1.27446e-21
2.39433e-21
2.31141e-20
1.10195e-19
2.46215e-19
4.57785e-19
8.68046e-19
3.19662e-18
1.41124e-17
2.46074e-17
1.29436e-16
7.39828e-17
1.49574e-15
1.29986e-14
9.12877e-14
1.02529e-13
2.02416e-12
1.36616e-11
6.87866e-11
4.02744e-10
7.36834e-10
2.07403e-10
7.98759e-11
2.38226e-11
1.32229e-11
5.87021e-12
4.89385e-12
2.12418e-11
6.77331e-11
2.48783e-10
4.38415e-10
2.98727e-10
1.18862e-10
8.84216e-10
5.5312e-09
2.98457e-08
8.13803e-08
1.58438e-07
7.7062e-07
3.09869e-06
1.30025e-05
5.34177e-05
0.000193468
0.000527796
0.00105416
0.000923346
0.000408641
0.000154562
6.23839e-05
2.46528e-05
8.69938e-06
5.11083e-06
5.35705e-06
1.43233e-05
4.9068e-05
0.000111901
0.000116002
7.27432e-05
3.99426e-05
2.10734e-05
1.18958e-05
8.1911e-06
8.9646e-06
1.82699e-05
5.04851e-05
0.000152745
0.000470792
0.00143463
0.00392034
0.0076188
0.00535497
0.00220775
0.000821536
0.000309786
0.000137777
9.26837e-05
0.000118424
0.0002257
0.000515918
0.00107271
0.00135452
0.00106481
0.000652378
0.000373159
0.000190099
9.43068e-05
7.52336e-05
0.000123416
0.000352387
0.000843657
0.00161356
0.00258317
0.00382058
0.00525397
0.00702411
0.00911981
0.0147708
1.82157e-20
2.02664e-20
1.07434e-19
2.91328e-19
6.67245e-19
2.13342e-18
6.48688e-18
1.47136e-17
1.96712e-17
1.09531e-16
3.08467e-16
9.37454e-16
1.75156e-15
5.90882e-15
1.15333e-14
5.1255e-14
5.76415e-13
4.74063e-12
1.75506e-11
5.07447e-11
2.33857e-10
3.15359e-09
1.46222e-08
3.17236e-08
1.94385e-08
1.60032e-09
8.05335e-10
7.23401e-10
4.64014e-10
3.39295e-10
1.13388e-09
2.8873e-09
8.57731e-09
1.80075e-08
2.24719e-08
2.76687e-09
7.42751e-09
2.87336e-08
1.14111e-07
2.79265e-07
2.66176e-07
1.47857e-06
1.15535e-05
7.2356e-05
0.000363328
0.00139478
0.00477795
0.015425
0.0468269
0.0916061
0.0535217
0.0135515
0.00405456
0.000629138
4.23006e-05
2.24526e-05
5.22277e-05
0.00023307
0.00100899
0.00366898
0.00665544
0.00640668
0.00290463
0.000713356
0.000153222
0.000134631
0.000265549
0.00093117
0.00315589
0.00958484
0.0244657
0.0646658
0.175484
0.416401
0.5231
0.303998
0.0400023
0.00474825
0.000727892
0.00054339
0.000734966
0.00154349
0.00354804
0.00823974
0.012124
0.0117743
0.00868834
0.00273173
0.000427223
0.00020851
0.000205839
0.000407098
0.000870267
0.00165166
0.00279712
0.00441982
0.00657947
0.00905908
0.0120521
0.0203049
5.33441e-18
2.49001e-18
3.34195e-18
1.54497e-17
7.15744e-17
2.06322e-16
5.82923e-16
9.90763e-16
2.17527e-15
4.4444e-15
1.89831e-14
3.3231e-14
4.67497e-14
2.35479e-13
6.36843e-13
3.74299e-12
2.26249e-11
1.67584e-10
8.84486e-10
6.05842e-09
2.93541e-08
2.16475e-07
9.67918e-07
1.35141e-06
7.06793e-07
6.82245e-08
1.89207e-08
2.6151e-08
1.74252e-08
1.7955e-08
4.60147e-08
1.1464e-07
3.75334e-07
9.80677e-07
5.33624e-07
2.00977e-07
1.72814e-07
2.21028e-07
5.02118e-07
6.49695e-07
1.13318e-06
1.06901e-05
7.55799e-05
0.000379595
0.00133069
0.00356206
0.00798844
0.0165706
0.0417678
0.139759
0.322908
0.31824
0.118647
0.00588551
0.000187033
9.03719e-05
0.000132664
0.000341205
0.000898217
0.00270124
0.00960056
0.0145468
0.0138263
0.00611922
0.00120567
0.000837392
0.00152689
0.00476039
0.0139808
0.0329196
0.0647476
0.113903
0.195294
0.462271
1.0422
1.30998
0.8741
0.0971449
0.00487119
0.00105503
0.000904213
0.00121663
0.00233871
0.00581865
0.0164331
0.020919
0.0214797
0.0123503
0.00206417
0.000450231
0.000346301
0.000490159
0.000959101
0.0019389
0.00369962
0.00673877
0.011424
0.0177284
0.0254082
0.044834
6.80567e-16
1.63233e-16
1.21588e-15
6.14224e-16
3.95983e-15
7.55656e-15
2.22822e-14
5.06987e-14
1.33291e-13
4.31856e-13
2.19652e-12
2.16084e-12
1.13385e-11
2.11619e-11
5.36062e-11
3.77864e-11
7.33081e-10
5.57595e-09
3.27493e-08
3.12394e-08
5.43783e-07
5.51354e-06
4.26923e-05
0.000124519
5.59953e-05
8.97105e-06
2.39733e-06
9.69894e-07
5.12305e-07
3.46776e-07
4.73857e-07
3.47972e-06
2.84269e-05
0.000116657
9.28499e-05
3.1552e-05
1.255e-05
5.39654e-06
3.48836e-06
4.37768e-06
8.79583e-06
6.32031e-05
0.000369981
0.00144635
0.00402449
0.00869064
0.0157433
0.025848
0.0402503
0.0802766
0.302703
0.555337
0.535849
0.10488
0.00161072
0.000392793
0.000383715
0.000639513
0.00136942
0.00281907
0.0082363
0.0188302
0.0224738
0.0157741
0.00430858
0.00262331
0.00400892
0.0100869
0.0253566
0.0526109
0.0952193
0.16818
0.309704
0.481474
0.761507
0.989123
1.54327
0.949984
0.0599526
0.00360431
0.00136037
0.00110737
0.00165956
0.00367891
0.0130615
0.0315433
0.0372695
0.0316501
0.00765586
0.000938564
0.000590292
0.000658604
0.00122141
0.00266394
0.00571747
0.0116716
0.022327
0.0384756
0.0594276
0.102481
9.63827e-13
3.28784e-13
4.08995e-14
1.49012e-13
6.1918e-13
1.42844e-12
2.73403e-12
5.06593e-12
1.03923e-11
2.41963e-11
9.92763e-11
1.04511e-10
3.86591e-10
7.53135e-10
1.83364e-09
2.76185e-09
1.45799e-08
1.06786e-07
8.56877e-07
3.13104e-06
2.86287e-05
0.000383942
0.00492513
0.0382865
0.0175082
0.00336566
0.000571418
0.000100792
2.43737e-05
8.34336e-06
8.85884e-06
5.67039e-05
0.000637694
0.00534399
0.0167855
0.00660568
0.00193926
0.000534294
0.000119402
3.92393e-05
5.39787e-05
0.000210583
0.000931296
0.0031901
0.00830834
0.0175531
0.0323207
0.057579
0.101901
0.167858
0.350777
0.85457
1.18514
0.736506
0.0351257
0.00255883
0.00151428
0.00193131
0.00397342
0.00852927
0.0176528
0.0374635
0.0413033
0.0311056
0.00927549
0.00471379
0.00605113
0.0123381
0.0288449
0.0651363
0.150605
0.369653
0.825442
1.0138
0.541617
0.437433
0.626244
1.36316
0.571283
0.0164731
0.00299488
0.00211674
0.00244984
0.00507301
0.0125989
0.0452895
0.0642228
0.0672295
0.0239938
0.00239547
0.000994766
0.000937044
0.00158634
0.00366164
0.00875613
0.019889
0.0411096
0.0752631
0.113718
0.158569
5.51661e-11
1.27329e-11
8.99076e-12
6.78543e-12
7.92751e-12
7.89419e-11
3.5003e-10
6.543e-10
1.10935e-09
2.05616e-09
5.32694e-09
7.86688e-09
2.2367e-08
4.31662e-08
3.28027e-08
8.44124e-08
2.39604e-07
1.12243e-06
4.94598e-06
2.09598e-05
0.000211348
0.00271613
0.0440503
0.466715
3.47231
2.38615
0.211334
0.0281308
0.00304624
0.000148109
9.70187e-05
0.000332703
0.0022172
0.012281
0.0736919
0.257051
0.21439
0.0338144
0.00377008
0.000364344
0.000205593
0.000421754
0.00152813
0.0050095
0.01355
0.0313695
0.0651424
0.134772
0.27969
0.500859
0.747971
1.53535
2.06997
2.53346
0.67403
0.019682
0.00645989
0.00683789
0.011366
0.0226437
0.0446243
0.0892753
0.0971283
0.070462
0.0187908
0.00703728
0.00804977
0.0149924
0.0377054
0.106359
0.325765
0.940738
1.65456
1.05932
0.350067
0.0788109
0.0326983
0.267776
0.718915
0.114396
0.00901211
0.00555706
0.00591255
0.0118181
0.026568
0.0631857
0.102538
0.115421
0.0613281
0.00621176
0.00167912
0.00150377
0.00225372
0.00529541
0.013813
0.0332407
0.0674844
0.11392
0.137685
0.109927
9.96327e-09
2.54477e-10
2.67905e-09
1.8289e-09
4.54315e-09
1.30285e-08
2.89952e-08
4.24463e-08
8.42091e-08
9.95262e-08
2.54375e-07
7.38328e-07
3.5346e-06
9.40335e-06
1.03704e-05
6.86371e-06
8.54339e-06
1.60197e-05
5.34749e-05
0.000178144
0.0010236
0.0105228
0.112322
1.14623
7.16387
19.9377
18.4619
4.56677
0.0551484
0.0015893
0.00085257
0.00161918
0.00650272
0.0288778
0.114725
0.645157
1.42208
0.905643
0.0920848
0.00317825
0.000623628
0.000812621
0.00235411
0.0076432
0.022939
0.0639788
0.161107
0.377579
0.7852
1.2537
1.55232
1.98563
2.43142
3.30436
2.49414
0.149992
0.0231345
0.0213945
0.0290892
0.0496148
0.0871946
0.176421
0.209689
0.162557
0.041912
0.0109636
0.0116242
0.0220475
0.0635954
0.211958
0.711087
1.78091
1.74652
0.749777
0.154933
0.105107
0.252234
0.148225
0.125035
0.13211
0.0202813
0.0116844
0.0133835
0.0273604
0.0684774
0.114167
0.136235
0.151796
0.115885
0.0149898
0.00301486
0.00264332
0.00354979
0.00802055
0.0212612
0.0509977
0.0927401
0.11389
0.0854486
0.0121074
4.07047e-06
2.94803e-06
9.19057e-07
4.15889e-07
5.53495e-07
1.61821e-06
5.94031e-06
1.80657e-05
3.99724e-05
6.03568e-05
0.00010557
0.000288197
0.00109243
0.00322303
0.00412222
0.00252714
0.00141364
0.000875877
0.000865252
0.00143662
0.00413698
0.0283113
0.260802
2.56806
7.78575
8.4005
11.1321
18.5804
3.4828
0.0184744
0.00539915
0.00718144
0.023196
0.112053
0.447303
1.21232
3.26749
3.83136
1.43551
0.0398886
0.00258599
0.00184213
0.00379839
0.0128795
0.0476249
0.174563
0.510527
1.10995
1.64876
1.73343
1.59902
1.22143
1.07076
1.11326
2.10482
0.365466
0.0699074
0.0620695
0.0841506
0.130583
0.195
0.33329
0.41297
0.344072
0.094751
0.0188157
0.0183989
0.0360764
0.114945
0.40652
1.30005
2.27081
1.19912
0.536269
0.120518
0.521561
0.454021
0.294405
0.108519
0.0528084
0.0272846
0.0204577
0.0265037
0.0578976
0.155318
0.199715
0.149167
0.15527
0.154133
0.0330837
0.00569169
0.00462799
0.00577317
0.0120783
0.0306799
0.0703542
0.109834
0.0775111
0.0306107
0.00167587
0.00611928
0.0128723
0.00655796
0.0037081
0.00358903
0.00516909
0.0109412
0.0273494
0.0577735
0.0836203
0.107119
0.156833
0.3044
1.05246
3.75938
2.49087
0.950469
0.260121
0.0341102
0.01308
0.020584
0.0945724
0.920983
7.27473
10.9629
0.0215896
0.0889809
4.41875
10.0202
0.320038
0.0307305
0.0320528
0.104325
0.59894
2.02752
2.6988
3.2458
4.20896
4.91889
0.777809
0.0112237
0.00486942
0.00765011
0.0281497
0.130354
0.574254
1.3865
1.74942
1.27589
0.629637
0.289121
0.006243
0.00863824
0.152984
0.747329
0.383793
0.192811
0.209936
0.347696
0.50948
0.60003
0.740364
0.80006
0.659811
0.186962
0.0332208
0.0304637
0.0625879
0.210592
0.749135
2.0793
2.06502
0.812815
0.238223
0.533695
0.549349
0.24246
0.16172
0.0868571
0.0228456
0.0245606
0.027589
0.0454797
0.1154
0.277977
0.243537
0.170414
0.152568
0.161112
0.0607146
0.0103073
0.00790215
0.00942945
0.0183721
0.0440188
0.0926799
0.115537
0.0613737
0.0323471
0.00329352
194.102
143.224
92.9921
66.9129
34.1245
14.2931
14.4691
26.9499
40.8572
28.179
11.0469
5.69188
7.33893
19.9765
29.6886
24.1809
13.7443
4.08017
0.263537
0.0523493
0.083829
0.425876
4.07582
19.1027
6.64898
1.38941
6.78982
2.52892
3.63488
1.27041
0.115806
0.134958
0.605798
2.81096
3.81778
1.67239
0.00975861
0.00801054
2.14815
2.58272
0.0483705
0.0114998
0.0175337
0.0714392
0.387468
1.45046
1.6506
0.449656
0.0441643
0.361079
0.704935
0.527709
0.529779
0.708834
1.12649
0.150296
0.550424
0.837712
1.38215
1.68189
1.65048
1.48738
1.28693
1.03444
0.310319
0.0563118
0.0518332
0.115728
0.404508
1.38859
2.80792
1.46027
0.644807
0.362216
0.669976
0.283924
0.13219
0.0999998
0.0690985
0.0136914
0.0187597
0.0302946
0.0754668
0.225277
0.368982
0.212414
0.17371
0.143392
0.15678
0.0817873
0.0173267
0.0126731
0.0152217
0.0285722
0.0659054
0.132538
0.141648
0.0902074
0.067139
0.00818304
2.3821
12.2522
29.6469
57.7616
75.9537
61.5351
64.6565
70.1113
43.3791
30.0346
20.8047
24.2817
36.2453
44.3313
15.5164
2.79307
3.35823
2.60166
0.300053
0.16454
0.394257
2.36199
14.187
27.6541
4.09
5.65951
10.2909
10.8716
6.48641
0.596741
0.179969
0.595333
3.36338
5.42508
0.331341
0.053844
1.26248
0.450485
0.243375
1.74209
0.132812
0.0241993
0.0402303
0.196927
1.09628
1.68737
0.00644002
0.0763555
1.57115
1.74169
1.63098
1.39096
1.46617
1.85586
0.312293
0.470161
1.34614
1.86049
1.75594
1.52832
1.48445
1.07642
0.787491
0.763605
0.359108
0.0858992
0.0881126
0.224082
0.806191
2.41977
2.94247
1.12907
0.733977
0.583102
0.476795
0.0396598
0.0951457
0.0958131
0.0687057
0.00544836
0.0134802
0.0440356
0.163218
0.440115
0.325278
0.129811
0.0872382
0.0724345
0.117842
0.0948342
0.025403
0.0182865
0.0232026
0.0451714
0.108793
0.223519
0.210173
0.145198
0.0689929
0.0046882
0.0317066
0.326117
1.59683
6.17909
22.461
46.3705
43.4414
23.6319
18.7572
29.5727
50.9246
57.0904
51.8083
21.1149
13.085
9.10092
3.23742
0.555034
0.261027
0.848304
2.5788
10.1478
35.3027
19.6846
9.57331
8.84611
1.08697
2.38518
1.71732
0.00729761
0.484864
3.25834
8.29628
2.69783
0.532636
2.27718
2.21999
1.83547
0.618676
0.742081
0.168638
0.0405434
0.0972827
0.625768
2.29557
0.105394
0.316824
1.8089
1.20105
0.845583
0.596766
0.969841
1.29084
0.563846
0.0215519
1.06683
1.18866
0.195049
0.0143457
0.098843
0.0284964
0.00463619
0.0308622
0.216566
0.239688
0.10838
0.151238
0.465138
1.6429
3.59059
2.5623
1.26708
1.25802
1.30551
0.546912
0.0248089
0.0536203
0.0534142
0.0179201
0.00242096
0.019795
0.111338
0.418095
0.638767
0.159458
0.0422508
0.0124947
0.0130788
0.0459963
0.0760631
0.0307882
0.0235828
0.034185
0.0765569
0.203724
0.385723
0.282448
0.169941
0.0419227
0.00422435
0.000491942
0.00867268
0.0672184
0.336414
1.36021
2.67437
3.22334
3.96501
5.92147
12.9792
21.9271
23.1319
14.2316
8.82567
14.1975
25.861
15.9336
6.23666
3.86863
5.46294
12.9388
36.5176
48.7262
10.6954
14.0985
17.1314
0.449965
0.00999229
0.0125875
0.244722
3.67484
11.3429
8.32582
0.332022
2.80687
1.1668
0.681357
0.880886
0.584938
0.601574
0.0799589
0.0556797
0.275334
1.88564
2.20387
0.0154129
1.52875
0.879027
0.295512
0.208755
0.251952
0.492278
0.0735096
0.00708901
0.976022
0.743943
0.0100895
0.719883
1.32743
1.49957
1.40027
0.530542
0.158202
0.243891
0.143569
0.127841
0.287756
1.04504
3.15992
4.3015
2.25593
1.88017
2.39574
2.89734
1.3985
0.0608809
0.00373868
0.0029597
0.00255913
0.0104016
0.0812823
0.350692
0.897662
0.479248
0.0624697
0.0214518
0.0830533
0.0729236
0.0410223
0.0362979
0.0286095
0.0273477
0.0509903
0.137479
0.384654
0.576166
0.348848
0.142822
0.0277547
0.00491273
1.28389e-05
0.000386406
0.00316054
0.0157284
0.055502
0.131386
0.270563
0.481742
0.934712
1.77492
2.80234
3.2736
3.07139
4.18877
9.51089
26.4495
41.0371
29.5901
16.9547
24.25
46.3669
64.012
22.3997
5.86085
13.0425
37.1533
15.4741
3.07665
2.44809
6.5982
17.2828
20.9963
6.07946
2.67711
1.93056
0.246846
0.136324
0.179827
0.373473
0.567641
0.00918001
0.0968077
0.849518
3.82628
1.01511
0.65469
1.00238
0.0857926
0.0626788
0.0847259
0.150409
0.0615095
0.166426
1.48751
1.27388
0.0168537
1.22242
1.15867
0.478241
0.501277
0.797531
0.733484
0.345518
0.390293
0.0385171
0.171184
0.652836
2.38149
5.09418
4.30359
2.36672
2.87704
3.73091
4.4615
2.5929
0.235566
0.0125453
0.0155428
0.0211696
0.0727556
0.286988
0.907226
1.1154
0.253347
0.0268335
0.151241
0.159189
0.109202
0.0564043
0.020103
0.0224342
0.0307935
0.0803162
0.253835
0.675079
0.704046
0.405313
0.101137
0.039133
0.00522163
2.89488e-06
7.39225e-05
0.000537561
0.00252981
0.00883897
0.0230184
0.0520495
0.112972
0.21467
0.362614
0.564314
0.813157
1.15029
2.03168
4.2266
13.4631
38.0901
56.5644
47.829
62.2306
61.5953
27.154
5.95265
3.73807
8.75565
33.1979
49.7313
28.3957
22.0221
31.3367
38.6803
18.4484
6.48457
5.14766
0.296322
0.0925159
0.0875724
0.113236
0.350061
0.422657
0.00778924
0.290579
2.60767
5.12454
1.05355
1.13304
0.0783723
0.00582122
0.00693936
0.0176594
0.0481024
0.434557
2.4277
2.91655
0.47788
0.705207
1.04822
0.0589308
0.0265561
0.0330258
0.0875709
0.221308
0.373986
0.34141
0.0096665
0.332091
1.65611
4.67998
6.58328
3.94271
2.84182
3.75708
4.3927
5.51187
4.1859
0.777051
0.154688
0.106192
0.125563
0.273343
0.788964
1.60744
0.833986
0.195178
0.108882
0.165216
0.0790401
0.0560087
0.0494907
0.0160364
0.0187138
0.0391309
0.138448
0.471506
1.0526
0.752647
0.424818
0.103187
0.0433532
0.00529017
1.85183e-05
0.000254868
0.00151526
0.00639112
0.0215752
0.0589523
0.132683
0.246998
0.390309
0.531646
0.667953
0.809307
0.970353
1.29264
1.96063
4.84775
13.5758
28.9413
47.0335
39.0708
19.0637
5.58813
2.50978
2.53726
5.40817
21.1696
57.3468
72.353
62.6195
55.2751
29.7989
12.1918
9.6225
7.0235
0.273858
0.0408624
0.099899
0.298591
0.461189
0.0551864
0.0925118
1.10182
6.69306
5.52571
2.08095
1.24439
0.0254842
0.0341035
0.110224
0.424044
1.38026
3.89311
5.83185
2.28764
0.495603
0.72701
0.0362973
0.00544882
0.00560345
0.0160344
0.0486821
0.0557934
0.26624
0.0842942
0.11404
0.956172
3.84724
7.27099
6.71874
3.705
3.39382
4.00614
4.13781
5.54342
6.15397
2.25377
0.54121
0.384325
0.447496
0.835969
1.78876
1.87234
0.678843
0.177074
0.158258
0.0739559
0.0302875
0.026623
0.0326253
0.00815855
0.0179716
0.06351
0.261687
0.859783
1.4128
0.790993
0.434805
0.16221
0.070733
0.00924116
0.000702965
0.00602048
0.0244284
0.074317
0.194007
0.476862
0.910216
1.26984
1.51312
1.58648
1.58875
1.56273
1.58006
1.69979
1.88412
2.47056
4.06402
7.05058
13.4155
8.18113
3.62186
1.80811
1.46921
1.63897
2.81148
8.8275
21.9662
38.0848
41.2969
26.3839
12.1144
8.16317
12.3965
16.5646
2.7969
0.00734628
0.00531278
0.0631072
0.0272301
0.00384068
0.522706
4.92166
13.4784
6.54443
4.54834
3.9112
3.04456
2.24541
2.66514
4.5772
7.58946
10.1128
6.01392
2.58829
1.38171
0.920999
0.192656
0.0283068
0.0197109
0.0204698
0.031242
0.0989952
0.0370847
0.00652314
0.478202
2.80748
7.05889
9.0426
5.76106
3.68881
3.75771
3.57672
3.31464
4.69815
7.86517
5.10158
1.88624
1.31643
1.43498
2.14884
2.88836
1.59595
0.736953
0.231272
0.138479
0.0292943
0.016765
0.0172675
0.0155517
0.00368211
0.0250344
0.126471
0.514627
1.4779
1.62808
0.875314
0.519452
0.329104
0.160809
0.0196482
0.0428713
0.192592
0.512527
1.09553
2.123
3.0821
3.64131
3.69953
3.43101
3.05775
2.77686
2.57727
2.49239
2.46321
2.32168
2.26617
2.33394
2.52361
3.07635
2.03936
1.37793
1.06904
1.01117
1.08477
1.45049
3.08591
5.63962
8.82749
10.678
7.85299
5.64334
6.54868
14.3377
26.4774
9.23171
0.1697
0.00412262
0.00438863
0.0147439
0.291799
3.53346
14.4496
19.4857
9.49492
10.6975
13.7054
12.3364
10.9616
12.5518
16.7548
18.4971
12.8941
6.50164
4.37686
4.14217
4.16672
1.86282
0.374569
0.0687084
0.022116
0.0167867
0.0278084
0.0137854
0.188191
2.01788
6.30713
10.498
8.74805
4.76573
3.74536
3.71427
2.80337
2.41406
3.55306
7.74462
8.51417
5.12956
3.80585
3.69833
3.90653
3.04941
1.39367
0.870894
0.45266
0.157591
0.023352
0.00934707
0.00916005
0.00444031
0.0117034
0.0554129
0.274883
1.02117
2.27741
1.68255
1.06176
0.721535
0.678398
0.341019
0.03824
2.87091
6.09656
9.032
9.6665
8.57003
7.10232
5.4829
4.30198
3.5054
3.05479
2.79146
2.58895
2.39027
2.14008
1.81962
1.68939
1.57216
1.48493
1.44566
1.16499
0.957328
0.790738
0.720619
0.62359
0.668248
1.01543
1.42651
1.97937
2.68706
2.78982
3.09937
5.62366
12.8971
29.6801
22.0796
4.18916
0.741841
0.343164
0.595623
3.42236
13.394
30.3783
19.0836
13.2916
18.4418
26.9345
30.0869
30.3787
31.0098
29.202
20.4691
12.1449
9.44678
8.66497
9.52918
7.86782
4.09676
1.38828
0.333184
0.108961
0.048844
0.060458
0.264681
1.55155
5.82131
10.9899
11.9269
7.00836
4.14379
3.67855
3.17254
2.02847
1.70639
2.59735
5.9645
9.92237
8.68456
6.98756
6.002
4.55656
2.50804
1.57109
1.23693
0.944407
0.354111
0.0395812
0.00808778
0.00581244
0.00750278
0.0294168
0.144298
0.619943
1.98701
3.05548
1.77564
1.35875
1.07391
1.22631
0.607837
0.0735242
0.947452
4.80676
5.04039
4.47948
3.5287
2.54416
1.90308
1.55792
1.3768
1.30582
1.21786
1.09287
0.955736
0.840202
0.748354
0.769006
0.810527
0.842946
0.893267
0.799966
0.654869
0.479055
0.355985
0.233291
0.210173
0.25451
0.341605
0.523939
0.856253
1.17109
1.85969
3.9102
8.99111
25.033
46.8042
20.7848
7.33913
4.81395
6.38919
15.5355
37.2375
36.4064
15.3782
14.7066
19.7936
28.2635
33.9473
35.227
31.0873
22.7473
15.9511
13.0962
11.7923
12.0354
13.6586
12.7718
8.12452
4.39863
1.8793
0.784655
0.504104
0.666676
2.00218
5.69441
11.898
14.6529
10.0394
5.24917
3.74639
3.33121
2.29424
1.43135
1.21531
1.93246
4.13261
7.73292
9.28197
7.91648
6.01325
3.73347
2.29079
2.14523
2.20135
1.8773
0.849708
0.154354
0.0311896
0.0202126
0.0326005
0.0922657
0.392712
1.43493
3.46192
3.55928
2.00242
1.73528
1.58438
1.91001
0.936856
0.168648
0.000737887
0.00852994
0.0250213
0.0500091
0.0812545
0.114594
0.140628
0.149651
0.155727
0.163953
0.162005
0.155747
0.152635
0.161018
0.179583
0.225597
0.278517
0.313632
0.356529
0.312465
0.235826
0.151501
0.093212
0.0543906
0.0437154
0.0503945
0.076897
0.146979
0.281372
0.475616
0.941641
1.81936
3.84367
12.1041
45.6173
61.3054
33.9359
24.4647
28.5813
50.6872
53.1148
21.1669
11.2102
10.9698
12.706
16.3915
18.0845
17.7856
15.6953
12.9958
12.1045
10.9529
10.1222
10.5288
12.6464
14.7996
13.988
10.5495
6.99571
4.35701
3.45112
4.43127
7.41059
13.5238
18.2561
13.4909
6.80892
4.04907
3.26391
2.55482
1.46057
1.00919
0.919379
1.51224
2.85851
4.96193
6.38937
5.68556
4.11703
2.89892
2.92342
3.60963
3.99838
3.63173
2.15302
0.530715
0.132284
0.0907726
0.119571
0.324684
1.12552
3.13324
5.05646
3.73492
2.37116
2.19325
2.21004
2.70961
1.35503
0.486748
2.00678e-06
3.85464e-05
0.000158208
0.000458246
0.000978912
0.00177496
0.00281167
0.00407882
0.00550929
0.00681616
0.00820074
0.0104264
0.0135343
0.0174939
0.0234562
0.0326437
0.0410427
0.0459787
0.0521773
0.0451149
0.0338131
0.0219433
0.0130833
0.00746674
0.00694903
0.00974982
0.0187322
0.0412061
0.0845754
0.158898
0.315446
0.483336
0.935472
2.89071
14.2672
48.517
74.6233
72.3816
73.27
56.8569
20.4934
7.1697
4.79292
4.04483
4.21996
5.31862
5.98815
6.44239
6.58885
6.37841
6.02445
5.61791
5.69008
6.64921
8.83801
12.769
17.7473
19.9407
17.6083
13.8261
11.9034
14.0294
18.0725
22.3708
17.2959
8.59852
4.4095
3.13038
2.46402
1.61537
0.943918
0.725244
0.787097
1.26829
2.11957
3.21749
3.8785
3.56195
3.02207
3.53499
4.93342
6.01497
6.21454
6.31364
4.93614
1.90541
0.591093
0.39211
0.509867
1.19895
3.08233
5.58979
6.11082
3.74843
2.77296
2.6579
2.86773
3.56069
1.90449
1.16505
7.33097e-09
1.89639e-07
1.04557e-06
4.25276e-06
1.18552e-05
2.72873e-05
4.98967e-05
8.15833e-05
0.000124381
0.000178517
0.000254072
0.000378259
0.000567591
0.00085761
0.00126802
0.0017157
0.0020537
0.00233263
0.00259087
0.00245773
0.00191321
0.00137617
0.0012477
0.00121596
0.00163954
0.00267234
0.00573112
0.013654
0.02635
0.0442791
0.0666874
0.0720826
0.126931
0.359877
1.54352
6.28817
19.5682
28.8647
23.1478
6.00035
2.32297
1.26299
0.887896
0.722365
0.801341
1.09591
1.373
1.62668
1.69252
1.60083
1.60188
1.80064
2.2852
3.24958
4.98391
8.56378
15.1225
22.1872
26.9755
27.9396
26.8655
27.7193
26.1192
19.4239
9.44564
4.64585
2.87383
2.18057
1.52318
0.953872
0.671457
0.600084
0.758361
1.16124
1.79506
2.51407
2.98201
3.21575
4.12631
5.81735
7.74293
7.67328
7.57475
9.05151
9.40988
5.49328
2.54182
1.804
2.21167
3.92477
6.50525
7.83982
6.13645
3.68629
3.04006
3.01807
3.48497
4.39816
2.73225
2.7094
7.93526e-11
1.42883e-09
7.35785e-09
3.59925e-08
1.27053e-07
3.81744e-07
7.66544e-07
1.40495e-06
2.39324e-06
3.9693e-06
6.75833e-06
1.18622e-05
2.09052e-05
3.67552e-05
6.03074e-05
8.40422e-05
0.000103975
0.000135235
0.000115511
0.000184506
0.000196805
0.000372692
0.000919017
0.00153513
0.00161621
0.00146255
0.00172745
0.00382126
0.00636088
0.00850411
0.00862882
0.00599883
0.00478658
0.00957073
0.0242304
0.0278958
0.0643856
0.120334
0.0940992
0.0658221
0.119009
0.106295
0.092857
0.0854599
0.106039
0.141139
0.164705
0.179935
0.196671
0.227318
0.316507
0.521854
0.847552
1.38969
2.29687
4.3433
8.17831
12.9114
18.6909
23.9388
26.0471
22.7836
16.1689
8.40948
3.88493
2.44314
1.73948
1.28812
0.856549
0.621787
0.536717
0.584927
0.769431
1.12629
1.71011
2.45953
3.27492
4.47637
6.49398
8.17396
8.25522
6.94257
6.87566
9.46391
13.1766
11.7958
7.76195
6.27568
6.90638
8.90869
10.1372
8.38514
5.4829
3.55187
3.07387
3.32296
4.08967
5.21194
4.03445
5.46548
3.33058e-12
8.07846e-12
1.87315e-10
3.98028e-10
1.31541e-09
3.42841e-09
7.61057e-09
1.60981e-08
3.1867e-08
6.24424e-08
1.40679e-07
3.12253e-07
6.66737e-07
1.39141e-06
2.64188e-06
4.59283e-06
5.58219e-06
1.46015e-05
3.89935e-05
0.000147412
0.000571352
0.00177708
0.00364738
0.0040343
0.00258446
0.00123921
0.000612445
0.000645708
0.000793956
0.000930299
0.00105317
0.0010344
0.00105105
0.00133014
0.00193115
0.00252871
0.00387507
0.00623116
0.00573644
0.00534848
0.0111924
0.00713247
0.00228329
0.00590809
0.00781646
0.0105954
0.0140145
0.0201392
0.0306854
0.0510333
0.111345
0.238251
0.407895
0.66391
1.05138
1.77411
2.85253
4.1452
5.96422
7.96831
8.9695
7.24474
4.86976
2.62819
1.61919
1.26146
0.92822
0.699169
0.519534
0.459915
0.484211
0.581259
0.758568
1.09627
1.6689
2.55131
3.89496
5.63882
7.07863
7.36857
5.41082
4.39125
4.61304
6.92877
11.5195
16.3645
16.0595
14.4675
14.2688
13.7123
10.8401
7.27424
4.61196
3.34405
3.06656
3.77955
4.80982
6.11036
6.17907
9.52049
3.65851e-14
5.05148e-13
3.56348e-12
1.44507e-11
4.75129e-11
2.24451e-11
5.86758e-11
1.99679e-10
4.7053e-10
9.60221e-10
3.35288e-09
9.9473e-09
2.60165e-08
7.42678e-08
1.64073e-07
5.25188e-07
2.24977e-06
1.40981e-05
7.89988e-05
0.000356699
0.0013258
0.00348171
0.00484562
0.00296071
0.00136601
0.000719525
0.000525861
0.000427435
0.000359859
0.000415001
0.000617011
0.000809724
0.00106768
0.00190374
0.00339979
0.00547349
0.00662744
0.0050457
0.00232143
0.000927857
0.00103657
0.001009
0.00296882
0.00727692
0.00648158
0.00367532
0.00475521
0.0134214
0.0294744
0.058528
0.127881
0.207389
0.287694
0.385275
0.505892
0.668656
0.840903
1.03195
1.30003
1.57833
1.70664
1.4908
1.23565
0.889074
0.688154
0.574186
0.446714
0.372285
0.333641
0.354981
0.413759
0.504153
0.663203
0.959148
1.44947
2.27939
3.47415
4.38277
4.53007
3.41679
2.19457
1.93301
2.34699
3.74566
6.79581
12.3625
17.1547
18.0292
16.1813
12.4494
8.50911
5.75833
3.81647
3.10043
3.40244
4.35432
5.37657
6.62208
9.65881
13.6686
1.0592e-15
2.06096e-14
1.9846e-13
3.95006e-13
4.51637e-13
8.78643e-13
8.45004e-13
8.68156e-12
2.44241e-11
3.17901e-11
1.48261e-10
5.71658e-10
1.58312e-09
6.32965e-09
3.76286e-08
2.09249e-07
2.01904e-06
1.9001e-05
0.00012531
0.000604019
0.00213021
0.00425536
0.00272379
0.000451442
0.000239241
0.000295527
0.000389951
0.000273163
0.00025352
0.000534589
0.0011596
0.00119464
0.00192493
0.00397914
0.00757884
0.012317
0.0131388
0.00834306
0.00230758
0.00125384
0.000647921
0.00370678
0.00974936
0.00696838
0.00226376
0.00168203
0.0160277
0.0321358
0.0497037
0.0805115
0.119623
0.132509
0.156033
0.17177
0.181068
0.195012
0.217519
0.243747
0.275394
0.307932
0.32901
0.325761
0.318498
0.269828
0.233049
0.211447
0.186401
0.182492
0.200467
0.2416
0.280037
0.337128
0.440248
0.627064
0.93323
1.41628
1.80188
1.81501
1.38008
0.889069
0.627362
0.723563
1.07116
1.71295
3.05798
5.9403
9.24029
10.8319
10.208
8.12906
6.05544
4.37318
3.15537
2.9797
3.67272
4.19958
4.64925
5.19918
11.4078
11.9124
7.36775e-17
4.43335e-16
5.53377e-15
1.87888e-14
5.22051e-14
3.82464e-14
2.07185e-13
1.87678e-13
1.91897e-12
6.30035e-12
1.93439e-11
1.28906e-10
5.67525e-10
3.7247e-09
2.95051e-08
2.70177e-07
2.76359e-06
2.71022e-05
0.00017904
0.000861808
0.00278917
0.00354871
0.000215857
0.000180079
0.000258946
0.000301302
0.000179645
0.000397405
0.00159764
0.00185738
0.00156558
0.00183367
0.00429693
0.00889141
0.0141178
0.0166488
0.0104263
0.0014342
0.00206446
0.000287184
0.00352342
0.00823771
0.00371409
0.00155767
0.0055906
0.0195077
0.0294466
0.0340898
0.0382638
0.0447699
0.0434854
0.0382249
0.040397
0.0378466
0.0328287
0.0314215
0.0351856
0.0396833
0.0436379
0.0478408
0.0509481
0.0523716
0.0546431
0.052449
0.0535783
0.0574695
0.062313
0.0793571
0.0998893
0.118115
0.125854
0.141625
0.177957
0.248898
0.361107
0.476408
0.476984
0.352506
0.213622
0.158351
0.185086
0.341659
0.58028
0.875079
1.38941
2.43397
3.8308
4.85855
5.1105
4.51478
3.61795
2.74923
2.22061
2.46501
2.62914
2.21754
2.09507
2.02224
5.32592
3.89122
1.00439e-17
5.44922e-18
1.39709e-17
2.95536e-16
7.22961e-16
6.68591e-16
5.12468e-15
1.16498e-13
8.99887e-13
7.19023e-12
2.13473e-11
9.72167e-11
5.63414e-10
3.10376e-09
1.9674e-08
1.85274e-07
1.93034e-06
2.00061e-05
0.000163501
0.000918769
0.00305955
0.00281922
0.000430675
0.00052803
0.000546836
0.000431287
0.000606294
0.00151128
0.00183637
0.00137447
0.00151766
0.00396408
0.0101384
0.0177569
0.0215979
0.0134036
0.00102998
0.00309642
0.00250286
0.000986025
0.00417324
0.000751645
0.00209011
0.0129266
0.0220872
0.0248791
0.02133
0.0171625
0.0142994
0.0116071
0.00799148
0.00582003
0.00513255
0.00367852
0.00250209
0.00216617
0.00263455
0.00235946
0.00373025
0.00422884
0.00498448
0.00453604
0.00494534
0.00627663
0.00886578
0.0130594
0.0202871
0.0305678
0.0355562
0.034061
0.0300758
0.0292737
0.0346699
0.048167
0.066902
0.0735177
0.0578093
0.027912
0.0222466
0.0420773
0.150781
0.272159
0.333206
0.390507
0.500937
0.739425
1.06897
1.28435
1.30201
1.18005
0.986922
0.79158
0.688359
0.745406
0.61421
0.359191
0.304409
0.275897
0.620242
0.477989
1.66916e-19
3.12853e-19
3.94056e-18
2.34574e-17
1.17828e-16
8.04257e-16
2.25932e-14
5.00636e-13
1.9928e-12
9.28203e-12
1.41643e-11
1.17202e-10
4.77229e-10
1.86925e-09
1.42289e-08
1.4061e-07
1.50315e-06
1.59548e-05
0.000145776
0.000898199
0.00297959
0.00144061
0.000527877
0.00059959
0.000722724
0.000657873
0.000996321
0.00137424
0.000921429
0.000816761
0.00223121
0.00826005
0.019806
0.0278753
0.0191875
0.000971222
0.00363112
0.00693516
0.000727559
0.00106299
0.000550344
0.00812648
0.019598
0.0246679
0.0229048
0.017156
0.0121373
0.00858723
0.00620702
0.00427779
0.00274124
0.00187024
0.00118452
0.000562288
0.000563318
0.00116891
0.00108512
0.000107561
0.000461754
0.000804628
0.00110321
0.000929231
0.000557592
0.000726092
0.00177637
0.00409998
0.0078307
0.00896194
0.00701474
0.00462571
0.00240172
0.00184402
0.00154886
0.00299346
0.00478967
0.00366051
0.0044325
0.00556326
0.0112796
0.0869957
0.15754
0.123596
0.0776775
0.0610139
0.0585704
0.0679469
0.077048
0.0713192
0.0653897
0.0649453
0.0607622
0.05502
0.053148
0.0419979
0.0245182
0.0151138
0.0136053
0.0144872
0.0287582
0.0424001
1.53943e-20
3.4958e-20
6.0116e-20
1.06906e-17
9.23714e-17
2.75208e-16
2.11936e-14
2.93411e-13
2.20339e-12
5.16773e-12
1.61768e-11
1.18258e-10
3.42776e-10
1.14069e-09
6.70109e-09
6.95823e-08
7.6495e-07
8.36225e-06
9.02662e-05
0.000694097
0.00264454
0.00107351
0.000427029
0.000424349
0.000683413
0.000893622
0.000929734
0.00080818
0.000508593
0.000734108
0.00367362
0.0153809
0.0335488
0.0285805
0.00079964
0.00167715
0.0130184
0.00766218
0.00165562
0.00235598
0.0181369
0.0352736
0.0336179
0.0278524
0.0220373
0.0168604
0.0132361
0.0106702
0.008914
0.00768954
0.00665597
0.00590237
0.00342182
0.000873719
0.00023404
0.000687802
0.00163301
0.000767311
0.000222422
0.000690529
0.00138078
0.00108682
0.000338535
0.00023174
0.000651271
0.00184488
0.00248029
0.00130723
0.000522607
0.000347253
0.0013025
0.00270005
0.000541871
0.000528241
0.000494897
0.000823586
0.00239479
0.00081723
0.0663067
0.0754009
0.0359367
0.0127901
0.00514974
0.00276741
0.00183982
0.00171786
0.00161669
0.00144876
0.00140763
0.00140015
0.00140083
0.00136863
0.00124569
0.000944713
0.00055951
0.000409506
0.000808225
0.00119151
0.00452967
0.0126736
7.75401e-22
7.46162e-21
1.06966e-19
3.05867e-18
6.10912e-17
1.60452e-15
1.71309e-14
5.67306e-14
1.34587e-12
6.31056e-12
2.12271e-11
7.03328e-11
1.7811e-10
5.20651e-10
3.026e-09
2.99539e-08
3.39937e-07
3.84836e-06
4.24563e-05
0.000408917
0.00196994
0.0024293
0.00049769
0.000346991
0.00056235
0.000979975
0.000924087
0.000708351
0.000469494
0.000933289
0.0062549
0.0272939
0.0432803
0.00264955
0.000984556
0.020892
0.0265085
0.0140766
0.0125326
0.0407106
0.0522835
0.0385322
0.0288384
0.0228227
0.0189554
0.0155038
0.0132777
0.0115825
0.0103922
0.00985845
0.00940831
0.00889367
0.0087464
0.00830183
0.0070045
0.00388956
0.0011582
0.00104886
0.000374663
0.000833538
0.00218453
0.00150458
0.000168764
0.000168143
0.000349198
0.000785336
0.000538467
0.000251833
0.00037394
0.00416251
0.0175852
0.0183395
0.0112886
0.00287613
0.000725837
0.00106575
0.000789684
0.0408288
0.0296323
0.00802677
0.00106779
0.000228368
0.000110702
9.31705e-05
9.44743e-05
9.28406e-05
8.61311e-05
7.46111e-05
0.000110675
0.000151706
0.000193605
0.000223989
0.000222524
0.000213506
0.000200912
0.000175575
0.000230728
0.000268088
0.00128903
0.00848733
3.4839e-22
8.04579e-22
4.08986e-21
3.14202e-19
2.40703e-17
6.97253e-17
1.23092e-16
1.316e-14
1.68128e-13
9.62333e-13
6.86861e-12
3.56406e-11
1.01607e-10
2.50582e-10
1.02053e-09
8.17229e-09
9.36341e-08
1.10601e-06
1.27325e-05
0.00014275
0.000972626
0.00226816
0.00101008
0.000474292
0.000563268
0.000930913
0.000969607
0.000778575
0.000516739
0.00133655
0.0103723
0.0412395
0.0343239
0.000957921
0.0250289
0.0608991
0.0418544
0.031015
0.0354778
0.0304061
0.0153162
0.00549541
0.00342099
0.00292948
0.00345373
0.0038946
0.00386621
0.00395809
0.00403935
0.00399569
0.003826
0.0036112
0.00371553
0.00401491
0.0048887
0.00476695
0.00308485
0.00139989
0.000501936
0.0007897
0.00269786
0.00281678
0.000180744
0.000187106
0.000338499
0.000539567
0.000229936
0.000297613
0.00339958
0.0193188
0.0324951
0.0198391
0.0111624
0.0043821
0.00146932
0.00269582
0.021184
0.0108388
0.00121403
0.000194038
5.22679e-05
1.41332e-05
4.33836e-06
8.25953e-06
9.31103e-06
1.22603e-05
1.65973e-05
2.52551e-05
4.31002e-05
7.32673e-05
0.000117334
0.000154456
0.000179279
0.000156849
0.000211936
0.000218507
0.000187532
0.000228118
0.000451201
0.00179238
3.32338e-23
5.20357e-22
9.18312e-21
8.54057e-20
4.83687e-19
4.52258e-17
5.62063e-16
5.47612e-15
2.39441e-14
4.23479e-13
2.60323e-12
1.29628e-11
4.1306e-11
9.11355e-11
3.0879e-10
2.21814e-09
2.01838e-08
2.36704e-07
2.71137e-06
3.03841e-05
0.000292024
0.00116148
0.00127337
0.000746925
0.000700961
0.000840657
0.000879229
0.000702064
0.000520825
0.00147657
0.0168704
0.0496622
0.00132094
0.0201361
0.0756303
0.0445782
0.0152679
0.00377068
0.00203592
0.000671162
0.000293827
0.000138787
0.000147
0.000164762
0.000208694
0.000108193
0.000228756
0.000351211
0.000529139
0.000631078
0.000640694
0.000643359
0.000688904
0.000809869
0.00115578
0.00175028
0.00161445
0.00108654
0.00044335
0.000615754
0.00239658
0.00446871
0.000373918
0.000154552
0.000427839
0.000582689
0.000162069
0.00102905
0.011017
0.0326343
0.0179398
0.00884479
0.0108339
0.00801299
0.0050591
0.0111775
0.00514444
0.000368278
4.3047e-05
1.44636e-05
1.63577e-05
9.38031e-06
2.21063e-06
1.83839e-06
2.35081e-06
4.49918e-06
9.37118e-06
2.00049e-05
3.86041e-05
6.25518e-05
8.78081e-05
0.000110071
0.000143553
0.000160994
0.000219364
0.000230898
0.000261965
0.000274791
0.000360203
0.000188964
5.7351e-24
1.58118e-23
3.34663e-22
5.32337e-21
7.5279e-20
2.81384e-19
2.72992e-17
1.55438e-16
4.49648e-15
1.1203e-14
4.69005e-13
3.45866e-12
1.29546e-11
3.575e-11
1.1937e-10
1.90277e-10
2.44436e-09
2.66945e-08
3.59025e-07
4.1224e-06
4.79535e-05
0.000302657
0.000676707
0.000636947
0.000564011
0.000496335
0.000478477
0.000396953
0.000434233
0.00254219
0.0226759
0.0443306
0.00331509
0.0545823
0.0395362
0.002421
8.87875e-05
5.41301e-05
8.43594e-05
0.000349199
0.000472918
0.00044433
0.00037326
0.000260007
0.000162463
9.04366e-05
4.67885e-05
2.61367e-05
3.18099e-05
4.48009e-05
5.27371e-05
6.08378e-05
7.48314e-05
0.000105398
0.000181795
0.00037835
0.000548204
0.000426454
0.000271965
0.000366759
0.00155371
0.00490027
0.00181583
0.000326201
0.00112239
0.000607772
0.000249796
0.00394787
0.0210535
0.0261819
0.00242665
0.00436828
0.0202743
0.0124608
0.00910246
0.00406433
0.000165119
3.50087e-05
3.6798e-05
2.95464e-05
2.01534e-05
1.30859e-05
4.79161e-06
8.81411e-07
1.32486e-06
2.58846e-06
5.9389e-06
1.14732e-05
1.72912e-05
2.25362e-05
2.69785e-05
3.20255e-05
3.85016e-05
6.85824e-05
0.000154068
0.000289582
0.000330783
0.000292694
0.000430355
5.82445e-05
2.71934e-25
1.80547e-24
1.82913e-23
2.84099e-22
1.5659e-21
8.07707e-20
1.5343e-18
2.34286e-17
3.18047e-16
4.90656e-15
5.23213e-14
4.97977e-13
2.68314e-12
2.13009e-12
4.96114e-11
2.58434e-10
1.22097e-09
5.67554e-09
4.65776e-08
4.15148e-07
4.10382e-06
3.10313e-05
0.000131464
0.000186849
0.000165766
0.000125993
0.000114081
0.000116526
0.00027722
0.00322839
0.0249878
0.0271165
0.00960725
0.0425812
0.00273006
7.48454e-05
0.000160266
0.000199572
0.000226303
0.000228136
0.000303586
0.000379198
0.000417015
0.000344661
0.000198553
9.58708e-05
4.70873e-05
1.99301e-05
6.12573e-06
3.22108e-06
4.09787e-06
4.7134e-06
6.16509e-06
9.85707e-06
2.10046e-05
5.69728e-05
0.000124272
0.000130073
0.000119846
0.00017598
0.00073545
0.00323467
0.00445989
0.00172553
0.00164446
0.000473253
0.000611063
0.00820923
0.0252214
0.00359644
0.000549264
0.0216169
0.0286787
0.013478
0.00453877
0.000412818
6.22043e-05
4.79588e-05
4.08573e-05
2.48765e-05
1.48107e-05
1.03619e-05
6.0806e-06
9.04105e-07
7.36605e-07
1.05199e-06
2.0859e-06
3.58885e-06
5.14287e-06
7.54749e-06
7.75756e-06
1.69118e-05
1.8622e-05
2.89705e-05
5.45278e-05
0.000164013
0.000403368
0.000524014
0.000559106
0.000163667
1.55795e-26
9.1662e-27
1.63901e-24
2.76903e-23
6.21489e-22
6.54177e-22
1.36908e-19
3.88415e-19
3.46199e-17
2.14814e-16
5.4385e-15
5.37704e-14
3.81587e-13
1.57171e-13
1.25968e-11
4.67106e-11
1.38791e-10
3.44079e-10
6.5219e-09
2.11788e-08
2.0006e-07
9.16954e-07
2.68765e-06
4.86493e-06
5.97451e-06
6.89575e-06
9.54581e-06
2.85824e-05
0.00022861
0.00337079
0.0258519
0.00157564
0.0163989
0.0198655
0.000139291
0.000128416
0.000236631
9.28504e-05
0.000121028
0.000137226
0.000254887
0.000606094
0.000764327
0.000462663
0.000175228
6.26899e-05
2.35044e-05
8.28622e-06
3.0311e-06
8.74879e-07
4.56801e-07
4.63085e-07
6.18462e-07
1.04543e-06
2.55527e-06
7.65309e-06
1.97895e-05
3.0956e-05
3.78899e-05
6.73262e-05
0.000266142
0.00132331
0.00259188
0.00159531
0.00116034
0.000517671
0.00163212
0.0123332
0.0247668
0.00048844
0.0039953
0.0365199
0.0233341
0.00634881
0.000763419
0.000112685
9.37068e-05
8.63038e-05
5.8096e-05
3.5158e-05
1.72303e-05
7.6443e-06
4.42078e-06
1.69603e-06
4.26518e-07
4.27403e-07
6.96383e-07
1.47245e-06
3.72248e-06
8.77009e-06
1.78639e-05
2.41301e-05
2.2746e-05
3.23365e-05
5.09199e-05
6.1148e-05
0.000141925
0.00036928
0.000647245
0.000990211
5.91113e-28
1.28959e-26
1.82097e-25
4.59275e-25
1.94965e-23
3.34116e-22
1.37383e-20
7.34806e-20
5.64676e-19
3.90527e-18
4.48833e-16
3.46751e-15
3.24129e-14
4.11501e-14
1.11775e-12
7.83475e-12
3.91933e-11
3.31379e-12
7.61387e-10
2.85957e-09
1.04317e-08
2.8043e-08
5.58102e-08
1.06443e-07
1.85651e-07
3.53522e-07
1.25536e-06
9.67298e-06
0.000127265
0.00204026
0.0206595
0.0110017
0.00873317
0.014651
0.000108796
0.000152172
0.000167435
9.18018e-05
0.000113576
9.94148e-05
0.000226673
0.000927254
0.00108212
0.000386686
7.72341e-05
1.8363e-05
6.83557e-06
2.94204e-06
9.52234e-07
2.3142e-07
7.34734e-08
7.09812e-08
9.36689e-08
1.63213e-07
4.28764e-07
1.24963e-06
3.59611e-06
6.1751e-06
1.0854e-05
2.40995e-05
0.000115229
0.000611938
0.00103347
0.000796746
0.000652024
0.000621734
0.00312639
0.0149457
0.0216626
0.0024984
0.0228954
0.0353378
0.010488
0.00124149
0.000157424
0.000120022
0.000105706
3.47093e-05
1.62662e-05
1.40141e-05
9.55711e-06
6.11379e-06
2.76531e-06
1.28745e-06
2.52951e-07
1.92386e-07
3.21255e-07
1.19411e-06
4.07638e-06
9.81093e-06
1.27696e-05
1.69252e-05
2.21914e-05
4.94145e-05
0.000152988
0.000341005
0.000449592
0.000611261
0.00028338
0.00225178
4.00732e-29
2.6654e-28
4.59966e-27
7.68295e-27
1.96751e-24
1.06204e-23
9.89033e-22
3.62183e-22
2.06536e-19
4.69216e-19
2.71785e-17
1.7363e-16
2.20114e-15
3.84296e-15
8.49995e-14
9.06343e-15
2.17584e-12
3.32509e-12
4.30016e-11
1.51797e-10
6.31198e-10
1.81003e-09
1.37085e-09
1.81172e-09
9.34771e-09
2.2613e-08
2.06844e-07
2.73053e-06
3.97057e-05
0.000622602
0.00956359
0.027478
0.00380008
0.00925275
0.00171251
0.000146141
4.65898e-05
7.70511e-05
5.09603e-05
0.000114159
0.000523772
0.00163182
0.000920183
0.000169665
2.08846e-05
4.08932e-06
1.43507e-06
6.19065e-07
2.36785e-07
6.7737e-08
2.00264e-08
1.64424e-08
2.15245e-08
3.80031e-08
9.82921e-08
2.9402e-07
8.18876e-07
1.80219e-06
5.05994e-06
2.07805e-05
0.000121987
0.000522621
0.000161821
0.000340016
0.000475901
0.000692274
0.0029662
0.0140056
0.0240507
0.00357054
0.0274166
0.0174711
0.00221746
0.000238067
0.000147377
0.000129249
3.55329e-05
6.87195e-06
2.65048e-06
2.8649e-06
2.67817e-06
2.44559e-06
1.60826e-06
7.61945e-07
1.83197e-07
1.08067e-07
2.60038e-07
1.01766e-06
4.33037e-06
9.51291e-06
1.75154e-05
2.14155e-05
2.09178e-05
9.71799e-05
0.000457319
0.00118772
0.000885252
0.000300807
0.00095238
0.000217881
7.96923e-31
7.11896e-30
3.17243e-28
2.19642e-27
1.09353e-25
4.8694e-25
1.93649e-23
8.76123e-23
5.40971e-21
5.79586e-20
8.59384e-19
4.56573e-18
5.95128e-17
4.58034e-17
2.55312e-15
4.96211e-15
6.20212e-14
3.4863e-13
5.59618e-13
9.20616e-12
2.77364e-11
1.18036e-10
2.25683e-10
9.25106e-11
6.3751e-10
9.90404e-10
2.63561e-08
3.81044e-07
5.39239e-06
8.0188e-05
0.00129399
0.0118787
0.0143735
0.000851688
0.00195236
0.00072654
0.000121585
9.90707e-05
5.29981e-05
0.000336778
0.0017759
0.00152259
0.000342948
2.70156e-05
3.31074e-06
7.28715e-07
2.86838e-07
1.21928e-07
4.92881e-08
1.7935e-08
5.77905e-09
4.38362e-09
5.11539e-09
1.04196e-08
2.85811e-08
1.02638e-07
5.2321e-07
3.35759e-06
1.40076e-05
6.01628e-05
0.000271723
0.000529043
5.26979e-05
0.000236024
0.000416517
0.000671348
0.00217778
0.0101958
0.0323705
0.00846477
0.0190566
0.0102801
0.00121977
0.000286741
0.000189114
5.8107e-05
1.45513e-05
4.78043e-06
1.72523e-06
8.69981e-07
8.263e-07
7.92979e-07
6.83033e-07
3.41047e-07
7.79096e-08
5.20415e-08
1.42442e-07
5.76259e-07
2.10748e-06
7.66742e-06
1.93644e-05
3.92024e-05
5.61488e-05
0.000222627
0.00102362
0.000506075
0.000243465
0.000714199
0.000459321
1.41877e-05
9.87157e-33
9.45722e-32
3.78994e-30
1.19963e-30
1.98748e-27
1.63617e-26
8.4879e-25
5.30229e-24
1.77902e-22
9.53823e-22
1.94965e-20
6.60602e-20
1.454e-18
2.23929e-19
2.75535e-17
2.88866e-17
3.83583e-17
2.39262e-15
5.04051e-14
4.94244e-13
1.23818e-12
1.61961e-13
9.68418e-12
2.28203e-11
5.61484e-11
2.10242e-10
1.72546e-09
1.83906e-08
2.75067e-07
4.37498e-06
6.0066e-05
0.000732642
0.00555774
0.00628868
0.00118438
0.000270467
0.000278748
0.000377199
0.000512092
0.00239649
0.0017281
0.000389295
3.01822e-05
3.07813e-06
4.27206e-07
1.07056e-07
4.74382e-08
2.42921e-08
1.11452e-08
4.33897e-09
1.51951e-09
1.15858e-09
1.4884e-09
4.21353e-09
1.62432e-08
7.46446e-08
5.20822e-07
4.90566e-06
3.9126e-05
0.000173906
0.00041972
2.70304e-05
9.23577e-05
0.000407663
0.000283216
0.000302534
0.0007717
0.00316555
0.0192642
0.029342
0.000706699
0.0132372
0.00358694
0.000684689
0.000175335
4.14935e-05
5.10884e-05
1.91682e-05
4.03774e-06
9.0571e-07
3.51832e-07
2.5724e-07
2.17954e-07
1.05487e-07
2.40078e-08
2.17821e-08
5.80469e-08
1.62586e-07
7.94958e-07
2.44129e-06
5.66368e-06
2.57125e-05
0.000137959
0.00062578
0.000786415
7.45878e-06
0.000477416
0.000225745
1.82277e-05
5.47225e-06
9.8971e-35
1.77917e-33
4.45501e-32
6.85054e-31
1.71682e-29
3.30023e-28
2.35841e-27
5.81005e-27
4.439e-25
1.41562e-24
9.70283e-23
7.52122e-22
4.62419e-21
7.47511e-20
1.703e-19
1.51046e-18
3.19236e-18
1.32456e-16
9.80981e-16
1.01397e-15
1.60391e-14
2.92539e-13
9.67143e-13
3.14033e-12
6.43067e-12
9.93934e-12
7.47633e-11
7.54153e-10
5.60772e-09
8.8004e-08
8.94174e-07
9.31349e-06
9.15314e-05
0.000714614
0.00221417
0.00187027
0.00173393
0.00182969
0.00133996
0.000155978
2.4567e-05
7.24701e-06
1.7356e-06
2.72042e-07
5.02463e-08
1.47889e-08
5.73806e-09
2.6214e-09
1.28017e-09
7.77998e-10
3.46477e-10
2.68991e-10
4.54768e-10
1.99666e-09
8.89334e-09
4.33582e-08
3.15511e-07
3.01301e-06
3.16034e-05
0.000199656
0.000370084
6.70668e-05
0.000320437
0.000487219
0.000158042
6.0594e-05
0.000106635
0.000410351
0.00352373
0.0211501
0.00661827
0.00575814
0.0104162
0.00501454
0.000736454
0.00121371
0.000497396
9.73541e-05
2.01198e-05
3.28472e-06
4.95751e-07
1.21595e-07
5.91702e-08
2.66988e-08
7.78434e-09
1.18871e-08
3.22466e-08
1.00328e-07
2.22413e-07
1.06808e-06
3.08432e-06
1.17389e-05
8.51482e-05
0.000618513
0.000733555
0.00055472
0.000723334
0.000239807
5.52004e-05
1.52114e-05
2.1632e-37
6.51573e-38
4.84973e-35
1.3603e-33
5.9405e-32
4.12752e-30
7.02384e-29
1.10152e-27
2.09747e-26
8.83747e-28
3.12822e-24
2.03401e-23
5.79257e-22
7.01347e-22
8.8153e-21
7.24081e-21
5.36296e-19
8.61098e-20
4.98489e-17
6.54149e-18
1.78645e-15
6.29664e-15
5.44213e-15
8.08695e-15
7.36471e-14
1.2886e-12
1.84988e-12
6.7955e-11
9.54554e-11
3.87285e-09
1.95615e-08
1.21068e-07
6.79688e-07
3.52295e-06
3.02019e-05
0.000113566
6.72943e-05
1.88958e-05
3.95368e-06
1.00803e-06
2.94614e-07
7.93497e-08
2.37449e-08
7.4899e-09
2.7769e-09
9.64416e-10
3.7761e-10
1.56031e-10
6.94608e-11
3.25604e-11
1.77852e-11
1.71727e-11
5.97144e-11
3.98264e-10
2.34333e-09
1.36516e-08
9.84412e-08
9.29921e-07
1.07394e-05
0.000117448
0.000276681
0.000370172
0.00042202
0.000227216
3.47389e-05
7.54757e-06
1.36344e-05
6.99797e-05
0.000555856
0.00530036
0.0171777
0.000483452
0.00139273
0.00803736
0.00844643
0.00556467
0.00217064
0.000382194
5.03537e-05
1.17464e-05
1.29514e-06
1.12822e-07
1.8391e-08
3.76993e-09
2.20908e-09
6.75696e-09
2.65877e-08
8.67638e-08
4.43357e-07
2.45665e-06
1.07179e-05
2.30986e-05
2.92561e-05
0.000220475
0.000651192
0.000829559
0.000551034
0.000160732
9.69231e-05
7.03568e-05
2.78488e-38
9.29526e-39
5.49976e-36
1.25456e-35
3.96586e-33
9.31034e-33
1.50949e-30
3.80509e-30
3.3751e-28
8.69147e-28
1.05242e-25
5.01592e-25
6.79759e-25
1.7023e-23
1.49651e-23
2.4773e-22
1.7924e-21
1.5259e-20
5.68267e-19
8.25324e-19
4.41399e-17
1.65254e-17
7.92301e-17
5.88481e-15
2.38425e-14
6.17953e-14
3.26635e-14
5.19677e-12
9.57101e-12
2.52568e-10
9.36927e-10
4.72411e-09
1.29873e-08
3.72798e-08
1.85974e-07
4.37484e-07
1.80614e-07
5.92518e-08
1.9246e-08
7.12534e-09
2.46174e-09
1.0764e-09
3.91316e-10
1.5026e-10
5.91368e-11
2.30547e-11
9.01201e-12
3.72262e-12
1.59369e-12
7.95988e-13
4.76638e-13
6.94133e-13
3.67705e-12
2.95984e-11
2.20353e-10
1.58027e-09
1.3624e-08
1.05685e-07
1.09301e-06
1.11032e-05
6.27116e-05
6.37864e-05
2.92863e-05
8.83393e-06
2.1886e-06
1.17017e-06
2.48629e-06
1.43902e-05
9.43621e-05
0.00075623
0.00569411
0.0128042
0.000616879
0.00019622
0.000774726
0.00306425
0.00516689
0.000682237
8.44916e-05
2.19862e-05
5.29861e-06
1.82118e-07
8.96903e-09
1.22749e-09
1.55208e-09
8.44283e-09
5.28008e-08
1.83113e-07
1.09802e-06
7.19707e-06
2.6418e-05
4.43652e-05
2.10292e-05
2.47161e-05
0.000201673
4.01548e-05
1.31835e-06
1.44656e-05
5.77284e-05
0.000107694
2.52342e-40
4.60105e-41
1.134e-38
2.92191e-38
2.35614e-36
1.61069e-35
1.60442e-33
4.00601e-32
1.41512e-29
1.14486e-28
2.43927e-27
2.0732e-28
1.67597e-25
1.58206e-26
1.05253e-23
4.18189e-25
7.09368e-22
1.92077e-21
3.48385e-20
6.57256e-20
1.99251e-18
3.60572e-19
4.7093e-18
7.77461e-18
2.22818e-16
8.21881e-15
5.65689e-16
2.64003e-13
1.56953e-13
7.07792e-12
3.51543e-11
1.24017e-10
4.24921e-10
1.11762e-09
2.63212e-09
4.60675e-09
2.17839e-09
6.93994e-10
2.5306e-10
1.12432e-10
4.31425e-11
1.42239e-11
5.47947e-12
2.1695e-12
1.32055e-12
4.18673e-13
1.47584e-13
6.14232e-14
2.83848e-14
1.47857e-14
1.24421e-14
1.85851e-14
1.16009e-13
9.92218e-13
7.93372e-12
6.42291e-11
4.1438e-10
2.53296e-09
1.5491e-08
8.73029e-08
2.55109e-07
2.25162e-07
7.21375e-08
3.39483e-08
2.51194e-08
5.56271e-08
2.37389e-07
1.39777e-06
8.84986e-06
6.15388e-05
0.000574357
0.00445527
0.00894374
0.0056432
0.00518566
0.00696426
0.003468
0.000416159
5.74928e-05
2.39009e-05
9.51362e-06
3.91783e-07
1.99336e-08
4.01995e-10
5.45059e-10
9.95768e-09
7.05283e-08
4.45798e-07
2.72183e-06
1.86561e-05
5.3156e-05
6.11733e-05
2.42958e-05
2.38241e-05
4.52055e-05
0.000248457
0.000243078
0.000255362
0.000147003
0.000328921
5.54678e-42
2.14256e-42
1.47372e-39
2.72505e-39
8.052e-37
1.98111e-36
7.52259e-35
2.29344e-33
2.49354e-32
2.93549e-31
7.39422e-31
3.10958e-29
7.73765e-28
8.46591e-28
7.85526e-26
5.20167e-26
8.04552e-24
2.36505e-24
4.51467e-22
7.58081e-23
1.36118e-21
3.9678e-21
1.04145e-19
1.47083e-19
1.1323e-18
1.84155e-16
1.07589e-16
7.62561e-15
4.63494e-16
2.3919e-13
8.3132e-14
3.6148e-12
2.98035e-12
1.30634e-11
3.03682e-11
4.02273e-11
7.37241e-12
3.52366e-12
1.78407e-12
6.00903e-13
3.27553e-13
1.31727e-13
4.79811e-14
1.89897e-14
8.71936e-15
3.16714e-15
1.47057e-15
7.16524e-16
3.34045e-16
1.67623e-16
1.27385e-16
3.37041e-16
2.36542e-15
1.95248e-14
1.6515e-13
1.22983e-12
8.28359e-12
4.79491e-11
2.44054e-10
9.38036e-10
2.13003e-09
1.57329e-09
8.28336e-10
7.57863e-11
3.74006e-10
2.60788e-09
1.30316e-08
7.88274e-08
5.56038e-07
4.012e-06
3.9041e-05
0.000442326
0.00198518
0.0030988
0.00260054
0.00136203
0.000367381
5.26201e-05
2.24632e-05
2.3841e-05
1.22791e-05
5.82934e-07
2.35552e-08
8.55491e-10
6.63309e-10
1.87498e-08
1.78262e-07
8.50147e-07
9.40768e-06
5.55421e-05
6.67615e-05
0.000121629
9.17361e-05
0.000140053
0.000391378
0.000723842
0.00185269
0.00244501
0.000390394
0.000825073
6.67927e-44
2.57147e-45
2.72405e-41
4.56749e-41
5.95823e-38
7.8188e-37
2.69335e-35
8.11193e-35
8.0622e-35
2.17341e-33
7.32232e-33
6.0204e-31
5.91374e-30
5.54412e-29
7.1831e-27
4.31846e-27
4.43371e-25
1.57363e-25
1.52785e-23
3.69576e-24
5.21381e-23
2.47946e-22
2.42397e-22
6.48744e-22
7.28243e-21
2.1383e-20
5.27024e-18
3.87108e-17
7.40185e-18
2.80683e-15
1.13415e-15
3.3267e-14
4.16335e-14
1.96954e-13
2.35106e-13
3.32241e-13
7.89484e-14
2.78429e-14
1.52634e-14
5.97818e-15
2.29297e-15
8.70539e-16
3.6254e-16
1.53117e-16
6.76076e-17
3.03941e-17
1.39628e-17
6.56842e-18
3.26391e-18
1.79892e-18
1.53031e-18
4.86688e-18
3.33474e-17
2.61845e-16
1.94454e-15
1.42157e-14
8.70898e-14
4.12644e-13
2.30943e-12
9.06426e-12
1.38386e-11
8.15393e-12
7.14268e-12
1.61315e-11
3.10135e-11
3.03366e-10
1.57781e-09
5.9198e-09
3.55583e-08
1.51791e-07
5.34401e-07
3.35171e-06
6.27871e-06
2.31662e-06
5.91061e-06
9.82747e-06
1.45447e-05
9.77863e-06
1.64311e-05
2.0376e-05
1.06091e-05
5.65338e-07
1.55387e-08
2.73908e-10
1.04021e-09
6.60697e-09
2.87139e-07
1.64579e-06
7.07969e-05
0.000229375
0.000105586
0.000110616
2.48949e-05
3.54176e-05
0.000149801
0.00114998
0.0019544
0.000138616
0.00180026
0.00245575
5.59836e-47
1.05465e-46
3.31701e-44
5.32201e-43
2.59726e-41
2.90232e-40
1.43389e-37
4.91017e-38
1.23771e-36
7.20716e-36
1.84023e-33
1.12633e-33
3.60145e-32
1.09256e-31
1.67107e-30
7.49915e-30
4.52898e-28
2.62576e-28
1.6229e-26
5.84223e-27
6.32737e-25
1.822e-25
1.44468e-23
7.39431e-24
2.94801e-22
1.74091e-22
6.04382e-21
3.9586e-19
2.37968e-19
2.52044e-17
9.89848e-18
3.17896e-16
1.83257e-16
1.10015e-15
2.41376e-16
1.00506e-15
4.78684e-17
7.27743e-17
6.35764e-17
6.24337e-18
1.2593e-17
2.49952e-18
1.95311e-18
4.11174e-19
2.88576e-19
8.60415e-20
7.38734e-20
3.58253e-20
2.19387e-20
1.22369e-20
1.40622e-20
5.40321e-20
3.72674e-19
2.6999e-18
1.8989e-17
9.10476e-17
5.82717e-16
2.76662e-15
1.46228e-14
4.3399e-14
9.93196e-14
3.00851e-13
2.34188e-12
2.81084e-11
1.50467e-10
6.51536e-10
3.1605e-09
1.01038e-08
2.55515e-08
2.5839e-07
3.73566e-07
1.41621e-06
2.58801e-06
5.74472e-06
7.25603e-06
5.68901e-06
1.27894e-05
2.00663e-05
2.08935e-05
6.73555e-06
7.26096e-07
6.17984e-08
1.6955e-09
5.90308e-11
1.48696e-10
7.92259e-09
3.9972e-08
1.78134e-07
1.01325e-07
4.25499e-06
0.00013513
0.00024291
0.00031702
0.000371319
1.68115e-06
5.70889e-05
0.0031906
0.000422474
0.000574707
0.00145117
2.62595e-50
2.31826e-47
1.31071e-46
5.08966e-44
1.23344e-43
1.15132e-41
2.81378e-41
3.74921e-39
3.61381e-39
7.7696e-37
1.5363e-36
1.04875e-34
2.06716e-34
1.03031e-32
8.80816e-33
6.77936e-31
8.33987e-32
2.04556e-29
4.84626e-29
4.36496e-28
5.81881e-27
1.49846e-26
2.24923e-25
3.80496e-25
3.15469e-24
3.63713e-24
1.026e-22
1.43944e-21
4.75036e-21
7.98529e-20
1.49256e-19
1.06422e-18
1.71417e-18
4.54142e-18
2.37467e-18
3.25015e-18
7.18105e-19
3.79674e-21
1.36108e-19
7.06808e-22
3.80644e-20
7.81309e-21
5.60415e-21
2.14419e-21
1.69263e-21
1.47112e-21
1.36272e-21
6.427e-22
2.61425e-22
1.16813e-22
1.09686e-22
4.05668e-22
3.2011e-21
2.4614e-20
1.46868e-19
1.04081e-18
4.00479e-18
1.439e-17
1.98418e-17
8.1663e-17
4.29284e-16
1.52216e-14
3.93745e-13
7.07859e-12
5.95882e-11
1.29514e-10
5.71594e-10
4.82635e-09
1.96947e-08
7.21046e-08
9.31845e-07
2.48874e-06
4.07281e-06
3.92512e-06
2.39975e-06
4.45132e-06
8.42098e-06
1.42136e-06
6.5137e-07
3.22789e-08
1.0752e-08
2.10599e-10
4.2245e-11
1.90343e-11
2.71136e-09
4.33489e-07
2.83229e-06
9.3388e-07
5.97998e-07
3.345e-06
1.45121e-06
2.71802e-06
3.24682e-06
7.20981e-06
0.000184763
0.000884755
0.000703552
0.000832619
0.00139598
0.00443921
)
;

boundaryField
{
    AXIS
    {
        type            empty;
    }
    OUTLET
    {
        type            zeroGradient;
    }
    COFLOW
    {
        type            calculated;
        value           nonuniform List<scalar> 
30
(
0.34948
0.000943786
2.68415e-06
8.51333e-09
2.4007e-11
6.39635e-14
1.45072e-16
2.96388e-19
5.21993e-22
8.08548e-25
1.10524e-27
1.43298e-30
2.6571e-33
1.5335e-35
4.66151e-37
1.21019e-38
1.02293e-40
2.30203e-43
1.88242e-46
1.2757e-49
6.9594e-53
3.05247e-56
1.09169e-59
3.08874e-63
6.89077e-67
1.1371e-70
1.36254e-74
1.10911e-78
4.76724e-83
2.44757e-87
)
;
    }
    PILOT
    {
        type            calculated;
        value           nonuniform List<scalar> 10(197.913 2.93945 0.0382407 0.000542467 1.1926e-05 2.8053e-06 2.03934e-05 0.000859208 0.0557327 4.04621);
    }
    FUEL
    {
        type            calculated;
        value           nonuniform List<scalar> 10(3.31271e-29 7.94424e-29 6.04178e-29 1.80744e-28 2.15466e-24 3.82291e-18 2.77399e-14 2.23012e-10 5.02262e-06 0.00711619);
    }
    WALL
    {
        type            zeroGradient;
    }
    front
    {
        type            wedge;
    }
    back
    {
        type            wedge;
    }
}


// ************************************************************************* //
