/*--------------------------------*- C++ -*----------------------------------*\
| =========                 |                                                 |
| \\      /  F ield         | OpenFOAM: The Open Source CFD Toolbox           |
|  \\    /   O peration     | Version:  2.3.0                                 |
|   \\  /    A nd           | Web:      www.OpenFOAM.org                      |
|    \\/     M anipulation  |                                                 |
\*---------------------------------------------------------------------------*/
FoamFile
{
    version     2.0;
    format      ascii;
    class       volScalarField;
    location    "0.04";
    object      thermo:psi;
}
// * * * * * * * * * * * * * * * * * * * * * * * * * * * * * * * * * * * * * //

dimensions      [0 -2 2 0 0 0 0];

internalField   nonuniform List<scalar> 
5000
(
1.04958e-05
1.04958e-05
1.04958e-05
1.04958e-05
1.04958e-05
1.04958e-05
1.04958e-05
1.04958e-05
1.04958e-05
1.04958e-05
1.04958e-05
1.04958e-05
1.04958e-05
1.04958e-05
1.04958e-05
1.04958e-05
1.04958e-05
1.04958e-05
1.04958e-05
1.04958e-05
1.04958e-05
1.04958e-05
1.04958e-05
1.04958e-05
1.04958e-05
1.04958e-05
1.04958e-05
1.04958e-05
1.04958e-05
1.04958e-05
1.04958e-05
1.04958e-05
1.04958e-05
1.04958e-05
1.04958e-05
1.04958e-05
1.04958e-05
1.04958e-05
1.04958e-05
1.04958e-05
1.04956e-05
1.04953e-05
1.04945e-05
1.04929e-05
1.04902e-05
1.04865e-05
1.04826e-05
1.04809e-05
1.04833e-05
1.04871e-05
1.04901e-05
1.04923e-05
1.04937e-05
1.04944e-05
1.04945e-05
1.0494e-05
1.04928e-05
1.04911e-05
1.04897e-05
1.04897e-05
1.04906e-05
1.04917e-05
1.04926e-05
1.04933e-05
1.04934e-05
1.04926e-05
1.04908e-05
1.04876e-05
1.04825e-05
1.04751e-05
1.04648e-05
1.04543e-05
1.04515e-05
1.04596e-05
1.0469e-05
1.04753e-05
1.04781e-05
1.04772e-05
1.04733e-05
1.04673e-05
1.04594e-05
1.045e-05
1.04409e-05
1.04358e-05
1.04355e-05
1.04361e-05
1.04338e-05
1.04265e-05
1.04109e-05
1.03566e-05
1.02544e-05
1.01251e-05
9.97319e-06
9.79711e-06
9.59274e-06
9.36761e-06
9.13355e-06
8.90096e-06
8.65827e-06
8.3315e-06
1.04958e-05
1.04958e-05
1.04958e-05
1.04958e-05
1.04958e-05
1.04958e-05
1.04958e-05
1.04958e-05
1.04958e-05
1.04958e-05
1.04958e-05
1.04958e-05
1.04958e-05
1.04958e-05
1.04958e-05
1.04958e-05
1.04958e-05
1.04958e-05
1.04958e-05
1.04958e-05
1.04958e-05
1.04958e-05
1.04958e-05
1.04958e-05
1.04958e-05
1.04958e-05
1.04958e-05
1.04958e-05
1.04958e-05
1.04958e-05
1.04958e-05
1.04958e-05
1.04958e-05
1.04958e-05
1.04958e-05
1.04958e-05
1.04958e-05
1.04958e-05
1.04956e-05
1.04952e-05
1.04937e-05
1.0489e-05
1.04772e-05
1.04513e-05
1.03972e-05
1.0301e-05
1.01688e-05
1.00416e-05
1.00784e-05
1.021e-05
1.03189e-05
1.03909e-05
1.04356e-05
1.04603e-05
1.04713e-05
1.04678e-05
1.04454e-05
1.03963e-05
1.03416e-05
1.03379e-05
1.03697e-05
1.0403e-05
1.04308e-05
1.04496e-05
1.04589e-05
1.04533e-05
1.04314e-05
1.03867e-05
1.03078e-05
1.0174e-05
9.9554e-06
9.66321e-06
9.41237e-06
9.5588e-06
9.85567e-06
1.00855e-05
1.02374e-05
1.03169e-05
1.03382e-05
1.03127e-05
1.0246e-05
1.01338e-05
9.99813e-06
9.94563e-06
9.99874e-06
1.00904e-05
1.01713e-05
1.02435e-05
1.02804e-05
1.02266e-05
1.0043e-05
9.75954e-06
9.43428e-06
9.10709e-06
8.78018e-06
8.45705e-06
8.14558e-06
7.85797e-06
7.58009e-06
7.16884e-06
1.04958e-05
1.04958e-05
1.04958e-05
1.04958e-05
1.04958e-05
1.04958e-05
1.04958e-05
1.04958e-05
1.04958e-05
1.04958e-05
1.04958e-05
1.04958e-05
1.04958e-05
1.04958e-05
1.04958e-05
1.04958e-05
1.04958e-05
1.04958e-05
1.04958e-05
1.04958e-05
1.04958e-05
1.04958e-05
1.04957e-05
1.04957e-05
1.04957e-05
1.04958e-05
1.04958e-05
1.04958e-05
1.04958e-05
1.04958e-05
1.04958e-05
1.04958e-05
1.04957e-05
1.04956e-05
1.04957e-05
1.04957e-05
1.04957e-05
1.04956e-05
1.04951e-05
1.04938e-05
1.04889e-05
1.04732e-05
1.04317e-05
1.03384e-05
1.01332e-05
9.72156e-06
9.03214e-06
8.07202e-06
7.44802e-06
7.57986e-06
8.32221e-06
9.15883e-06
9.67574e-06
1.01181e-05
1.0388e-05
1.03947e-05
1.03141e-05
1.00526e-05
9.55612e-06
9.16724e-06
9.18436e-06
9.38908e-06
9.77053e-06
1.0103e-05
1.02955e-05
1.0298e-05
1.02153e-05
9.99585e-06
9.64301e-06
9.12804e-06
8.32157e-06
7.17749e-06
5.97305e-06
5.54681e-06
5.79107e-06
6.9119e-06
8.47057e-06
9.53184e-06
9.91274e-06
9.87612e-06
9.67585e-06
9.30425e-06
8.83158e-06
8.44336e-06
8.4336e-06
8.58185e-06
8.98746e-06
9.64009e-06
1.00221e-05
9.99482e-06
9.77006e-06
9.36807e-06
8.9221e-06
8.49261e-06
8.09963e-06
7.73647e-06
7.40347e-06
7.10657e-06
6.82711e-06
6.36117e-06
1.04958e-05
1.04958e-05
1.04958e-05
1.04958e-05
1.04958e-05
1.04958e-05
1.04958e-05
1.04958e-05
1.04958e-05
1.04958e-05
1.04958e-05
1.04958e-05
1.04958e-05
1.04958e-05
1.04958e-05
1.04958e-05
1.04958e-05
1.04958e-05
1.04958e-05
1.04958e-05
1.04955e-05
1.04946e-05
1.04921e-05
1.04905e-05
1.04929e-05
1.04946e-05
1.04953e-05
1.04956e-05
1.04957e-05
1.04957e-05
1.04955e-05
1.04946e-05
1.04922e-05
1.04894e-05
1.04906e-05
1.04929e-05
1.04941e-05
1.04943e-05
1.04932e-05
1.04892e-05
1.04759e-05
1.04319e-05
1.03127e-05
1.00511e-05
9.58613e-06
8.90823e-06
8.01574e-06
6.96923e-06
5.90627e-06
5.2023e-06
5.21551e-06
5.71926e-06
7.34155e-06
9.42586e-06
1.02106e-05
1.02429e-05
1.01129e-05
9.72454e-06
9.06415e-06
8.23289e-06
7.77018e-06
7.81642e-06
8.21814e-06
9.10297e-06
9.86962e-06
9.91481e-06
9.68775e-06
9.10136e-06
8.27571e-06
7.37507e-06
6.46627e-06
5.54325e-06
4.65957e-06
3.92255e-06
3.72364e-06
3.94719e-06
5.02124e-06
7.57567e-06
9.23496e-06
9.32394e-06
9.14112e-06
8.68973e-06
8.09155e-06
7.43266e-06
7.12594e-06
7.18275e-06
7.47716e-06
8.35666e-06
9.45564e-06
9.63694e-06
9.45815e-06
9.03447e-06
8.5133e-06
8.00772e-06
7.54159e-06
7.11404e-06
6.72971e-06
6.40146e-06
6.11163e-06
5.62257e-06
1.04958e-05
1.04958e-05
1.04958e-05
1.04958e-05
1.04958e-05
1.04958e-05
1.04958e-05
1.04958e-05
1.04958e-05
1.04958e-05
1.04958e-05
1.04958e-05
1.04958e-05
1.04958e-05
1.04958e-05
1.04958e-05
1.04958e-05
1.04958e-05
1.04956e-05
1.04946e-05
1.049e-05
1.04708e-05
1.04173e-05
1.03652e-05
1.04166e-05
1.04611e-05
1.04815e-05
1.04901e-05
1.04933e-05
1.04932e-05
1.04885e-05
1.04722e-05
1.04266e-05
1.03598e-05
1.03794e-05
1.04283e-05
1.0459e-05
1.04759e-05
1.04814e-05
1.04729e-05
1.04402e-05
1.03252e-05
1.00378e-05
9.52485e-06
8.82847e-06
8.0124e-06
7.14623e-06
6.26622e-06
5.40672e-06
4.57654e-06
4.05092e-06
4.12056e-06
4.91281e-06
7.4995e-06
9.70393e-06
9.94865e-06
9.81014e-06
9.37675e-06
8.69338e-06
7.83979e-06
7.00693e-06
6.77491e-06
6.95241e-06
7.75674e-06
8.97016e-06
9.13158e-06
8.76478e-06
7.88692e-06
6.87947e-06
6.00815e-06
5.27166e-06
4.60338e-06
3.97409e-06
3.41043e-06
3.02129e-06
3.02477e-06
3.32869e-06
4.70589e-06
7.65805e-06
8.74909e-06
8.68323e-06
8.31592e-06
7.70708e-06
6.97871e-06
6.31495e-06
6.19782e-06
6.32777e-06
7.00256e-06
8.51472e-06
9.20806e-06
9.09458e-06
8.68641e-06
8.11044e-06
7.52451e-06
6.98722e-06
6.49142e-06
6.04257e-06
5.66437e-06
5.34573e-06
4.84491e-06
1.04958e-05
1.04958e-05
1.04958e-05
1.04958e-05
1.04958e-05
1.04958e-05
1.04958e-05
1.04958e-05
1.04958e-05
1.04958e-05
1.04958e-05
1.04958e-05
1.04958e-05
1.04958e-05
1.04958e-05
1.04957e-05
1.04956e-05
1.04949e-05
1.0492e-05
1.04786e-05
1.04267e-05
1.02323e-05
9.63357e-06
8.61587e-06
9.10872e-06
9.79109e-06
1.01848e-05
1.03689e-05
1.04423e-05
1.04652e-05
1.04515e-05
1.03788e-05
1.00761e-05
9.21559e-06
9.08681e-06
9.52675e-06
9.928e-06
1.01907e-05
1.03522e-05
1.04046e-05
1.03423e-05
1.00713e-05
9.51109e-06
8.72685e-06
7.84013e-06
6.98953e-06
6.21317e-06
5.47493e-06
4.78574e-06
4.13522e-06
3.51154e-06
3.34909e-06
3.6217e-06
5.0324e-06
8.19538e-06
9.40517e-06
9.32815e-06
8.90024e-06
8.1567e-06
7.28986e-06
6.42534e-06
5.95793e-06
6.02936e-06
6.63972e-06
7.94076e-06
8.24811e-06
7.87038e-06
6.96701e-06
5.979e-06
5.16769e-06
4.50212e-06
3.90575e-06
3.34979e-06
2.92094e-06
2.65292e-06
2.63215e-06
2.71836e-06
3.24126e-06
5.0916e-06
7.75579e-06
8.12805e-06
7.92016e-06
7.37377e-06
6.63753e-06
5.85249e-06
5.38421e-06
5.40588e-06
5.83094e-06
7.33284e-06
8.68337e-06
8.67562e-06
8.32849e-06
7.72826e-06
7.07446e-06
6.45641e-06
5.87963e-06
5.36371e-06
4.9371e-06
4.5964e-06
4.13301e-06
1.04958e-05
1.04958e-05
1.04958e-05
1.04958e-05
1.04958e-05
1.04958e-05
1.04958e-05
1.04958e-05
1.04958e-05
1.04958e-05
1.04957e-05
1.04955e-05
1.0495e-05
1.04944e-05
1.04944e-05
1.04941e-05
1.04924e-05
1.04868e-05
1.04718e-05
1.04219e-05
1.02151e-05
9.52747e-06
7.80004e-06
5.10533e-06
4.32022e-06
5.27285e-06
7.3039e-06
8.80228e-06
9.81429e-06
1.03287e-05
1.03239e-05
1.01249e-05
9.42516e-06
7.96123e-06
6.41153e-06
6.40284e-06
7.19177e-06
8.60298e-06
9.67159e-06
1.01816e-05
1.01317e-05
9.75555e-06
8.99321e-06
8.0016e-06
7.00668e-06
6.14144e-06
5.40204e-06
4.72616e-06
4.10475e-06
3.57651e-06
3.07274e-06
2.78618e-06
2.87271e-06
3.45199e-06
5.5455e-06
8.3066e-06
8.49642e-06
8.1388e-06
7.3634e-06
6.48221e-06
5.63844e-06
5.10677e-06
5.13631e-06
5.65597e-06
6.99402e-06
7.45166e-06
7.13514e-06
6.31219e-06
5.36056e-06
4.54679e-06
3.86067e-06
3.26119e-06
2.77612e-06
2.48807e-06
2.43554e-06
2.46081e-06
2.52865e-06
2.73237e-06
3.57311e-06
5.98061e-06
7.43674e-06
7.37187e-06
6.93911e-06
6.20815e-06
5.42445e-06
4.77655e-06
4.65221e-06
4.88349e-06
6.10693e-06
7.97368e-06
8.20337e-06
7.9411e-06
7.35018e-06
6.63967e-06
5.94314e-06
5.30312e-06
4.74734e-06
4.29518e-06
3.98412e-06
3.64015e-06
1.04956e-05
1.04956e-05
1.04957e-05
1.04957e-05
1.04957e-05
1.04955e-05
1.04951e-05
1.04945e-05
1.04938e-05
1.04931e-05
1.04913e-05
1.04857e-05
1.04723e-05
1.04569e-05
1.04581e-05
1.04629e-05
1.04606e-05
1.0442e-05
1.03919e-05
1.02658e-05
9.77966e-06
8.55413e-06
6.29876e-06
3.98881e-06
2.68153e-06
2.58815e-06
3.0361e-06
4.68936e-06
8.25697e-06
9.91565e-06
9.96539e-06
9.6354e-06
8.66888e-06
7.09739e-06
5.39877e-06
4.20845e-06
4.32058e-06
5.35225e-06
7.74242e-06
9.62267e-06
9.75743e-06
9.37266e-06
8.47076e-06
7.32796e-06
6.25763e-06
5.36341e-06
4.63746e-06
3.99963e-06
3.44209e-06
3.01308e-06
2.65678e-06
2.37245e-06
2.37139e-06
2.57696e-06
3.50034e-06
6.2229e-06
7.3056e-06
7.09388e-06
6.45846e-06
5.66413e-06
4.90351e-06
4.32671e-06
4.31393e-06
4.74325e-06
6.08436e-06
6.74581e-06
6.49914e-06
5.75303e-06
4.82084e-06
3.98302e-06
3.27815e-06
2.72048e-06
2.35343e-06
2.26864e-06
2.2998e-06
2.44441e-06
2.59125e-06
2.73245e-06
3.16944e-06
4.78006e-06
6.59416e-06
6.67776e-06
6.35208e-06
5.6412e-06
4.86852e-06
4.25128e-06
4.05336e-06
4.17685e-06
5.07328e-06
7.07622e-06
7.69239e-06
7.50323e-06
6.96193e-06
6.21329e-06
5.44962e-06
4.7681e-06
4.2142e-06
3.81196e-06
3.58875e-06
3.41461e-06
1.04694e-05
1.04739e-05
1.0484e-05
1.0488e-05
1.04863e-05
1.04794e-05
1.04637e-05
1.04372e-05
1.04106e-05
1.03895e-05
1.03536e-05
1.02628e-05
1.0054e-05
9.78045e-06
9.70873e-06
9.85958e-06
9.99586e-06
1.00726e-05
1.0031e-05
9.83576e-06
9.16957e-06
7.57971e-06
5.3305e-06
3.36641e-06
2.32218e-06
1.90368e-06
1.97498e-06
2.66671e-06
4.68842e-06
8.53694e-06
9.12299e-06
8.72319e-06
7.56773e-06
5.97154e-06
4.55769e-06
3.42627e-06
3.04517e-06
3.36241e-06
4.84052e-06
8.06813e-06
9.19069e-06
8.89727e-06
7.98195e-06
6.75681e-06
5.59891e-06
4.63911e-06
3.89859e-06
3.30926e-06
2.84217e-06
2.5113e-06
2.28444e-06
2.10056e-06
2.07186e-06
2.14665e-06
2.64267e-06
4.59771e-06
6.07073e-06
5.98817e-06
5.52332e-06
4.88509e-06
4.25404e-06
3.70956e-06
3.64397e-06
3.96525e-06
5.22136e-06
6.09218e-06
5.91019e-06
5.23212e-06
4.30666e-06
3.47143e-06
2.80152e-06
2.3375e-06
2.12387e-06
2.11725e-06
2.2597e-06
2.64735e-06
2.90416e-06
3.01731e-06
3.30468e-06
4.39496e-06
5.8518e-06
5.99985e-06
5.72414e-06
5.03962e-06
4.25441e-06
3.7444e-06
3.61474e-06
3.69216e-06
4.30989e-06
6.15148e-06
7.13478e-06
7.01804e-06
6.54025e-06
5.78615e-06
4.99567e-06
4.30344e-06
3.80564e-06
3.50228e-06
3.39249e-06
3.37606e-06
9.593e-06
9.26659e-06
9.55636e-06
9.76007e-06
9.76989e-06
9.64362e-06
9.33585e-06
8.85723e-06
8.37289e-06
8.1042e-06
7.90582e-06
7.57833e-06
6.98591e-06
5.92077e-06
4.97625e-06
5.27115e-06
6.03365e-06
7.11282e-06
8.5163e-06
8.6486e-06
8.01136e-06
6.40907e-06
4.37745e-06
2.8951e-06
2.03232e-06
1.76273e-06
1.77094e-06
1.88336e-06
2.8971e-06
5.70609e-06
7.74284e-06
7.43609e-06
6.27807e-06
4.6799e-06
3.49881e-06
2.76796e-06
2.35766e-06
2.44317e-06
3.1269e-06
5.43134e-06
8.23769e-06
8.20597e-06
7.42189e-06
6.15433e-06
4.89583e-06
3.86662e-06
3.16531e-06
2.68152e-06
2.36188e-06
2.1946e-06
2.07164e-06
1.98346e-06
1.9832e-06
2.03599e-06
2.36648e-06
3.83086e-06
4.9594e-06
4.91973e-06
4.54953e-06
4.06678e-06
3.62383e-06
3.18464e-06
3.09583e-06
3.33415e-06
4.43485e-06
5.46876e-06
5.3489e-06
4.73255e-06
3.84045e-06
3.03927e-06
2.44026e-06
2.09404e-06
2.00702e-06
2.04035e-06
2.3509e-06
2.97331e-06
3.22873e-06
3.30687e-06
3.52083e-06
4.30844e-06
5.29156e-06
5.36978e-06
5.10221e-06
4.43263e-06
3.68291e-06
3.30939e-06
3.29225e-06
3.35764e-06
3.81115e-06
5.35472e-06
6.55736e-06
6.50478e-06
6.10019e-06
5.3761e-06
4.5858e-06
3.91705e-06
3.47496e-06
3.30826e-06
3.30155e-06
3.36763e-06
1.70536e-06
1.97323e-06
2.40849e-06
2.71148e-06
3.15696e-06
3.81123e-06
3.84733e-06
3.38923e-06
2.69927e-06
2.71542e-06
3.07806e-06
3.79398e-06
3.84815e-06
3.261e-06
2.4525e-06
2.36907e-06
2.69391e-06
3.50651e-06
5.93895e-06
6.93625e-06
6.48107e-06
5.10799e-06
3.48505e-06
2.36656e-06
1.77581e-06
1.78213e-06
1.89893e-06
1.88532e-06
2.11008e-06
3.93266e-06
6.09291e-06
5.88768e-06
4.80909e-06
3.47103e-06
2.65671e-06
2.24949e-06
2.01452e-06
2.01699e-06
2.24773e-06
3.50642e-06
6.67597e-06
7.31654e-06
6.72765e-06
5.46758e-06
4.14713e-06
3.14275e-06
2.57619e-06
2.28154e-06
2.17374e-06
2.14049e-06
2.09813e-06
2.03302e-06
2.03245e-06
2.1047e-06
2.53368e-06
3.55155e-06
3.98574e-06
3.89357e-06
3.53287e-06
3.21041e-06
2.97762e-06
2.70892e-06
2.64619e-06
2.8412e-06
3.82475e-06
4.9019e-06
4.81889e-06
4.24465e-06
3.40415e-06
2.67286e-06
2.18516e-06
1.96409e-06
1.94474e-06
2.02142e-06
2.54692e-06
3.35294e-06
3.52664e-06
3.56959e-06
3.75326e-06
4.38692e-06
4.92132e-06
4.89508e-06
4.55976e-06
3.88474e-06
3.21806e-06
3.00339e-06
3.01702e-06
3.09581e-06
3.46086e-06
4.73163e-06
5.98474e-06
5.98037e-06
5.64254e-06
4.96922e-06
4.20629e-06
3.58606e-06
3.2265e-06
3.14218e-06
3.15192e-06
3.30724e-06
1.55877e-06
1.5939e-06
1.62549e-06
1.62911e-06
1.77458e-06
2.12707e-06
2.10145e-06
1.83539e-06
1.75598e-06
1.94104e-06
2.43629e-06
2.69465e-06
2.49801e-06
1.95423e-06
1.80815e-06
1.82837e-06
2.02697e-06
2.65959e-06
4.64288e-06
5.47994e-06
5.02913e-06
3.85289e-06
2.81893e-06
1.84833e-06
1.69735e-06
1.91354e-06
2.6485e-06
2.55144e-06
2.53381e-06
3.59369e-06
4.84425e-06
4.51474e-06
3.53216e-06
2.60101e-06
2.09857e-06
2.0946e-06
2.12674e-06
2.06887e-06
2.13442e-06
2.70894e-06
5.22267e-06
6.42688e-06
5.93963e-06
4.71581e-06
3.44383e-06
2.57602e-06
2.24018e-06
2.26838e-06
2.42611e-06
2.46682e-06
2.39262e-06
2.24421e-06
2.21738e-06
2.37173e-06
2.88732e-06
3.176e-06
3.17312e-06
2.97902e-06
2.67823e-06
2.49563e-06
2.39943e-06
2.29318e-06
2.28704e-06
2.45907e-06
3.3501e-06
4.38287e-06
4.31217e-06
3.77972e-06
3.00324e-06
2.37354e-06
2.01178e-06
1.88978e-06
1.90187e-06
2.02395e-06
2.70428e-06
3.69261e-06
3.85221e-06
3.87614e-06
4.03487e-06
4.48501e-06
4.63365e-06
4.50987e-06
4.06301e-06
3.3798e-06
2.87428e-06
2.79135e-06
2.81943e-06
2.90531e-06
3.20915e-06
4.24792e-06
5.4497e-06
5.48114e-06
5.19455e-06
4.57038e-06
3.85551e-06
3.27158e-06
2.98217e-06
2.94952e-06
2.99185e-06
3.26453e-06
1.56484e-06
1.556e-06
1.55243e-06
1.56885e-06
1.60541e-06
1.62119e-06
1.62082e-06
1.6002e-06
1.5892e-06
1.64273e-06
1.75655e-06
1.78622e-06
1.68787e-06
1.62136e-06
1.66795e-06
1.95782e-06
2.49364e-06
3.33414e-06
4.21439e-06
4.27933e-06
3.77547e-06
3.11489e-06
2.12947e-06
1.62224e-06
1.63569e-06
2.07263e-06
3.02565e-06
3.45699e-06
3.52819e-06
4.07839e-06
4.09026e-06
3.45916e-06
2.66749e-06
2.08087e-06
2.07258e-06
2.44465e-06
2.53749e-06
2.34462e-06
2.25518e-06
2.57511e-06
4.47615e-06
5.62004e-06
5.15662e-06
3.95964e-06
2.83129e-06
2.25018e-06
2.30582e-06
2.65953e-06
2.94793e-06
2.8985e-06
2.68975e-06
2.46592e-06
2.49016e-06
2.71025e-06
2.84098e-06
2.76537e-06
2.55206e-06
2.37467e-06
2.31321e-06
2.25971e-06
2.18349e-06
2.13948e-06
2.1677e-06
2.3055e-06
3.10856e-06
3.95677e-06
3.85848e-06
3.33392e-06
2.64466e-06
2.15126e-06
1.89216e-06
1.84381e-06
1.86837e-06
2.02202e-06
2.74148e-06
3.91262e-06
4.23094e-06
4.30277e-06
4.43772e-06
4.52549e-06
4.44737e-06
4.1217e-06
3.54299e-06
2.92805e-06
2.65922e-06
2.67462e-06
2.73651e-06
2.83419e-06
3.07086e-06
3.89872e-06
4.98161e-06
5.036e-06
4.77165e-06
4.18053e-06
3.5012e-06
2.9628e-06
2.75471e-06
2.76146e-06
2.8808e-06
3.26593e-06
1.56781e-06
1.56617e-06
1.5624e-06
1.55606e-06
1.55341e-06
1.55567e-06
1.5561e-06
1.55559e-06
1.55952e-06
1.58959e-06
1.60842e-06
1.60902e-06
1.58557e-06
1.56417e-06
1.588e-06
1.78083e-06
2.43004e-06
3.0228e-06
3.32237e-06
3.26863e-06
2.95308e-06
2.26428e-06
1.67117e-06
1.57476e-06
1.58894e-06
2.1486e-06
3.44023e-06
4.03828e-06
3.99135e-06
3.80204e-06
3.35521e-06
2.7659e-06
2.10349e-06
1.93732e-06
2.36754e-06
2.93969e-06
2.94131e-06
2.68919e-06
2.44561e-06
2.71083e-06
4.27946e-06
4.96119e-06
4.3829e-06
3.22338e-06
2.33731e-06
2.21353e-06
2.6449e-06
3.32693e-06
3.37566e-06
3.19319e-06
2.84548e-06
2.73903e-06
2.77971e-06
2.77253e-06
2.66198e-06
2.36344e-06
2.30623e-06
2.44891e-06
2.68093e-06
2.64484e-06
2.44161e-06
2.22144e-06
2.2091e-06
2.34234e-06
3.07573e-06
3.60398e-06
3.44e-06
2.92067e-06
2.35231e-06
1.98628e-06
1.81737e-06
1.79955e-06
1.82659e-06
1.97274e-06
2.56617e-06
3.93357e-06
4.51972e-06
4.57334e-06
4.54831e-06
4.45463e-06
4.16334e-06
3.64272e-06
3.02629e-06
2.59201e-06
2.5568e-06
2.63911e-06
2.77536e-06
2.8957e-06
3.09318e-06
3.72625e-06
4.61144e-06
4.65244e-06
4.3767e-06
3.79876e-06
3.14227e-06
2.67075e-06
2.55218e-06
2.6074e-06
2.8363e-06
3.2855e-06
1.56805e-06
1.56789e-06
1.56733e-06
1.56607e-06
1.56411e-06
1.5623e-06
1.56081e-06
1.55837e-06
1.55844e-06
1.56197e-06
1.56628e-06
1.5661e-06
1.5585e-06
1.54977e-06
1.57414e-06
1.60877e-06
1.87959e-06
2.33408e-06
2.60779e-06
2.50452e-06
2.09868e-06
1.68107e-06
1.62701e-06
1.58546e-06
1.58808e-06
1.79613e-06
2.95641e-06
3.42106e-06
3.41184e-06
3.22296e-06
2.66082e-06
2.05238e-06
1.8482e-06
1.96804e-06
2.77187e-06
3.23355e-06
3.17304e-06
2.87677e-06
2.65332e-06
2.96378e-06
4.26005e-06
4.40853e-06
3.66115e-06
2.63363e-06
2.10221e-06
2.26176e-06
3.18552e-06
3.72469e-06
3.6638e-06
3.38368e-06
3.10129e-06
2.96447e-06
2.83867e-06
2.61649e-06
2.28718e-06
2.24302e-06
2.49691e-06
3.04634e-06
3.25055e-06
3.17127e-06
2.88147e-06
2.45705e-06
2.31324e-06
2.46321e-06
3.09106e-06
3.29103e-06
3.04953e-06
2.55301e-06
2.13614e-06
1.85497e-06
1.76002e-06
1.74414e-06
1.7613e-06
1.88754e-06
2.35651e-06
3.62403e-06
4.37527e-06
4.46277e-06
4.41838e-06
4.18873e-06
3.70421e-06
3.10928e-06
2.58358e-06
2.41655e-06
2.49724e-06
2.7505e-06
2.98053e-06
3.08781e-06
3.21378e-06
3.70663e-06
4.34578e-06
4.33404e-06
4.01342e-06
3.42071e-06
2.80414e-06
2.42278e-06
2.37904e-06
2.50272e-06
2.84654e-06
3.2967e-06
1.56807e-06
1.56818e-06
1.56831e-06
1.5685e-06
1.56879e-06
1.5695e-06
1.571e-06
1.57346e-06
1.57761e-06
1.5823e-06
1.58759e-06
1.59289e-06
1.59511e-06
1.59097e-06
1.59076e-06
1.59987e-06
1.61646e-06
1.70733e-06
1.90207e-06
1.77874e-06
1.6317e-06
1.67693e-06
1.68558e-06
1.68202e-06
1.633e-06
1.61912e-06
2.04306e-06
2.61487e-06
2.68388e-06
2.38149e-06
1.91954e-06
1.71099e-06
1.7362e-06
2.09454e-06
3.09654e-06
3.4686e-06
3.32996e-06
2.96872e-06
2.87078e-06
3.31538e-06
4.16966e-06
3.91971e-06
3.04196e-06
2.24126e-06
2.01562e-06
2.41114e-06
3.56701e-06
3.86876e-06
3.80212e-06
3.57059e-06
3.24829e-06
2.9424e-06
2.62416e-06
2.24424e-06
2.12682e-06
2.34736e-06
3.07557e-06
3.48366e-06
3.47822e-06
3.38154e-06
3.09542e-06
2.6359e-06
2.48011e-06
2.65195e-06
3.05241e-06
3.01887e-06
2.67876e-06
2.27553e-06
1.94594e-06
1.76182e-06
1.70199e-06
1.6796e-06
1.68486e-06
1.78795e-06
2.17938e-06
3.20543e-06
3.99998e-06
4.11853e-06
4.0564e-06
3.73793e-06
3.19227e-06
2.64176e-06
2.30977e-06
2.30599e-06
2.54396e-06
2.94982e-06
3.18141e-06
3.26903e-06
3.37435e-06
3.76913e-06
4.14736e-06
4.06533e-06
3.66769e-06
3.06057e-06
2.50234e-06
2.24108e-06
2.24419e-06
2.44149e-06
2.86263e-06
3.2767e-06
1.56818e-06
1.56863e-06
1.56939e-06
1.57069e-06
1.57322e-06
1.57773e-06
1.58479e-06
1.59424e-06
1.60647e-06
1.62035e-06
1.63482e-06
1.65094e-06
1.66338e-06
1.66903e-06
1.67561e-06
1.66115e-06
1.65847e-06
1.66104e-06
1.63267e-06
1.66716e-06
1.72898e-06
1.81282e-06
1.86571e-06
1.88109e-06
1.78896e-06
1.6517e-06
1.63279e-06
1.74191e-06
1.81647e-06
1.70115e-06
1.61722e-06
1.58932e-06
1.67346e-06
2.20952e-06
3.23514e-06
3.69889e-06
3.54257e-06
3.18205e-06
3.20943e-06
3.76955e-06
3.92497e-06
3.3679e-06
2.59048e-06
2.00186e-06
1.96578e-06
2.51809e-06
3.64405e-06
3.77057e-06
3.63874e-06
3.38324e-06
3.03151e-06
2.66385e-06
2.27517e-06
2.03508e-06
2.05835e-06
2.60115e-06
3.40168e-06
3.57904e-06
3.54048e-06
3.39217e-06
3.04872e-06
2.69328e-06
2.66356e-06
2.83749e-06
2.92782e-06
2.73672e-06
2.3737e-06
2.06017e-06
1.79029e-06
1.6895e-06
1.64411e-06
1.61412e-06
1.61571e-06
1.6984e-06
2.03404e-06
2.78763e-06
3.49254e-06
3.6152e-06
3.54361e-06
3.21259e-06
2.72005e-06
2.2975e-06
2.15818e-06
2.23495e-06
2.64659e-06
3.1182e-06
3.30892e-06
3.39426e-06
3.5211e-06
3.84931e-06
3.97864e-06
3.81076e-06
3.32453e-06
2.72774e-06
2.26543e-06
2.10664e-06
2.14087e-06
2.38893e-06
2.8267e-06
3.21723e-06
1.56883e-06
1.57094e-06
1.57468e-06
1.58055e-06
1.58968e-06
1.60499e-06
1.62861e-06
1.65555e-06
1.68439e-06
1.71061e-06
1.73547e-06
1.76082e-06
1.78167e-06
1.79779e-06
1.81984e-06
1.81438e-06
1.80165e-06
1.79501e-06
1.77777e-06
1.85092e-06
1.94644e-06
2.05835e-06
2.13091e-06
2.17493e-06
2.09748e-06
1.88514e-06
1.76169e-06
1.69999e-06
1.6597e-06
1.64751e-06
1.60535e-06
1.56548e-06
1.62052e-06
2.04947e-06
2.97849e-06
3.80081e-06
3.84334e-06
3.71983e-06
3.77172e-06
3.84724e-06
3.53191e-06
2.86678e-06
2.19277e-06
1.84716e-06
1.93185e-06
2.4668e-06
3.09104e-06
3.22321e-06
3.143e-06
2.92196e-06
2.66457e-06
2.32522e-06
1.98237e-06
1.92823e-06
2.06182e-06
2.68013e-06
3.31892e-06
3.51138e-06
3.48849e-06
3.34559e-06
3.02015e-06
2.81867e-06
2.83475e-06
2.86009e-06
2.7555e-06
2.44726e-06
2.15134e-06
1.85025e-06
1.68569e-06
1.62776e-06
1.5901e-06
1.56517e-06
1.56586e-06
1.62865e-06
1.87151e-06
2.43399e-06
2.95707e-06
3.07193e-06
3.00322e-06
2.71856e-06
2.33993e-06
2.08464e-06
2.05401e-06
2.19684e-06
2.72143e-06
3.21739e-06
3.40057e-06
3.49848e-06
3.65186e-06
3.85221e-06
3.82654e-06
3.53592e-06
2.98913e-06
2.43218e-06
2.09073e-06
2.01465e-06
2.06329e-06
2.31503e-06
2.73144e-06
3.13335e-06
1.57477e-06
1.58725e-06
1.60316e-06
1.62743e-06
1.66304e-06
1.71627e-06
1.78125e-06
1.8442e-06
1.89856e-06
1.93486e-06
1.96512e-06
1.99539e-06
2.0242e-06
2.05212e-06
2.08846e-06
2.08134e-06
2.07243e-06
2.07074e-06
2.05833e-06
2.13973e-06
2.25004e-06
2.39073e-06
2.49462e-06
2.60355e-06
2.5679e-06
2.35511e-06
2.17264e-06
2.0014e-06
1.85951e-06
1.78183e-06
1.68841e-06
1.592e-06
1.58339e-06
1.77927e-06
2.69204e-06
3.53981e-06
3.85062e-06
3.83869e-06
3.78174e-06
3.59779e-06
3.03804e-06
2.43566e-06
1.8296e-06
1.7221e-06
1.83566e-06
2.24625e-06
2.61504e-06
2.7478e-06
2.65156e-06
2.39335e-06
2.11682e-06
1.89421e-06
1.82946e-06
1.8613e-06
2.03295e-06
2.39341e-06
2.81705e-06
3.21676e-06
3.34107e-06
3.29012e-06
3.10731e-06
2.95519e-06
2.87107e-06
2.76586e-06
2.52063e-06
2.2324e-06
1.91529e-06
1.7022e-06
1.61169e-06
1.57592e-06
1.55266e-06
1.53901e-06
1.53912e-06
1.57765e-06
1.7347e-06
2.15126e-06
2.50619e-06
2.5851e-06
2.53145e-06
2.33028e-06
2.08059e-06
1.97569e-06
1.98494e-06
2.16321e-06
2.743e-06
3.25623e-06
3.4644e-06
3.58441e-06
3.71475e-06
3.77469e-06
3.64622e-06
3.23286e-06
2.66955e-06
2.20686e-06
1.97968e-06
1.94975e-06
2.0028e-06
2.21765e-06
2.58581e-06
3.02647e-06
1.65271e-06
1.7413e-06
1.81809e-06
1.88485e-06
1.96887e-06
2.09722e-06
2.23721e-06
2.34567e-06
2.41356e-06
2.44052e-06
2.46871e-06
2.50787e-06
2.556e-06
2.60187e-06
2.63829e-06
2.59461e-06
2.54682e-06
2.51711e-06
2.4762e-06
2.54525e-06
2.67129e-06
2.86242e-06
3.04284e-06
3.26423e-06
3.27715e-06
3.09035e-06
2.85068e-06
2.54055e-06
2.24861e-06
2.07362e-06
1.88655e-06
1.71309e-06
1.61798e-06
1.62179e-06
2.22116e-06
3.02924e-06
3.48943e-06
3.56345e-06
3.46139e-06
3.11e-06
2.5954e-06
1.93884e-06
1.6333e-06
1.61433e-06
1.67023e-06
1.82969e-06
1.97881e-06
2.03959e-06
1.97988e-06
1.84389e-06
1.7405e-06
1.70173e-06
1.70803e-06
1.76252e-06
1.91302e-06
2.16784e-06
2.44567e-06
2.85086e-06
3.13744e-06
3.16391e-06
3.0817e-06
2.94132e-06
2.79809e-06
2.58115e-06
2.30261e-06
1.99374e-06
1.72394e-06
1.60934e-06
1.56396e-06
1.54659e-06
1.53598e-06
1.52928e-06
1.52673e-06
1.54765e-06
1.64403e-06
1.8692e-06
2.16519e-06
2.23162e-06
2.18946e-06
2.05883e-06
1.93148e-06
1.90258e-06
1.93127e-06
2.09812e-06
2.65424e-06
3.24404e-06
3.48562e-06
3.60567e-06
3.68256e-06
3.65107e-06
3.40495e-06
2.91272e-06
2.38657e-06
2.04523e-06
1.89684e-06
1.88948e-06
1.94955e-06
2.10478e-06
2.41455e-06
2.89697e-06
5.74154e-06
3.97121e-06
3.48296e-06
3.39305e-06
3.47257e-06
3.60339e-06
3.66749e-06
3.68511e-06
3.66909e-06
3.63768e-06
3.65879e-06
3.71203e-06
3.75508e-06
3.73227e-06
3.65796e-06
3.48979e-06
3.33696e-06
3.24813e-06
3.15247e-06
3.22694e-06
3.4024e-06
3.69191e-06
3.99449e-06
4.29826e-06
4.30021e-06
4.05547e-06
3.66717e-06
3.1595e-06
2.75609e-06
2.48961e-06
2.20199e-06
1.98988e-06
1.79567e-06
1.64413e-06
1.78754e-06
2.53232e-06
2.97505e-06
3.03848e-06
2.93688e-06
2.58089e-06
1.98874e-06
1.62969e-06
1.59001e-06
1.59019e-06
1.59661e-06
1.61442e-06
1.63132e-06
1.63933e-06
1.62962e-06
1.6077e-06
1.59784e-06
1.59619e-06
1.60415e-06
1.63595e-06
1.71587e-06
1.88695e-06
2.19435e-06
2.48804e-06
2.7923e-06
2.93487e-06
2.908e-06
2.778e-06
2.58122e-06
2.35403e-06
2.0467e-06
1.75273e-06
1.60792e-06
1.55815e-06
1.54103e-06
1.53761e-06
1.54397e-06
1.5432e-06
1.53051e-06
1.53123e-06
1.58247e-06
1.7024e-06
1.85359e-06
1.92345e-06
1.92094e-06
1.87834e-06
1.84387e-06
1.84338e-06
1.87919e-06
2.03062e-06
2.49578e-06
3.11061e-06
3.41951e-06
3.54308e-06
3.56505e-06
3.45904e-06
3.09879e-06
2.58492e-06
2.16591e-06
1.91358e-06
1.83235e-06
1.8355e-06
1.89052e-06
2.00748e-06
2.25231e-06
2.73983e-06
1.11501e-05
9.87792e-06
8.98545e-06
8.28748e-06
7.7522e-06
7.34344e-06
7.07178e-06
6.88883e-06
6.69794e-06
6.53657e-06
6.42903e-06
6.28033e-06
6.06551e-06
5.77424e-06
5.45025e-06
5.0882e-06
4.83481e-06
4.70596e-06
4.56606e-06
4.68392e-06
4.91765e-06
5.24859e-06
5.54861e-06
5.66804e-06
5.49431e-06
5.04569e-06
4.47382e-06
3.81948e-06
3.354e-06
3.02833e-06
2.71743e-06
2.54264e-06
2.27358e-06
1.91208e-06
1.6585e-06
1.7908e-06
2.2162e-06
2.3729e-06
2.27207e-06
1.89545e-06
1.63094e-06
1.66592e-06
1.6964e-06
1.72021e-06
1.70371e-06
1.66565e-06
1.64758e-06
1.63466e-06
1.62263e-06
1.61137e-06
1.60147e-06
1.59094e-06
1.57988e-06
1.57621e-06
1.59416e-06
1.67806e-06
1.8859e-06
2.20831e-06
2.44393e-06
2.56678e-06
2.58333e-06
2.4913e-06
2.33696e-06
2.05597e-06
1.75531e-06
1.60652e-06
1.55845e-06
1.54178e-06
1.54752e-06
1.56652e-06
1.58348e-06
1.57849e-06
1.55276e-06
1.52662e-06
1.54615e-06
1.60989e-06
1.69128e-06
1.73988e-06
1.76751e-06
1.77828e-06
1.77637e-06
1.77805e-06
1.8083e-06
1.94912e-06
2.30182e-06
2.87965e-06
3.24271e-06
3.36459e-06
3.35537e-06
3.16263e-06
2.73766e-06
2.29541e-06
1.98781e-06
1.80535e-06
1.76866e-06
1.77635e-06
1.82876e-06
1.91183e-06
2.10768e-06
2.55088e-06
1.17643e-05
1.16186e-05
1.14334e-05
1.11863e-05
1.09249e-05
1.06538e-05
1.04015e-05
1.01664e-05
9.95167e-06
9.77732e-06
9.60739e-06
9.38209e-06
9.10358e-06
8.74887e-06
8.35194e-06
7.97876e-06
7.75317e-06
7.60462e-06
7.41042e-06
7.39689e-06
7.40696e-06
7.40664e-06
7.27475e-06
6.93282e-06
6.38285e-06
5.74517e-06
5.07869e-06
4.39307e-06
3.96314e-06
3.68038e-06
3.45731e-06
3.38857e-06
3.11386e-06
2.63216e-06
2.04408e-06
1.72577e-06
1.64504e-06
1.69279e-06
1.65676e-06
1.68602e-06
1.87211e-06
2.01348e-06
2.10779e-06
2.15537e-06
2.09426e-06
1.97969e-06
1.89978e-06
1.8402e-06
1.81123e-06
1.79406e-06
1.75315e-06
1.69777e-06
1.63738e-06
1.59409e-06
1.577e-06
1.58268e-06
1.65866e-06
1.81128e-06
2.00903e-06
2.19138e-06
2.2559e-06
2.14957e-06
1.94882e-06
1.72706e-06
1.59584e-06
1.5697e-06
1.56103e-06
1.57599e-06
1.60766e-06
1.64286e-06
1.65769e-06
1.63985e-06
1.58995e-06
1.54261e-06
1.52992e-06
1.55781e-06
1.60523e-06
1.64876e-06
1.68569e-06
1.70591e-06
1.69743e-06
1.68483e-06
1.70611e-06
1.83335e-06
2.12583e-06
2.55236e-06
2.94217e-06
3.07018e-06
3.02911e-06
2.77352e-06
2.38667e-06
2.07131e-06
1.82045e-06
1.71295e-06
1.69928e-06
1.70881e-06
1.75735e-06
1.81794e-06
2.0004e-06
2.33202e-06
1.18003e-05
1.17896e-05
1.17699e-05
1.17356e-05
1.16887e-05
1.16284e-05
1.15667e-05
1.15014e-05
1.14309e-05
1.1357e-05
1.12688e-05
1.11514e-05
1.10075e-05
1.08319e-05
1.06357e-05
1.0458e-05
1.03166e-05
1.01525e-05
9.91734e-06
9.64257e-06
9.25357e-06
8.7969e-06
8.18656e-06
7.46216e-06
6.73228e-06
6.07047e-06
5.44708e-06
4.85251e-06
4.52959e-06
4.34535e-06
4.24797e-06
4.26361e-06
4.0908e-06
3.74325e-06
3.20683e-06
2.69052e-06
2.24426e-06
2.05505e-06
2.13603e-06
2.51612e-06
2.68524e-06
2.77078e-06
2.84483e-06
2.82809e-06
2.68687e-06
2.5124e-06
2.39177e-06
2.3154e-06
2.26925e-06
2.20519e-06
2.07536e-06
1.94439e-06
1.82659e-06
1.72943e-06
1.655e-06
1.60369e-06
1.58946e-06
1.60418e-06
1.661e-06
1.74314e-06
1.78485e-06
1.72678e-06
1.63988e-06
1.59571e-06
1.6052e-06
1.61065e-06
1.64717e-06
1.68661e-06
1.73834e-06
1.76484e-06
1.76223e-06
1.72284e-06
1.65571e-06
1.58238e-06
1.53759e-06
1.53431e-06
1.55706e-06
1.58821e-06
1.61972e-06
1.62375e-06
1.60434e-06
1.59074e-06
1.60411e-06
1.6903e-06
1.91698e-06
2.2585e-06
2.544e-06
2.66231e-06
2.60655e-06
2.38591e-06
2.11736e-06
1.85084e-06
1.68851e-06
1.63361e-06
1.6304e-06
1.64041e-06
1.6788e-06
1.72076e-06
1.90501e-06
2.1319e-06
1.18024e-05
1.18016e-05
1.17999e-05
1.17963e-05
1.17904e-05
1.17817e-05
1.17717e-05
1.17603e-05
1.17468e-05
1.173e-05
1.17062e-05
1.16724e-05
1.16271e-05
1.15662e-05
1.14924e-05
1.1418e-05
1.13313e-05
1.11842e-05
1.09263e-05
1.05331e-05
9.92284e-06
9.14576e-06
8.2851e-06
7.45039e-06
6.73352e-06
6.13584e-06
5.64529e-06
5.25175e-06
5.0295e-06
4.89711e-06
4.79652e-06
4.7254e-06
4.60558e-06
4.43986e-06
4.20493e-06
3.99403e-06
3.76246e-06
3.56004e-06
3.49539e-06
3.47137e-06
3.38717e-06
3.41548e-06
3.41039e-06
3.32929e-06
3.1637e-06
2.9978e-06
2.87214e-06
2.77251e-06
2.67992e-06
2.55064e-06
2.36942e-06
2.21813e-06
2.08433e-06
1.9801e-06
1.88803e-06
1.78218e-06
1.70846e-06
1.66607e-06
1.63506e-06
1.62378e-06
1.62032e-06
1.6232e-06
1.6365e-06
1.69095e-06
1.74665e-06
1.78379e-06
1.84091e-06
1.88534e-06
1.92606e-06
1.9254e-06
1.9006e-06
1.84377e-06
1.76219e-06
1.66615e-06
1.58359e-06
1.54112e-06
1.53758e-06
1.55101e-06
1.5636e-06
1.5683e-06
1.56812e-06
1.56175e-06
1.55942e-06
1.58475e-06
1.68706e-06
1.95238e-06
2.22456e-06
2.29457e-06
2.25126e-06
2.07791e-06
1.83788e-06
1.67803e-06
1.59262e-06
1.568e-06
1.56889e-06
1.57642e-06
1.60107e-06
1.62912e-06
1.80803e-06
1.96337e-06
1.18025e-05
1.18024e-05
1.18023e-05
1.1802e-05
1.18014e-05
1.18005e-05
1.17993e-05
1.17979e-05
1.17959e-05
1.17929e-05
1.17878e-05
1.17798e-05
1.17684e-05
1.17513e-05
1.17264e-05
1.169e-05
1.16257e-05
1.1502e-05
1.11709e-05
1.05508e-05
9.62407e-06
8.51481e-06
7.48442e-06
6.72796e-06
6.26473e-06
5.93208e-06
5.6664e-06
5.43003e-06
5.2545e-06
5.12183e-06
5.00424e-06
4.88522e-06
4.73273e-06
4.56675e-06
4.38608e-06
4.207e-06
4.03968e-06
3.8883e-06
3.7616e-06
3.68512e-06
3.66524e-06
3.68413e-06
3.65863e-06
3.54734e-06
3.36913e-06
3.19977e-06
3.06441e-06
2.95256e-06
2.84792e-06
2.71742e-06
2.56669e-06
2.46951e-06
2.37596e-06
2.31168e-06
2.25553e-06
2.1807e-06
2.10783e-06
2.04143e-06
1.96589e-06
1.90547e-06
1.87637e-06
1.89579e-06
1.9274e-06
2.00659e-06
2.06175e-06
2.08857e-06
2.13812e-06
2.15882e-06
2.16501e-06
2.13479e-06
2.09117e-06
2.02636e-06
1.93331e-06
1.81547e-06
1.70032e-06
1.61273e-06
1.57563e-06
1.57386e-06
1.58843e-06
1.61724e-06
1.64584e-06
1.6362e-06
1.60231e-06
1.57326e-06
1.58024e-06
1.66385e-06
1.82128e-06
1.89912e-06
1.85894e-06
1.74359e-06
1.63815e-06
1.5761e-06
1.54766e-06
1.5391e-06
1.5392e-06
1.54382e-06
1.55293e-06
1.56427e-06
1.69536e-06
1.76416e-06
1.18025e-05
1.18025e-05
1.18025e-05
1.18025e-05
1.18024e-05
1.18023e-05
1.18022e-05
1.1802e-05
1.18017e-05
1.18012e-05
1.18002e-05
1.17983e-05
1.17953e-05
1.17898e-05
1.17792e-05
1.17587e-05
1.16961e-05
1.15091e-05
1.10522e-05
1.01848e-05
8.93535e-06
7.58787e-06
6.55267e-06
6.03082e-06
5.83033e-06
5.69592e-06
5.56016e-06
5.39842e-06
5.25817e-06
5.14411e-06
5.03782e-06
4.90927e-06
4.72385e-06
4.50963e-06
4.30486e-06
4.10915e-06
3.94732e-06
3.81672e-06
3.72361e-06
3.69238e-06
3.7663e-06
3.76059e-06
3.67376e-06
3.49386e-06
3.31124e-06
3.17456e-06
3.08056e-06
3.01921e-06
2.96522e-06
2.87544e-06
2.80293e-06
2.80385e-06
2.76575e-06
2.77245e-06
2.80161e-06
2.81583e-06
2.80263e-06
2.76515e-06
2.69371e-06
2.61837e-06
2.55711e-06
2.5278e-06
2.50211e-06
2.53542e-06
2.55178e-06
2.54366e-06
2.54732e-06
2.52222e-06
2.48804e-06
2.43458e-06
2.39292e-06
2.32305e-06
2.21409e-06
2.0744e-06
1.93485e-06
1.81765e-06
1.76391e-06
1.76945e-06
1.81896e-06
1.89214e-06
1.91767e-06
1.87162e-06
1.79111e-06
1.70013e-06
1.61978e-06
1.587e-06
1.59641e-06
1.61566e-06
1.60824e-06
1.58551e-06
1.56866e-06
1.56091e-06
1.57279e-06
1.56748e-06
1.56061e-06
1.57447e-06
1.57689e-06
1.57978e-06
1.59113e-06
1.60185e-06
1.18025e-05
1.18025e-05
1.18025e-05
1.18025e-05
1.18025e-05
1.18025e-05
1.18025e-05
1.18024e-05
1.18024e-05
1.18023e-05
1.18021e-05
1.18016e-05
1.18007e-05
1.17988e-05
1.17926e-05
1.17721e-05
1.17063e-05
1.1504e-05
1.09539e-05
9.87287e-06
8.37163e-06
6.89901e-06
6.00052e-06
5.73305e-06
5.66244e-06
5.58381e-06
5.45478e-06
5.32537e-06
5.23695e-06
5.20731e-06
5.15757e-06
5.01604e-06
4.73098e-06
4.40749e-06
4.12033e-06
3.8698e-06
3.69193e-06
3.61454e-06
3.60054e-06
3.69798e-06
3.76817e-06
3.71015e-06
3.54576e-06
3.34596e-06
3.22775e-06
3.18718e-06
3.18441e-06
3.21736e-06
3.2364e-06
3.23089e-06
3.29136e-06
3.38129e-06
3.39589e-06
3.49302e-06
3.64319e-06
3.77534e-06
3.83306e-06
3.83929e-06
3.77987e-06
3.6814e-06
3.5575e-06
3.44229e-06
3.33947e-06
3.29345e-06
3.22191e-06
3.13212e-06
3.06499e-06
2.98272e-06
2.92176e-06
2.87609e-06
2.85523e-06
2.79316e-06
2.68239e-06
2.5328e-06
2.37384e-06
2.25633e-06
2.23706e-06
2.29326e-06
2.38503e-06
2.39814e-06
2.32338e-06
2.21511e-06
2.12112e-06
2.01495e-06
1.87941e-06
1.73154e-06
1.65571e-06
1.62861e-06
1.62175e-06
1.62441e-06
1.64643e-06
1.69549e-06
1.7421e-06
1.72046e-06
1.72197e-06
1.78514e-06
1.80091e-06
1.80769e-06
1.62524e-06
1.64382e-06
1.18025e-05
1.18025e-05
1.18025e-05
1.18025e-05
1.18025e-05
1.18025e-05
1.18025e-05
1.18025e-05
1.18025e-05
1.18025e-05
1.18024e-05
1.18022e-05
1.18016e-05
1.17994e-05
1.17921e-05
1.17679e-05
1.16903e-05
1.14513e-05
1.08035e-05
9.56231e-06
7.90604e-06
6.43947e-06
5.80551e-06
5.73048e-06
5.69439e-06
5.57682e-06
5.41832e-06
5.38976e-06
5.44547e-06
5.50517e-06
5.43812e-06
5.15103e-06
4.70636e-06
4.25095e-06
3.89475e-06
3.60704e-06
3.45444e-06
3.43607e-06
3.55218e-06
3.71943e-06
3.70442e-06
3.52006e-06
3.36039e-06
3.301e-06
3.28484e-06
3.34877e-06
3.46384e-06
3.58676e-06
3.68681e-06
3.79071e-06
3.95261e-06
4.09019e-06
4.17683e-06
4.36457e-06
4.63167e-06
4.92415e-06
5.16869e-06
5.30102e-06
5.23348e-06
5.06526e-06
4.81626e-06
4.55897e-06
4.33195e-06
4.14691e-06
3.95839e-06
3.78152e-06
3.64512e-06
3.53691e-06
3.51212e-06
3.52275e-06
3.54297e-06
3.50469e-06
3.40683e-06
3.26624e-06
3.12196e-06
3.06091e-06
3.08229e-06
3.13917e-06
3.07503e-06
2.91186e-06
2.70265e-06
2.62922e-06
2.61051e-06
2.54975e-06
2.42132e-06
2.21972e-06
2.0516e-06
1.97437e-06
1.96199e-06
1.99361e-06
2.06176e-06
2.15363e-06
2.21256e-06
2.16573e-06
2.23581e-06
2.46086e-06
2.52826e-06
2.55902e-06
2.13751e-06
2.14958e-06
1.18025e-05
1.18025e-05
1.18025e-05
1.18025e-05
1.18025e-05
1.18025e-05
1.18025e-05
1.18025e-05
1.18025e-05
1.18025e-05
1.18024e-05
1.18023e-05
1.18018e-05
1.18001e-05
1.17943e-05
1.17746e-05
1.17101e-05
1.15073e-05
1.09187e-05
9.6645e-06
7.8744e-06
6.35812e-06
5.89659e-06
5.90418e-06
5.85369e-06
5.64728e-06
5.54666e-06
5.6641e-06
5.8827e-06
5.92099e-06
5.71183e-06
5.18678e-06
4.5399e-06
3.99283e-06
3.61958e-06
3.36956e-06
3.30358e-06
3.40691e-06
3.6074e-06
3.68583e-06
3.50697e-06
3.40623e-06
3.39576e-06
3.42393e-06
3.52486e-06
3.70482e-06
3.88004e-06
4.04291e-06
4.17766e-06
4.30952e-06
4.45726e-06
4.57934e-06
4.68801e-06
4.88439e-06
5.15338e-06
5.53504e-06
6.00286e-06
6.35378e-06
6.32567e-06
6.08683e-06
5.66516e-06
5.24341e-06
4.9295e-06
4.69095e-06
4.47783e-06
4.28619e-06
4.17049e-06
4.16934e-06
4.24573e-06
4.32471e-06
4.36109e-06
4.31951e-06
4.24433e-06
4.16698e-06
4.10496e-06
4.08845e-06
4.02602e-06
3.79833e-06
3.47318e-06
3.21407e-06
3.09747e-06
3.25723e-06
3.51926e-06
3.64446e-06
3.62974e-06
3.4474e-06
3.24988e-06
3.18942e-06
3.21516e-06
3.25835e-06
3.33679e-06
3.43871e-06
3.4866e-06
3.49506e-06
3.73769e-06
4.2222e-06
4.30215e-06
4.24329e-06
3.68952e-06
3.13727e-06
1.18025e-05
1.18025e-05
1.18025e-05
1.18025e-05
1.18025e-05
1.18025e-05
1.18025e-05
1.18025e-05
1.18025e-05
1.18025e-05
1.18024e-05
1.18023e-05
1.18019e-05
1.18004e-05
1.17953e-05
1.17781e-05
1.17211e-05
1.15396e-05
1.10028e-05
9.77397e-06
7.93871e-06
6.43673e-06
6.14319e-06
6.20473e-06
6.10703e-06
5.82984e-06
5.83928e-06
6.0949e-06
6.32252e-06
6.27675e-06
5.88777e-06
5.1076e-06
4.28273e-06
3.68654e-06
3.3435e-06
3.21197e-06
3.28603e-06
3.48427e-06
3.6731e-06
3.57706e-06
3.49688e-06
3.50385e-06
3.61808e-06
3.78504e-06
3.95736e-06
4.15338e-06
4.31089e-06
4.44073e-06
4.5386e-06
4.61928e-06
4.70657e-06
4.78796e-06
4.86752e-06
4.98625e-06
5.17202e-06
5.49654e-06
6.07056e-06
6.69124e-06
6.75293e-06
6.48021e-06
5.89676e-06
5.34897e-06
5.03966e-06
4.8652e-06
4.7259e-06
4.62872e-06
4.66961e-06
4.79658e-06
4.92671e-06
4.93686e-06
4.87234e-06
4.75527e-06
4.68746e-06
4.688e-06
4.70126e-06
4.65661e-06
4.48111e-06
4.04067e-06
3.59322e-06
3.58745e-06
4.06441e-06
4.88264e-06
5.77689e-06
6.34874e-06
6.64376e-06
6.57625e-06
6.43357e-06
6.44834e-06
6.44586e-06
6.35043e-06
6.28983e-06
6.24287e-06
6.14109e-06
6.16566e-06
6.329e-06
6.40667e-06
6.23957e-06
5.8728e-06
5.17025e-06
3.8599e-06
1.18025e-05
1.18025e-05
1.18025e-05
1.18025e-05
1.18025e-05
1.18025e-05
1.18025e-05
1.18025e-05
1.18025e-05
1.18025e-05
1.18025e-05
1.18024e-05
1.18021e-05
1.18012e-05
1.17978e-05
1.17862e-05
1.17465e-05
1.16159e-05
1.12149e-05
1.01453e-05
8.30192e-06
6.70249e-06
6.43868e-06
6.52939e-06
6.42938e-06
6.1517e-06
6.19391e-06
6.48183e-06
6.69122e-06
6.58066e-06
6.00821e-06
4.96346e-06
3.9978e-06
3.40549e-06
3.17378e-06
3.2019e-06
3.38358e-06
3.6519e-06
3.71338e-06
3.64333e-06
3.67276e-06
3.90677e-06
4.1435e-06
4.36272e-06
4.54372e-06
4.72292e-06
4.84776e-06
4.93821e-06
4.99011e-06
5.01369e-06
5.04474e-06
5.08157e-06
5.08173e-06
5.09123e-06
5.12484e-06
5.2737e-06
5.73645e-06
6.60031e-06
6.95314e-06
6.67284e-06
5.9255e-06
5.27353e-06
5.00399e-06
4.90464e-06
4.88979e-06
4.93393e-06
5.10332e-06
5.21664e-06
5.21155e-06
5.16314e-06
5.02092e-06
4.83727e-06
4.78863e-06
4.83856e-06
4.90043e-06
4.81958e-06
4.50044e-06
4.03073e-06
4.2029e-06
5.17706e-06
6.84532e-06
8.27104e-06
9.07425e-06
9.4894e-06
9.68802e-06
9.6424e-06
9.52082e-06
9.38472e-06
9.19185e-06
8.929e-06
8.65899e-06
8.39385e-06
8.11873e-06
7.87877e-06
7.66253e-06
7.45099e-06
7.13773e-06
6.6284e-06
5.80284e-06
4.21934e-06
1.18025e-05
1.18025e-05
1.18025e-05
1.18025e-05
1.18025e-05
1.18025e-05
1.18025e-05
1.18025e-05
1.18025e-05
1.18025e-05
1.18025e-05
1.18024e-05
1.18023e-05
1.18016e-05
1.17994e-05
1.17917e-05
1.17653e-05
1.16771e-05
1.13963e-05
1.05882e-05
8.9139e-06
7.18539e-06
6.75011e-06
6.84719e-06
6.83567e-06
6.62725e-06
6.63127e-06
6.86617e-06
7.09007e-06
6.90681e-06
6.09192e-06
4.74533e-06
3.70055e-06
3.22669e-06
3.1804e-06
3.31632e-06
3.65953e-06
3.88543e-06
3.90632e-06
3.98687e-06
4.43537e-06
4.9351e-06
5.27598e-06
5.55282e-06
5.73762e-06
5.91846e-06
6.01431e-06
6.06347e-06
6.07488e-06
6.08017e-06
6.10769e-06
6.15296e-06
6.10003e-06
5.99188e-06
5.74622e-06
5.61962e-06
5.77559e-06
6.47937e-06
7.21633e-06
7.0005e-06
6.09135e-06
5.25363e-06
4.96842e-06
4.94263e-06
4.98474e-06
5.1385e-06
5.33238e-06
5.34546e-06
5.27258e-06
5.01858e-06
4.47562e-06
4.19998e-06
4.26653e-06
4.56068e-06
4.86124e-06
4.78138e-06
4.52589e-06
4.9517e-06
6.59646e-06
8.44625e-06
9.90307e-06
1.06708e-05
1.09553e-05
1.10007e-05
1.09644e-05
1.08501e-05
1.06367e-05
1.03765e-05
1.00897e-05
9.72923e-06
9.37376e-06
9.02755e-06
8.65576e-06
8.28466e-06
7.91608e-06
7.53277e-06
7.12543e-06
6.70918e-06
6.11951e-06
4.77944e-06
1.18025e-05
1.18025e-05
1.18025e-05
1.18025e-05
1.18025e-05
1.18025e-05
1.18025e-05
1.18025e-05
1.18025e-05
1.18025e-05
1.18025e-05
1.18025e-05
1.18024e-05
1.18021e-05
1.1801e-05
1.17973e-05
1.1784e-05
1.17384e-05
1.15863e-05
1.11178e-05
9.88692e-06
8.14057e-06
7.2419e-06
7.23735e-06
7.34524e-06
7.28605e-06
7.2826e-06
7.47019e-06
7.64457e-06
7.31233e-06
6.14177e-06
4.49787e-06
3.4912e-06
3.23363e-06
3.32661e-06
3.75798e-06
4.29069e-06
4.56764e-06
4.83268e-06
5.68657e-06
6.61038e-06
7.21846e-06
7.63335e-06
7.98577e-06
8.21215e-06
8.3502e-06
8.36562e-06
8.28243e-06
8.14257e-06
8.07609e-06
8.0623e-06
8.05485e-06
7.97499e-06
7.79401e-06
7.3979e-06
6.85371e-06
6.6904e-06
6.97727e-06
7.65457e-06
7.51809e-06
6.53372e-06
5.38802e-06
4.94139e-06
4.91314e-06
4.98321e-06
5.23367e-06
5.40215e-06
5.32563e-06
5.03409e-06
4.38993e-06
3.72418e-06
3.62116e-06
3.8058e-06
4.37691e-06
4.85959e-06
4.94601e-06
5.66991e-06
7.88351e-06
9.44389e-06
1.04462e-05
1.09487e-05
1.12506e-05
1.13885e-05
1.14017e-05
1.13627e-05
1.12284e-05
1.09732e-05
1.06508e-05
1.03168e-05
9.97808e-06
9.67839e-06
9.36386e-06
8.96759e-06
8.55271e-06
8.11068e-06
7.59996e-06
7.07706e-06
6.62271e-06
6.19535e-06
5.37871e-06
1.18025e-05
1.18025e-05
1.18025e-05
1.18025e-05
1.18025e-05
1.18025e-05
1.18025e-05
1.18025e-05
1.18025e-05
1.18025e-05
1.18025e-05
1.18025e-05
1.18024e-05
1.18023e-05
1.18019e-05
1.18003e-05
1.17946e-05
1.17748e-05
1.17066e-05
1.14835e-05
1.08138e-05
9.43174e-06
8.17222e-06
7.94264e-06
8.07809e-06
8.20875e-06
8.22722e-06
8.36891e-06
8.41422e-06
7.78493e-06
6.11009e-06
4.22367e-06
3.4153e-06
3.38072e-06
3.90918e-06
5.09014e-06
6.045e-06
6.52889e-06
7.06575e-06
7.62362e-06
7.98626e-06
8.23131e-06
8.56464e-06
8.98027e-06
9.42052e-06
9.81653e-06
1.01058e-05
1.02863e-05
1.02944e-05
1.02244e-05
1.01453e-05
1.00746e-05
9.95329e-06
9.73694e-06
9.30166e-06
8.56972e-06
8.01793e-06
8.08769e-06
8.39852e-06
8.2293e-06
7.18496e-06
5.71293e-06
4.95447e-06
4.87861e-06
4.97108e-06
5.32871e-06
5.43401e-06
5.22311e-06
4.59244e-06
3.76144e-06
3.27525e-06
3.29577e-06
3.61839e-06
4.44564e-06
5.04901e-06
5.91752e-06
8.34262e-06
9.83174e-06
1.03967e-05
1.06255e-05
1.08628e-05
1.11901e-05
1.14596e-05
1.15263e-05
1.1494e-05
1.13826e-05
1.11718e-05
1.09369e-05
1.07313e-05
1.05194e-05
1.03234e-05
1.00547e-05
9.62397e-06
9.13798e-06
8.57971e-06
7.89119e-06
7.17426e-06
6.56473e-06
6.14225e-06
5.50752e-06
1.18025e-05
1.18025e-05
1.18025e-05
1.18025e-05
1.18025e-05
1.18025e-05
1.18025e-05
1.18025e-05
1.18025e-05
1.18025e-05
1.18025e-05
1.18025e-05
1.18025e-05
1.18024e-05
1.18023e-05
1.18019e-05
1.18002e-05
1.17941e-05
1.1772e-05
1.16944e-05
1.14404e-05
1.07051e-05
9.6355e-06
9.24254e-06
9.33614e-06
9.56069e-06
9.61706e-06
9.62139e-06
9.40182e-06
8.31154e-06
6.07461e-06
4.07856e-06
3.51173e-06
3.93371e-06
5.36955e-06
6.84318e-06
7.17708e-06
7.15161e-06
7.17516e-06
7.22998e-06
7.23905e-06
7.45652e-06
7.94749e-06
8.60941e-06
9.33542e-06
1.00478e-05
1.06428e-05
1.10244e-05
1.12272e-05
1.12678e-05
1.12486e-05
1.12135e-05
1.11504e-05
1.10274e-05
1.07402e-05
1.01651e-05
9.46964e-06
9.309e-06
9.29245e-06
9.05913e-06
8.02783e-06
6.33314e-06
5.14714e-06
4.94132e-06
5.08781e-06
5.52877e-06
5.49454e-06
5.05152e-06
4.11795e-06
3.32073e-06
3.09998e-06
3.1992e-06
3.72638e-06
4.72997e-06
5.79552e-06
7.78792e-06
9.45312e-06
9.90562e-06
1.00379e-05
1.02362e-05
1.05479e-05
1.09679e-05
1.13939e-05
1.15825e-05
1.15843e-05
1.15329e-05
1.14193e-05
1.12952e-05
1.11696e-05
1.10024e-05
1.07949e-05
1.05291e-05
1.01576e-05
9.67798e-06
9.02654e-06
8.14249e-06
7.23243e-06
6.48843e-06
6.01401e-06
5.39819e-06
1.18025e-05
1.18025e-05
1.18025e-05
1.18025e-05
1.18025e-05
1.18025e-05
1.18025e-05
1.18025e-05
1.18025e-05
1.18025e-05
1.18025e-05
1.18025e-05
1.18025e-05
1.18025e-05
1.18025e-05
1.18023e-05
1.18019e-05
1.18003e-05
1.17943e-05
1.17725e-05
1.16979e-05
1.14776e-05
1.10872e-05
1.08447e-05
1.08651e-05
1.0944e-05
1.09458e-05
1.08365e-05
1.02818e-05
8.76372e-06
6.09989e-06
4.0669e-06
3.72346e-06
4.82581e-06
6.78873e-06
7.32199e-06
7.1072e-06
6.87105e-06
6.74941e-06
6.73779e-06
6.87862e-06
7.23034e-06
7.83409e-06
8.63281e-06
9.43307e-06
1.00904e-05
1.06622e-05
1.11862e-05
1.151e-05
1.16199e-05
1.16319e-05
1.16221e-05
1.15967e-05
1.15442e-05
1.14177e-05
1.11255e-05
1.06799e-05
1.03724e-05
1.01952e-05
9.87025e-06
8.96246e-06
7.29056e-06
5.70077e-06
5.28221e-06
5.46945e-06
5.80906e-06
5.59764e-06
4.83631e-06
3.76747e-06
3.12301e-06
3.05609e-06
3.30064e-06
4.1222e-06
5.44658e-06
7.26763e-06
8.93746e-06
9.54667e-06
9.77394e-06
9.98325e-06
1.02022e-05
1.05083e-05
1.09072e-05
1.13228e-05
1.16049e-05
1.16576e-05
1.16436e-05
1.15964e-05
1.15151e-05
1.13748e-05
1.11576e-05
1.08765e-05
1.05849e-05
1.02748e-05
9.88341e-06
9.35141e-06
8.55849e-06
7.54735e-06
6.66438e-06
6.05984e-06
5.34768e-06
1.18025e-05
1.18025e-05
1.18025e-05
1.18025e-05
1.18025e-05
1.18025e-05
1.18025e-05
1.18025e-05
1.18025e-05
1.18025e-05
1.18025e-05
1.18025e-05
1.18025e-05
1.18025e-05
1.18025e-05
1.18025e-05
1.18024e-05
1.1802e-05
1.18006e-05
1.17955e-05
1.17793e-05
1.17421e-05
1.16899e-05
1.16468e-05
1.16233e-05
1.16037e-05
1.15573e-05
1.13786e-05
1.0741e-05
9.02233e-06
6.04903e-06
4.10118e-06
4.02102e-06
5.68441e-06
7.16643e-06
7.23745e-06
6.79966e-06
6.64226e-06
6.61376e-06
6.61638e-06
6.73973e-06
7.16538e-06
8.09576e-06
9.32736e-06
1.02977e-05
1.08631e-05
1.11628e-05
1.1373e-05
1.15792e-05
1.17188e-05
1.17501e-05
1.17486e-05
1.17403e-05
1.172e-05
1.16667e-05
1.15352e-05
1.13184e-05
1.10974e-05
1.08789e-05
1.05397e-05
9.81597e-06
8.38553e-06
6.59578e-06
5.91321e-06
6.06069e-06
6.15027e-06
5.74504e-06
4.67172e-06
3.57867e-06
3.04845e-06
3.1249e-06
3.68447e-06
4.92988e-06
6.79097e-06
8.55589e-06
9.30699e-06
9.69488e-06
1.03586e-05
1.06435e-05
1.07254e-05
1.08349e-05
1.10101e-05
1.13045e-05
1.1599e-05
1.17054e-05
1.17045e-05
1.16781e-05
1.15969e-05
1.1416e-05
1.11004e-05
1.06621e-05
1.02896e-05
1.00583e-05
9.7598e-06
9.32483e-06
8.74462e-06
8.00198e-06
7.14633e-06
6.22848e-06
5.5235e-06
1.18025e-05
1.18025e-05
1.18025e-05
1.18025e-05
1.18025e-05
1.18025e-05
1.18025e-05
1.18025e-05
1.18025e-05
1.18025e-05
1.18025e-05
1.18025e-05
1.18025e-05
1.18025e-05
1.18025e-05
1.18025e-05
1.18025e-05
1.18024e-05
1.18022e-05
1.18015e-05
1.17993e-05
1.17949e-05
1.17882e-05
1.17811e-05
1.17729e-05
1.17603e-05
1.173e-05
1.15834e-05
1.10676e-05
9.54709e-06
6.55693e-06
4.35129e-06
4.24532e-06
5.59092e-06
7.09667e-06
7.14434e-06
6.78839e-06
6.64866e-06
6.53642e-06
6.53878e-06
6.66329e-06
7.14807e-06
8.45145e-06
1.00179e-05
1.09391e-05
1.13332e-05
1.15179e-05
1.16263e-05
1.17041e-05
1.17616e-05
1.1785e-05
1.17861e-05
1.17838e-05
1.17763e-05
1.17533e-05
1.16933e-05
1.15888e-05
1.14521e-05
1.12617e-05
1.09422e-05
1.03049e-05
9.00739e-06
7.20062e-06
6.55917e-06
6.66453e-06
6.59149e-06
5.91614e-06
4.62357e-06
3.52233e-06
3.09455e-06
3.31229e-06
4.32164e-06
6.174e-06
8.11022e-06
9.03128e-06
9.49085e-06
1.04332e-05
1.10964e-05
1.12906e-05
1.12758e-05
1.12724e-05
1.13018e-05
1.14031e-05
1.15974e-05
1.17282e-05
1.17367e-05
1.17108e-05
1.16241e-05
1.14001e-05
1.10047e-05
1.05029e-05
1.00406e-05
9.73477e-06
9.44002e-06
9.0014e-06
8.4466e-06
7.81599e-06
6.92747e-06
6.2146e-06
6.40892e-06
1.18025e-05
1.18025e-05
1.18025e-05
1.18025e-05
1.18025e-05
1.18025e-05
1.18025e-05
1.18025e-05
1.18025e-05
1.18025e-05
1.18025e-05
1.18025e-05
1.18025e-05
1.18025e-05
1.18025e-05
1.18025e-05
1.18025e-05
1.18025e-05
1.18025e-05
1.18024e-05
1.18022e-05
1.18018e-05
1.1801e-05
1.17999e-05
1.17981e-05
1.17943e-05
1.17789e-05
1.1701e-05
1.14024e-05
1.04115e-05
8.00351e-06
5.13315e-06
4.53016e-06
5.20053e-06
6.67013e-06
6.9998e-06
6.88143e-06
6.75664e-06
6.54027e-06
6.53864e-06
6.75522e-06
7.64936e-06
9.39855e-06
1.08619e-05
1.14318e-05
1.16113e-05
1.16871e-05
1.17312e-05
1.1762e-05
1.17845e-05
1.1796e-05
1.17975e-05
1.17968e-05
1.17939e-05
1.17842e-05
1.17568e-05
1.16993e-05
1.15817e-05
1.13801e-05
1.10433e-05
1.03598e-05
8.98047e-06
7.39351e-06
7.1766e-06
7.31957e-06
7.11305e-06
6.27399e-06
4.95748e-06
3.72963e-06
3.25583e-06
3.69723e-06
5.32895e-06
7.40361e-06
8.4952e-06
9.01775e-06
1.01234e-05
1.09954e-05
1.13746e-05
1.15109e-05
1.15416e-05
1.15249e-05
1.15234e-05
1.15571e-05
1.16578e-05
1.17509e-05
1.17584e-05
1.17345e-05
1.16465e-05
1.14159e-05
1.10202e-05
1.05483e-05
1.00397e-05
9.57231e-06
8.99327e-06
8.05832e-06
7.2275e-06
6.75681e-06
6.4702e-06
6.61512e-06
7.52082e-06
1.18025e-05
1.18025e-05
1.18025e-05
1.18025e-05
1.18025e-05
1.18025e-05
1.18025e-05
1.18025e-05
1.18025e-05
1.18025e-05
1.18025e-05
1.18025e-05
1.18025e-05
1.18025e-05
1.18025e-05
1.18025e-05
1.18025e-05
1.18025e-05
1.18025e-05
1.18025e-05
1.18025e-05
1.18024e-05
1.18024e-05
1.18022e-05
1.18019e-05
1.18012e-05
1.17965e-05
1.17717e-05
1.16715e-05
1.12978e-05
1.01278e-05
7.50862e-06
5.34004e-06
5.32743e-06
5.87175e-06
6.51593e-06
6.69601e-06
6.59893e-06
6.53362e-06
6.6878e-06
7.28153e-06
8.87484e-06
1.06389e-05
1.14502e-05
1.16767e-05
1.17396e-05
1.17652e-05
1.178e-05
1.17899e-05
1.17967e-05
1.18004e-05
1.1801e-05
1.18007e-05
1.17994e-05
1.17949e-05
1.17805e-05
1.17364e-05
1.16062e-05
1.12727e-05
1.06957e-05
9.82131e-06
8.42555e-06
7.46315e-06
7.68754e-06
8.2092e-06
8.00062e-06
7.17097e-06
5.90099e-06
4.29526e-06
3.43719e-06
3.9062e-06
5.67731e-06
7.47427e-06
8.36321e-06
9.45776e-06
1.0554e-05
1.11406e-05
1.14303e-05
1.15714e-05
1.16362e-05
1.16516e-05
1.16521e-05
1.16696e-05
1.17243e-05
1.17745e-05
1.17779e-05
1.17637e-05
1.17081e-05
1.15707e-05
1.13319e-05
1.10213e-05
1.04965e-05
9.72814e-06
8.79009e-06
7.3622e-06
6.24981e-06
6.26362e-06
6.79641e-06
7.58441e-06
7.79685e-06
1.18025e-05
1.18025e-05
1.18025e-05
1.18025e-05
1.18025e-05
1.18025e-05
1.18025e-05
1.18025e-05
1.18025e-05
1.18025e-05
1.18025e-05
1.18025e-05
1.18025e-05
1.18025e-05
1.18025e-05
1.18025e-05
1.18025e-05
1.18025e-05
1.18025e-05
1.18025e-05
1.18025e-05
1.18025e-05
1.18025e-05
1.18025e-05
1.18024e-05
1.18023e-05
1.18016e-05
1.17973e-05
1.17769e-05
1.16865e-05
1.13644e-05
1.03708e-05
8.34888e-06
6.60305e-06
6.20453e-06
6.33089e-06
6.44869e-06
6.55661e-06
6.81764e-06
7.38597e-06
8.94961e-06
1.06944e-05
1.14655e-05
1.16989e-05
1.17659e-05
1.17853e-05
1.17927e-05
1.17966e-05
1.17992e-05
1.18009e-05
1.18019e-05
1.18021e-05
1.1802e-05
1.1801e-05
1.17976e-05
1.17851e-05
1.17411e-05
1.15929e-05
1.11345e-05
1.0117e-05
8.75663e-06
7.67783e-06
7.58517e-06
8.23627e-06
9.50584e-06
9.56225e-06
9.0784e-06
7.90764e-06
5.92215e-06
3.95896e-06
3.89057e-06
5.1071e-06
6.97439e-06
8.27926e-06
9.8092e-06
1.05441e-05
1.08385e-05
1.12357e-05
1.15418e-05
1.16607e-05
1.17086e-05
1.17246e-05
1.17408e-05
1.17706e-05
1.17912e-05
1.17917e-05
1.17846e-05
1.17585e-05
1.16955e-05
1.15687e-05
1.13573e-05
1.0966e-05
1.00055e-05
8.31339e-06
6.49077e-06
6.07388e-06
6.43345e-06
7.74949e-06
8.07477e-06
7.81532e-06
1.18025e-05
1.18025e-05
1.18025e-05
1.18025e-05
1.18025e-05
1.18025e-05
1.18025e-05
1.18025e-05
1.18025e-05
1.18025e-05
1.18025e-05
1.18025e-05
1.18025e-05
1.18025e-05
1.18025e-05
1.18025e-05
1.18025e-05
1.18025e-05
1.18025e-05
1.18025e-05
1.18025e-05
1.18025e-05
1.18025e-05
1.18025e-05
1.18025e-05
1.18025e-05
1.18024e-05
1.1802e-05
1.17997e-05
1.17882e-05
1.1742e-05
1.15781e-05
1.1108e-05
1.01612e-05
8.76334e-06
7.63408e-06
7.72878e-06
8.28357e-06
9.60507e-06
1.09257e-05
1.14082e-05
1.15982e-05
1.1721e-05
1.17783e-05
1.17947e-05
1.17994e-05
1.1801e-05
1.18017e-05
1.1802e-05
1.18022e-05
1.18024e-05
1.18024e-05
1.18023e-05
1.18018e-05
1.17997e-05
1.17914e-05
1.17603e-05
1.16485e-05
1.1282e-05
1.02582e-05
8.7148e-06
7.82452e-06
7.93469e-06
8.90104e-06
1.04942e-05
1.08573e-05
1.06813e-05
9.97594e-06
8.30283e-06
5.5595e-06
4.10629e-06
4.37252e-06
5.49463e-06
7.15312e-06
8.77213e-06
8.80859e-06
9.41366e-06
1.05237e-05
1.12428e-05
1.16044e-05
1.17243e-05
1.17625e-05
1.17789e-05
1.17927e-05
1.17987e-05
1.17979e-05
1.17933e-05
1.17779e-05
1.17356e-05
1.16347e-05
1.14291e-05
1.11457e-05
1.04508e-05
8.69468e-06
6.70602e-06
6.33637e-06
6.7042e-06
7.79987e-06
8.18703e-06
7.88877e-06
1.18025e-05
1.18025e-05
1.18025e-05
1.18025e-05
1.18025e-05
1.18025e-05
1.18025e-05
1.18025e-05
1.18025e-05
1.18025e-05
1.18025e-05
1.18025e-05
1.18025e-05
1.18025e-05
1.18025e-05
1.18025e-05
1.18025e-05
1.18025e-05
1.18025e-05
1.18025e-05
1.18025e-05
1.18025e-05
1.18025e-05
1.18025e-05
1.18025e-05
1.18025e-05
1.18025e-05
1.18025e-05
1.18023e-05
1.18014e-05
1.17978e-05
1.17841e-05
1.17441e-05
1.16537e-05
1.13576e-05
1.09757e-05
1.11708e-05
1.14586e-05
1.16464e-05
1.17344e-05
1.1774e-05
1.1791e-05
1.1798e-05
1.18008e-05
1.18018e-05
1.18022e-05
1.18024e-05
1.18024e-05
1.18025e-05
1.18025e-05
1.18025e-05
1.18025e-05
1.18025e-05
1.18023e-05
1.18017e-05
1.17986e-05
1.17852e-05
1.17312e-05
1.15282e-05
1.08519e-05
9.39651e-06
8.85047e-06
9.2026e-06
1.02586e-05
1.12758e-05
1.14235e-05
1.13282e-05
1.08818e-05
9.7388e-06
7.58381e-06
5.13032e-06
4.2658e-06
4.39615e-06
4.84609e-06
5.63672e-06
6.25725e-06
7.55258e-06
9.71845e-06
1.08002e-05
1.13731e-05
1.16918e-05
1.1775e-05
1.17941e-05
1.17999e-05
1.18011e-05
1.17998e-05
1.17947e-05
1.17782e-05
1.17294e-05
1.15957e-05
1.119e-05
1.08545e-05
1.04965e-05
9.44147e-06
7.69725e-06
7.65328e-06
7.92826e-06
8.46033e-06
8.48463e-06
7.99238e-06
1.18025e-05
1.18025e-05
1.18025e-05
1.18025e-05
1.18025e-05
1.18025e-05
1.18025e-05
1.18025e-05
1.18025e-05
1.18025e-05
1.18025e-05
1.18025e-05
1.18025e-05
1.18025e-05
1.18025e-05
1.18025e-05
1.18025e-05
1.18025e-05
1.18025e-05
1.18025e-05
1.18025e-05
1.18025e-05
1.18025e-05
1.18025e-05
1.18025e-05
1.18025e-05
1.18025e-05
1.18025e-05
1.18025e-05
1.18024e-05
1.18023e-05
1.18015e-05
1.17995e-05
1.17951e-05
1.17802e-05
1.17683e-05
1.1782e-05
1.1793e-05
1.17985e-05
1.18009e-05
1.18018e-05
1.18022e-05
1.18024e-05
1.18024e-05
1.18025e-05
1.18025e-05
1.18025e-05
1.18025e-05
1.18025e-05
1.18025e-05
1.18025e-05
1.18025e-05
1.18025e-05
1.18025e-05
1.18024e-05
1.18019e-05
1.17991e-05
1.17867e-05
1.17374e-05
1.15565e-05
1.112e-05
1.11084e-05
1.13216e-05
1.15273e-05
1.16693e-05
1.16852e-05
1.16272e-05
1.13957e-05
1.08177e-05
9.61833e-06
7.47701e-06
5.30142e-06
4.47539e-06
4.41366e-06
4.50085e-06
4.79928e-06
6.24957e-06
9.18722e-06
1.04553e-05
1.10871e-05
1.1593e-05
1.17731e-05
1.17979e-05
1.18017e-05
1.18019e-05
1.18003e-05
1.17914e-05
1.17609e-05
1.16688e-05
1.14413e-05
1.07725e-05
1.01283e-05
1.00684e-05
9.72326e-06
9.1347e-06
9.17159e-06
9.13908e-06
9.03701e-06
8.72241e-06
7.87213e-06
1.18025e-05
1.18025e-05
1.18025e-05
1.18025e-05
1.18025e-05
1.18025e-05
1.18025e-05
1.18025e-05
1.18025e-05
1.18025e-05
1.18025e-05
1.18025e-05
1.18025e-05
1.18025e-05
1.18025e-05
1.18025e-05
1.18025e-05
1.18025e-05
1.18025e-05
1.18025e-05
1.18025e-05
1.18025e-05
1.18025e-05
1.18025e-05
1.18025e-05
1.18025e-05
1.18025e-05
1.18025e-05
1.18025e-05
1.18025e-05
1.18025e-05
1.18025e-05
1.18024e-05
1.18023e-05
1.18019e-05
1.18017e-05
1.18021e-05
1.18023e-05
1.18024e-05
1.18025e-05
1.18025e-05
1.18025e-05
1.18025e-05
1.18025e-05
1.18025e-05
1.18025e-05
1.18025e-05
1.18025e-05
1.18025e-05
1.18025e-05
1.18025e-05
1.18025e-05
1.18025e-05
1.18025e-05
1.18025e-05
1.18025e-05
1.18023e-05
1.18016e-05
1.1798e-05
1.17858e-05
1.1768e-05
1.17695e-05
1.17809e-05
1.17889e-05
1.17912e-05
1.17833e-05
1.17616e-05
1.16961e-05
1.15234e-05
1.10972e-05
1.00719e-05
7.82084e-06
5.55397e-06
4.90461e-06
4.99746e-06
5.4079e-06
6.99999e-06
9.34058e-06
1.0324e-05
1.08663e-05
1.14715e-05
1.1763e-05
1.1799e-05
1.18022e-05
1.18022e-05
1.18002e-05
1.17854e-05
1.17328e-05
1.15691e-05
1.1177e-05
1.03436e-05
9.43617e-06
9.59881e-06
9.69008e-06
9.62829e-06
9.00244e-06
8.53642e-06
8.37924e-06
8.4313e-06
7.67188e-06
1.18025e-05
1.18025e-05
1.18025e-05
1.18025e-05
1.18025e-05
1.18025e-05
1.18025e-05
1.18025e-05
1.18025e-05
1.18025e-05
1.18025e-05
1.18025e-05
1.18025e-05
1.18025e-05
1.18025e-05
1.18025e-05
1.18025e-05
1.18025e-05
1.18025e-05
1.18025e-05
1.18025e-05
1.18025e-05
1.18025e-05
1.18025e-05
1.18025e-05
1.18025e-05
1.18025e-05
1.18025e-05
1.18025e-05
1.18025e-05
1.18025e-05
1.18025e-05
1.18025e-05
1.18025e-05
1.18025e-05
1.18025e-05
1.18025e-05
1.18025e-05
1.18025e-05
1.18025e-05
1.18025e-05
1.18025e-05
1.18025e-05
1.18025e-05
1.18025e-05
1.18025e-05
1.18025e-05
1.18025e-05
1.18025e-05
1.18025e-05
1.18025e-05
1.18025e-05
1.18025e-05
1.18025e-05
1.18025e-05
1.18025e-05
1.18025e-05
1.18025e-05
1.18024e-05
1.18021e-05
1.18017e-05
1.18018e-05
1.1802e-05
1.18021e-05
1.18019e-05
1.18008e-05
1.17965e-05
1.17807e-05
1.17389e-05
1.16233e-05
1.12941e-05
1.03165e-05
8.33666e-06
7.98288e-06
8.34092e-06
8.95536e-06
9.65166e-06
1.01515e-05
1.03872e-05
1.07661e-05
1.14015e-05
1.17541e-05
1.17988e-05
1.18023e-05
1.18023e-05
1.17999e-05
1.17817e-05
1.17119e-05
1.14432e-05
1.06657e-05
1.01969e-05
9.24527e-06
9.0901e-06
9.12771e-06
8.79522e-06
7.28779e-06
6.40464e-06
6.61876e-06
7.61148e-06
7.12067e-06
1.18025e-05
1.18025e-05
1.18025e-05
1.18025e-05
1.18025e-05
1.18025e-05
1.18025e-05
1.18025e-05
1.18025e-05
1.18025e-05
1.18025e-05
1.18025e-05
1.18025e-05
1.18025e-05
1.18025e-05
1.18025e-05
1.18025e-05
1.18025e-05
1.18025e-05
1.18025e-05
1.18025e-05
1.18025e-05
1.18025e-05
1.18025e-05
1.18025e-05
1.18025e-05
1.18025e-05
1.18025e-05
1.18025e-05
1.18025e-05
1.18025e-05
1.18025e-05
1.18025e-05
1.18025e-05
1.18025e-05
1.18025e-05
1.18025e-05
1.18025e-05
1.18025e-05
1.18025e-05
1.18025e-05
1.18025e-05
1.18025e-05
1.18025e-05
1.18025e-05
1.18025e-05
1.18025e-05
1.18025e-05
1.18025e-05
1.18025e-05
1.18025e-05
1.18025e-05
1.18025e-05
1.18025e-05
1.18025e-05
1.18025e-05
1.18025e-05
1.18025e-05
1.18025e-05
1.18025e-05
1.18025e-05
1.18025e-05
1.18025e-05
1.18025e-05
1.18024e-05
1.18023e-05
1.18018e-05
1.17997e-05
1.17931e-05
1.17747e-05
1.17267e-05
1.16111e-05
1.142e-05
1.13602e-05
1.12662e-05
1.10826e-05
1.0845e-05
1.06274e-05
1.06716e-05
1.09498e-05
1.14741e-05
1.17677e-05
1.18006e-05
1.18024e-05
1.18023e-05
1.17996e-05
1.17769e-05
1.1684e-05
1.10568e-05
9.35347e-06
8.37476e-06
7.89063e-06
7.59019e-06
7.34756e-06
7.22697e-06
7.10703e-06
5.28708e-06
4.89297e-06
6.3582e-06
6.47674e-06
1.18025e-05
1.18025e-05
1.18025e-05
1.18025e-05
1.18025e-05
1.18025e-05
1.18025e-05
1.18025e-05
1.18025e-05
1.18025e-05
1.18025e-05
1.18025e-05
1.18025e-05
1.18025e-05
1.18025e-05
1.18025e-05
1.18025e-05
1.18025e-05
1.18025e-05
1.18025e-05
1.18025e-05
1.18025e-05
1.18025e-05
1.18025e-05
1.18025e-05
1.18025e-05
1.18025e-05
1.18025e-05
1.18025e-05
1.18025e-05
1.18025e-05
1.18025e-05
1.18025e-05
1.18025e-05
1.18025e-05
1.18025e-05
1.18025e-05
1.18025e-05
1.18025e-05
1.18025e-05
1.18025e-05
1.18025e-05
1.18025e-05
1.18025e-05
1.18025e-05
1.18025e-05
1.18025e-05
1.18025e-05
1.18025e-05
1.18025e-05
1.18025e-05
1.18025e-05
1.18025e-05
1.18025e-05
1.18025e-05
1.18025e-05
1.18025e-05
1.18025e-05
1.18025e-05
1.18025e-05
1.18025e-05
1.18025e-05
1.18025e-05
1.18025e-05
1.18024e-05
1.18021e-05
1.18011e-05
1.17977e-05
1.17869e-05
1.17565e-05
1.16895e-05
1.1584e-05
1.14602e-05
1.12898e-05
1.10032e-05
1.07562e-05
1.0787e-05
1.09088e-05
1.12118e-05
1.15774e-05
1.17597e-05
1.17978e-05
1.18022e-05
1.18025e-05
1.18025e-05
1.18008e-05
1.17872e-05
1.17671e-05
1.17533e-05
1.1547e-05
1.06663e-05
9.67701e-06
9.2096e-06
9.48977e-06
1.07692e-05
1.06438e-05
6.98044e-06
4.97537e-06
5.30958e-06
5.64207e-06
1.18025e-05
1.18025e-05
1.18025e-05
1.18025e-05
1.18025e-05
1.18025e-05
1.18025e-05
1.18025e-05
1.18025e-05
1.18025e-05
1.18025e-05
1.18025e-05
1.18025e-05
1.18025e-05
1.18025e-05
1.18025e-05
1.18025e-05
1.18025e-05
1.18025e-05
1.18025e-05
1.18025e-05
1.18025e-05
1.18025e-05
1.18025e-05
1.18025e-05
1.18025e-05
1.18025e-05
1.18025e-05
1.18025e-05
1.18025e-05
1.18025e-05
1.18025e-05
1.18025e-05
1.18025e-05
1.18025e-05
1.18025e-05
1.18025e-05
1.18025e-05
1.18025e-05
1.18025e-05
1.18025e-05
1.18025e-05
1.18025e-05
1.18025e-05
1.18025e-05
1.18025e-05
1.18025e-05
1.18025e-05
1.18025e-05
1.18025e-05
1.18025e-05
1.18025e-05
1.18025e-05
1.18025e-05
1.18025e-05
1.18025e-05
1.18025e-05
1.18025e-05
1.18025e-05
1.18025e-05
1.18025e-05
1.18025e-05
1.18025e-05
1.18025e-05
1.18025e-05
1.18023e-05
1.18019e-05
1.18002e-05
1.17942e-05
1.17733e-05
1.17042e-05
1.15026e-05
1.12083e-05
1.10423e-05
1.10396e-05
1.1145e-05
1.14387e-05
1.16821e-05
1.17478e-05
1.17796e-05
1.17966e-05
1.1802e-05
1.18025e-05
1.18025e-05
1.18023e-05
1.1794e-05
1.17477e-05
1.16964e-05
1.16646e-05
1.16398e-05
1.16188e-05
1.15953e-05
1.15556e-05
1.14909e-05
1.03726e-05
8.0611e-06
6.4498e-06
5.80136e-06
5.68409e-06
6.90288e-06
)
;

boundaryField
{
    AXIS
    {
        type            empty;
    }
    OUTLET
    {
        type            calculated;
        value           nonuniform List<scalar> 
50
(
8.3315e-06
7.16884e-06
6.36117e-06
5.62257e-06
4.84491e-06
4.13301e-06
3.64015e-06
3.41461e-06
3.37606e-06
3.36763e-06
3.30724e-06
3.26453e-06
3.26593e-06
3.2855e-06
3.2967e-06
3.2767e-06
3.21723e-06
3.13335e-06
3.02647e-06
2.89697e-06
2.73983e-06
2.55088e-06
2.33202e-06
2.1319e-06
1.96337e-06
1.76416e-06
1.60185e-06
1.64382e-06
2.14958e-06
3.13727e-06
3.8599e-06
4.21934e-06
4.77944e-06
5.37871e-06
5.50752e-06
5.39819e-06
5.34768e-06
5.5235e-06
6.40892e-06
7.52082e-06
7.79685e-06
7.81532e-06
7.88877e-06
7.99238e-06
1.18025e-05
1.18025e-05
1.18025e-05
1.18025e-05
1.18025e-05
1.18025e-05
)
;
    }
    COFLOW
    {
        type            calculated;
        value           nonuniform List<scalar> 
30
(
1.18025e-05
1.18025e-05
1.18025e-05
1.18025e-05
1.18025e-05
1.18025e-05
1.18025e-05
1.18025e-05
1.18025e-05
1.18025e-05
1.18025e-05
1.18025e-05
1.18025e-05
1.18025e-05
1.18025e-05
1.18025e-05
1.18025e-05
1.18025e-05
1.18025e-05
1.18025e-05
1.18025e-05
1.18025e-05
1.18025e-05
1.18025e-05
1.18025e-05
1.18025e-05
1.18025e-05
1.18025e-05
1.18025e-05
1.18025e-05
)
;
    }
    PILOT
    {
        type            calculated;
        value           nonuniform List<scalar> 10(1.88288e-06 1.59255e-06 1.56832e-06 1.56801e-06 1.56801e-06 1.56801e-06 1.56801e-06 1.56801e-06 1.56846e-06 1.60202e-06);
    }
    FUEL
    {
        type            calculated;
        value           nonuniform List<scalar> 10(1.04958e-05 1.04958e-05 1.04958e-05 1.04958e-05 1.04958e-05 1.04958e-05 1.04958e-05 1.04958e-05 1.04958e-05 1.04958e-05);
    }
    WALL
    {
        type            calculated;
        value           nonuniform List<scalar> 
100
(
1.18025e-05
1.18025e-05
1.18025e-05
1.18025e-05
1.18025e-05
1.18025e-05
1.18025e-05
1.18025e-05
1.18025e-05
1.18025e-05
1.18025e-05
1.18025e-05
1.18025e-05
1.18025e-05
1.18025e-05
1.18025e-05
1.18025e-05
1.18025e-05
1.18025e-05
1.18025e-05
1.18025e-05
1.18025e-05
1.18025e-05
1.18025e-05
1.18025e-05
1.18025e-05
1.18025e-05
1.18025e-05
1.18025e-05
1.18025e-05
1.18025e-05
1.18025e-05
1.18025e-05
1.18025e-05
1.18025e-05
1.18025e-05
1.18025e-05
1.18025e-05
1.18025e-05
1.18025e-05
1.18025e-05
1.18025e-05
1.18025e-05
1.18025e-05
1.18025e-05
1.18025e-05
1.18025e-05
1.18025e-05
1.18025e-05
1.18025e-05
1.18025e-05
1.18025e-05
1.18025e-05
1.18025e-05
1.18025e-05
1.18025e-05
1.18025e-05
1.18025e-05
1.18025e-05
1.18025e-05
1.18025e-05
1.18025e-05
1.18025e-05
1.18025e-05
1.18025e-05
1.18023e-05
1.18019e-05
1.18002e-05
1.17942e-05
1.17733e-05
1.17042e-05
1.15026e-05
1.12083e-05
1.10423e-05
1.10396e-05
1.1145e-05
1.14387e-05
1.16821e-05
1.17478e-05
1.17796e-05
1.17966e-05
1.1802e-05
1.18025e-05
1.18025e-05
1.18023e-05
1.1794e-05
1.17477e-05
1.16964e-05
1.16646e-05
1.16398e-05
1.16188e-05
1.15953e-05
1.15556e-05
1.14909e-05
1.03726e-05
8.0611e-06
6.4498e-06
5.80136e-06
5.68409e-06
6.90288e-06
)
;
    }
    front
    {
        type            wedge;
    }
    back
    {
        type            wedge;
    }
}


// ************************************************************************* //
