/*--------------------------------*- C++ -*----------------------------------*\
| =========                 |                                                 |
| \\      /  F ield         | OpenFOAM: The Open Source CFD Toolbox           |
|  \\    /   O peration     | Version:  2.3.0                                 |
|   \\  /    A nd           | Web:      www.OpenFOAM.org                      |
|    \\/     M anipulation  |                                                 |
\*---------------------------------------------------------------------------*/
FoamFile
{
    version     2.0;
    format      ascii;
    class       volScalarField;
    location    "0.04";
    object      thermo:alpha;
}
// * * * * * * * * * * * * * * * * * * * * * * * * * * * * * * * * * * * * * //

dimensions      [1 -1 -1 0 0 0 0];

internalField   nonuniform List<scalar> 
5000
(
2.61542e-05
2.61542e-05
2.61542e-05
2.61542e-05
2.61542e-05
2.61542e-05
2.61542e-05
2.61542e-05
2.61542e-05
2.61542e-05
2.61542e-05
2.61542e-05
2.61542e-05
2.61542e-05
2.61542e-05
2.61542e-05
2.61542e-05
2.61542e-05
2.61542e-05
2.61542e-05
2.61542e-05
2.61542e-05
2.61542e-05
2.61542e-05
2.61542e-05
2.61542e-05
2.61542e-05
2.61542e-05
2.61542e-05
2.61542e-05
2.61542e-05
2.61542e-05
2.61542e-05
2.61542e-05
2.61542e-05
2.61542e-05
2.61542e-05
2.61542e-05
2.61542e-05
2.61543e-05
2.61546e-05
2.61553e-05
2.61568e-05
2.616e-05
2.61654e-05
2.61728e-05
2.61805e-05
2.6184e-05
2.61791e-05
2.61715e-05
2.61655e-05
2.61612e-05
2.61584e-05
2.6157e-05
2.61568e-05
2.61578e-05
2.61602e-05
2.61636e-05
2.61663e-05
2.61663e-05
2.61645e-05
2.61624e-05
2.61605e-05
2.61592e-05
2.6159e-05
2.61605e-05
2.61641e-05
2.61705e-05
2.61807e-05
2.61954e-05
2.62159e-05
2.62369e-05
2.62426e-05
2.62264e-05
2.62077e-05
2.61951e-05
2.61895e-05
2.61912e-05
2.6199e-05
2.62111e-05
2.62268e-05
2.62457e-05
2.62639e-05
2.62742e-05
2.62748e-05
2.62734e-05
2.62781e-05
2.62927e-05
2.63241e-05
2.64336e-05
2.66423e-05
2.69107e-05
2.72323e-05
2.76309e-05
2.81087e-05
2.86558e-05
2.92485e-05
2.98635e-05
3.05325e-05
3.14801e-05
2.61542e-05
2.61542e-05
2.61542e-05
2.61542e-05
2.61542e-05
2.61542e-05
2.61542e-05
2.61542e-05
2.61542e-05
2.61542e-05
2.61542e-05
2.61542e-05
2.61542e-05
2.61542e-05
2.61542e-05
2.61542e-05
2.61542e-05
2.61542e-05
2.61542e-05
2.61542e-05
2.61542e-05
2.61542e-05
2.61542e-05
2.61542e-05
2.61542e-05
2.61542e-05
2.61542e-05
2.61542e-05
2.61542e-05
2.61542e-05
2.61542e-05
2.61542e-05
2.61542e-05
2.61542e-05
2.61542e-05
2.61542e-05
2.61542e-05
2.61543e-05
2.61545e-05
2.61554e-05
2.61584e-05
2.61678e-05
2.61912e-05
2.62432e-05
2.63519e-05
2.65474e-05
2.68206e-05
2.70883e-05
2.70104e-05
2.6735e-05
2.6511e-05
2.63647e-05
2.62746e-05
2.62251e-05
2.62031e-05
2.621e-05
2.62548e-05
2.63538e-05
2.64646e-05
2.64721e-05
2.64075e-05
2.63403e-05
2.62842e-05
2.62465e-05
2.62278e-05
2.62389e-05
2.62829e-05
2.63727e-05
2.65329e-05
2.68086e-05
2.72708e-05
2.79422e-05
2.85449e-05
2.81895e-05
2.74967e-05
2.6994e-05
2.66775e-05
2.65145e-05
2.64712e-05
2.65234e-05
2.66601e-05
2.68932e-05
2.71802e-05
2.72941e-05
2.71788e-05
2.69843e-05
2.68149e-05
2.66652e-05
2.65892e-05
2.66997e-05
2.70836e-05
2.77175e-05
2.8491e-05
2.9317e-05
3.0193e-05
3.11097e-05
3.20442e-05
3.29566e-05
3.38869e-05
3.53639e-05
2.61542e-05
2.61542e-05
2.61542e-05
2.61542e-05
2.61542e-05
2.61542e-05
2.61542e-05
2.61542e-05
2.61542e-05
2.61542e-05
2.61542e-05
2.61542e-05
2.61542e-05
2.61542e-05
2.61542e-05
2.61542e-05
2.61542e-05
2.61542e-05
2.61542e-05
2.61542e-05
2.61542e-05
2.61542e-05
2.61544e-05
2.61545e-05
2.61543e-05
2.61542e-05
2.61542e-05
2.61542e-05
2.61542e-05
2.61542e-05
2.61542e-05
2.61542e-05
2.61544e-05
2.61546e-05
2.61545e-05
2.61544e-05
2.61544e-05
2.61547e-05
2.61556e-05
2.61582e-05
2.61679e-05
2.61993e-05
2.62824e-05
2.64712e-05
2.68948e-05
2.78073e-05
2.95144e-05
3.22736e-05
3.43483e-05
3.38894e-05
3.15095e-05
2.91852e-05
2.79146e-05
2.69267e-05
2.63705e-05
2.63571e-05
2.65205e-05
2.70644e-05
2.81971e-05
2.9163e-05
2.91192e-05
2.8604e-05
2.76937e-05
2.69581e-05
2.65585e-05
2.65531e-05
2.67231e-05
2.71836e-05
2.79895e-05
2.92627e-05
3.15099e-05
3.5332e-05
4.04793e-05
4.26798e-05
4.13934e-05
3.63563e-05
3.1071e-05
2.82553e-05
2.73684e-05
2.74514e-05
2.79137e-05
2.88151e-05
3.00529e-05
3.11505e-05
3.11791e-05
3.07503e-05
2.96328e-05
2.79978e-05
2.71284e-05
2.71863e-05
2.76932e-05
2.86546e-05
2.98065e-05
3.10062e-05
3.21866e-05
3.33573e-05
3.45055e-05
3.55985e-05
3.66912e-05
3.86664e-05
2.61542e-05
2.61542e-05
2.61542e-05
2.61542e-05
2.61542e-05
2.61542e-05
2.61542e-05
2.61542e-05
2.61542e-05
2.61542e-05
2.61542e-05
2.61542e-05
2.61542e-05
2.61542e-05
2.61542e-05
2.61542e-05
2.61542e-05
2.61542e-05
2.61542e-05
2.61543e-05
2.61547e-05
2.61566e-05
2.61615e-05
2.61648e-05
2.616e-05
2.61567e-05
2.61552e-05
2.61546e-05
2.61543e-05
2.61544e-05
2.61549e-05
2.61567e-05
2.61613e-05
2.61669e-05
2.61646e-05
2.616e-05
2.61576e-05
2.61571e-05
2.61594e-05
2.61673e-05
2.61939e-05
2.6282e-05
2.65236e-05
2.70679e-05
2.8126e-05
2.98452e-05
3.24505e-05
3.61277e-05
4.08063e-05
4.46451e-05
4.45701e-05
4.17605e-05
3.47303e-05
2.85138e-05
2.67337e-05
2.66668e-05
2.69373e-05
2.78001e-05
2.94299e-05
3.17777e-05
3.3246e-05
3.30934e-05
3.18228e-05
2.9329e-05
2.7466e-05
2.73628e-05
2.78847e-05
2.93317e-05
3.16474e-05
3.46074e-05
3.82036e-05
4.26931e-05
4.81639e-05
5.40421e-05
5.59369e-05
5.38512e-05
4.57749e-05
3.39039e-05
2.89905e-05
2.87659e-05
2.92301e-05
3.0445e-05
3.22124e-05
3.44021e-05
3.55258e-05
3.53125e-05
3.42451e-05
3.14061e-05
2.84394e-05
2.80043e-05
2.84324e-05
2.9507e-05
3.09462e-05
3.24751e-05
3.40198e-05
3.55703e-05
3.70878e-05
3.84875e-05
3.98119e-05
4.22639e-05
2.61542e-05
2.61542e-05
2.61542e-05
2.61542e-05
2.61542e-05
2.61542e-05
2.61542e-05
2.61542e-05
2.61542e-05
2.61542e-05
2.61542e-05
2.61542e-05
2.61542e-05
2.61542e-05
2.61542e-05
2.61542e-05
2.61542e-05
2.61543e-05
2.61546e-05
2.61566e-05
2.61659e-05
2.62042e-05
2.63116e-05
2.64172e-05
2.63133e-05
2.62237e-05
2.61827e-05
2.61655e-05
2.61591e-05
2.61593e-05
2.61687e-05
2.62014e-05
2.62928e-05
2.64281e-05
2.63881e-05
2.62894e-05
2.62278e-05
2.6194e-05
2.6183e-05
2.61999e-05
2.62653e-05
2.64981e-05
2.70963e-05
2.82725e-05
3.00618e-05
3.24613e-05
3.54495e-05
3.9095e-05
4.3452e-05
4.87515e-05
5.28996e-05
5.23132e-05
4.6462e-05
3.41682e-05
2.78491e-05
2.72879e-05
2.76025e-05
2.86344e-05
3.04349e-05
3.30167e-05
3.59809e-05
3.69032e-05
3.61937e-05
3.32907e-05
2.96787e-05
2.92539e-05
3.02354e-05
3.28623e-05
3.64814e-05
4.03068e-05
4.42317e-05
4.85608e-05
5.35735e-05
5.91725e-05
6.39217e-05
6.3888e-05
6.01485e-05
4.78611e-05
3.36226e-05
3.02799e-05
3.04633e-05
3.15275e-05
3.34563e-05
3.60905e-05
3.88738e-05
3.94092e-05
3.88165e-05
3.59981e-05
3.0943e-05
2.90577e-05
2.93496e-05
3.04534e-05
3.2153e-05
3.4079e-05
3.6057e-05
3.80938e-05
4.01407e-05
4.20425e-05
4.38004e-05
4.68976e-05
2.61542e-05
2.61542e-05
2.61542e-05
2.61542e-05
2.61542e-05
2.61542e-05
2.61542e-05
2.61542e-05
2.61542e-05
2.61542e-05
2.61542e-05
2.61542e-05
2.61542e-05
2.61543e-05
2.61543e-05
2.61543e-05
2.61546e-05
2.61559e-05
2.61619e-05
2.61885e-05
2.62926e-05
2.66886e-05
2.80143e-05
3.06551e-05
2.93167e-05
2.76494e-05
2.6789e-05
2.64099e-05
2.62614e-05
2.62153e-05
2.62429e-05
2.63893e-05
2.70153e-05
2.90403e-05
2.93722e-05
2.82693e-05
2.73358e-05
2.67757e-05
2.64435e-05
2.63371e-05
2.64633e-05
2.70252e-05
2.83055e-05
3.03419e-05
3.30159e-05
3.60487e-05
3.93385e-05
4.30696e-05
4.72939e-05
5.21761e-05
5.80697e-05
5.98794e-05
5.69587e-05
4.57016e-05
3.1893e-05
2.85646e-05
2.87559e-05
2.98668e-05
3.20109e-05
3.49168e-05
3.83826e-05
4.05517e-05
4.02048e-05
3.74622e-05
3.26894e-05
3.1731e-05
3.29161e-05
3.61356e-05
4.04479e-05
4.48512e-05
4.92948e-05
5.41916e-05
5.98701e-05
6.53118e-05
6.93308e-05
6.96632e-05
6.82929e-05
6.11706e-05
4.53291e-05
3.32942e-05
3.20992e-05
3.27557e-05
3.46125e-05
3.7471e-05
4.10744e-05
4.35799e-05
4.34572e-05
4.11839e-05
3.47605e-05
3.04624e-05
3.04839e-05
3.14892e-05
3.33848e-05
3.57208e-05
3.8246e-05
4.09384e-05
4.36968e-05
4.62935e-05
4.86099e-05
5.21945e-05
2.61542e-05
2.61542e-05
2.61542e-05
2.61542e-05
2.61542e-05
2.61542e-05
2.61542e-05
2.61542e-05
2.61542e-05
2.61543e-05
2.61544e-05
2.61548e-05
2.61559e-05
2.6157e-05
2.6157e-05
2.61575e-05
2.6161e-05
2.61722e-05
2.62021e-05
2.63022e-05
2.67241e-05
2.82657e-05
3.31474e-05
4.52409e-05
5.07843e-05
4.42765e-05
3.48688e-05
3.01345e-05
2.75947e-05
2.64913e-05
2.65011e-05
2.69127e-05
2.85153e-05
3.26242e-05
3.84443e-05
3.84853e-05
3.52819e-05
3.06916e-05
2.79259e-05
2.67946e-05
2.68984e-05
2.77287e-05
2.96178e-05
3.24955e-05
3.59821e-05
3.96721e-05
4.34791e-05
4.77006e-05
5.24374e-05
5.73946e-05
6.32426e-05
6.73073e-05
6.60624e-05
5.88072e-05
4.26933e-05
3.15563e-05
3.09965e-05
3.20663e-05
3.46502e-05
3.81342e-05
4.218e-05
4.52242e-05
4.50433e-05
4.20877e-05
3.6031e-05
3.43342e-05
3.54904e-05
3.88859e-05
4.37142e-05
4.89668e-05
5.46048e-05
6.09101e-05
6.74686e-05
7.21854e-05
7.30899e-05
7.26028e-05
7.13886e-05
6.80518e-05
5.74395e-05
4.04425e-05
3.43879e-05
3.46195e-05
3.62457e-05
3.93612e-05
4.33514e-05
4.73549e-05
4.82139e-05
4.66436e-05
3.98349e-05
3.25839e-05
3.1867e-05
3.26878e-05
3.4697e-05
3.74618e-05
4.06236e-05
4.40468e-05
4.75537e-05
5.08724e-05
5.34788e-05
5.67295e-05
2.61545e-05
2.61545e-05
2.61544e-05
2.61543e-05
2.61545e-05
2.61548e-05
2.61556e-05
2.61568e-05
2.61581e-05
2.61596e-05
2.61632e-05
2.61742e-05
2.62011e-05
2.62319e-05
2.62295e-05
2.62197e-05
2.62244e-05
2.62617e-05
2.63626e-05
2.66195e-05
2.76722e-05
3.08295e-05
3.89481e-05
5.34728e-05
6.93726e-05
7.13802e-05
6.44479e-05
4.80756e-05
3.17068e-05
2.7364e-05
2.7252e-05
2.80102e-05
3.05044e-05
3.56345e-05
4.34987e-05
5.15858e-05
5.07122e-05
4.37818e-05
3.33403e-05
2.80412e-05
2.77249e-05
2.86451e-05
3.10708e-05
3.47782e-05
3.91342e-05
4.36993e-05
4.83193e-05
5.33501e-05
5.88367e-05
6.40588e-05
6.93354e-05
7.44233e-05
7.44857e-05
7.08005e-05
5.82812e-05
3.92955e-05
3.48598e-05
3.56477e-05
3.82377e-05
4.20444e-05
4.65119e-05
5.06266e-05
5.07276e-05
4.75841e-05
3.99416e-05
3.70216e-05
3.80603e-05
4.158e-05
4.70566e-05
5.34908e-05
6.06976e-05
6.83362e-05
7.47797e-05
7.64098e-05
7.57108e-05
7.29063e-05
7.03309e-05
6.8043e-05
6.1985e-05
4.73335e-05
3.76543e-05
3.73031e-05
3.87072e-05
4.2165e-05
4.67409e-05
5.12215e-05
5.28726e-05
5.18287e-05
4.54318e-05
3.57145e-05
3.35052e-05
3.41532e-05
3.61557e-05
3.93373e-05
4.32097e-05
4.74119e-05
5.15198e-05
5.50532e-05
5.72521e-05
5.91067e-05
2.62066e-05
2.61978e-05
2.61777e-05
2.61697e-05
2.6173e-05
2.61868e-05
2.62181e-05
2.62712e-05
2.63244e-05
2.63671e-05
2.64396e-05
2.66251e-05
2.70613e-05
2.7671e-05
2.78376e-05
2.74895e-05
2.71853e-05
2.70221e-05
2.71103e-05
2.75436e-05
2.91571e-05
3.3889e-05
4.38923e-05
5.97652e-05
7.60087e-05
8.62792e-05
8.44233e-05
7.00163e-05
4.80508e-05
3.08812e-05
2.92785e-05
3.03528e-05
3.39309e-05
4.04866e-05
4.88975e-05
5.90292e-05
6.37486e-05
5.98773e-05
4.69599e-05
3.22874e-05
2.91041e-05
2.98751e-05
3.2558e-05
3.69771e-05
4.23907e-05
4.83079e-05
5.42624e-05
6.03518e-05
6.64804e-05
7.18204e-05
7.61559e-05
8.02141e-05
8.08994e-05
7.91151e-05
6.96057e-05
4.86071e-05
4.0007e-05
4.04045e-05
4.28026e-05
4.66334e-05
5.12018e-05
5.60477e-05
5.67027e-05
5.3654e-05
4.45302e-05
3.99038e-05
4.07861e-05
4.44643e-05
5.07814e-05
5.85019e-05
6.70623e-05
7.51449e-05
7.9665e-05
7.97441e-05
7.65378e-05
6.94205e-05
6.55165e-05
6.39497e-05
6.0358e-05
5.00973e-05
4.10784e-05
4.03471e-05
4.17302e-05
4.56406e-05
5.11978e-05
5.57029e-05
5.69885e-05
5.62123e-05
5.07579e-05
3.96249e-05
3.5492e-05
3.59376e-05
3.78834e-05
4.14104e-05
4.59173e-05
5.0806e-05
5.51128e-05
5.81575e-05
5.93534e-05
5.95362e-05
2.81035e-05
2.89068e-05
2.81935e-05
2.77144e-05
2.76919e-05
2.79872e-05
2.87347e-05
2.99825e-05
3.13579e-05
3.21734e-05
3.28025e-05
3.3895e-05
3.60665e-05
4.07512e-05
4.6132e-05
4.42891e-05
4.01988e-05
3.55788e-05
3.09388e-05
3.0561e-05
3.24645e-05
3.84551e-05
5.02542e-05
6.61001e-05
8.29029e-05
9.02592e-05
8.99492e-05
8.65629e-05
6.62953e-05
4.18298e-05
3.3338e-05
3.43911e-05
3.90424e-05
4.80327e-05
5.82769e-05
6.76623e-05
7.48325e-05
7.3277e-05
6.27857e-05
4.33291e-05
3.17643e-05
3.18603e-05
3.44407e-05
3.96116e-05
4.65631e-05
5.4559e-05
6.20996e-05
6.89502e-05
7.45653e-05
7.79832e-05
8.08083e-05
8.30552e-05
8.30626e-05
8.16869e-05
7.44298e-05
5.48852e-05
4.61528e-05
4.64093e-05
4.89538e-05
5.277e-05
5.69136e-05
6.1827e-05
6.29475e-05
6.00418e-05
4.97976e-05
4.31029e-05
4.37813e-05
4.76545e-05
5.47889e-05
6.3682e-05
7.31428e-05
8.04853e-05
8.25461e-05
8.15971e-05
7.47202e-05
6.45593e-05
6.12654e-05
6.03349e-05
5.79613e-05
5.07663e-05
4.41145e-05
4.36621e-05
4.52513e-05
4.98125e-05
5.63086e-05
6.03088e-05
6.05056e-05
5.97505e-05
5.50627e-05
4.3749e-05
3.78104e-05
3.80361e-05
3.98659e-05
4.36255e-05
4.86841e-05
5.4079e-05
5.8452e-05
6.03133e-05
6.03902e-05
5.96313e-05
9.40951e-05
8.53951e-05
7.51555e-05
6.95917e-05
6.30107e-05
5.55425e-05
5.51984e-05
6.01298e-05
6.97111e-05
6.93802e-05
6.37882e-05
5.54511e-05
5.50129e-05
6.15686e-05
7.40482e-05
7.5569e-05
6.94882e-05
5.82914e-05
4.06486e-05
3.62577e-05
3.814e-05
4.5224e-05
5.85221e-05
7.5513e-05
9.02308e-05
8.96492e-05
8.63002e-05
8.63005e-05
8.02787e-05
5.39809e-05
3.99026e-05
4.09008e-05
4.71492e-05
5.86125e-05
6.95046e-05
7.68992e-05
8.22255e-05
8.21601e-05
7.69851e-05
5.82203e-05
3.73114e-05
3.48199e-05
3.70968e-05
4.31106e-05
5.20836e-05
6.23852e-05
7.0684e-05
7.61088e-05
7.83882e-05
7.91785e-05
8.02147e-05
8.18138e-05
8.18284e-05
8.00562e-05
7.13783e-05
5.76401e-05
5.34791e-05
5.43206e-05
5.78869e-05
6.15597e-05
6.45625e-05
6.84972e-05
6.94902e-05
6.6457e-05
5.49399e-05
4.65215e-05
4.70696e-05
5.12744e-05
5.92393e-05
6.90659e-05
7.84321e-05
8.38258e-05
8.42628e-05
8.21029e-05
7.11176e-05
5.98103e-05
5.79017e-05
5.7451e-05
5.56125e-05
5.01573e-05
4.63946e-05
4.65658e-05
4.88727e-05
5.43792e-05
6.14003e-05
6.41315e-05
6.39463e-05
6.29139e-05
5.86062e-05
4.76617e-05
4.04203e-05
4.04415e-05
4.21576e-05
4.60859e-05
5.15834e-05
5.72818e-05
6.1287e-05
6.23228e-05
6.21996e-05
6.03228e-05
0.000100308
9.89128e-05
9.75482e-05
9.69453e-05
9.1156e-05
8.11639e-05
8.18006e-05
8.91755e-05
9.16132e-05
8.58344e-05
7.41793e-05
6.96518e-05
7.32192e-05
8.55409e-05
8.94838e-05
8.81705e-05
8.23512e-05
6.93659e-05
4.8285e-05
4.30442e-05
4.57144e-05
5.47548e-05
6.75195e-05
8.85016e-05
9.29578e-05
8.57721e-05
7.01856e-05
7.18689e-05
7.18328e-05
5.72219e-05
4.69045e-05
4.92151e-05
5.79815e-05
7.05655e-05
8.016e-05
8.02235e-05
7.95993e-05
8.08981e-05
7.93068e-05
6.85145e-05
4.45236e-05
3.8376e-05
4.06416e-05
4.77731e-05
5.88309e-05
7.06894e-05
7.69342e-05
7.63484e-05
7.33634e-05
7.26247e-05
7.40026e-05
7.69839e-05
7.75709e-05
7.4427e-05
6.57465e-05
6.19199e-05
6.20006e-05
6.45557e-05
6.90041e-05
7.20849e-05
7.3859e-05
7.59283e-05
7.60277e-05
7.26864e-05
5.98447e-05
5.01893e-05
5.07376e-05
5.53637e-05
6.41666e-05
7.44462e-05
8.27102e-05
8.59846e-05
8.55567e-05
8.20674e-05
6.85053e-05
5.62039e-05
5.46756e-05
5.4454e-05
5.30314e-05
4.94185e-05
4.83427e-05
4.92358e-05
5.27906e-05
5.95131e-05
6.5935e-05
6.71419e-05
6.67208e-05
6.54776e-05
6.1496e-05
5.12482e-05
4.32095e-05
4.3034e-05
4.4689e-05
4.87951e-05
5.46451e-05
6.07519e-05
6.44191e-05
6.48637e-05
6.42798e-05
6.08249e-05
0.000100216
0.000100472
0.000100513
9.98373e-05
9.81751e-05
9.72616e-05
9.73435e-05
9.8156e-05
9.82363e-05
9.57874e-05
9.1632e-05
9.06801e-05
9.41264e-05
9.6551e-05
9.44425e-05
8.4795e-05
7.22617e-05
6.00382e-05
5.15251e-05
5.10206e-05
5.54956e-05
6.32919e-05
8.09862e-05
9.64839e-05
9.56838e-05
8.17663e-05
6.38831e-05
5.8747e-05
5.79518e-05
5.26538e-05
5.25687e-05
5.87645e-05
6.97068e-05
8.08834e-05
8.08175e-05
7.30771e-05
7.13994e-05
7.49606e-05
7.66762e-05
7.0637e-05
4.94885e-05
4.22778e-05
4.49195e-05
5.37141e-05
6.6682e-05
7.67321e-05
7.55994e-05
6.93102e-05
6.49462e-05
6.56196e-05
6.87423e-05
7.25786e-05
7.21648e-05
6.84152e-05
6.63992e-05
6.75935e-05
7.10642e-05
7.42269e-05
7.54219e-05
7.65326e-05
7.81708e-05
7.91657e-05
7.8525e-05
7.55972e-05
6.27552e-05
5.37211e-05
5.46188e-05
6.00353e-05
6.95412e-05
7.93002e-05
8.60969e-05
8.75011e-05
8.66876e-05
8.22192e-05
6.79292e-05
5.41175e-05
5.13841e-05
5.08115e-05
4.97719e-05
4.91203e-05
4.96993e-05
5.22884e-05
5.77409e-05
6.51904e-05
6.9203e-05
6.89474e-05
6.79708e-05
6.64988e-05
6.32308e-05
5.42456e-05
4.60069e-05
4.56625e-05
4.73875e-05
5.17958e-05
5.81744e-05
6.46941e-05
6.77081e-05
6.75976e-05
6.58251e-05
6.08082e-05
0.00010013
0.000100177
0.000100285
0.000100467
0.000100491
0.000100363
0.000100324
0.000100302
0.000100075
9.89427e-05
9.81705e-05
9.80979e-05
9.89e-05
9.94061e-05
9.80186e-05
9.06163e-05
7.42036e-05
6.42393e-05
6.03416e-05
6.10651e-05
6.55291e-05
7.79091e-05
9.47622e-05
9.91012e-05
9.80067e-05
8.01999e-05
5.88451e-05
5.30006e-05
5.34114e-05
5.51525e-05
5.99515e-05
6.82984e-05
8.09587e-05
8.44254e-05
7.45987e-05
6.50589e-05
6.5008e-05
6.87701e-05
7.29203e-05
6.84087e-05
5.09961e-05
4.61381e-05
5.01943e-05
6.14121e-05
7.51385e-05
7.75076e-05
6.95287e-05
6.01366e-05
5.95538e-05
6.1696e-05
6.63479e-05
6.79622e-05
6.73132e-05
6.74175e-05
6.92122e-05
7.44898e-05
7.55634e-05
7.28706e-05
6.89326e-05
6.95285e-05
7.30614e-05
7.73878e-05
7.76188e-05
7.48617e-05
6.31723e-05
5.70975e-05
5.88389e-05
6.53175e-05
7.49328e-05
8.35666e-05
8.84955e-05
8.90746e-05
8.81983e-05
8.37749e-05
7.08409e-05
5.39292e-05
4.91627e-05
4.8773e-05
4.8954e-05
4.96447e-05
5.19387e-05
5.67132e-05
6.38629e-05
7.03332e-05
7.09024e-05
6.95206e-05
6.73799e-05
6.56136e-05
6.29422e-05
5.58732e-05
4.85005e-05
4.82104e-05
5.0236e-05
5.51792e-05
6.23368e-05
6.90456e-05
7.10036e-05
7.00532e-05
6.64691e-05
6.05769e-05
0.000100124
0.000100127
0.000100142
0.000100178
0.000100233
0.000100284
0.000100324
0.00010039
0.00010037
0.000100229
0.000100061
0.000100044
0.000100255
0.000100426
9.93791e-05
9.73266e-05
8.76688e-05
7.63977e-05
7.09868e-05
7.29619e-05
8.1785e-05
9.44634e-05
9.77692e-05
9.93433e-05
9.88634e-05
9.02493e-05
6.55172e-05
5.91775e-05
5.92486e-05
6.16874e-05
7.0093e-05
8.26468e-05
8.78005e-05
8.38727e-05
6.75515e-05
6.12073e-05
6.19405e-05
6.58907e-05
6.93125e-05
6.46903e-05
5.11484e-05
4.9994e-05
5.65471e-05
6.98853e-05
8.01527e-05
7.65414e-05
6.18302e-05
5.58905e-05
5.64908e-05
5.94546e-05
6.28441e-05
6.46522e-05
6.64418e-05
6.99941e-05
7.60707e-05
7.68769e-05
7.20385e-05
6.36118e-05
6.10148e-05
6.19811e-05
6.58601e-05
7.27229e-05
7.54529e-05
7.25819e-05
6.29691e-05
6.05197e-05
6.35415e-05
7.11417e-05
7.98341e-05
8.74451e-05
9.05318e-05
9.1134e-05
9.05723e-05
8.64468e-05
7.48e-05
5.68982e-05
5.02464e-05
4.95841e-05
4.99179e-05
5.17283e-05
5.60987e-05
6.27817e-05
7.05217e-05
7.34362e-05
7.19412e-05
6.77636e-05
6.4438e-05
6.30147e-05
6.14366e-05
5.60648e-05
5.04738e-05
5.05653e-05
5.32186e-05
5.90498e-05
6.69842e-05
7.33575e-05
7.4164e-05
7.18506e-05
6.63201e-05
6.04454e-05
0.000100124
0.00010012
0.000100115
0.000100108
0.000100097
0.000100074
0.000100025
9.99457e-05
9.98114e-05
9.96602e-05
9.94893e-05
9.93179e-05
9.92401e-05
9.93483e-05
9.92988e-05
9.87044e-05
9.73464e-05
9.34215e-05
8.70419e-05
9.09457e-05
9.67118e-05
9.64095e-05
9.64386e-05
9.65487e-05
9.79142e-05
9.70154e-05
8.32008e-05
7.10722e-05
6.97902e-05
7.54486e-05
8.64905e-05
9.29112e-05
9.1621e-05
8.08466e-05
6.2913e-05
5.85199e-05
6.00636e-05
6.4597e-05
6.59866e-05
6.02478e-05
5.18833e-05
5.40617e-05
6.37514e-05
7.74406e-05
8.23426e-05
7.36089e-05
5.74769e-05
5.45187e-05
5.51426e-05
5.74373e-05
6.10203e-05
6.49781e-05
6.99356e-05
7.71403e-05
7.95104e-05
7.48027e-05
6.3223e-05
5.83562e-05
5.84134e-05
5.94763e-05
6.29165e-05
6.95871e-05
7.22741e-05
6.93325e-05
6.34693e-05
6.39301e-05
6.89895e-05
7.66599e-05
8.49242e-05
9.05666e-05
9.27129e-05
9.36419e-05
9.3465e-05
8.97511e-05
7.87238e-05
6.15758e-05
5.33398e-05
5.23152e-05
5.28464e-05
5.57687e-05
6.17366e-05
6.9587e-05
7.55703e-05
7.55878e-05
7.11271e-05
6.48601e-05
6.18338e-05
6.07737e-05
5.95573e-05
5.54574e-05
5.20696e-05
5.27662e-05
5.64547e-05
6.33877e-05
7.19302e-05
7.69929e-05
7.68959e-05
7.29608e-05
6.60866e-05
6.06805e-05
0.00010012
0.000100106
0.000100082
0.00010004
9.99591e-05
9.98148e-05
9.95906e-05
9.92932e-05
9.89105e-05
9.84769e-05
9.80304e-05
9.75281e-05
9.71413e-05
9.69659e-05
9.67633e-05
9.7185e-05
9.71419e-05
9.67802e-05
9.7158e-05
9.65269e-05
9.508e-05
9.28093e-05
9.13592e-05
9.09509e-05
9.3461e-05
9.71685e-05
9.67455e-05
9.22711e-05
8.97372e-05
9.36573e-05
9.70913e-05
9.79195e-05
9.41499e-05
7.83532e-05
6.11898e-05
5.61417e-05
5.77326e-05
6.18371e-05
6.15098e-05
5.54549e-05
5.40069e-05
5.96765e-05
7.08584e-05
8.32745e-05
8.38594e-05
7.16639e-05
5.66873e-05
5.54443e-05
5.67439e-05
5.94737e-05
6.38201e-05
6.93938e-05
7.67898e-05
8.20043e-05
8.11725e-05
7.01976e-05
5.92515e-05
5.73493e-05
5.77508e-05
5.93566e-05
6.35203e-05
6.86509e-05
6.91398e-05
6.64545e-05
6.51631e-05
6.80278e-05
7.45754e-05
8.19344e-05
8.97458e-05
9.32495e-05
9.50467e-05
9.63275e-05
9.62674e-05
9.29933e-05
8.24957e-05
6.73353e-05
5.82813e-05
5.69934e-05
5.77359e-05
6.14906e-05
6.83443e-05
7.59184e-05
7.88129e-05
7.70667e-05
6.9408e-05
6.26244e-05
6.0304e-05
5.93333e-05
5.79558e-05
5.46989e-05
5.35232e-05
5.50628e-05
6.01344e-05
6.81621e-05
7.65413e-05
8.00316e-05
7.91872e-05
7.39542e-05
6.66128e-05
6.13923e-05
0.0001001
0.000100034
9.99139e-05
9.97268e-05
9.94377e-05
9.89572e-05
9.822e-05
9.73855e-05
9.65013e-05
9.57156e-05
9.49862e-05
9.42571e-05
9.36649e-05
9.32122e-05
9.26018e-05
9.27554e-05
9.31156e-05
9.33102e-05
9.3774e-05
9.17912e-05
8.92816e-05
8.65511e-05
8.48887e-05
8.39202e-05
8.56539e-05
9.0881e-05
9.41345e-05
9.56714e-05
9.66486e-05
9.71433e-05
9.85428e-05
9.94994e-05
9.64173e-05
8.26106e-05
6.46204e-05
5.51549e-05
5.47547e-05
5.5937e-05
5.5433e-05
5.47179e-05
5.78612e-05
6.63388e-05
7.90984e-05
8.78687e-05
8.51289e-05
7.28138e-05
6.31356e-05
6.14339e-05
6.24489e-05
6.55216e-05
6.96915e-05
7.61734e-05
8.38544e-05
8.50108e-05
8.12012e-05
6.89189e-05
6.01961e-05
5.80587e-05
5.83026e-05
5.9882e-05
6.3897e-05
6.67328e-05
6.64919e-05
6.61207e-05
6.77074e-05
7.30735e-05
7.96902e-05
8.79444e-05
9.34973e-05
9.57424e-05
9.73807e-05
9.85514e-05
9.84916e-05
9.57538e-05
8.72135e-05
7.35376e-05
6.48608e-05
6.32858e-05
6.42035e-05
6.83926e-05
7.51553e-05
8.06593e-05
8.1315e-05
7.7899e-05
6.82135e-05
6.13915e-05
5.92626e-05
5.81955e-05
5.66082e-05
5.46719e-05
5.49126e-05
5.78034e-05
6.43416e-05
7.32449e-05
8.05178e-05
8.23567e-05
8.10594e-05
7.54193e-05
6.80595e-05
6.24299e-05
9.99128e-05
9.95176e-05
9.90173e-05
9.82569e-05
9.7155e-05
9.55527e-05
9.36872e-05
9.19497e-05
9.05061e-05
8.95713e-05
8.88093e-05
8.80623e-05
8.73661e-05
8.67033e-05
8.58583e-05
8.60217e-05
8.62282e-05
8.62689e-05
8.65628e-05
8.46977e-05
8.2324e-05
7.95251e-05
7.76017e-05
7.57016e-05
7.63149e-05
8.02289e-05
8.40038e-05
8.79579e-05
9.15555e-05
9.36593e-05
9.63392e-05
9.91092e-05
9.85431e-05
9.06928e-05
6.93901e-05
5.77642e-05
5.46866e-05
5.47978e-05
5.53364e-05
5.71672e-05
6.38588e-05
7.40671e-05
8.89002e-05
9.22937e-05
8.848e-05
7.79192e-05
7.07855e-05
6.85784e-05
7.01702e-05
7.49343e-05
8.09887e-05
8.67574e-05
8.84333e-05
8.72526e-05
8.23008e-05
7.42249e-05
6.68672e-05
6.14163e-05
5.99353e-05
6.05234e-05
6.27602e-05
6.47781e-05
6.59626e-05
6.75307e-05
7.16797e-05
7.77674e-05
8.60774e-05
9.30023e-05
9.64675e-05
9.80301e-05
9.92445e-05
9.99812e-05
9.98958e-05
9.79371e-05
9.17471e-05
7.98422e-05
7.22064e-05
7.07053e-05
7.1628e-05
7.54506e-05
8.09429e-05
8.34897e-05
8.31591e-05
7.86763e-05
6.78802e-05
6.09243e-05
5.85617e-05
5.72938e-05
5.59844e-05
5.54039e-05
5.66664e-05
6.12169e-05
6.90951e-05
7.7893e-05
8.34236e-05
8.41847e-05
8.26542e-05
7.74916e-05
7.0429e-05
6.3813e-05
9.74786e-05
9.48342e-05
9.26903e-05
9.09074e-05
8.87608e-05
8.56984e-05
8.26276e-05
8.04231e-05
7.91132e-05
7.86059e-05
7.80853e-05
7.7377e-05
7.65273e-05
7.57374e-05
7.51229e-05
7.58573e-05
7.66807e-05
7.72034e-05
7.79377e-05
7.67048e-05
7.45721e-05
7.15968e-05
6.90316e-05
6.61596e-05
6.60013e-05
6.83943e-05
7.17775e-05
7.67953e-05
8.23652e-05
8.62013e-05
9.08078e-05
9.5614e-05
9.82059e-05
9.67994e-05
7.8654e-05
6.40174e-05
5.83221e-05
5.75239e-05
5.86184e-05
6.29118e-05
7.11398e-05
8.58987e-05
9.60064e-05
9.67255e-05
9.44781e-05
8.90732e-05
8.48018e-05
8.32009e-05
8.47768e-05
8.86786e-05
9.19017e-05
9.31283e-05
9.28169e-05
9.08087e-05
8.60997e-05
7.93918e-05
7.32234e-05
6.63384e-05
6.23946e-05
6.20519e-05
6.30905e-05
6.49719e-05
6.70486e-05
7.05939e-05
7.62125e-05
8.39199e-05
9.22997e-05
9.66979e-05
9.86655e-05
9.96141e-05
0.000100369
0.000100762
0.000100728
9.93986e-05
9.51743e-05
8.74232e-05
7.95341e-05
7.78602e-05
7.86972e-05
8.16789e-05
8.49067e-05
8.56516e-05
8.47437e-05
8.02538e-05
6.92975e-05
6.10708e-05
5.83329e-05
5.70755e-05
5.63018e-05
5.66166e-05
5.92196e-05
6.54049e-05
7.41548e-05
8.18472e-05
8.58563e-05
8.60295e-05
8.41928e-05
8.0128e-05
7.35047e-05
6.5596e-05
4.58538e-05
5.85906e-05
6.35993e-05
6.46299e-05
6.37102e-05
6.22651e-05
6.15835e-05
6.13984e-05
6.15647e-05
6.18947e-05
6.16718e-05
6.11185e-05
6.06788e-05
6.091e-05
6.16785e-05
6.3503e-05
6.52755e-05
6.63593e-05
6.75746e-05
6.66236e-05
6.45017e-05
6.13234e-05
5.836e-05
5.56854e-05
5.56693e-05
5.7801e-05
6.15814e-05
6.74829e-05
7.32182e-05
7.76943e-05
8.33391e-05
8.82007e-05
9.3276e-05
9.72557e-05
9.05908e-05
7.23887e-05
6.49715e-05
6.39326e-05
6.54367e-05
7.14293e-05
8.45668e-05
9.64887e-05
9.8622e-05
9.8674e-05
9.82503e-05
9.72251e-05
9.64007e-05
9.60391e-05
9.64575e-05
9.73435e-05
9.76192e-05
9.76058e-05
9.71689e-05
9.57504e-05
9.26376e-05
8.69719e-05
7.88105e-05
7.24677e-05
6.72385e-05
6.51033e-05
6.54644e-05
6.73763e-05
7.06263e-05
7.51496e-05
8.2565e-05
9.13341e-05
9.69422e-05
9.91126e-05
0.000100055
0.000100485
0.000100544
0.00010062
0.00010092
0.000100362
9.77535e-05
9.2948e-05
8.78595e-05
8.56805e-05
8.55934e-05
8.66588e-05
8.7614e-05
8.76156e-05
8.64641e-05
8.20751e-05
7.20319e-05
6.27253e-05
5.90534e-05
5.77238e-05
5.74951e-05
5.86233e-05
6.28889e-05
7.05228e-05
7.89497e-05
8.55653e-05
8.79679e-05
8.78349e-05
8.60287e-05
8.26946e-05
7.6773e-05
6.79297e-05
2.75719e-05
3.0473e-05
3.28729e-05
3.50193e-05
3.68564e-05
3.83897e-05
3.94806e-05
4.02509e-05
4.10868e-05
4.18206e-05
4.23242e-05
4.30407e-05
4.41195e-05
4.56743e-05
4.75393e-05
4.98178e-05
5.15526e-05
5.2484e-05
5.35371e-05
5.26468e-05
5.09717e-05
4.87805e-05
4.69568e-05
4.62689e-05
4.72765e-05
5.01001e-05
5.42564e-05
6.00329e-05
6.50706e-05
6.92296e-05
7.38297e-05
7.67579e-05
8.18609e-05
9.01821e-05
9.66213e-05
9.05571e-05
7.89635e-05
7.54977e-05
7.76831e-05
8.72558e-05
9.68067e-05
9.67713e-05
9.60465e-05
9.53722e-05
9.58243e-05
9.6851e-05
9.73162e-05
9.76548e-05
9.80074e-05
9.8354e-05
9.86138e-05
9.88752e-05
9.90685e-05
9.885e-05
9.76948e-05
9.40937e-05
8.70351e-05
7.8688e-05
7.35322e-05
7.10641e-05
7.07049e-05
7.24099e-05
7.56721e-05
8.23703e-05
9.13305e-05
9.70959e-05
9.943e-05
0.000100321
0.00010039
9.99392e-05
9.9495e-05
9.96537e-05
0.000100382
0.000100886
9.95159e-05
9.65589e-05
9.33105e-05
9.14481e-05
9.03762e-05
8.99105e-05
8.9981e-05
8.99703e-05
8.89512e-05
8.45357e-05
7.58591e-05
6.58702e-05
6.10913e-05
5.96692e-05
5.9775e-05
6.20792e-05
6.80251e-05
7.60879e-05
8.36121e-05
8.90309e-05
9.02186e-05
8.99267e-05
8.81092e-05
8.55185e-05
8.0073e-05
7.10358e-05
2.63483e-05
2.66294e-05
2.69949e-05
2.74971e-05
2.80475e-05
2.86404e-05
2.92133e-05
2.97668e-05
3.02898e-05
3.07273e-05
3.11652e-05
3.17643e-05
3.25356e-05
3.35721e-05
3.48105e-05
3.60572e-05
3.68535e-05
3.73966e-05
3.81306e-05
3.81828e-05
3.81439e-05
3.81451e-05
3.86601e-05
4.00632e-05
4.2544e-05
4.58354e-05
4.98803e-05
5.49035e-05
5.86516e-05
6.14429e-05
6.38698e-05
6.46649e-05
6.80829e-05
7.52363e-05
8.6942e-05
9.49207e-05
9.62327e-05
9.40839e-05
9.55495e-05
9.5878e-05
9.11852e-05
8.76518e-05
8.54343e-05
8.43669e-05
8.57371e-05
8.84593e-05
9.04786e-05
9.20534e-05
9.28405e-05
9.33113e-05
9.44561e-05
9.60551e-05
9.78269e-05
9.9033e-05
9.9281e-05
9.84313e-05
9.4922e-05
8.94998e-05
8.36874e-05
7.91402e-05
7.76706e-05
8.0107e-05
8.53315e-05
9.24128e-05
9.77922e-05
9.93714e-05
0.000100002
9.96569e-05
9.87551e-05
9.77055e-05
9.7265e-05
9.78023e-05
9.93113e-05
0.00010064
0.000100556
9.89104e-05
9.67047e-05
9.48629e-05
9.3366e-05
9.25992e-05
9.30012e-05
9.35448e-05
9.27331e-05
8.82991e-05
8.00685e-05
7.11173e-05
6.49909e-05
6.32581e-05
6.38039e-05
6.74792e-05
7.42539e-05
8.1482e-05
8.87028e-05
9.23424e-05
9.28157e-05
9.24404e-05
9.06603e-05
8.85928e-05
8.28834e-05
7.51538e-05
2.62798e-05
2.63001e-05
2.63376e-05
2.64033e-05
2.64935e-05
2.66104e-05
2.6731e-05
2.68597e-05
2.69998e-05
2.71484e-05
2.73275e-05
2.75696e-05
2.78714e-05
2.82483e-05
2.86808e-05
2.90833e-05
2.9411e-05
2.98004e-05
3.03752e-05
3.10737e-05
3.2116e-05
3.34281e-05
3.53527e-05
3.79324e-05
4.09341e-05
4.4094e-05
4.75583e-05
5.1427e-05
5.3819e-05
5.52945e-05
5.61101e-05
5.59779e-05
5.74833e-05
6.07989e-05
6.68846e-05
7.43028e-05
8.25179e-05
8.6668e-05
8.48361e-05
7.72596e-05
7.43589e-05
7.29939e-05
7.18626e-05
7.2113e-05
7.4321e-05
7.72865e-05
7.95094e-05
8.09987e-05
8.19312e-05
8.32685e-05
8.61499e-05
8.93117e-05
9.24019e-05
9.51341e-05
9.73167e-05
9.86985e-05
9.86349e-05
9.75356e-05
9.50205e-05
9.1955e-05
9.05154e-05
9.25209e-05
9.58803e-05
9.82849e-05
9.86181e-05
9.86257e-05
9.75665e-05
9.63906e-05
9.4872e-05
9.41127e-05
9.41856e-05
9.53182e-05
9.73239e-05
9.95293e-05
0.000100714
0.00010028
9.89295e-05
9.74369e-05
9.61005e-05
9.60163e-05
9.69789e-05
9.76141e-05
9.698e-05
9.34767e-05
8.59812e-05
7.71165e-05
7.13131e-05
6.9266e-05
7.02156e-05
7.43472e-05
8.04447e-05
8.78517e-05
9.34075e-05
9.5502e-05
9.56044e-05
9.51846e-05
9.36603e-05
9.20832e-05
8.57274e-05
7.96567e-05
2.62758e-05
2.62772e-05
2.62805e-05
2.62873e-05
2.62985e-05
2.63152e-05
2.63343e-05
2.63561e-05
2.63818e-05
2.6414e-05
2.64598e-05
2.65251e-05
2.6613e-05
2.6732e-05
2.68775e-05
2.70258e-05
2.72005e-05
2.75016e-05
2.80446e-05
2.8912e-05
3.03616e-05
3.24168e-05
3.50279e-05
3.79776e-05
4.09289e-05
4.37607e-05
4.63988e-05
4.87609e-05
5.02092e-05
5.11151e-05
5.18267e-05
5.23423e-05
5.32361e-05
5.45284e-05
5.64795e-05
5.83656e-05
6.06036e-05
6.27265e-05
6.34405e-05
6.37103e-05
6.46801e-05
6.43501e-05
6.44091e-05
6.53669e-05
6.74281e-05
6.96509e-05
7.14519e-05
7.29593e-05
7.44292e-05
7.66062e-05
7.99289e-05
8.29847e-05
8.5937e-05
8.84198e-05
9.07608e-05
9.3637e-05
9.57313e-05
9.68875e-05
9.76248e-05
9.77179e-05
9.7684e-05
9.77757e-05
9.7645e-05
9.62305e-05
9.46385e-05
9.35855e-05
9.20092e-05
9.08237e-05
8.97683e-05
8.97831e-05
9.042e-05
9.19237e-05
9.41857e-05
9.70038e-05
9.94787e-05
0.000100579
0.000100261
9.94738e-05
9.89754e-05
9.89827e-05
9.93438e-05
9.96356e-05
9.9526e-05
9.80828e-05
9.37151e-05
8.50725e-05
7.80994e-05
7.64326e-05
7.74233e-05
8.16458e-05
8.84003e-05
9.39221e-05
9.73794e-05
9.84153e-05
9.83339e-05
9.79886e-05
9.69096e-05
9.57629e-05
8.89632e-05
8.433e-05
2.62756e-05
2.62757e-05
2.62759e-05
2.62765e-05
2.62776e-05
2.62793e-05
2.62815e-05
2.62843e-05
2.62881e-05
2.62938e-05
2.63034e-05
2.63188e-05
2.63405e-05
2.63733e-05
2.6421e-05
2.6491e-05
2.66157e-05
2.68586e-05
2.75291e-05
2.8872e-05
3.11221e-05
3.42924e-05
3.78481e-05
4.09538e-05
4.31179e-05
4.48189e-05
4.6279e-05
4.76616e-05
4.87442e-05
4.95977e-05
5.03803e-05
5.11991e-05
5.22892e-05
5.35332e-05
5.49624e-05
5.64616e-05
5.79456e-05
5.93641e-05
6.06118e-05
6.13946e-05
6.16018e-05
6.14049e-05
6.16712e-05
6.28645e-05
6.4892e-05
6.69656e-05
6.87377e-05
7.02861e-05
7.18106e-05
7.38245e-05
7.63267e-05
7.80518e-05
7.98037e-05
8.10647e-05
8.22079e-05
8.37955e-05
8.54173e-05
8.69631e-05
8.88041e-05
9.03433e-05
9.11049e-05
9.0589e-05
8.97622e-05
8.77832e-05
8.64657e-05
8.58429e-05
8.47217e-05
8.42628e-05
8.41257e-05
8.47915e-05
8.57765e-05
8.72921e-05
8.95824e-05
9.26965e-05
9.59789e-05
9.8594e-05
9.96234e-05
9.95924e-05
9.91406e-05
9.83478e-05
9.75626e-05
9.786e-05
9.88434e-05
9.95007e-05
9.86145e-05
9.46972e-05
8.90881e-05
8.66627e-05
8.786e-05
9.16415e-05
9.56383e-05
9.83359e-05
9.98009e-05
0.000100172
0.000100078
9.98908e-05
9.94283e-05
9.88946e-05
9.31445e-05
9.08023e-05
2.62756e-05
2.62756e-05
2.62756e-05
2.62756e-05
2.62757e-05
2.62759e-05
2.62761e-05
2.62764e-05
2.6277e-05
2.62779e-05
2.62799e-05
2.62834e-05
2.62893e-05
2.62997e-05
2.63199e-05
2.6359e-05
2.64793e-05
2.68445e-05
2.77771e-05
2.97232e-05
3.30193e-05
3.74594e-05
4.1747e-05
4.42998e-05
4.53673e-05
4.61124e-05
4.68906e-05
4.78534e-05
4.87216e-05
4.94527e-05
5.01546e-05
5.10317e-05
5.23545e-05
5.39768e-05
5.56319e-05
5.73193e-05
5.88022e-05
6.00619e-05
6.09979e-05
6.13193e-05
6.05643e-05
6.0622e-05
6.15129e-05
6.3457e-05
6.55841e-05
6.72876e-05
6.85206e-05
6.93536e-05
7.01068e-05
7.14024e-05
7.24908e-05
7.24773e-05
7.30651e-05
7.29618e-05
7.25137e-05
7.22983e-05
7.25005e-05
7.30801e-05
7.42143e-05
7.54576e-05
7.65056e-05
7.70169e-05
7.74715e-05
7.68779e-05
7.65903e-05
7.6731e-05
7.66662e-05
7.71067e-05
7.77172e-05
7.8696e-05
7.94799e-05
8.08376e-05
8.30713e-05
8.6166e-05
8.95478e-05
9.26419e-05
9.41416e-05
9.39868e-05
9.26157e-05
9.06571e-05
8.99893e-05
9.11855e-05
9.33746e-05
9.5978e-05
9.82895e-05
9.88156e-05
9.7797e-05
9.68069e-05
9.71111e-05
9.82405e-05
9.92246e-05
9.98474e-05
9.96938e-05
9.98667e-05
0.000100033
9.96207e-05
9.9508e-05
9.93634e-05
9.7763e-05
9.73558e-05
2.62756e-05
2.62756e-05
2.62756e-05
2.62756e-05
2.62756e-05
2.62756e-05
2.62756e-05
2.62756e-05
2.62757e-05
2.62759e-05
2.62763e-05
2.62772e-05
2.6279e-05
2.62827e-05
2.62944e-05
2.63335e-05
2.64596e-05
2.68546e-05
2.79857e-05
3.04864e-05
3.47475e-05
4.02082e-05
4.44579e-05
4.59041e-05
4.63021e-05
4.67534e-05
4.75137e-05
4.83019e-05
4.88561e-05
4.90451e-05
4.93656e-05
5.03014e-05
5.23024e-05
5.47892e-05
5.722e-05
5.9543e-05
6.13245e-05
6.2138e-05
6.22877e-05
6.12615e-05
6.05457e-05
6.11361e-05
6.28819e-05
6.51671e-05
6.66124e-05
6.71259e-05
6.71614e-05
6.67431e-05
6.65044e-05
6.65735e-05
6.58264e-05
6.47495e-05
6.45785e-05
6.34674e-05
6.18349e-05
6.04748e-05
5.99021e-05
5.98412e-05
6.04297e-05
6.14352e-05
6.27554e-05
6.40431e-05
6.52467e-05
6.58022e-05
6.66875e-05
6.78397e-05
6.87315e-05
6.98624e-05
7.0729e-05
7.13951e-05
7.17043e-05
7.26429e-05
7.43919e-05
7.69226e-05
7.98495e-05
8.21945e-05
8.25979e-05
8.14443e-05
7.96387e-05
7.93849e-05
8.08322e-05
8.30501e-05
8.51018e-05
8.7573e-05
9.09873e-05
9.50635e-05
9.72146e-05
9.7937e-05
9.81345e-05
9.81234e-05
9.75355e-05
9.61119e-05
9.47584e-05
9.53825e-05
9.53382e-05
9.35433e-05
9.3108e-05
9.29225e-05
9.80061e-05
9.74977e-05
2.62756e-05
2.62756e-05
2.62756e-05
2.62756e-05
2.62756e-05
2.62756e-05
2.62756e-05
2.62756e-05
2.62756e-05
2.62756e-05
2.62757e-05
2.62761e-05
2.62773e-05
2.62815e-05
2.62954e-05
2.63414e-05
2.64906e-05
2.69592e-05
2.83103e-05
3.12838e-05
3.63108e-05
4.22755e-05
4.5503e-05
4.59186e-05
4.61214e-05
4.67942e-05
4.77333e-05
4.79067e-05
4.75699e-05
4.72143e-05
4.76142e-05
4.94082e-05
5.24831e-05
5.6086e-05
5.93024e-05
6.22184e-05
6.39025e-05
6.41125e-05
6.28116e-05
6.10408e-05
6.11951e-05
6.31652e-05
6.49954e-05
6.57083e-05
6.59054e-05
6.51337e-05
6.37955e-05
6.24362e-05
6.13776e-05
6.03203e-05
5.87527e-05
5.74892e-05
5.67235e-05
5.51386e-05
5.30395e-05
5.09291e-05
4.92939e-05
4.84537e-05
4.88786e-05
4.9972e-05
5.16868e-05
5.35938e-05
5.5407e-05
5.69853e-05
5.86985e-05
6.04125e-05
6.18144e-05
6.29803e-05
6.32548e-05
6.3137e-05
6.29142e-05
6.33379e-05
6.44523e-05
6.61366e-05
6.79749e-05
6.87894e-05
6.8502e-05
6.77499e-05
6.8598e-05
7.08729e-05
7.40637e-05
7.52676e-05
7.55838e-05
7.66283e-05
7.89524e-05
8.29671e-05
8.67189e-05
8.85832e-05
8.88909e-05
8.81092e-05
8.64794e-05
8.43932e-05
8.31167e-05
8.41258e-05
8.26309e-05
7.82274e-05
7.70153e-05
7.64767e-05
8.47696e-05
8.44912e-05
2.62756e-05
2.62756e-05
2.62756e-05
2.62756e-05
2.62756e-05
2.62756e-05
2.62756e-05
2.62756e-05
2.62756e-05
2.62756e-05
2.62757e-05
2.62759e-05
2.62768e-05
2.62801e-05
2.62912e-05
2.63287e-05
2.64522e-05
2.6848e-05
2.80611e-05
3.10171e-05
3.64219e-05
4.26636e-05
4.50089e-05
4.49685e-05
4.52408e-05
4.63889e-05
4.69702e-05
4.62933e-05
4.50846e-05
4.48793e-05
4.6024e-05
4.91771e-05
5.37412e-05
5.8377e-05
6.20845e-05
6.48872e-05
6.56772e-05
6.44494e-05
6.22142e-05
6.13875e-05
6.33107e-05
6.44572e-05
6.45792e-05
6.42522e-05
6.31122e-05
6.11913e-05
5.9444e-05
5.79165e-05
5.67162e-05
5.55934e-05
5.43904e-05
5.34373e-05
5.26189e-05
5.12058e-05
4.93932e-05
4.70387e-05
4.4447e-05
4.26857e-05
4.28215e-05
4.40118e-05
4.62872e-05
4.88152e-05
5.08916e-05
5.25967e-05
5.42271e-05
5.57885e-05
5.67789e-05
5.67891e-05
5.6131e-05
5.54676e-05
5.51677e-05
5.5511e-05
5.61433e-05
5.68103e-05
5.73583e-05
5.75061e-05
5.80725e-05
6.02461e-05
6.36919e-05
6.67868e-05
6.82979e-05
6.62489e-05
6.3178e-05
6.18246e-05
6.19809e-05
6.3989e-05
6.63449e-05
6.71075e-05
6.67809e-05
6.62407e-05
6.52849e-05
6.40892e-05
6.35451e-05
6.34505e-05
6.08602e-05
5.63356e-05
5.56589e-05
5.61553e-05
6.13558e-05
6.77768e-05
2.62756e-05
2.62756e-05
2.62756e-05
2.62756e-05
2.62756e-05
2.62756e-05
2.62756e-05
2.62756e-05
2.62756e-05
2.62756e-05
2.62756e-05
2.62759e-05
2.62767e-05
2.62795e-05
2.62891e-05
2.6322e-05
2.64312e-05
2.67844e-05
2.78815e-05
3.07362e-05
3.61967e-05
4.22885e-05
4.37242e-05
4.34155e-05
4.39083e-05
4.53708e-05
4.53195e-05
4.39707e-05
4.28369e-05
4.30601e-05
4.50573e-05
4.9692e-05
5.58174e-05
6.13804e-05
6.51968e-05
6.68112e-05
6.58909e-05
6.35647e-05
6.152e-05
6.25409e-05
6.34233e-05
6.33455e-05
6.21003e-05
6.03768e-05
5.8708e-05
5.69283e-05
5.55819e-05
5.45222e-05
5.37514e-05
5.31331e-05
5.24819e-05
5.18896e-05
5.13241e-05
5.05034e-05
4.92726e-05
4.72659e-05
4.40958e-05
4.11188e-05
4.08444e-05
4.20847e-05
4.50086e-05
4.81562e-05
5.01424e-05
5.13398e-05
5.23396e-05
5.30617e-05
5.27555e-05
5.18278e-05
5.09116e-05
5.08416e-05
5.12905e-05
5.21263e-05
5.26236e-05
5.26197e-05
5.25218e-05
5.28535e-05
5.42026e-05
5.79385e-05
6.23686e-05
6.24312e-05
5.77236e-05
5.122e-05
4.56636e-05
4.27118e-05
4.13342e-05
4.16417e-05
4.23066e-05
4.22368e-05
4.22486e-05
4.2704e-05
4.29983e-05
4.32292e-05
4.37381e-05
4.36142e-05
4.28078e-05
4.24346e-05
4.32456e-05
4.51405e-05
4.92865e-05
5.9642e-05
2.62756e-05
2.62756e-05
2.62756e-05
2.62756e-05
2.62756e-05
2.62756e-05
2.62756e-05
2.62756e-05
2.62756e-05
2.62756e-05
2.62756e-05
2.62758e-05
2.62763e-05
2.62781e-05
2.62844e-05
2.63066e-05
2.63824e-05
2.66347e-05
2.74383e-05
2.98179e-05
3.49732e-05
4.10673e-05
4.22795e-05
4.18551e-05
4.2324e-05
4.3682e-05
4.34701e-05
4.20774e-05
4.11188e-05
4.16195e-05
4.44188e-05
5.06585e-05
5.83309e-05
6.44661e-05
6.72979e-05
6.69387e-05
6.4722e-05
6.17422e-05
6.1103e-05
6.18324e-05
6.15237e-05
5.91873e-05
5.70152e-05
5.51536e-05
5.37116e-05
5.23617e-05
5.14631e-05
5.0832e-05
5.04771e-05
5.03176e-05
5.0109e-05
4.9864e-05
4.9863e-05
4.98002e-05
4.95793e-05
4.8625e-05
4.58866e-05
4.153e-05
3.99789e-05
4.1201e-05
4.48549e-05
4.86252e-05
5.03825e-05
5.1064e-05
5.11676e-05
5.08614e-05
4.97202e-05
4.8986e-05
4.90185e-05
4.93301e-05
5.02692e-05
5.15381e-05
5.18854e-05
5.15291e-05
5.10945e-05
5.16641e-05
5.40506e-05
5.80294e-05
5.64994e-05
4.92417e-05
4.0442e-05
3.50759e-05
3.26208e-05
3.14779e-05
3.09574e-05
3.10756e-05
3.13945e-05
3.1759e-05
3.22893e-05
3.30397e-05
3.38475e-05
3.46782e-05
3.55824e-05
3.64089e-05
3.71861e-05
3.79783e-05
3.92139e-05
4.14038e-05
4.5521e-05
5.63583e-05
2.62756e-05
2.62756e-05
2.62756e-05
2.62756e-05
2.62756e-05
2.62756e-05
2.62756e-05
2.62756e-05
2.62756e-05
2.62756e-05
2.62756e-05
2.62757e-05
2.6276e-05
2.62772e-05
2.62814e-05
2.6296e-05
2.63464e-05
2.6516e-05
2.70693e-05
2.87875e-05
3.30821e-05
3.90177e-05
4.0856e-05
4.04317e-05
4.04818e-05
4.14068e-05
4.13887e-05
4.03504e-05
3.94073e-05
4.01759e-05
4.39859e-05
5.21978e-05
6.12354e-05
6.66258e-05
6.72128e-05
6.55229e-05
6.16621e-05
5.93919e-05
5.91914e-05
5.84323e-05
5.4565e-05
5.08533e-05
4.86103e-05
4.69345e-05
4.58797e-05
4.48929e-05
4.4387e-05
4.41321e-05
4.40734e-05
4.40462e-05
4.39055e-05
4.3676e-05
4.39447e-05
4.45046e-05
4.58321e-05
4.6548e-05
4.56693e-05
4.20893e-05
3.88946e-05
3.97793e-05
4.39885e-05
4.87505e-05
5.06243e-05
5.08012e-05
5.05132e-05
4.94896e-05
4.82591e-05
4.81784e-05
4.8632e-05
5.02851e-05
5.42458e-05
5.65238e-05
5.59552e-05
5.35816e-05
5.1369e-05
5.1938e-05
5.38517e-05
5.07409e-05
4.15486e-05
3.45105e-05
3.04118e-05
2.86032e-05
2.79829e-05
2.78864e-05
2.79635e-05
2.82095e-05
2.86793e-05
2.92722e-05
2.99529e-05
3.08516e-05
3.17888e-05
3.27546e-05
3.38575e-05
3.50319e-05
3.62782e-05
3.76683e-05
3.92642e-05
4.10406e-05
4.38473e-05
5.19532e-05
2.62756e-05
2.62756e-05
2.62756e-05
2.62756e-05
2.62756e-05
2.62756e-05
2.62756e-05
2.62756e-05
2.62756e-05
2.62756e-05
2.62756e-05
2.62756e-05
2.62758e-05
2.62763e-05
2.62783e-05
2.62855e-05
2.63107e-05
2.6398e-05
2.66927e-05
2.76395e-05
3.04513e-05
3.55067e-05
3.87913e-05
3.88096e-05
3.83842e-05
3.86168e-05
3.86307e-05
3.79033e-05
3.72506e-05
3.85137e-05
4.37323e-05
5.40692e-05
6.34871e-05
6.65389e-05
6.5399e-05
6.06489e-05
5.57506e-05
5.35268e-05
5.15697e-05
4.61661e-05
4.14836e-05
3.88858e-05
3.72918e-05
3.60344e-05
3.52689e-05
3.48173e-05
3.47676e-05
3.50377e-05
3.55009e-05
3.57253e-05
3.57722e-05
3.57976e-05
3.60717e-05
3.67084e-05
3.81807e-05
4.04045e-05
4.11229e-05
3.98774e-05
3.72141e-05
3.77219e-05
4.18354e-05
4.79171e-05
5.08096e-05
5.10048e-05
5.05235e-05
4.88771e-05
4.78317e-05
4.83011e-05
5.01808e-05
5.49328e-05
6.09941e-05
6.20691e-05
6.01716e-05
5.50386e-05
5.13807e-05
5.07796e-05
4.62619e-05
3.63917e-05
3.15992e-05
2.91109e-05
2.7997e-05
2.7365e-05
2.70852e-05
2.70585e-05
2.71372e-05
2.74107e-05
2.79449e-05
2.86478e-05
2.94116e-05
3.0226e-05
3.09825e-05
3.18158e-05
3.29277e-05
3.41761e-05
3.56098e-05
3.74173e-05
3.94629e-05
4.14297e-05
4.34652e-05
4.79767e-05
2.62756e-05
2.62756e-05
2.62756e-05
2.62756e-05
2.62756e-05
2.62756e-05
2.62756e-05
2.62756e-05
2.62756e-05
2.62756e-05
2.62756e-05
2.62756e-05
2.62756e-05
2.62759e-05
2.62767e-05
2.62797e-05
2.62905e-05
2.63284e-05
2.6459e-05
2.68952e-05
2.82879e-05
3.16308e-05
3.54009e-05
3.61831e-05
3.57178e-05
3.52798e-05
3.5219e-05
3.4757e-05
3.46117e-05
3.67408e-05
4.3893e-05
5.63188e-05
6.4352e-05
6.47557e-05
5.91643e-05
4.9807e-05
4.42272e-05
4.18579e-05
3.95074e-05
3.73277e-05
3.60326e-05
3.52056e-05
3.41374e-05
3.28896e-05
3.16615e-05
3.06286e-05
2.99135e-05
2.94827e-05
2.94638e-05
2.9629e-05
2.98182e-05
2.99892e-05
3.02866e-05
3.08312e-05
3.19846e-05
3.41219e-05
3.59242e-05
3.56863e-05
3.46622e-05
3.52124e-05
3.90203e-05
4.60174e-05
5.07196e-05
5.12455e-05
5.0606e-05
4.82816e-05
4.76392e-05
4.8945e-05
5.33381e-05
6.06156e-05
6.6025e-05
6.57739e-05
6.20986e-05
5.4484e-05
5.00814e-05
4.4899e-05
3.48426e-05
3.05906e-05
2.92251e-05
2.87041e-05
2.81816e-05
2.74894e-05
2.69428e-05
2.68105e-05
2.68745e-05
2.7097e-05
2.75275e-05
2.80225e-05
2.84694e-05
2.89438e-05
2.93962e-05
3.00381e-05
3.11237e-05
3.24407e-05
3.40921e-05
3.63656e-05
3.90658e-05
4.16947e-05
4.37322e-05
4.7203e-05
2.62756e-05
2.62756e-05
2.62756e-05
2.62756e-05
2.62756e-05
2.62756e-05
2.62756e-05
2.62756e-05
2.62756e-05
2.62756e-05
2.62756e-05
2.62756e-05
2.62756e-05
2.62756e-05
2.62759e-05
2.62767e-05
2.62799e-05
2.62915e-05
2.63337e-05
2.64825e-05
2.69811e-05
2.85266e-05
3.10924e-05
3.21469e-05
3.18897e-05
3.12882e-05
3.11407e-05
3.11295e-05
3.17119e-05
3.49427e-05
4.40746e-05
5.75936e-05
6.32578e-05
5.8931e-05
4.80303e-05
4.04496e-05
3.90522e-05
3.91555e-05
3.906e-05
3.88397e-05
3.88036e-05
3.79554e-05
3.6167e-05
3.39987e-05
3.18921e-05
3.00542e-05
2.86652e-05
2.78358e-05
2.7413e-05
2.73299e-05
2.7369e-05
2.74413e-05
2.75718e-05
2.78296e-05
2.84493e-05
2.97708e-05
3.15301e-05
3.19647e-05
3.201e-05
3.26633e-05
3.58897e-05
4.2785e-05
4.9433e-05
5.081e-05
4.98221e-05
4.70754e-05
4.72777e-05
5.00644e-05
5.72426e-05
6.54717e-05
6.82636e-05
6.69747e-05
6.09714e-05
5.23111e-05
4.55601e-05
3.67309e-05
3.15744e-05
3.04052e-05
3.00787e-05
2.96013e-05
2.88789e-05
2.7956e-05
2.70741e-05
2.67001e-05
2.66966e-05
2.67976e-05
2.70234e-05
2.72741e-05
2.75321e-05
2.78827e-05
2.83296e-05
2.89218e-05
2.97891e-05
3.09835e-05
3.27576e-05
3.55028e-05
3.88321e-05
4.20487e-05
4.43909e-05
4.78582e-05
2.62756e-05
2.62756e-05
2.62756e-05
2.62756e-05
2.62756e-05
2.62756e-05
2.62756e-05
2.62756e-05
2.62756e-05
2.62756e-05
2.62756e-05
2.62756e-05
2.62756e-05
2.62756e-05
2.62756e-05
2.62758e-05
2.62767e-05
2.62797e-05
2.62912e-05
2.63327e-05
2.64758e-05
2.6907e-05
2.77035e-05
2.82207e-05
2.81766e-05
2.80068e-05
2.8003e-05
2.82386e-05
2.94932e-05
3.35285e-05
4.39451e-05
5.76987e-05
6.09998e-05
5.16186e-05
4.06868e-05
3.84757e-05
3.93368e-05
4.03293e-05
4.086e-05
4.09115e-05
4.02969e-05
3.88385e-05
3.65655e-05
3.39266e-05
3.16278e-05
2.99507e-05
2.86221e-05
2.74975e-05
2.68428e-05
2.66269e-05
2.66037e-05
2.66226e-05
2.66723e-05
2.67752e-05
2.70264e-05
2.76238e-05
2.85829e-05
2.92815e-05
2.96988e-05
3.04935e-05
3.29412e-05
3.85991e-05
4.60857e-05
4.85708e-05
4.74262e-05
4.54848e-05
4.66746e-05
5.15452e-05
6.05548e-05
6.79594e-05
6.88519e-05
6.57147e-05
5.72048e-05
4.75646e-05
3.8691e-05
3.30145e-05
3.13259e-05
3.07371e-05
3.02129e-05
2.96821e-05
2.89688e-05
2.8086e-05
2.72177e-05
2.66563e-05
2.65538e-05
2.65809e-05
2.66729e-05
2.68327e-05
2.71127e-05
2.75569e-05
2.81523e-05
2.87954e-05
2.95101e-05
3.04609e-05
3.18493e-05
3.41579e-05
3.76136e-05
4.12414e-05
4.41531e-05
4.81671e-05
2.62756e-05
2.62756e-05
2.62756e-05
2.62756e-05
2.62756e-05
2.62756e-05
2.62756e-05
2.62756e-05
2.62756e-05
2.62756e-05
2.62756e-05
2.62756e-05
2.62756e-05
2.62756e-05
2.62756e-05
2.62756e-05
2.62758e-05
2.62765e-05
2.62792e-05
2.62889e-05
2.63197e-05
2.63909e-05
2.64913e-05
2.65746e-05
2.66203e-05
2.66586e-05
2.67495e-05
2.7105e-05
2.84476e-05
3.27684e-05
4.42064e-05
5.73906e-05
5.81167e-05
4.61783e-05
3.90953e-05
3.88098e-05
4.0639e-05
4.1339e-05
4.14684e-05
4.14566e-05
4.09031e-05
3.90999e-05
3.56587e-05
3.19142e-05
2.94559e-05
2.81809e-05
2.75459e-05
2.71163e-05
2.67066e-05
2.64355e-05
2.63756e-05
2.63784e-05
2.63943e-05
2.64332e-05
2.65362e-05
2.6793e-05
2.72268e-05
2.76824e-05
2.81469e-05
2.88975e-05
3.06301e-05
3.47034e-05
4.15498e-05
4.49205e-05
4.41461e-05
4.36895e-05
4.58389e-05
5.27409e-05
6.25254e-05
6.89556e-05
6.79345e-05
6.14036e-05
5.08906e-05
4.06781e-05
3.41654e-05
3.19704e-05
3.09396e-05
2.93139e-05
2.86641e-05
2.84822e-05
2.82422e-05
2.78663e-05
2.7255e-05
2.66678e-05
2.64614e-05
2.64632e-05
2.65142e-05
2.6672e-05
2.70299e-05
2.7676e-05
2.86222e-05
2.94751e-05
3.00289e-05
3.0773e-05
3.19216e-05
3.35871e-05
3.59799e-05
3.91789e-05
4.33003e-05
4.71085e-05
2.62756e-05
2.62756e-05
2.62756e-05
2.62756e-05
2.62756e-05
2.62756e-05
2.62756e-05
2.62756e-05
2.62756e-05
2.62756e-05
2.62756e-05
2.62756e-05
2.62756e-05
2.62756e-05
2.62756e-05
2.62756e-05
2.62756e-05
2.62757e-05
2.62761e-05
2.62774e-05
2.62816e-05
2.629e-05
2.63027e-05
2.63164e-05
2.63319e-05
2.6356e-05
2.6414e-05
2.66983e-05
2.77449e-05
3.13243e-05
4.17284e-05
5.52473e-05
5.61338e-05
4.67128e-05
3.938e-05
3.9185e-05
4.06883e-05
4.13101e-05
4.18234e-05
4.18125e-05
4.12443e-05
3.91702e-05
3.44933e-05
3.01273e-05
2.80174e-05
2.71967e-05
2.68272e-05
2.66146e-05
2.64638e-05
2.63534e-05
2.63089e-05
2.63067e-05
2.63112e-05
2.63255e-05
2.63693e-05
2.64847e-05
2.66878e-05
2.69577e-05
2.73422e-05
2.80109e-05
2.94391e-05
3.28113e-05
3.89571e-05
4.17179e-05
4.12385e-05
4.15701e-05
4.4906e-05
5.31018e-05
6.31421e-05
6.83358e-05
6.55735e-05
5.54939e-05
4.3571e-05
3.56105e-05
3.27435e-05
3.1474e-05
2.91412e-05
2.76846e-05
2.72834e-05
2.73136e-05
2.73203e-05
2.72605e-05
2.70556e-05
2.6671e-05
2.64175e-05
2.64013e-05
2.6451e-05
2.66188e-05
2.70617e-05
2.78777e-05
2.89809e-05
3.00719e-05
3.08367e-05
3.16094e-05
3.28292e-05
3.45094e-05
3.66311e-05
4.00895e-05
4.33688e-05
4.2423e-05
2.62756e-05
2.62756e-05
2.62756e-05
2.62756e-05
2.62756e-05
2.62756e-05
2.62756e-05
2.62756e-05
2.62756e-05
2.62756e-05
2.62756e-05
2.62756e-05
2.62756e-05
2.62756e-05
2.62756e-05
2.62756e-05
2.62756e-05
2.62756e-05
2.62756e-05
2.62757e-05
2.62761e-05
2.62769e-05
2.62784e-05
2.62805e-05
2.62839e-05
2.62912e-05
2.63204e-05
2.64699e-05
2.70571e-05
2.91906e-05
3.59732e-05
4.95246e-05
5.38167e-05
4.90887e-05
4.12132e-05
3.97821e-05
4.02846e-05
4.08281e-05
4.18056e-05
4.18132e-05
4.08346e-05
3.72331e-05
3.17208e-05
2.81835e-05
2.69983e-05
2.66439e-05
2.64967e-05
2.64117e-05
2.63528e-05
2.63098e-05
2.62878e-05
2.62851e-05
2.62864e-05
2.62918e-05
2.63103e-05
2.63627e-05
2.64731e-05
2.67016e-05
2.7102e-05
2.77961e-05
2.93107e-05
3.2889e-05
3.81972e-05
3.90541e-05
3.84854e-05
3.93132e-05
4.30743e-05
5.07007e-05
6.09385e-05
6.62646e-05
6.12714e-05
4.82814e-05
3.81594e-05
3.43557e-05
3.27824e-05
2.98713e-05
2.78975e-05
2.71131e-05
2.68411e-05
2.67805e-05
2.68133e-05
2.68164e-05
2.67499e-05
2.65533e-05
2.63741e-05
2.63597e-05
2.64055e-05
2.65754e-05
2.70301e-05
2.78448e-05
2.88777e-05
3.00739e-05
3.1258e-05
3.28524e-05
3.57864e-05
3.88509e-05
4.08288e-05
4.21334e-05
4.14634e-05
3.77121e-05
2.62756e-05
2.62756e-05
2.62756e-05
2.62756e-05
2.62756e-05
2.62756e-05
2.62756e-05
2.62756e-05
2.62756e-05
2.62756e-05
2.62756e-05
2.62756e-05
2.62756e-05
2.62756e-05
2.62756e-05
2.62756e-05
2.62756e-05
2.62756e-05
2.62756e-05
2.62756e-05
2.62756e-05
2.62757e-05
2.62758e-05
2.62761e-05
2.62766e-05
2.62781e-05
2.62869e-05
2.63342e-05
2.65269e-05
2.72686e-05
2.98603e-05
3.77575e-05
4.82117e-05
4.82896e-05
4.51435e-05
4.19181e-05
4.10973e-05
4.15359e-05
4.18363e-05
4.11343e-05
3.86352e-05
3.31977e-05
2.86741e-05
2.69616e-05
2.65167e-05
2.63956e-05
2.63466e-05
2.63183e-05
2.62995e-05
2.62865e-05
2.62795e-05
2.62784e-05
2.62789e-05
2.62814e-05
2.629e-05
2.63174e-05
2.64019e-05
2.66538e-05
2.73198e-05
2.85477e-05
3.06166e-05
3.45755e-05
3.793e-05
3.7093e-05
3.52788e-05
3.59835e-05
3.90776e-05
4.49873e-05
5.57138e-05
6.41017e-05
5.91944e-05
4.62199e-05
3.78888e-05
3.47763e-05
3.15623e-05
2.88651e-05
2.75923e-05
2.70014e-05
2.67218e-05
2.65954e-05
2.65653e-05
2.65644e-05
2.65304e-05
2.64249e-05
2.63288e-05
2.63223e-05
2.63495e-05
2.64562e-05
2.67233e-05
2.71993e-05
2.78424e-05
2.89955e-05
3.08537e-05
3.34498e-05
3.83198e-05
4.3194e-05
4.3126e-05
4.06546e-05
3.74738e-05
3.66986e-05
2.62756e-05
2.62756e-05
2.62756e-05
2.62756e-05
2.62756e-05
2.62756e-05
2.62756e-05
2.62756e-05
2.62756e-05
2.62756e-05
2.62756e-05
2.62756e-05
2.62756e-05
2.62756e-05
2.62756e-05
2.62756e-05
2.62756e-05
2.62756e-05
2.62756e-05
2.62756e-05
2.62756e-05
2.62756e-05
2.62756e-05
2.62756e-05
2.62757e-05
2.62759e-05
2.62773e-05
2.62854e-05
2.63244e-05
2.64978e-05
2.71336e-05
2.9285e-05
3.48216e-05
4.1517e-05
4.34171e-05
4.27963e-05
4.22331e-05
4.173e-05
4.05608e-05
3.82267e-05
3.29786e-05
2.85506e-05
2.6931e-05
2.6474e-05
2.63453e-05
2.63084e-05
2.62943e-05
2.62867e-05
2.62818e-05
2.62785e-05
2.62767e-05
2.62764e-05
2.62766e-05
2.62783e-05
2.62848e-05
2.63086e-05
2.63928e-05
2.66798e-05
2.76049e-05
2.98864e-05
3.355e-05
3.71285e-05
3.74703e-05
3.51892e-05
3.14335e-05
3.12845e-05
3.26084e-05
3.63066e-05
4.48742e-05
5.86946e-05
5.93442e-05
4.96968e-05
3.98903e-05
3.50491e-05
3.06477e-05
2.88875e-05
2.82343e-05
2.73956e-05
2.678e-05
2.65477e-05
2.64552e-05
2.64244e-05
2.63933e-05
2.63364e-05
2.6297e-05
2.62961e-05
2.63096e-05
2.63594e-05
2.64804e-05
2.67271e-05
2.7148e-05
2.79599e-05
3.01579e-05
3.49373e-05
4.20368e-05
4.40799e-05
4.23064e-05
3.68688e-05
3.573e-05
3.66326e-05
2.62756e-05
2.62756e-05
2.62756e-05
2.62756e-05
2.62756e-05
2.62756e-05
2.62756e-05
2.62756e-05
2.62756e-05
2.62756e-05
2.62756e-05
2.62756e-05
2.62756e-05
2.62756e-05
2.62756e-05
2.62756e-05
2.62756e-05
2.62756e-05
2.62756e-05
2.62756e-05
2.62756e-05
2.62756e-05
2.62756e-05
2.62756e-05
2.62756e-05
2.62756e-05
2.62757e-05
2.62765e-05
2.62809e-05
2.63027e-05
2.63911e-05
2.67087e-05
2.76602e-05
2.978e-05
3.35297e-05
3.72892e-05
3.69431e-05
3.5034e-05
3.11722e-05
2.80462e-05
2.70454e-05
2.66694e-05
2.64314e-05
2.63216e-05
2.62903e-05
2.62814e-05
2.62783e-05
2.62771e-05
2.62764e-05
2.62761e-05
2.62758e-05
2.62758e-05
2.62759e-05
2.62769e-05
2.62809e-05
2.62967e-05
2.63561e-05
2.65714e-05
2.73009e-05
2.9549e-05
3.36764e-05
3.65995e-05
3.62116e-05
3.31206e-05
2.9001e-05
2.81936e-05
2.85795e-05
3.02307e-05
3.49716e-05
4.68967e-05
5.73465e-05
5.5075e-05
4.72783e-05
3.91508e-05
3.35041e-05
3.3395e-05
3.16805e-05
2.89338e-05
2.7381e-05
2.66572e-05
2.64251e-05
2.63518e-05
2.63206e-05
2.62942e-05
2.62828e-05
2.62842e-05
2.62931e-05
2.63223e-05
2.64033e-05
2.65983e-05
2.70037e-05
2.75815e-05
2.91004e-05
3.37379e-05
4.10539e-05
4.27711e-05
4.1062e-05
3.6688e-05
3.53527e-05
3.63727e-05
2.62756e-05
2.62756e-05
2.62756e-05
2.62756e-05
2.62756e-05
2.62756e-05
2.62756e-05
2.62756e-05
2.62756e-05
2.62756e-05
2.62756e-05
2.62756e-05
2.62756e-05
2.62756e-05
2.62756e-05
2.62756e-05
2.62756e-05
2.62756e-05
2.62756e-05
2.62756e-05
2.62756e-05
2.62756e-05
2.62756e-05
2.62756e-05
2.62756e-05
2.62756e-05
2.62756e-05
2.62756e-05
2.62759e-05
2.62776e-05
2.62844e-05
2.63106e-05
2.63871e-05
2.65614e-05
2.71474e-05
2.79394e-05
2.75293e-05
2.69447e-05
2.65756e-05
2.64057e-05
2.63298e-05
2.62975e-05
2.62841e-05
2.62788e-05
2.62768e-05
2.62761e-05
2.62758e-05
2.62757e-05
2.62756e-05
2.62756e-05
2.62756e-05
2.62756e-05
2.62756e-05
2.62759e-05
2.62771e-05
2.6283e-05
2.63084e-05
2.64118e-05
2.68069e-05
2.82054e-05
3.17263e-05
3.32698e-05
3.22585e-05
2.95481e-05
2.73134e-05
2.70148e-05
2.72068e-05
2.81406e-05
3.08265e-05
3.74762e-05
4.95445e-05
5.59618e-05
5.48827e-05
5.14766e-05
4.64512e-05
4.31576e-05
3.75934e-05
3.08789e-05
2.83177e-05
2.7116e-05
2.64875e-05
2.6328e-05
2.62916e-05
2.62806e-05
2.62781e-05
2.62807e-05
2.62904e-05
2.63218e-05
2.64153e-05
2.66742e-05
2.74898e-05
2.81996e-05
2.89956e-05
3.16056e-05
3.70586e-05
3.72195e-05
3.62348e-05
3.44655e-05
3.43885e-05
3.6012e-05
2.62756e-05
2.62756e-05
2.62756e-05
2.62756e-05
2.62756e-05
2.62756e-05
2.62756e-05
2.62756e-05
2.62756e-05
2.62756e-05
2.62756e-05
2.62756e-05
2.62756e-05
2.62756e-05
2.62756e-05
2.62756e-05
2.62756e-05
2.62756e-05
2.62756e-05
2.62756e-05
2.62756e-05
2.62756e-05
2.62756e-05
2.62756e-05
2.62756e-05
2.62756e-05
2.62756e-05
2.62756e-05
2.62756e-05
2.62757e-05
2.6276e-05
2.62774e-05
2.62813e-05
2.62897e-05
2.6318e-05
2.63407e-05
2.63147e-05
2.62937e-05
2.62831e-05
2.62786e-05
2.62768e-05
2.62761e-05
2.62758e-05
2.62756e-05
2.62756e-05
2.62756e-05
2.62756e-05
2.62756e-05
2.62756e-05
2.62756e-05
2.62756e-05
2.62756e-05
2.62756e-05
2.62756e-05
2.62757e-05
2.62766e-05
2.6282e-05
2.63057e-05
2.63999e-05
2.6751e-05
2.76351e-05
2.76594e-05
2.72202e-05
2.68087e-05
2.6531e-05
2.65003e-05
2.66128e-05
2.70706e-05
2.82795e-05
3.11377e-05
3.78781e-05
4.84525e-05
5.42481e-05
5.47412e-05
5.40476e-05
5.18099e-05
4.31954e-05
3.23019e-05
2.909e-05
2.77039e-05
2.66795e-05
2.63315e-05
2.62843e-05
2.6277e-05
2.62766e-05
2.62797e-05
2.62966e-05
2.63548e-05
2.65321e-05
2.69793e-05
2.83784e-05
2.9859e-05
3.00042e-05
3.08663e-05
3.2449e-05
3.23453e-05
3.24366e-05
3.27265e-05
3.36534e-05
3.64312e-05
2.62756e-05
2.62756e-05
2.62756e-05
2.62756e-05
2.62756e-05
2.62756e-05
2.62756e-05
2.62756e-05
2.62756e-05
2.62756e-05
2.62756e-05
2.62756e-05
2.62756e-05
2.62756e-05
2.62756e-05
2.62756e-05
2.62756e-05
2.62756e-05
2.62756e-05
2.62756e-05
2.62756e-05
2.62756e-05
2.62756e-05
2.62756e-05
2.62756e-05
2.62756e-05
2.62756e-05
2.62756e-05
2.62756e-05
2.62756e-05
2.62756e-05
2.62756e-05
2.62758e-05
2.6276e-05
2.62767e-05
2.6277e-05
2.62763e-05
2.62759e-05
2.62757e-05
2.62756e-05
2.62756e-05
2.62756e-05
2.62756e-05
2.62756e-05
2.62756e-05
2.62756e-05
2.62756e-05
2.62756e-05
2.62756e-05
2.62756e-05
2.62756e-05
2.62756e-05
2.62756e-05
2.62756e-05
2.62756e-05
2.62756e-05
2.62759e-05
2.62773e-05
2.62841e-05
2.63072e-05
2.63413e-05
2.63385e-05
2.63166e-05
2.63013e-05
2.62971e-05
2.6312e-05
2.63536e-05
2.64793e-05
2.68163e-05
2.76829e-05
2.99958e-05
3.66132e-05
4.6929e-05
5.10662e-05
5.04287e-05
4.77984e-05
3.97828e-05
3.18785e-05
2.93943e-05
2.81741e-05
2.69192e-05
2.63508e-05
2.62821e-05
2.62761e-05
2.62761e-05
2.62799e-05
2.63081e-05
2.64087e-05
2.67264e-05
2.75166e-05
2.93484e-05
3.16195e-05
3.11885e-05
3.09515e-05
3.11117e-05
3.2826e-05
3.42259e-05
3.47242e-05
3.45575e-05
3.71507e-05
2.62756e-05
2.62756e-05
2.62756e-05
2.62756e-05
2.62756e-05
2.62756e-05
2.62756e-05
2.62756e-05
2.62756e-05
2.62756e-05
2.62756e-05
2.62756e-05
2.62756e-05
2.62756e-05
2.62756e-05
2.62756e-05
2.62756e-05
2.62756e-05
2.62756e-05
2.62756e-05
2.62756e-05
2.62756e-05
2.62756e-05
2.62756e-05
2.62756e-05
2.62756e-05
2.62756e-05
2.62756e-05
2.62756e-05
2.62756e-05
2.62756e-05
2.62756e-05
2.62756e-05
2.62756e-05
2.62756e-05
2.62756e-05
2.62756e-05
2.62756e-05
2.62756e-05
2.62756e-05
2.62756e-05
2.62756e-05
2.62756e-05
2.62756e-05
2.62756e-05
2.62756e-05
2.62756e-05
2.62756e-05
2.62756e-05
2.62756e-05
2.62756e-05
2.62756e-05
2.62756e-05
2.62756e-05
2.62756e-05
2.62756e-05
2.62756e-05
2.62756e-05
2.62758e-05
2.62763e-05
2.6277e-05
2.6277e-05
2.62765e-05
2.62763e-05
2.62766e-05
2.62787e-05
2.6287e-05
2.63171e-05
2.63971e-05
2.66203e-05
2.72762e-05
2.9412e-05
3.48619e-05
3.60454e-05
3.48483e-05
3.29626e-05
3.10512e-05
2.98034e-05
2.92471e-05
2.83925e-05
2.70589e-05
2.63679e-05
2.62825e-05
2.6276e-05
2.62759e-05
2.62804e-05
2.63151e-05
2.6449e-05
2.69754e-05
2.86144e-05
2.96946e-05
3.21398e-05
3.2575e-05
3.24686e-05
3.34343e-05
3.8611e-05
4.24432e-05
4.14467e-05
3.73733e-05
3.92823e-05
2.62756e-05
2.62756e-05
2.62756e-05
2.62756e-05
2.62756e-05
2.62756e-05
2.62756e-05
2.62756e-05
2.62756e-05
2.62756e-05
2.62756e-05
2.62756e-05
2.62756e-05
2.62756e-05
2.62756e-05
2.62756e-05
2.62756e-05
2.62756e-05
2.62756e-05
2.62756e-05
2.62756e-05
2.62756e-05
2.62756e-05
2.62756e-05
2.62756e-05
2.62756e-05
2.62756e-05
2.62756e-05
2.62756e-05
2.62756e-05
2.62756e-05
2.62756e-05
2.62756e-05
2.62756e-05
2.62756e-05
2.62756e-05
2.62756e-05
2.62756e-05
2.62756e-05
2.62756e-05
2.62756e-05
2.62756e-05
2.62756e-05
2.62756e-05
2.62756e-05
2.62756e-05
2.62756e-05
2.62756e-05
2.62756e-05
2.62756e-05
2.62756e-05
2.62756e-05
2.62756e-05
2.62756e-05
2.62756e-05
2.62756e-05
2.62756e-05
2.62756e-05
2.62756e-05
2.62756e-05
2.62756e-05
2.62756e-05
2.62756e-05
2.62756e-05
2.62757e-05
2.62759e-05
2.6277e-05
2.62808e-05
2.62934e-05
2.63285e-05
2.64204e-05
2.66441e-05
2.7022e-05
2.71421e-05
2.7333e-05
2.77135e-05
2.82203e-05
2.86998e-05
2.86011e-05
2.79945e-05
2.69139e-05
2.63418e-05
2.62792e-05
2.62757e-05
2.62758e-05
2.6281e-05
2.63242e-05
2.65027e-05
2.77675e-05
3.1843e-05
3.47385e-05
3.63662e-05
3.74524e-05
3.83767e-05
3.88528e-05
3.93386e-05
4.85422e-05
5.1147e-05
4.26651e-05
4.21024e-05
2.62756e-05
2.62756e-05
2.62756e-05
2.62756e-05
2.62756e-05
2.62756e-05
2.62756e-05
2.62756e-05
2.62756e-05
2.62756e-05
2.62756e-05
2.62756e-05
2.62756e-05
2.62756e-05
2.62756e-05
2.62756e-05
2.62756e-05
2.62756e-05
2.62756e-05
2.62756e-05
2.62756e-05
2.62756e-05
2.62756e-05
2.62756e-05
2.62756e-05
2.62756e-05
2.62756e-05
2.62756e-05
2.62756e-05
2.62756e-05
2.62756e-05
2.62756e-05
2.62756e-05
2.62756e-05
2.62756e-05
2.62756e-05
2.62756e-05
2.62756e-05
2.62756e-05
2.62756e-05
2.62756e-05
2.62756e-05
2.62756e-05
2.62756e-05
2.62756e-05
2.62756e-05
2.62756e-05
2.62756e-05
2.62756e-05
2.62756e-05
2.62756e-05
2.62756e-05
2.62756e-05
2.62756e-05
2.62756e-05
2.62756e-05
2.62756e-05
2.62756e-05
2.62756e-05
2.62756e-05
2.62756e-05
2.62756e-05
2.62756e-05
2.62756e-05
2.62758e-05
2.62763e-05
2.62782e-05
2.62847e-05
2.63053e-05
2.63633e-05
2.6492e-05
2.66971e-05
2.69417e-05
2.7285e-05
2.78808e-05
2.84141e-05
2.83466e-05
2.80825e-05
2.74446e-05
2.671e-05
2.63571e-05
2.62845e-05
2.62761e-05
2.62756e-05
2.62756e-05
2.62787e-05
2.63046e-05
2.6343e-05
2.63693e-05
2.67699e-05
2.86129e-05
3.09854e-05
3.22392e-05
3.14766e-05
2.83856e-05
2.86633e-05
3.98649e-05
5.05788e-05
4.84017e-05
4.64214e-05
2.62756e-05
2.62756e-05
2.62756e-05
2.62756e-05
2.62756e-05
2.62756e-05
2.62756e-05
2.62756e-05
2.62756e-05
2.62756e-05
2.62756e-05
2.62756e-05
2.62756e-05
2.62756e-05
2.62756e-05
2.62756e-05
2.62756e-05
2.62756e-05
2.62756e-05
2.62756e-05
2.62756e-05
2.62756e-05
2.62756e-05
2.62756e-05
2.62756e-05
2.62756e-05
2.62756e-05
2.62756e-05
2.62756e-05
2.62756e-05
2.62756e-05
2.62756e-05
2.62756e-05
2.62756e-05
2.62756e-05
2.62756e-05
2.62756e-05
2.62756e-05
2.62756e-05
2.62756e-05
2.62756e-05
2.62756e-05
2.62756e-05
2.62756e-05
2.62756e-05
2.62756e-05
2.62756e-05
2.62756e-05
2.62756e-05
2.62756e-05
2.62756e-05
2.62756e-05
2.62756e-05
2.62756e-05
2.62756e-05
2.62756e-05
2.62756e-05
2.62756e-05
2.62756e-05
2.62756e-05
2.62756e-05
2.62756e-05
2.62756e-05
2.62756e-05
2.62756e-05
2.62758e-05
2.62767e-05
2.62799e-05
2.62914e-05
2.63312e-05
2.64637e-05
2.68575e-05
2.74519e-05
2.77982e-05
2.78037e-05
2.7583e-05
2.69844e-05
2.65064e-05
2.63799e-05
2.63191e-05
2.62867e-05
2.62765e-05
2.62756e-05
2.62756e-05
2.6276e-05
2.62917e-05
2.63801e-05
2.64787e-05
2.65402e-05
2.65882e-05
2.66292e-05
2.6675e-05
2.67528e-05
2.68807e-05
2.92814e-05
3.57777e-05
4.22297e-05
4.55288e-05
4.6182e-05
4.01959e-05
)
;

boundaryField
{
    AXIS
    {
        type            empty;
    }
    OUTLET
    {
        type            calculated;
        value           nonuniform List<scalar> 
50
(
3.14801e-05
3.53639e-05
3.86664e-05
4.22639e-05
4.68976e-05
5.21945e-05
5.67295e-05
5.91067e-05
5.95362e-05
5.96313e-05
6.03228e-05
6.08249e-05
6.08082e-05
6.05769e-05
6.04454e-05
6.06805e-05
6.13923e-05
6.24299e-05
6.3813e-05
6.5596e-05
6.79297e-05
7.10358e-05
7.51538e-05
7.96567e-05
8.433e-05
9.08023e-05
9.73558e-05
9.74977e-05
8.44912e-05
6.77768e-05
5.9642e-05
5.63583e-05
5.19532e-05
4.79767e-05
4.7203e-05
4.78582e-05
4.81671e-05
4.71085e-05
4.2423e-05
3.77121e-05
3.66986e-05
3.66326e-05
3.63727e-05
3.6012e-05
2.62756e-05
2.62756e-05
2.62756e-05
2.62756e-05
2.62756e-05
2.62756e-05
)
;
    }
    COFLOW
    {
        type            calculated;
        value           nonuniform List<scalar> 
30
(
2.62756e-05
2.62756e-05
2.62756e-05
2.62756e-05
2.62756e-05
2.62756e-05
2.62756e-05
2.62756e-05
2.62756e-05
2.62756e-05
2.62756e-05
2.62756e-05
2.62756e-05
2.62756e-05
2.62756e-05
2.62756e-05
2.62756e-05
2.62756e-05
2.62756e-05
2.62756e-05
2.62756e-05
2.62756e-05
2.62756e-05
2.62756e-05
2.62756e-05
2.62756e-05
2.62756e-05
2.62756e-05
2.62756e-05
2.62756e-05
)
;
    }
    PILOT
    {
        type            calculated;
        value           nonuniform List<scalar> 10(9.04281e-05 9.93151e-05 0.000100116 0.000100126 0.000100126 0.000100126 0.000100126 0.000100126 0.000100111 9.90064e-05);
    }
    FUEL
    {
        type            calculated;
        value           nonuniform List<scalar> 10(2.61542e-05 2.61542e-05 2.61542e-05 2.61542e-05 2.61542e-05 2.61542e-05 2.61542e-05 2.61542e-05 2.61542e-05 2.61542e-05);
    }
    WALL
    {
        type            calculated;
        value           nonuniform List<scalar> 
100
(
2.62756e-05
2.62756e-05
2.62756e-05
2.62756e-05
2.62756e-05
2.62756e-05
2.62756e-05
2.62756e-05
2.62756e-05
2.62756e-05
2.62756e-05
2.62756e-05
2.62756e-05
2.62756e-05
2.62756e-05
2.62756e-05
2.62756e-05
2.62756e-05
2.62756e-05
2.62756e-05
2.62756e-05
2.62756e-05
2.62756e-05
2.62756e-05
2.62756e-05
2.62756e-05
2.62756e-05
2.62756e-05
2.62756e-05
2.62756e-05
2.62756e-05
2.62756e-05
2.62756e-05
2.62756e-05
2.62756e-05
2.62756e-05
2.62756e-05
2.62756e-05
2.62756e-05
2.62756e-05
2.62756e-05
2.62756e-05
2.62756e-05
2.62756e-05
2.62756e-05
2.62756e-05
2.62756e-05
2.62756e-05
2.62756e-05
2.62756e-05
2.62756e-05
2.62756e-05
2.62756e-05
2.62756e-05
2.62756e-05
2.62756e-05
2.62756e-05
2.62756e-05
2.62756e-05
2.62756e-05
2.62756e-05
2.62756e-05
2.62756e-05
2.62756e-05
2.62756e-05
2.62758e-05
2.62767e-05
2.62799e-05
2.62914e-05
2.63312e-05
2.64637e-05
2.68575e-05
2.74519e-05
2.77982e-05
2.78037e-05
2.7583e-05
2.69844e-05
2.65064e-05
2.63799e-05
2.63191e-05
2.62867e-05
2.62765e-05
2.62756e-05
2.62756e-05
2.6276e-05
2.62917e-05
2.63801e-05
2.64787e-05
2.65402e-05
2.65882e-05
2.66292e-05
2.6675e-05
2.67528e-05
2.68807e-05
2.92814e-05
3.57777e-05
4.22297e-05
4.55288e-05
4.6182e-05
4.01959e-05
)
;
    }
    front
    {
        type            wedge;
    }
    back
    {
        type            wedge;
    }
}


// ************************************************************************* //
