/*--------------------------------*- C++ -*----------------------------------*\
| =========                 |                                                 |
| \\      /  F ield         | OpenFOAM: The Open Source CFD Toolbox           |
|  \\    /   O peration     | Version:  2.3.0                                 |
|   \\  /    A nd           | Web:      www.OpenFOAM.org                      |
|    \\/     M anipulation  |                                                 |
\*---------------------------------------------------------------------------*/
FoamFile
{
    version     2.0;
    format      ascii;
    class       volScalarField;
    location    "0.04";
    object      thermo:mu;
}
// * * * * * * * * * * * * * * * * * * * * * * * * * * * * * * * * * * * * * //

dimensions      [1 -1 -1 0 0 0 0];

internalField   nonuniform List<scalar> 
5000
(
1.81402e-05
1.81402e-05
1.81402e-05
1.81402e-05
1.81402e-05
1.81402e-05
1.81402e-05
1.81402e-05
1.81402e-05
1.81402e-05
1.81402e-05
1.81402e-05
1.81402e-05
1.81402e-05
1.81402e-05
1.81402e-05
1.81402e-05
1.81402e-05
1.81402e-05
1.81402e-05
1.81402e-05
1.81402e-05
1.81402e-05
1.81402e-05
1.81402e-05
1.81402e-05
1.81402e-05
1.81402e-05
1.81402e-05
1.81402e-05
1.81402e-05
1.81402e-05
1.81402e-05
1.81402e-05
1.81402e-05
1.81402e-05
1.81402e-05
1.81402e-05
1.81402e-05
1.81403e-05
1.81405e-05
1.8141e-05
1.81421e-05
1.81443e-05
1.8148e-05
1.81533e-05
1.81587e-05
1.81611e-05
1.81577e-05
1.81523e-05
1.81482e-05
1.81451e-05
1.81432e-05
1.81422e-05
1.8142e-05
1.81428e-05
1.81444e-05
1.81468e-05
1.81487e-05
1.81487e-05
1.81474e-05
1.8146e-05
1.81446e-05
1.81437e-05
1.81436e-05
1.81446e-05
1.81472e-05
1.81517e-05
1.81588e-05
1.81691e-05
1.81835e-05
1.81982e-05
1.82022e-05
1.81908e-05
1.81777e-05
1.81689e-05
1.81649e-05
1.81661e-05
1.81716e-05
1.81801e-05
1.81911e-05
1.82043e-05
1.8217e-05
1.82243e-05
1.82247e-05
1.82237e-05
1.82271e-05
1.82372e-05
1.82593e-05
1.8336e-05
1.84823e-05
1.86705e-05
1.88961e-05
1.9176e-05
1.95118e-05
1.98966e-05
2.03138e-05
2.07472e-05
2.12192e-05
2.18887e-05
1.81402e-05
1.81402e-05
1.81402e-05
1.81402e-05
1.81402e-05
1.81402e-05
1.81402e-05
1.81402e-05
1.81402e-05
1.81402e-05
1.81402e-05
1.81402e-05
1.81402e-05
1.81402e-05
1.81402e-05
1.81402e-05
1.81402e-05
1.81402e-05
1.81402e-05
1.81402e-05
1.81402e-05
1.81402e-05
1.81402e-05
1.81402e-05
1.81402e-05
1.81402e-05
1.81402e-05
1.81402e-05
1.81402e-05
1.81402e-05
1.81402e-05
1.81402e-05
1.81402e-05
1.81402e-05
1.81402e-05
1.81402e-05
1.81402e-05
1.81403e-05
1.81404e-05
1.8141e-05
1.81432e-05
1.81497e-05
1.81662e-05
1.82025e-05
1.82787e-05
1.84157e-05
1.86073e-05
1.87951e-05
1.87405e-05
1.85473e-05
1.83902e-05
1.82877e-05
1.82245e-05
1.81899e-05
1.81745e-05
1.81793e-05
1.82107e-05
1.82801e-05
1.83577e-05
1.8363e-05
1.83177e-05
1.82706e-05
1.82313e-05
1.82049e-05
1.81918e-05
1.81996e-05
1.82304e-05
1.82933e-05
1.84056e-05
1.85989e-05
1.89232e-05
1.93948e-05
1.98186e-05
1.95686e-05
1.90818e-05
1.87289e-05
1.8507e-05
1.83927e-05
1.83623e-05
1.83989e-05
1.84948e-05
1.86583e-05
1.88595e-05
1.89395e-05
1.88586e-05
1.87221e-05
1.86033e-05
1.84983e-05
1.84451e-05
1.85225e-05
1.87918e-05
1.92369e-05
1.97806e-05
2.03621e-05
2.09796e-05
2.16268e-05
2.22878e-05
2.29341e-05
2.35941e-05
2.46441e-05
1.81402e-05
1.81402e-05
1.81402e-05
1.81402e-05
1.81402e-05
1.81402e-05
1.81402e-05
1.81402e-05
1.81402e-05
1.81402e-05
1.81402e-05
1.81402e-05
1.81402e-05
1.81402e-05
1.81402e-05
1.81402e-05
1.81402e-05
1.81402e-05
1.81402e-05
1.81402e-05
1.81402e-05
1.81402e-05
1.81403e-05
1.81404e-05
1.81403e-05
1.81402e-05
1.81402e-05
1.81402e-05
1.81402e-05
1.81402e-05
1.81402e-05
1.81402e-05
1.81404e-05
1.81405e-05
1.81404e-05
1.81403e-05
1.81404e-05
1.81405e-05
1.81412e-05
1.81431e-05
1.81498e-05
1.81718e-05
1.82301e-05
1.83624e-05
1.86594e-05
1.93e-05
2.05012e-05
2.24501e-05
2.39219e-05
2.35959e-05
2.19095e-05
2.02692e-05
1.93754e-05
1.86817e-05
1.82918e-05
1.82824e-05
1.83969e-05
1.87783e-05
1.9574e-05
2.02536e-05
2.02228e-05
1.98601e-05
1.92202e-05
1.87037e-05
1.84236e-05
1.84197e-05
1.85389e-05
1.8862e-05
1.9428e-05
2.03238e-05
2.19098e-05
2.46214e-05
2.8299e-05
2.98792e-05
2.89549e-05
2.5351e-05
2.15995e-05
1.96149e-05
1.89917e-05
1.90499e-05
1.93747e-05
2.00087e-05
2.08808e-05
2.16557e-05
2.16759e-05
2.1373e-05
2.05845e-05
1.94339e-05
1.88232e-05
1.88638e-05
1.92198e-05
1.98957e-05
2.0707e-05
2.15537e-05
2.23885e-05
2.32183e-05
2.40336e-05
2.48111e-05
2.55897e-05
2.70004e-05
1.81402e-05
1.81402e-05
1.81402e-05
1.81402e-05
1.81402e-05
1.81402e-05
1.81402e-05
1.81402e-05
1.81402e-05
1.81402e-05
1.81402e-05
1.81402e-05
1.81402e-05
1.81402e-05
1.81402e-05
1.81402e-05
1.81402e-05
1.81402e-05
1.81402e-05
1.81403e-05
1.81406e-05
1.81419e-05
1.81453e-05
1.81476e-05
1.81443e-05
1.81419e-05
1.81409e-05
1.81405e-05
1.81403e-05
1.81403e-05
1.81407e-05
1.81419e-05
1.81452e-05
1.81491e-05
1.81475e-05
1.81443e-05
1.81426e-05
1.81422e-05
1.81439e-05
1.81494e-05
1.8168e-05
1.82298e-05
1.83991e-05
1.87808e-05
1.9524e-05
2.07343e-05
2.25755e-05
2.51881e-05
2.85336e-05
3.12932e-05
3.12392e-05
2.92186e-05
2.41934e-05
1.97967e-05
1.85464e-05
1.84994e-05
1.86891e-05
1.92949e-05
2.04416e-05
2.20992e-05
2.31393e-05
2.30311e-05
2.21311e-05
2.03705e-05
1.90602e-05
1.89877e-05
1.93543e-05
2.03724e-05
2.2007e-05
2.4106e-05
2.66695e-05
2.98887e-05
3.38309e-05
3.80796e-05
3.94497e-05
3.79414e-05
3.21072e-05
2.36062e-05
2.01322e-05
1.99741e-05
2.03008e-05
2.11574e-05
2.24068e-05
2.39601e-05
2.47594e-05
2.46075e-05
2.38485e-05
2.18364e-05
1.97444e-05
1.94384e-05
1.97394e-05
2.04959e-05
2.15114e-05
2.25929e-05
2.36885e-05
2.4791e-05
2.58726e-05
2.68725e-05
2.78205e-05
2.95802e-05
1.81402e-05
1.81402e-05
1.81402e-05
1.81402e-05
1.81402e-05
1.81402e-05
1.81402e-05
1.81402e-05
1.81402e-05
1.81402e-05
1.81402e-05
1.81402e-05
1.81402e-05
1.81402e-05
1.81402e-05
1.81402e-05
1.81402e-05
1.81403e-05
1.81405e-05
1.81419e-05
1.81484e-05
1.81753e-05
1.82505e-05
1.83245e-05
1.82517e-05
1.81889e-05
1.81602e-05
1.81481e-05
1.81437e-05
1.81438e-05
1.81504e-05
1.81733e-05
1.82373e-05
1.83321e-05
1.83041e-05
1.82349e-05
1.81918e-05
1.81681e-05
1.81604e-05
1.81723e-05
1.82181e-05
1.83812e-05
1.88007e-05
1.9627e-05
2.0887e-05
2.25831e-05
2.4705e-05
2.73071e-05
3.04345e-05
3.42553e-05
3.72537e-05
3.68298e-05
3.26025e-05
2.37939e-05
1.93293e-05
1.89352e-05
1.91561e-05
1.98816e-05
2.11503e-05
2.29767e-05
2.50835e-05
2.57409e-05
2.52351e-05
2.3171e-05
2.06169e-05
2.03176e-05
2.10095e-05
2.28673e-05
2.54401e-05
2.81752e-05
3.09956e-05
3.41176e-05
3.77409e-05
4.17904e-05
4.52211e-05
4.51968e-05
4.24961e-05
3.36123e-05
2.34065e-05
2.10409e-05
2.11704e-05
2.19222e-05
2.32885e-05
2.51615e-05
2.71488e-05
2.75321e-05
2.71078e-05
2.50957e-05
2.15091e-05
2.01794e-05
2.0385e-05
2.11634e-05
2.23648e-05
2.37306e-05
2.51376e-05
2.6591e-05
2.80562e-05
2.94212e-05
3.06851e-05
3.29168e-05
1.81402e-05
1.81402e-05
1.81402e-05
1.81402e-05
1.81402e-05
1.81402e-05
1.81402e-05
1.81402e-05
1.81402e-05
1.81402e-05
1.81402e-05
1.81402e-05
1.81402e-05
1.81403e-05
1.81403e-05
1.81403e-05
1.81405e-05
1.81414e-05
1.81456e-05
1.81642e-05
1.82372e-05
1.85148e-05
1.94455e-05
2.13058e-05
2.03618e-05
1.9189e-05
1.85851e-05
1.83194e-05
1.82153e-05
1.8183e-05
1.82023e-05
1.83049e-05
1.87439e-05
2.01672e-05
2.04009e-05
1.96247e-05
1.89688e-05
1.85758e-05
1.83429e-05
1.82683e-05
1.83568e-05
1.87508e-05
1.96502e-05
2.10847e-05
2.29761e-05
2.51318e-05
2.74814e-05
3.01594e-05
3.32027e-05
3.67308e-05
4.09927e-05
4.23017e-05
4.01891e-05
3.20543e-05
2.21808e-05
1.98325e-05
1.9967e-05
2.07496e-05
2.22642e-05
2.4326e-05
2.67975e-05
2.83509e-05
2.81021e-05
2.61399e-05
2.27447e-05
2.20661e-05
2.29054e-05
2.51937e-05
2.82765e-05
3.14416e-05
3.46479e-05
3.81877e-05
4.22949e-05
4.62213e-05
4.91073e-05
4.93456e-05
4.8363e-05
4.32348e-05
3.17859e-05
2.31735e-05
2.23267e-05
2.27917e-05
2.41097e-05
2.61461e-05
2.87259e-05
3.05265e-05
3.04382e-05
2.88046e-05
2.42148e-05
2.11697e-05
2.11849e-05
2.18951e-05
2.32377e-05
2.48982e-05
2.66998e-05
2.86283e-05
3.06106e-05
3.2481e-05
3.4153e-05
3.67441e-05
1.81402e-05
1.81402e-05
1.81402e-05
1.81402e-05
1.81402e-05
1.81402e-05
1.81402e-05
1.81402e-05
1.81402e-05
1.81403e-05
1.81404e-05
1.81406e-05
1.81414e-05
1.81422e-05
1.81422e-05
1.81426e-05
1.8145e-05
1.81528e-05
1.81738e-05
1.82439e-05
1.85396e-05
1.96222e-05
2.30694e-05
3.17223e-05
3.57243e-05
3.10278e-05
2.42919e-05
2.09384e-05
1.91506e-05
1.83765e-05
1.83833e-05
1.86719e-05
1.97978e-05
2.26985e-05
2.68416e-05
2.6871e-05
2.45858e-05
2.13316e-05
1.93833e-05
1.85891e-05
1.86619e-05
1.92447e-05
2.0574e-05
2.26073e-05
2.50843e-05
2.77204e-05
3.0454e-05
3.34963e-05
3.69196e-05
4.05043e-05
4.47313e-05
4.76553e-05
4.67608e-05
4.15264e-05
2.98889e-05
2.19426e-05
2.15469e-05
2.23034e-05
2.41364e-05
2.66199e-05
2.952e-05
3.17103e-05
3.158e-05
2.94537e-05
2.51191e-05
2.39119e-05
2.47341e-05
2.71574e-05
3.06231e-05
3.44108e-05
3.84864e-05
4.30466e-05
4.77711e-05
5.11507e-05
5.17971e-05
5.14494e-05
5.05812e-05
4.819e-05
4.05369e-05
2.82727e-05
2.395e-05
2.41146e-05
2.52721e-05
2.74977e-05
3.03621e-05
3.32468e-05
3.38669e-05
3.27334e-05
2.7837e-05
2.26699e-05
2.21624e-05
2.27435e-05
2.41697e-05
2.61395e-05
2.84025e-05
3.08625e-05
3.33902e-05
3.57883e-05
3.76724e-05
4.00231e-05
1.81404e-05
1.81404e-05
1.81403e-05
1.81403e-05
1.81404e-05
1.81407e-05
1.81412e-05
1.8142e-05
1.81429e-05
1.8144e-05
1.81465e-05
1.81543e-05
1.81731e-05
1.81947e-05
1.8193e-05
1.81861e-05
1.81894e-05
1.82155e-05
1.82862e-05
1.84663e-05
1.92051e-05
2.14289e-05
2.7202e-05
3.76679e-05
4.91361e-05
5.05769e-05
4.56004e-05
3.37675e-05
2.20491e-05
1.89886e-05
1.89099e-05
1.94426e-05
2.11993e-05
2.48368e-05
3.04681e-05
3.6304e-05
3.56725e-05
3.06718e-05
2.32062e-05
1.94644e-05
1.92421e-05
1.9889e-05
2.15994e-05
2.42274e-05
2.73352e-05
3.06124e-05
3.39431e-05
3.75794e-05
4.15476e-05
4.53198e-05
4.91105e-05
5.27473e-05
5.27909e-05
5.01595e-05
4.11459e-05
2.74507e-05
2.42855e-05
2.48461e-05
2.66939e-05
2.94225e-05
3.26385e-05
3.56106e-05
3.56836e-05
3.34122e-05
2.79135e-05
2.58254e-05
2.65671e-05
2.90889e-05
3.30314e-05
3.76811e-05
4.2893e-05
4.83938e-05
5.30006e-05
5.416e-05
5.3665e-05
5.16661e-05
4.9824e-05
4.81837e-05
4.38232e-05
3.32314e-05
2.6277e-05
2.60263e-05
2.70296e-05
2.95092e-05
3.28036e-05
3.60407e-05
3.72343e-05
3.64797e-05
3.18599e-05
2.48937e-05
2.33232e-05
2.37833e-05
2.5208e-05
2.74805e-05
3.02602e-05
3.32879e-05
3.62564e-05
3.88107e-05
4.04012e-05
4.17428e-05
1.81769e-05
1.81707e-05
1.81567e-05
1.81511e-05
1.81534e-05
1.8163e-05
1.8185e-05
1.82222e-05
1.82595e-05
1.82894e-05
1.83402e-05
1.84702e-05
1.87762e-05
1.92042e-05
1.93213e-05
1.90767e-05
1.88632e-05
1.87487e-05
1.88105e-05
1.91147e-05
2.02495e-05
2.35956e-05
3.07513e-05
4.22189e-05
5.38745e-05
6.11248e-05
5.98308e-05
4.95999e-05
3.37495e-05
2.14655e-05
2.0335e-05
2.10924e-05
2.36254e-05
2.83043e-05
3.43609e-05
4.16869e-05
4.5096e-05
4.22998e-05
3.29618e-05
2.246e-05
2.02121e-05
2.07554e-05
2.26516e-05
2.57936e-05
2.96714e-05
3.39349e-05
3.82388e-05
4.26431e-05
4.70613e-05
5.08898e-05
5.39791e-05
5.68529e-05
5.73354e-05
5.6077e-05
4.93041e-05
3.4151e-05
2.79604e-05
2.82454e-05
2.99674e-05
3.27261e-05
3.60264e-05
3.95298e-05
4.00037e-05
3.77991e-05
3.12105e-05
2.78864e-05
2.85191e-05
3.1163e-05
3.57225e-05
4.13054e-05
4.74794e-05
5.32595e-05
5.64648e-05
5.65216e-05
5.42519e-05
4.91716e-05
4.63686e-05
4.52414e-05
4.26476e-05
3.52279e-05
2.87289e-05
2.82042e-05
2.91968e-05
3.20104e-05
3.60235e-05
3.92804e-05
4.02105e-05
3.96489e-05
3.57055e-05
2.76866e-05
2.47353e-05
2.50526e-05
2.64407e-05
2.89671e-05
3.22098e-05
3.57403e-05
3.88538e-05
4.10562e-05
4.19212e-05
4.20534e-05
1.95082e-05
2.00732e-05
1.95714e-05
1.92347e-05
1.92189e-05
1.94264e-05
1.99521e-05
2.08311e-05
2.18023e-05
2.23792e-05
2.28249e-05
2.35999e-05
2.51445e-05
2.84941e-05
3.23648e-05
3.10369e-05
2.8098e-05
2.47971e-05
2.15062e-05
2.12393e-05
2.25854e-05
2.68494e-05
3.53414e-05
4.67871e-05
5.87618e-05
6.38713e-05
6.36547e-05
6.13069e-05
4.69275e-05
2.92684e-05
2.32046e-05
2.39523e-05
2.72695e-05
3.37362e-05
4.11428e-05
4.79099e-05
5.30366e-05
5.1928e-05
4.44007e-05
3.03461e-05
2.20897e-05
2.21577e-05
2.39876e-05
2.7677e-05
3.26754e-05
3.84533e-05
4.39059e-05
4.88343e-05
5.28495e-05
5.52761e-05
5.72728e-05
5.88488e-05
5.88539e-05
5.78906e-05
5.27535e-05
3.86892e-05
3.23795e-05
3.25644e-05
3.44015e-05
3.716e-05
4.01564e-05
4.37091e-05
4.45182e-05
4.24191e-05
3.50113e-05
3.01834e-05
3.06714e-05
3.3463e-05
3.86195e-05
4.50484e-05
5.18342e-05
5.70419e-05
5.84903e-05
5.78266e-05
5.29602e-05
4.568e-05
4.33034e-05
4.2631e-05
4.09143e-05
3.57115e-05
3.09112e-05
3.05856e-05
3.17298e-05
3.50221e-05
3.97186e-05
4.26121e-05
4.27543e-05
4.22084e-05
3.88175e-05
3.06482e-05
2.63885e-05
2.65498e-05
2.78592e-05
3.05593e-05
3.42066e-05
3.81064e-05
4.12693e-05
4.26154e-05
4.26709e-05
4.21222e-05
6.6587e-05
6.05347e-05
5.32802e-05
4.92999e-05
4.45662e-05
3.91645e-05
3.89157e-05
4.24836e-05
4.93845e-05
4.91463e-05
4.51241e-05
3.90987e-05
3.87816e-05
4.35226e-05
5.24876e-05
5.357e-05
4.92203e-05
4.11532e-05
2.84205e-05
2.52807e-05
2.66241e-05
3.17101e-05
4.132e-05
5.35283e-05
6.38802e-05
6.3451e-05
6.1133e-05
6.11167e-05
5.68956e-05
3.80352e-05
2.78856e-05
2.86014e-05
3.30984e-05
4.13855e-05
4.92312e-05
5.45064e-05
5.82686e-05
5.82228e-05
5.4567e-05
4.11019e-05
2.60323e-05
2.42571e-05
2.5879e-05
3.01889e-05
3.66639e-05
4.41121e-05
5.00767e-05
5.39475e-05
5.55635e-05
5.61224e-05
5.68537e-05
5.79787e-05
5.7989e-05
5.67421e-05
5.05737e-05
4.06819e-05
3.76726e-05
3.82809e-05
4.08606e-05
4.35158e-05
4.56823e-05
4.85094e-05
4.92215e-05
4.70446e-05
3.87287e-05
3.26454e-05
3.30408e-05
3.6079e-05
4.18387e-05
4.89172e-05
5.55919e-05
5.93837e-05
5.96888e-05
5.81811e-05
5.0387e-05
4.22517e-05
4.08712e-05
4.05451e-05
3.92151e-05
3.52713e-05
3.25539e-05
3.26774e-05
3.43429e-05
3.83233e-05
4.34008e-05
4.53723e-05
4.5239e-05
4.44941e-05
4.13808e-05
3.34683e-05
2.82567e-05
2.82719e-05
2.95038e-05
3.23313e-05
3.63024e-05
4.04227e-05
4.3319e-05
4.40672e-05
4.39783e-05
4.26222e-05
7.10561e-05
7.00463e-05
6.90569e-05
6.86171e-05
6.45678e-05
5.75483e-05
5.79993e-05
6.31828e-05
6.48839e-05
6.08389e-05
5.25776e-05
4.93401e-05
5.18956e-05
6.06341e-05
6.33781e-05
6.24235e-05
5.83519e-05
4.91321e-05
3.39184e-05
3.01412e-05
3.20635e-05
3.85947e-05
4.78079e-05
6.27046e-05
6.57861e-05
6.07586e-05
4.97192e-05
5.09243e-05
5.08962e-05
4.03794e-05
3.29217e-05
3.45903e-05
4.09292e-05
4.99908e-05
5.68158e-05
5.6861e-05
5.64187e-05
5.73356e-05
5.62131e-05
4.85217e-05
3.12057e-05
2.67928e-05
2.84154e-05
3.35487e-05
4.15434e-05
5.00806e-05
5.45338e-05
5.41181e-05
5.19921e-05
5.14644e-05
5.24481e-05
5.45667e-05
5.49829e-05
5.27499e-05
4.65341e-05
4.37762e-05
4.38344e-05
4.56773e-05
4.88729e-05
5.10789e-05
5.23459e-05
5.38182e-05
5.38892e-05
5.15091e-05
4.22766e-05
3.52944e-05
3.56909e-05
3.90351e-05
4.53975e-05
5.27625e-05
5.86035e-05
6.08923e-05
6.05923e-05
5.81557e-05
4.85153e-05
3.96428e-05
3.85377e-05
3.83775e-05
3.7349e-05
3.47373e-05
3.396e-05
3.46052e-05
3.71749e-05
4.20368e-05
4.66696e-05
4.75368e-05
4.72343e-05
4.63407e-05
4.347e-05
3.606e-05
3.026e-05
3.01338e-05
3.13248e-05
3.42868e-05
3.85156e-05
4.29323e-05
4.55793e-05
4.58991e-05
4.54791e-05
4.29851e-05
7.09849e-05
7.11728e-05
7.12055e-05
7.07167e-05
6.95121e-05
6.88464e-05
6.89057e-05
6.94964e-05
6.95518e-05
6.78035e-05
6.4898e-05
6.42328e-05
6.66378e-05
6.83431e-05
6.68513e-05
6.00875e-05
5.12045e-05
4.24165e-05
3.62602e-05
3.58954e-05
3.91308e-05
4.47657e-05
5.74205e-05
6.82959e-05
6.77263e-05
5.79555e-05
4.51933e-05
4.14828e-05
4.09076e-05
3.70761e-05
3.70145e-05
4.14954e-05
4.93752e-05
5.73217e-05
5.72787e-05
5.17873e-05
5.05882e-05
5.31293e-05
5.43495e-05
5.00432e-05
3.47879e-05
2.95902e-05
3.14909e-05
3.78424e-05
4.72061e-05
5.43903e-05
5.35861e-05
4.90923e-05
4.59583e-05
4.64427e-05
4.86853e-05
5.14318e-05
5.1136e-05
4.84507e-05
4.70033e-05
4.78609e-05
5.03489e-05
5.2609e-05
5.34606e-05
5.42486e-05
5.54094e-05
5.61135e-05
5.56602e-05
5.35846e-05
4.43795e-05
3.78476e-05
3.84966e-05
4.24143e-05
4.92579e-05
5.62051e-05
6.09749e-05
6.19504e-05
6.13831e-05
5.82604e-05
4.81019e-05
3.81342e-05
3.61583e-05
3.57442e-05
3.49927e-05
3.45218e-05
3.49402e-05
3.6812e-05
4.07549e-05
4.61341e-05
4.90158e-05
4.88325e-05
4.81319e-05
4.70748e-05
4.47228e-05
3.82268e-05
3.22744e-05
3.20261e-05
3.32703e-05
3.64559e-05
4.10684e-05
4.57771e-05
4.79433e-05
4.7864e-05
4.65906e-05
4.2973e-05
7.09218e-05
7.09557e-05
7.10355e-05
7.11685e-05
7.11886e-05
7.10969e-05
7.10694e-05
7.10544e-05
7.08909e-05
7.00692e-05
6.95087e-05
6.9456e-05
7.00389e-05
7.04053e-05
6.93921e-05
6.41818e-05
5.25935e-05
4.54488e-05
4.26354e-05
4.3158e-05
4.63772e-05
5.52401e-05
6.70823e-05
7.01841e-05
6.93849e-05
5.68565e-05
4.15537e-05
3.73268e-05
3.76238e-05
3.88825e-05
4.23534e-05
4.83664e-05
5.73835e-05
5.98021e-05
5.28706e-05
4.60394e-05
4.60029e-05
4.87052e-05
5.16761e-05
4.84461e-05
3.58777e-05
3.23689e-05
3.52981e-05
4.34092e-05
5.32555e-05
5.494e-05
4.9249e-05
4.24876e-05
4.20662e-05
4.36145e-05
4.69663e-05
4.81256e-05
4.76598e-05
4.77348e-05
4.90223e-05
5.27962e-05
5.35611e-05
5.16405e-05
4.88216e-05
4.92488e-05
5.17764e-05
5.4854e-05
5.50183e-05
5.30614e-05
4.46806e-05
4.02893e-05
4.15491e-05
4.62254e-05
5.31078e-05
5.92075e-05
6.2649e-05
6.30524e-05
6.24421e-05
5.93501e-05
5.01887e-05
3.79981e-05
3.45524e-05
3.42709e-05
3.44016e-05
3.49007e-05
3.65592e-05
4.00113e-05
4.51788e-05
4.98257e-05
5.02333e-05
4.92436e-05
4.77077e-05
4.64386e-05
4.45145e-05
3.94035e-05
3.4074e-05
3.38644e-05
3.53282e-05
3.89018e-05
4.40773e-05
4.89028e-05
5.03055e-05
4.96251e-05
4.70535e-05
4.28058e-05
7.09171e-05
7.09197e-05
7.09307e-05
7.09564e-05
7.09973e-05
7.10344e-05
7.10638e-05
7.11128e-05
7.10984e-05
7.09965e-05
7.08752e-05
7.08635e-05
7.10188e-05
7.11453e-05
7.03869e-05
6.88936e-05
6.21254e-05
5.41635e-05
5.02946e-05
5.17094e-05
5.79862e-05
6.68724e-05
6.92138e-05
7.03539e-05
7.00113e-05
6.39299e-05
4.63691e-05
4.1794e-05
4.18455e-05
4.36074e-05
4.96546e-05
5.85865e-05
6.21795e-05
5.9418e-05
4.78305e-05
4.32614e-05
4.37911e-05
4.66377e-05
4.90943e-05
4.57744e-05
3.59878e-05
3.51533e-05
3.98912e-05
4.95041e-05
5.68096e-05
5.42539e-05
4.37113e-05
3.94161e-05
3.98504e-05
4.19944e-05
4.44436e-05
4.5747e-05
4.70339e-05
4.95825e-05
5.39189e-05
5.44929e-05
5.10457e-05
4.49976e-05
4.31223e-05
4.38204e-05
4.66156e-05
5.15349e-05
5.34818e-05
5.14344e-05
4.45339e-05
4.27645e-05
4.4947e-05
5.04038e-05
5.65818e-05
6.19237e-05
6.40744e-05
6.45003e-05
6.4109e-05
6.12263e-05
5.30137e-05
4.01453e-05
3.53357e-05
3.48569e-05
3.50982e-05
3.64071e-05
3.95667e-05
4.43985e-05
4.99604e-05
5.20446e-05
5.09766e-05
4.79832e-05
4.55929e-05
4.45668e-05
4.34271e-05
3.95421e-05
3.55001e-05
3.55663e-05
3.74844e-05
4.17017e-05
4.74234e-05
5.1988e-05
5.25635e-05
5.09116e-05
4.69464e-05
4.27108e-05
7.0917e-05
7.09143e-05
7.09105e-05
7.09054e-05
7.08977e-05
7.08803e-05
7.08449e-05
7.07868e-05
7.06886e-05
7.05781e-05
7.04533e-05
7.03281e-05
7.02716e-05
7.03516e-05
7.03179e-05
6.98941e-05
6.89081e-05
6.61446e-05
6.16871e-05
6.44191e-05
6.84501e-05
6.82193e-05
6.82271e-05
6.83062e-05
6.93099e-05
6.8672e-05
5.89863e-05
5.03588e-05
4.94387e-05
5.34871e-05
6.13003e-05
6.57815e-05
6.48554e-05
5.72958e-05
4.44933e-05
4.13184e-05
4.24348e-05
4.57073e-05
4.67067e-05
4.2568e-05
3.65191e-05
3.80938e-05
4.50981e-05
5.48893e-05
5.83478e-05
5.21675e-05
4.05638e-05
3.84242e-05
3.88753e-05
4.05351e-05
4.31263e-05
4.59814e-05
4.95404e-05
5.46766e-05
5.63568e-05
5.3019e-05
4.47171e-05
4.11999e-05
4.12413e-05
4.20101e-05
4.44959e-05
4.92911e-05
5.12145e-05
4.91086e-05
4.48949e-05
4.52273e-05
4.88623e-05
5.43352e-05
6.01682e-05
6.41057e-05
6.56111e-05
6.62693e-05
6.61463e-05
6.35413e-05
5.57973e-05
4.35275e-05
3.7572e-05
3.68313e-05
3.72153e-05
3.9328e-05
4.36437e-05
4.92907e-05
5.3564e-05
5.35777e-05
5.03941e-05
4.58966e-05
4.3714e-05
4.2948e-05
4.20687e-05
3.91029e-05
3.66538e-05
3.71573e-05
3.98243e-05
4.4836e-05
5.09682e-05
5.45734e-05
5.45051e-05
5.1705e-05
4.67786e-05
4.28807e-05
7.09144e-05
7.0904e-05
7.08863e-05
7.0856e-05
7.07965e-05
7.06909e-05
7.0527e-05
7.03094e-05
7.00296e-05
6.97127e-05
6.93862e-05
6.90195e-05
6.87372e-05
6.86093e-05
6.84618e-05
6.87716e-05
6.87474e-05
6.84934e-05
6.87719e-05
6.83095e-05
6.72413e-05
6.55783e-05
6.45214e-05
6.42242e-05
6.60536e-05
6.87721e-05
6.84755e-05
6.53446e-05
6.35746e-05
6.6311e-05
6.87268e-05
6.93223e-05
6.66431e-05
5.5537e-05
4.32488e-05
3.95978e-05
4.07488e-05
4.37164e-05
4.34799e-05
3.91011e-05
3.80542e-05
4.21549e-05
5.01997e-05
5.90061e-05
5.94078e-05
5.07778e-05
3.99926e-05
3.90935e-05
4.00335e-05
4.20083e-05
4.51479e-05
4.91517e-05
5.44276e-05
5.81085e-05
5.7528e-05
4.97284e-05
4.18476e-05
4.04715e-05
4.0762e-05
4.19235e-05
4.49318e-05
4.86199e-05
4.89705e-05
4.7043e-05
4.61145e-05
4.81726e-05
5.2853e-05
5.80683e-05
6.35424e-05
6.59918e-05
6.72639e-05
6.81776e-05
6.81349e-05
6.58174e-05
5.84601e-05
4.76751e-05
4.11458e-05
4.02141e-05
4.07513e-05
4.3466e-05
4.83995e-05
5.38096e-05
5.5863e-05
5.46269e-05
4.91628e-05
4.4285e-05
4.26086e-05
4.19067e-05
4.09103e-05
3.85545e-05
3.77046e-05
3.88176e-05
4.2486e-05
4.8269e-05
5.42522e-05
5.67236e-05
5.61277e-05
5.2414e-05
4.71567e-05
4.33951e-05
7.08995e-05
7.08511e-05
7.07634e-05
7.06265e-05
7.04151e-05
7.00639e-05
6.9525e-05
6.89156e-05
6.82703e-05
6.76968e-05
6.71646e-05
6.66324e-05
6.62007e-05
6.58708e-05
6.54261e-05
6.55381e-05
6.5801e-05
6.5944e-05
6.62846e-05
6.48372e-05
6.30093e-05
6.10242e-05
5.98176e-05
5.91152e-05
6.03731e-05
6.41746e-05
6.65515e-05
6.7682e-05
6.83991e-05
6.87572e-05
6.97746e-05
7.04731e-05
6.82489e-05
5.85583e-05
4.57236e-05
3.88842e-05
3.85949e-05
3.94497e-05
3.90853e-05
3.85683e-05
4.08419e-05
4.69589e-05
5.60744e-05
6.22292e-05
6.03044e-05
5.15977e-05
4.46536e-05
4.34249e-05
4.4158e-05
4.63716e-05
4.93642e-05
5.39955e-05
5.94154e-05
6.02154e-05
5.75463e-05
4.88118e-05
4.25306e-05
4.09848e-05
4.11612e-05
4.23035e-05
4.52035e-05
4.72429e-05
4.70699e-05
4.68031e-05
4.79428e-05
5.17845e-05
5.64832e-05
6.22926e-05
6.6173e-05
6.77593e-05
6.89312e-05
6.97758e-05
6.9732e-05
6.77694e-05
6.17768e-05
5.21129e-05
4.58968e-05
4.47623e-05
4.54239e-05
4.8434e-05
5.32662e-05
5.7165e-05
5.76275e-05
5.52164e-05
4.83061e-05
4.33945e-05
4.18556e-05
4.10837e-05
3.99353e-05
3.8535e-05
3.8709e-05
4.08001e-05
4.55234e-05
5.19072e-05
5.70651e-05
5.83574e-05
5.74479e-05
5.34574e-05
4.81955e-05
4.41446e-05
7.07626e-05
7.04735e-05
7.01078e-05
6.95521e-05
6.87477e-05
6.75786e-05
6.62175e-05
6.49514e-05
6.39004e-05
6.32199e-05
6.26655e-05
6.21223e-05
6.16163e-05
6.11348e-05
6.05211e-05
6.06397e-05
6.07897e-05
6.08193e-05
6.10328e-05
5.9679e-05
5.79584e-05
5.59323e-05
5.45416e-05
5.3169e-05
5.36119e-05
5.64414e-05
5.91762e-05
6.20477e-05
6.46665e-05
6.61994e-05
6.81545e-05
7.01834e-05
6.97764e-05
6.4236e-05
4.91485e-05
4.07717e-05
3.85456e-05
3.8626e-05
3.90154e-05
4.03397e-05
4.51754e-05
5.24957e-05
6.29748e-05
6.53378e-05
6.26716e-05
5.52375e-05
5.01493e-05
4.85671e-05
4.97087e-05
5.31148e-05
5.7415e-05
6.14685e-05
6.2624e-05
6.17895e-05
5.83178e-05
5.26031e-05
4.73391e-05
4.34124e-05
4.2342e-05
4.27672e-05
4.43831e-05
4.58376e-05
4.66895e-05
4.7816e-05
5.07888e-05
5.51212e-05
6.09905e-05
6.58334e-05
6.82784e-05
6.93984e-05
7.02806e-05
7.08188e-05
7.07557e-05
6.93313e-05
6.49491e-05
5.65945e-05
5.11633e-05
5.00909e-05
5.07511e-05
5.34756e-05
5.73628e-05
5.91486e-05
5.8918e-05
5.57664e-05
4.80669e-05
4.30569e-05
4.13486e-05
4.04314e-05
3.9484e-05
3.90642e-05
3.99774e-05
4.32683e-05
4.89382e-05
5.52102e-05
5.91025e-05
5.96345e-05
5.85657e-05
5.4927e-05
4.98942e-05
4.5143e-05
6.89843e-05
6.70553e-05
6.54925e-05
6.41937e-05
6.26312e-05
6.04057e-05
5.81783e-05
5.65819e-05
5.56342e-05
5.52674e-05
5.4891e-05
5.43791e-05
5.37653e-05
5.31949e-05
5.27513e-05
5.32814e-05
5.38761e-05
5.42537e-05
5.47844e-05
5.38935e-05
5.23538e-05
5.0209e-05
4.83629e-05
4.62994e-05
4.61857e-05
4.79046e-05
5.03391e-05
5.39588e-05
5.79883e-05
6.07705e-05
6.41202e-05
6.7625e-05
6.95278e-05
6.852e-05
5.57635e-05
4.52895e-05
4.11753e-05
4.05978e-05
4.13897e-05
4.4492e-05
5.04033e-05
6.08842e-05
6.79592e-05
6.84687e-05
6.68815e-05
6.31045e-05
6.01119e-05
5.89842e-05
6.00944e-05
6.28305e-05
6.50758e-05
6.59283e-05
6.57055e-05
6.42947e-05
6.10038e-05
5.6274e-05
5.18896e-05
4.69593e-05
4.4119e-05
4.38716e-05
4.46215e-05
4.5977e-05
4.74698e-05
5.00121e-05
5.40176e-05
5.94769e-05
6.53459e-05
6.84456e-05
6.98591e-05
7.05508e-05
7.11033e-05
7.139e-05
7.1365e-05
7.03921e-05
6.736e-05
6.19319e-05
5.6377e-05
5.51876e-05
5.57792e-05
5.7881e-05
6.01423e-05
6.06609e-05
6.00251e-05
5.68802e-05
4.90835e-05
4.31628e-05
4.11831e-05
4.02734e-05
3.97136e-05
3.99414e-05
4.18244e-05
4.62884e-05
5.25555e-05
5.79979e-05
6.08047e-05
6.09245e-05
5.96402e-05
5.6791e-05
5.2093e-05
4.64259e-05
3.18058e-05
4.08671e-05
4.44621e-05
4.52018e-05
4.45417e-05
4.35042e-05
4.30148e-05
4.28819e-05
4.30012e-05
4.32382e-05
4.30782e-05
4.26809e-05
4.23653e-05
4.25313e-05
4.3083e-05
4.4393e-05
4.56649e-05
4.64427e-05
4.73155e-05
4.66325e-05
4.51099e-05
4.28281e-05
4.0702e-05
3.87875e-05
3.87759e-05
4.03014e-05
4.30132e-05
4.72497e-05
5.13774e-05
5.46085e-05
5.8694e-05
6.22234e-05
6.59204e-05
6.88388e-05
6.41688e-05
5.12986e-05
4.59756e-05
4.52284e-05
4.63103e-05
5.0611e-05
5.99474e-05
6.82993e-05
6.98357e-05
6.98734e-05
6.9565e-05
6.88232e-05
6.82373e-05
6.79823e-05
6.82778e-05
6.8909e-05
6.91073e-05
6.90978e-05
6.87848e-05
6.77766e-05
6.55853e-05
6.16187e-05
5.58631e-05
5.13504e-05
4.76058e-05
4.60714e-05
4.63312e-05
4.7705e-05
5.00351e-05
5.32616e-05
5.85238e-05
6.46725e-05
6.86226e-05
7.01858e-05
7.0874e-05
7.11882e-05
7.12296e-05
7.12843e-05
7.15036e-05
7.10966e-05
6.91996e-05
6.57925e-05
6.22344e-05
6.07036e-05
6.0635e-05
6.13717e-05
6.20334e-05
6.2034e-05
6.12303e-05
5.81583e-05
5.10409e-05
4.43578e-05
4.17043e-05
4.07425e-05
4.0577e-05
4.13932e-05
4.44759e-05
4.9961e-05
5.59572e-05
6.06066e-05
6.22797e-05
6.21857e-05
6.09245e-05
5.85921e-05
5.44172e-05
4.81024e-05
1.90388e-05
2.10519e-05
2.27199e-05
2.42143e-05
2.54954e-05
2.65663e-05
2.73292e-05
2.78685e-05
2.84542e-05
2.89688e-05
2.93223e-05
2.98255e-05
3.05841e-05
3.16792e-05
3.2996e-05
3.46092e-05
3.58411e-05
3.65037e-05
3.72539e-05
3.66196e-05
3.54283e-05
3.38742e-05
3.25843e-05
3.20987e-05
3.28102e-05
3.48095e-05
3.77669e-05
4.19017e-05
4.5518e-05
4.85053e-05
5.18183e-05
5.39318e-05
5.76231e-05
6.36665e-05
6.83802e-05
6.41477e-05
5.59882e-05
5.35194e-05
5.5078e-05
6.18373e-05
6.85202e-05
6.84808e-05
6.79451e-05
6.7452e-05
6.77832e-05
6.85364e-05
6.88784e-05
6.91269e-05
6.93842e-05
6.96367e-05
6.98268e-05
7.00182e-05
7.01599e-05
6.99998e-05
6.91615e-05
6.66092e-05
6.1664e-05
5.5782e-05
5.21095e-05
5.03477e-05
5.00909e-05
5.13093e-05
5.36343e-05
5.83873e-05
6.4674e-05
6.87326e-05
7.04203e-05
7.10692e-05
7.11177e-05
7.07867e-05
7.04592e-05
7.05749e-05
7.11097e-05
7.14794e-05
7.0478e-05
6.83442e-05
6.60435e-05
6.4732e-05
6.3973e-05
6.36416e-05
6.36911e-05
6.36869e-05
6.2976e-05
5.98857e-05
5.37669e-05
4.66229e-05
4.31776e-05
4.21496e-05
4.22261e-05
4.38912e-05
4.81706e-05
5.39289e-05
5.92419e-05
6.30305e-05
6.38555e-05
6.36504e-05
6.23794e-05
6.05713e-05
5.67521e-05
5.03286e-05
1.81906e-05
1.83854e-05
1.86387e-05
1.89869e-05
1.93686e-05
1.97798e-05
2.01773e-05
2.05616e-05
2.09247e-05
2.12285e-05
2.15328e-05
2.19491e-05
2.24853e-05
2.32064e-05
2.40687e-05
2.49378e-05
2.54933e-05
2.58725e-05
2.63852e-05
2.64217e-05
2.63945e-05
2.63953e-05
2.67553e-05
2.7737e-05
2.94766e-05
3.17928e-05
3.46536e-05
3.82288e-05
4.0911e-05
4.29138e-05
4.46564e-05
4.5227e-05
4.76809e-05
5.28331e-05
6.131e-05
6.7134e-05
6.81091e-05
6.66075e-05
6.76329e-05
6.78369e-05
6.43988e-05
6.18251e-05
6.0214e-05
5.94396e-05
6.04338e-05
6.24118e-05
6.38812e-05
6.50281e-05
6.56018e-05
6.5945e-05
6.678e-05
6.79472e-05
6.92425e-05
7.01277e-05
7.03135e-05
6.96944e-05
6.71939e-05
6.33952e-05
5.93171e-05
5.61039e-05
5.50605e-05
5.6789e-05
6.0473e-05
6.54361e-05
6.92315e-05
7.03799e-05
7.08353e-05
7.05803e-05
6.99186e-05
6.91504e-05
6.8828e-05
6.92205e-05
7.03242e-05
7.12985e-05
7.12393e-05
7.00367e-05
6.84472e-05
6.7134e-05
6.60722e-05
6.55337e-05
6.58216e-05
6.62082e-05
6.56372e-05
6.25299e-05
5.67469e-05
5.03863e-05
4.59906e-05
4.47425e-05
4.51363e-05
4.77787e-05
5.26246e-05
5.77445e-05
6.28112e-05
6.5354e-05
6.56839e-05
6.54192e-05
6.41675e-05
6.27234e-05
5.87242e-05
5.32673e-05
1.81431e-05
1.81572e-05
1.81832e-05
1.82287e-05
1.82912e-05
1.83722e-05
1.84558e-05
1.8545e-05
1.86422e-05
1.87452e-05
1.88693e-05
1.90371e-05
1.92465e-05
1.95078e-05
1.98079e-05
2.00871e-05
2.03146e-05
2.05849e-05
2.0984e-05
2.14692e-05
2.21936e-05
2.31062e-05
2.44466e-05
2.62467e-05
2.83471e-05
3.05661e-05
3.30093e-05
3.57518e-05
3.74549e-05
3.85081e-05
3.90911e-05
3.89966e-05
4.00738e-05
4.24515e-05
4.682e-05
5.21594e-05
5.80995e-05
6.11119e-05
5.97812e-05
5.42941e-05
5.22e-05
5.12157e-05
5.04005e-05
5.05809e-05
5.21727e-05
5.43138e-05
5.59209e-05
5.69987e-05
5.7674e-05
5.86429e-05
6.07332e-05
6.30311e-05
6.52808e-05
6.72736e-05
6.88687e-05
6.98851e-05
6.9845e-05
6.90468e-05
6.72649e-05
6.51203e-05
6.41129e-05
6.55165e-05
6.78712e-05
6.95902e-05
6.98275e-05
6.98261e-05
6.90497e-05
6.81902e-05
6.70816e-05
6.65274e-05
6.65805e-05
6.74068e-05
6.88709e-05
7.04841e-05
7.13539e-05
7.10373e-05
7.00505e-05
6.89714e-05
6.8016e-05
6.79588e-05
6.86479e-05
6.91028e-05
6.86486e-05
6.61691e-05
6.09204e-05
5.46589e-05
5.05262e-05
4.90606e-05
4.97408e-05
5.26904e-05
5.70149e-05
6.22232e-05
6.61118e-05
6.75889e-05
6.76607e-05
6.7362e-05
6.62823e-05
6.51741e-05
6.07174e-05
5.6457e-05
1.81404e-05
1.81413e-05
1.81436e-05
1.81483e-05
1.81561e-05
1.81677e-05
1.81809e-05
1.8196e-05
1.82138e-05
1.82362e-05
1.82679e-05
1.83131e-05
1.8374e-05
1.84565e-05
1.85573e-05
1.86601e-05
1.87812e-05
1.899e-05
1.93666e-05
1.99683e-05
2.09745e-05
2.24027e-05
2.42203e-05
2.62783e-05
2.83435e-05
3.03317e-05
3.21903e-05
3.38603e-05
3.48869e-05
3.55302e-05
3.6036e-05
3.64029e-05
3.70394e-05
3.7961e-05
3.93553e-05
4.0706e-05
4.23113e-05
4.38356e-05
4.43482e-05
4.45419e-05
4.52379e-05
4.50012e-05
4.50435e-05
4.57306e-05
4.72104e-05
4.88083e-05
5.01047e-05
5.11908e-05
5.22508e-05
5.38223e-05
5.62245e-05
5.84372e-05
6.05785e-05
6.23824e-05
6.40859e-05
6.61817e-05
6.77124e-05
6.85613e-05
6.91057e-05
6.9178e-05
6.91543e-05
6.92194e-05
6.91185e-05
6.80775e-05
6.69122e-05
6.61434e-05
6.49947e-05
6.41315e-05
6.33632e-05
6.3374e-05
6.38375e-05
6.49322e-05
6.65806e-05
6.86374e-05
7.04476e-05
7.12556e-05
7.10248e-05
7.04493e-05
7.00874e-05
7.00947e-05
7.03592e-05
7.0571e-05
7.04909e-05
6.94415e-05
6.63427e-05
6.02867e-05
5.53582e-05
5.41739e-05
5.48776e-05
5.78704e-05
6.26157e-05
6.64811e-05
6.89327e-05
6.96777e-05
6.96185e-05
6.93692e-05
6.85949e-05
6.77779e-05
6.29845e-05
5.97474e-05
1.81402e-05
1.81403e-05
1.81404e-05
1.81408e-05
1.81416e-05
1.81428e-05
1.81443e-05
1.81463e-05
1.81489e-05
1.81528e-05
1.81595e-05
1.81701e-05
1.81852e-05
1.82079e-05
1.8241e-05
1.82895e-05
1.83759e-05
1.85442e-05
1.90091e-05
1.99406e-05
2.15028e-05
2.37079e-05
2.61879e-05
2.8361e-05
2.98798e-05
3.10765e-05
3.21058e-05
3.30824e-05
3.38484e-05
3.44532e-05
3.50083e-05
3.55898e-05
3.6365e-05
3.72511e-05
3.82709e-05
3.93425e-05
4.0405e-05
4.14219e-05
4.23172e-05
4.28792e-05
4.3028e-05
4.28866e-05
4.30777e-05
4.39347e-05
4.53899e-05
4.68782e-05
4.81516e-05
4.92654e-05
5.03631e-05
5.18146e-05
5.36204e-05
5.48669e-05
5.61339e-05
5.70465e-05
5.78744e-05
5.9025e-05
6.02015e-05
6.13241e-05
6.26627e-05
6.37831e-05
6.43379e-05
6.39618e-05
6.33596e-05
6.19198e-05
6.09626e-05
6.05103e-05
5.96967e-05
5.93639e-05
5.92644e-05
5.97474e-05
6.04621e-05
6.15627e-05
6.3228e-05
6.54952e-05
6.78895e-05
6.98009e-05
7.0557e-05
7.05364e-05
7.02072e-05
6.96263e-05
6.90492e-05
6.92657e-05
6.99859e-05
7.04713e-05
6.98284e-05
6.70358e-05
6.31033e-05
6.14038e-05
6.22422e-05
6.48877e-05
6.76976e-05
6.96232e-05
7.06893e-05
7.09594e-05
7.08901e-05
7.07541e-05
7.04168e-05
7.00285e-05
6.59266e-05
6.4294e-05
1.81402e-05
1.81402e-05
1.81402e-05
1.81402e-05
1.81403e-05
1.81404e-05
1.81406e-05
1.81408e-05
1.81412e-05
1.81418e-05
1.81432e-05
1.81457e-05
1.81497e-05
1.81569e-05
1.81709e-05
1.8198e-05
1.82814e-05
1.85345e-05
1.9181e-05
2.05313e-05
2.28218e-05
2.59163e-05
2.89172e-05
3.0711e-05
3.14628e-05
3.19883e-05
3.25376e-05
3.3218e-05
3.38325e-05
3.43504e-05
3.48482e-05
3.54709e-05
3.64115e-05
3.75674e-05
3.87492e-05
3.99564e-05
4.10189e-05
4.19225e-05
4.25943e-05
4.28251e-05
4.22832e-05
4.23245e-05
4.29641e-05
4.436e-05
4.58864e-05
4.71094e-05
4.79955e-05
4.85945e-05
4.91364e-05
5.00691e-05
5.08531e-05
5.08434e-05
5.12671e-05
5.11926e-05
5.08696e-05
5.07144e-05
5.08601e-05
5.12778e-05
5.20957e-05
5.29929e-05
5.37496e-05
5.4119e-05
5.44474e-05
5.40186e-05
5.38108e-05
5.39125e-05
5.38657e-05
5.41839e-05
5.46251e-05
5.53327e-05
5.58997e-05
5.68821e-05
5.85001e-05
6.07449e-05
6.32029e-05
6.54557e-05
6.65496e-05
6.6437e-05
6.54373e-05
6.40106e-05
6.35244e-05
6.43951e-05
6.59897e-05
6.78899e-05
6.95827e-05
6.99758e-05
6.9236e-05
6.8528e-05
6.87449e-05
6.95563e-05
7.02723e-05
7.07239e-05
7.06086e-05
7.07344e-05
7.08569e-05
7.05556e-05
7.04743e-05
7.037e-05
6.92114e-05
6.89197e-05
1.81402e-05
1.81402e-05
1.81402e-05
1.81402e-05
1.81402e-05
1.81402e-05
1.81402e-05
1.81402e-05
1.81403e-05
1.81404e-05
1.81407e-05
1.81413e-05
1.81426e-05
1.81451e-05
1.81532e-05
1.81803e-05
1.82677e-05
1.85415e-05
1.93257e-05
2.10612e-05
2.40249e-05
2.78386e-05
3.08223e-05
3.18413e-05
3.21221e-05
3.24407e-05
3.29779e-05
3.35354e-05
3.39277e-05
3.40616e-05
3.42887e-05
3.49523e-05
3.63745e-05
3.81472e-05
3.98853e-05
4.15502e-05
4.28288e-05
4.34129e-05
4.35204e-05
4.27836e-05
4.22697e-05
4.26936e-05
4.39471e-05
4.55872e-05
4.66245e-05
4.69933e-05
4.70188e-05
4.67183e-05
4.6547e-05
4.65966e-05
4.60603e-05
4.52877e-05
4.5165e-05
4.43675e-05
4.31953e-05
4.22189e-05
4.18079e-05
4.17642e-05
4.21865e-05
4.29083e-05
4.38563e-05
4.47808e-05
4.56443e-05
4.60429e-05
4.66784e-05
4.75062e-05
4.81472e-05
4.89605e-05
4.95842e-05
5.00638e-05
5.02865e-05
5.09628e-05
5.22239e-05
5.40509e-05
5.6167e-05
5.78648e-05
5.8157e-05
5.73214e-05
5.60145e-05
5.58309e-05
5.68782e-05
5.84847e-05
5.99725e-05
6.17671e-05
6.42509e-05
6.72235e-05
6.87985e-05
6.93293e-05
6.94738e-05
6.94628e-05
6.903e-05
6.7988e-05
6.69995e-05
6.74548e-05
6.74228e-05
6.61135e-05
6.57963e-05
6.56613e-05
6.93804e-05
6.90079e-05
1.81402e-05
1.81402e-05
1.81402e-05
1.81402e-05
1.81402e-05
1.81402e-05
1.81402e-05
1.81402e-05
1.81402e-05
1.81402e-05
1.81403e-05
1.81406e-05
1.81414e-05
1.81443e-05
1.81539e-05
1.81858e-05
1.82892e-05
1.8614e-05
1.95508e-05
2.16151e-05
2.51146e-05
2.92881e-05
3.15585e-05
3.18515e-05
3.19946e-05
3.24695e-05
3.31331e-05
3.32557e-05
3.30176e-05
3.27663e-05
3.30489e-05
3.43189e-05
3.65031e-05
3.90739e-05
4.13777e-05
4.34707e-05
4.46799e-05
4.48307e-05
4.38966e-05
4.26252e-05
4.2736e-05
4.41506e-05
4.54641e-05
4.59756e-05
4.6117e-05
4.55632e-05
4.46031e-05
4.36271e-05
4.2867e-05
4.2108e-05
4.09835e-05
4.0078e-05
3.95299e-05
3.83967e-05
3.68993e-05
3.5398e-05
3.42378e-05
3.36428e-05
3.39436e-05
3.47186e-05
3.59365e-05
3.72943e-05
3.85885e-05
3.97173e-05
4.09446e-05
4.21742e-05
4.31806e-05
4.40178e-05
4.42149e-05
4.41303e-05
4.39704e-05
4.42745e-05
4.50745e-05
4.6283e-05
4.76033e-05
4.81888e-05
4.79822e-05
4.74416e-05
4.80511e-05
4.96879e-05
5.19871e-05
5.28558e-05
5.3084e-05
5.38383e-05
5.55181e-05
5.84247e-05
6.11469e-05
6.25019e-05
6.27258e-05
6.21572e-05
6.09729e-05
5.94587e-05
5.85331e-05
5.92647e-05
5.8181e-05
5.49938e-05
5.41178e-05
5.37287e-05
5.9732e-05
5.95299e-05
1.81402e-05
1.81402e-05
1.81402e-05
1.81402e-05
1.81402e-05
1.81402e-05
1.81402e-05
1.81402e-05
1.81402e-05
1.81402e-05
1.81403e-05
1.81404e-05
1.81411e-05
1.81433e-05
1.8151e-05
1.8177e-05
1.82626e-05
1.85369e-05
1.9378e-05
2.14298e-05
2.51922e-05
2.95606e-05
3.12103e-05
3.11818e-05
3.13737e-05
3.21834e-05
3.25938e-05
3.21159e-05
3.12636e-05
3.1119e-05
3.19259e-05
3.4155e-05
3.73994e-05
4.07142e-05
4.33746e-05
4.53865e-05
4.59532e-05
4.50724e-05
4.34677e-05
4.28741e-05
4.4255e-05
4.5078e-05
4.51656e-05
4.49309e-05
4.41125e-05
4.27332e-05
4.14792e-05
4.03842e-05
3.95247e-05
3.87217e-05
3.78625e-05
3.71828e-05
3.65997e-05
3.55946e-05
3.43082e-05
3.26422e-05
3.08146e-05
2.95761e-05
2.96715e-05
3.05083e-05
3.21116e-05
3.38987e-05
3.53714e-05
3.65839e-05
3.7746e-05
3.88612e-05
3.95696e-05
3.95769e-05
3.91061e-05
3.86318e-05
3.84175e-05
3.86628e-05
3.91148e-05
3.9592e-05
3.99843e-05
4.00902e-05
4.04959e-05
4.20547e-05
4.45287e-05
4.67498e-05
4.78355e-05
4.63636e-05
4.41597e-05
4.31879e-05
4.33002e-05
4.4742e-05
4.64325e-05
4.69801e-05
4.67455e-05
4.63577e-05
4.56718e-05
4.48139e-05
4.44233e-05
4.43554e-05
4.24956e-05
3.92524e-05
3.87685e-05
3.91234e-05
4.28513e-05
4.7461e-05
1.81402e-05
1.81402e-05
1.81402e-05
1.81402e-05
1.81402e-05
1.81402e-05
1.81402e-05
1.81402e-05
1.81402e-05
1.81402e-05
1.81402e-05
1.81404e-05
1.81409e-05
1.81429e-05
1.81496e-05
1.81724e-05
1.82481e-05
1.84928e-05
1.92534e-05
2.12347e-05
2.5035e-05
2.92972e-05
3.0306e-05
3.0089e-05
3.04355e-05
3.14653e-05
3.14291e-05
3.04794e-05
2.96823e-05
2.98392e-05
3.12444e-05
3.452e-05
3.88818e-05
4.2869e-05
4.56085e-05
4.67673e-05
4.61066e-05
4.44374e-05
4.29692e-05
4.37022e-05
4.43358e-05
4.428e-05
4.33859e-05
4.21485e-05
4.09514e-05
3.96765e-05
3.87135e-05
3.79566e-05
3.74067e-05
3.6966e-05
3.65022e-05
3.60808e-05
3.56787e-05
3.50958e-05
3.42228e-05
3.28027e-05
3.05674e-05
2.84766e-05
2.82843e-05
2.91542e-05
3.12101e-05
3.34322e-05
3.48395e-05
3.56898e-05
3.64009e-05
3.69151e-05
3.6697e-05
3.60368e-05
3.53856e-05
3.53359e-05
3.56548e-05
3.62491e-05
3.66031e-05
3.66003e-05
3.65306e-05
3.67668e-05
3.77285e-05
4.04e-05
4.35786e-05
4.36235e-05
4.0246e-05
3.56047e-05
3.16717e-05
2.95945e-05
2.86276e-05
2.88433e-05
2.93099e-05
2.92609e-05
2.92692e-05
2.9589e-05
2.97957e-05
2.9958e-05
3.03158e-05
3.02287e-05
2.96619e-05
2.93998e-05
2.99695e-05
3.1303e-05
3.42326e-05
4.16213e-05
1.81402e-05
1.81402e-05
1.81402e-05
1.81402e-05
1.81402e-05
1.81402e-05
1.81402e-05
1.81402e-05
1.81402e-05
1.81402e-05
1.81402e-05
1.81403e-05
1.81407e-05
1.81419e-05
1.81463e-05
1.81617e-05
1.82142e-05
1.83891e-05
1.89461e-05
2.0597e-05
2.41821e-05
2.84405e-05
2.92909e-05
2.8993e-05
2.93221e-05
3.02763e-05
3.01273e-05
2.9149e-05
2.84767e-05
2.88277e-05
3.07947e-05
3.52058e-05
4.06811e-05
4.50844e-05
4.71169e-05
4.68588e-05
4.5268e-05
4.31288e-05
4.26698e-05
4.31936e-05
4.29719e-05
4.12951e-05
3.97387e-05
3.84074e-05
3.73783e-05
3.64166e-05
3.57775e-05
3.53291e-05
3.50771e-05
3.49638e-05
3.48158e-05
3.4642e-05
3.46413e-05
3.45968e-05
3.44402e-05
3.3764e-05
3.1829e-05
2.87649e-05
2.7678e-05
2.85343e-05
3.11018e-05
3.37642e-05
3.50099e-05
3.54939e-05
3.55675e-05
3.53499e-05
3.454e-05
3.40197e-05
3.40427e-05
3.42635e-05
3.49295e-05
3.58308e-05
3.60778e-05
3.58244e-05
3.55155e-05
3.59204e-05
3.76201e-05
4.04651e-05
3.93695e-05
3.42008e-05
2.80023e-05
2.42537e-05
2.25446e-05
2.175e-05
2.13884e-05
2.14705e-05
2.16921e-05
2.19454e-05
2.23141e-05
2.2836e-05
2.33981e-05
2.39766e-05
2.46067e-05
2.51831e-05
2.57255e-05
2.62788e-05
2.71426e-05
2.86765e-05
3.15712e-05
3.92686e-05
1.81402e-05
1.81402e-05
1.81402e-05
1.81402e-05
1.81402e-05
1.81402e-05
1.81402e-05
1.81402e-05
1.81402e-05
1.81402e-05
1.81402e-05
1.81403e-05
1.81405e-05
1.81413e-05
1.81442e-05
1.81544e-05
1.81893e-05
1.83068e-05
1.86903e-05
1.98819e-05
2.28655e-05
2.70054e-05
2.82924e-05
2.79951e-05
2.80302e-05
2.86786e-05
2.86659e-05
2.79382e-05
2.7278e-05
2.7816e-05
3.04901e-05
3.63e-05
4.27649e-05
4.66342e-05
4.70557e-05
4.58425e-05
4.30712e-05
4.14419e-05
4.12981e-05
4.07538e-05
3.79872e-05
3.53442e-05
3.37537e-05
3.25686e-05
3.18241e-05
3.11286e-05
3.07724e-05
3.05929e-05
3.05517e-05
3.05326e-05
3.04336e-05
3.02721e-05
3.04611e-05
3.08551e-05
3.17905e-05
3.22957e-05
3.16757e-05
2.91574e-05
2.69193e-05
2.75383e-05
3.04919e-05
3.38529e-05
3.51815e-05
3.53072e-05
3.51027e-05
3.43765e-05
3.3505e-05
3.3448e-05
3.3769e-05
3.49408e-05
3.77593e-05
3.93871e-05
3.89803e-05
3.72856e-05
3.57106e-05
3.61151e-05
3.74782e-05
3.52644e-05
2.8778e-05
2.38598e-05
2.10094e-05
1.9754e-05
1.93238e-05
1.92569e-05
1.93103e-05
1.94809e-05
1.98069e-05
2.02182e-05
2.06908e-05
2.13149e-05
2.19661e-05
2.26377e-05
2.34051e-05
2.4223e-05
2.50919e-05
2.60622e-05
2.71778e-05
2.84218e-05
3.03926e-05
3.6126e-05
1.81402e-05
1.81402e-05
1.81402e-05
1.81402e-05
1.81402e-05
1.81402e-05
1.81402e-05
1.81402e-05
1.81402e-05
1.81402e-05
1.81402e-05
1.81402e-05
1.81403e-05
1.81407e-05
1.81421e-05
1.81471e-05
1.81645e-05
1.8225e-05
1.84292e-05
1.90856e-05
2.10368e-05
2.4554e-05
2.68471e-05
2.68599e-05
2.65625e-05
2.67251e-05
2.67348e-05
2.62264e-05
2.57705e-05
2.6653e-05
3.03117e-05
3.76333e-05
4.43817e-05
4.65717e-05
4.57536e-05
4.23438e-05
3.88341e-05
3.72466e-05
3.58533e-05
3.20261e-05
2.87324e-05
2.69131e-05
2.57993e-05
2.49219e-05
2.43882e-05
2.40735e-05
2.40389e-05
2.42271e-05
2.45499e-05
2.47063e-05
2.4739e-05
2.47567e-05
2.49479e-05
2.53921e-05
2.64202e-05
2.79761e-05
2.84795e-05
2.7607e-05
2.5745e-05
2.60997e-05
2.89792e-05
3.32631e-05
3.53131e-05
3.54518e-05
3.511e-05
3.39426e-05
3.32027e-05
3.35347e-05
3.48668e-05
3.82497e-05
4.25917e-05
4.33635e-05
4.20013e-05
3.83253e-05
3.57189e-05
3.52918e-05
3.20937e-05
2.51711e-05
2.18344e-05
2.01063e-05
1.93336e-05
1.88953e-05
1.87013e-05
1.86828e-05
1.87374e-05
1.8927e-05
1.92974e-05
1.9785e-05
2.0315e-05
2.08804e-05
2.14058e-05
2.19848e-05
2.27581e-05
2.36269e-05
2.46258e-05
2.5887e-05
2.73168e-05
2.86946e-05
3.01239e-05
3.33052e-05
1.81402e-05
1.81402e-05
1.81402e-05
1.81402e-05
1.81402e-05
1.81402e-05
1.81402e-05
1.81402e-05
1.81402e-05
1.81402e-05
1.81402e-05
1.81402e-05
1.81402e-05
1.81404e-05
1.8141e-05
1.81431e-05
1.81505e-05
1.81768e-05
1.82673e-05
1.85696e-05
1.95353e-05
2.18563e-05
2.44802e-05
2.50256e-05
2.47011e-05
2.43958e-05
2.43534e-05
2.40315e-05
2.39303e-05
2.54147e-05
3.04248e-05
3.92404e-05
4.50025e-05
4.52921e-05
4.12787e-05
3.46016e-05
3.06599e-05
2.8995e-05
2.7348e-05
2.58244e-05
2.49207e-05
2.43441e-05
2.36e-05
2.27316e-05
2.18776e-05
2.116e-05
2.06634e-05
2.03644e-05
2.03512e-05
2.04659e-05
2.05972e-05
2.07159e-05
2.09225e-05
2.13007e-05
2.21022e-05
2.35892e-05
2.4845e-05
2.46792e-05
2.39655e-05
2.43488e-05
2.70072e-05
3.19212e-05
3.52493e-05
3.56228e-05
3.51686e-05
3.3521e-05
3.30665e-05
3.39907e-05
3.71121e-05
4.232e-05
4.62028e-05
4.60226e-05
4.33847e-05
3.79293e-05
3.47962e-05
3.11329e-05
2.40911e-05
2.11336e-05
2.01856e-05
1.98241e-05
1.94616e-05
1.89816e-05
1.86027e-05
1.8511e-05
1.85553e-05
1.87095e-05
1.9008e-05
1.93512e-05
1.96612e-05
1.99904e-05
2.03043e-05
2.07499e-05
2.15039e-05
2.24193e-05
2.35685e-05
2.51529e-05
2.70391e-05
2.88805e-05
3.03116e-05
3.27582e-05
1.81402e-05
1.81402e-05
1.81402e-05
1.81402e-05
1.81402e-05
1.81402e-05
1.81402e-05
1.81402e-05
1.81402e-05
1.81402e-05
1.81402e-05
1.81402e-05
1.81402e-05
1.81402e-05
1.81404e-05
1.8141e-05
1.81432e-05
1.81512e-05
1.81805e-05
1.82836e-05
1.86291e-05
1.97009e-05
2.14821e-05
2.2215e-05
2.20362e-05
2.16182e-05
2.15157e-05
2.15079e-05
2.19127e-05
2.41609e-05
3.05525e-05
4.01528e-05
4.4217e-05
4.11113e-05
3.33431e-05
2.80077e-05
2.70295e-05
2.71018e-05
2.7035e-05
2.68809e-05
2.68557e-05
2.62628e-05
2.50144e-05
2.35034e-05
2.20379e-05
2.07611e-05
1.97971e-05
1.92218e-05
1.89286e-05
1.88709e-05
1.88981e-05
1.89482e-05
1.90387e-05
1.92174e-05
1.96473e-05
2.05643e-05
2.17863e-05
2.20884e-05
2.21199e-05
2.25741e-05
2.4821e-05
2.96459e-05
3.43364e-05
3.53134e-05
3.46123e-05
3.26681e-05
3.2811e-05
3.47842e-05
3.99015e-05
4.58057e-05
4.78108e-05
4.68847e-05
4.25754e-05
3.63806e-05
3.15987e-05
2.54078e-05
2.18171e-05
2.10048e-05
2.07781e-05
2.04467e-05
1.99453e-05
1.93051e-05
1.86936e-05
1.84344e-05
1.8432e-05
1.8502e-05
1.86585e-05
1.88323e-05
1.90112e-05
1.92543e-05
1.95642e-05
1.99751e-05
2.0577e-05
2.14065e-05
2.26397e-05
2.45512e-05
2.68756e-05
2.91289e-05
3.07751e-05
3.32214e-05
1.81402e-05
1.81402e-05
1.81402e-05
1.81402e-05
1.81402e-05
1.81402e-05
1.81402e-05
1.81402e-05
1.81402e-05
1.81402e-05
1.81402e-05
1.81402e-05
1.81402e-05
1.81402e-05
1.81402e-05
1.81404e-05
1.81409e-05
1.81431e-05
1.8151e-05
1.81798e-05
1.82789e-05
1.85778e-05
1.913e-05
1.94887e-05
1.94581e-05
1.93403e-05
1.93377e-05
1.95011e-05
2.03717e-05
2.31761e-05
3.04614e-05
4.02281e-05
4.25957e-05
3.5888e-05
2.81739e-05
2.66264e-05
2.72286e-05
2.79234e-05
2.82952e-05
2.83313e-05
2.79007e-05
2.68801e-05
2.52924e-05
2.34532e-05
2.18542e-05
2.06892e-05
1.97671e-05
1.89872e-05
1.85333e-05
1.83837e-05
1.83676e-05
1.83807e-05
1.84152e-05
1.84865e-05
1.86606e-05
1.90747e-05
1.97399e-05
2.02247e-05
2.05143e-05
2.10662e-05
2.27675e-05
2.67126e-05
3.19694e-05
3.37256e-05
3.2916e-05
3.15456e-05
3.2385e-05
3.58359e-05
4.22763e-05
4.75922e-05
4.82338e-05
4.59802e-05
3.98744e-05
3.30138e-05
2.67769e-05
2.28185e-05
2.16444e-05
2.12353e-05
2.08712e-05
2.05028e-05
2.00077e-05
1.93953e-05
1.87932e-05
1.8404e-05
1.8333e-05
1.83518e-05
1.84155e-05
1.85263e-05
1.87204e-05
1.90284e-05
1.94412e-05
1.98874e-05
2.03834e-05
2.10435e-05
2.20082e-05
2.36142e-05
2.6024e-05
2.85626e-05
3.06077e-05
3.344e-05
1.81402e-05
1.81402e-05
1.81402e-05
1.81402e-05
1.81402e-05
1.81402e-05
1.81402e-05
1.81402e-05
1.81402e-05
1.81402e-05
1.81402e-05
1.81402e-05
1.81402e-05
1.81402e-05
1.81402e-05
1.81402e-05
1.81403e-05
1.81408e-05
1.81427e-05
1.81494e-05
1.81708e-05
1.82201e-05
1.82897e-05
1.83474e-05
1.83791e-05
1.84057e-05
1.84686e-05
1.8715e-05
1.96461e-05
2.26472e-05
3.06453e-05
4.00074e-05
4.05276e-05
3.20348e-05
2.70597e-05
2.686e-05
2.81404e-05
2.8631e-05
2.87218e-05
2.87135e-05
2.83254e-05
2.70629e-05
2.46599e-05
2.20533e-05
2.03457e-05
1.94611e-05
1.90208e-05
1.87229e-05
1.84389e-05
1.8251e-05
1.82095e-05
1.82115e-05
1.82224e-05
1.82494e-05
1.83208e-05
1.84988e-05
1.87995e-05
1.91154e-05
1.94375e-05
1.99582e-05
2.1161e-05
2.39942e-05
2.87789e-05
3.1148e-05
3.06028e-05
3.02816e-05
3.17953e-05
3.66866e-05
4.36912e-05
4.83083e-05
4.75743e-05
4.28856e-05
3.53707e-05
2.81678e-05
2.36195e-05
2.20924e-05
2.1376e-05
2.02472e-05
1.97963e-05
1.96701e-05
1.95036e-05
1.92429e-05
1.8819e-05
1.8412e-05
1.8269e-05
1.82702e-05
1.83055e-05
1.84149e-05
1.8663e-05
1.91109e-05
1.97672e-05
2.03591e-05
2.07435e-05
2.12603e-05
2.20584e-05
2.32169e-05
2.48838e-05
2.71181e-05
3.0008e-05
3.26915e-05
1.81402e-05
1.81402e-05
1.81402e-05
1.81402e-05
1.81402e-05
1.81402e-05
1.81402e-05
1.81402e-05
1.81402e-05
1.81402e-05
1.81402e-05
1.81402e-05
1.81402e-05
1.81402e-05
1.81402e-05
1.81402e-05
1.81402e-05
1.81403e-05
1.81405e-05
1.81415e-05
1.81443e-05
1.81502e-05
1.8159e-05
1.81685e-05
1.81792e-05
1.8196e-05
1.82362e-05
1.84332e-05
1.91587e-05
2.16433e-05
2.89041e-05
3.84744e-05
3.91081e-05
3.2412e-05
2.72588e-05
2.71224e-05
2.81749e-05
2.86108e-05
2.89708e-05
2.89632e-05
2.85647e-05
2.71121e-05
2.38478e-05
2.08119e-05
1.93477e-05
1.87787e-05
1.85225e-05
1.83751e-05
1.82706e-05
1.81942e-05
1.81633e-05
1.81618e-05
1.81649e-05
1.81748e-05
1.82052e-05
1.82851e-05
1.84259e-05
1.8613e-05
1.88795e-05
1.93432e-05
2.03341e-05
2.26771e-05
2.6963e-05
2.88968e-05
2.85606e-05
2.87931e-05
3.11378e-05
3.69437e-05
4.4134e-05
4.78627e-05
4.58788e-05
3.86506e-05
3.01983e-05
2.46263e-05
2.26299e-05
2.17473e-05
2.01273e-05
1.91169e-05
1.88387e-05
1.88597e-05
1.88643e-05
1.88229e-05
1.86808e-05
1.84142e-05
1.82386e-05
1.82273e-05
1.82617e-05
1.83781e-05
1.86851e-05
1.92508e-05
2.00161e-05
2.07733e-05
2.13045e-05
2.18414e-05
2.26895e-05
2.38591e-05
2.53381e-05
2.77554e-05
3.00562e-05
2.93917e-05
1.81402e-05
1.81402e-05
1.81402e-05
1.81402e-05
1.81402e-05
1.81402e-05
1.81402e-05
1.81402e-05
1.81402e-05
1.81402e-05
1.81402e-05
1.81402e-05
1.81402e-05
1.81402e-05
1.81402e-05
1.81402e-05
1.81402e-05
1.81402e-05
1.81402e-05
1.81403e-05
1.81406e-05
1.81411e-05
1.81422e-05
1.81436e-05
1.8146e-05
1.8151e-05
1.81713e-05
1.82749e-05
1.86819e-05
2.01616e-05
2.48792e-05
3.44014e-05
3.74533e-05
3.40925e-05
2.85428e-05
2.75403e-05
2.78921e-05
2.82729e-05
2.89583e-05
2.89636e-05
2.82774e-05
2.57583e-05
2.19189e-05
1.94629e-05
1.86411e-05
1.83954e-05
1.82935e-05
1.82346e-05
1.81937e-05
1.81639e-05
1.81487e-05
1.81468e-05
1.81477e-05
1.81515e-05
1.81643e-05
1.82005e-05
1.82771e-05
1.84355e-05
1.8713e-05
1.91943e-05
2.0245e-05
2.27312e-05
2.64318e-05
2.70309e-05
2.66332e-05
2.72121e-05
2.98492e-05
3.52358e-05
4.25517e-05
4.63748e-05
4.27907e-05
3.35209e-05
2.64053e-05
2.3752e-05
2.2657e-05
2.06341e-05
1.92646e-05
1.87207e-05
1.85321e-05
1.84901e-05
1.85129e-05
1.8515e-05
1.8469e-05
1.83327e-05
1.82084e-05
1.81985e-05
1.82302e-05
1.8348e-05
1.86631e-05
1.9228e-05
1.99445e-05
2.07748e-05
2.15972e-05
2.27057e-05
2.47489e-05
2.68887e-05
2.82733e-05
2.91883e-05
2.87182e-05
2.60929e-05
1.81402e-05
1.81402e-05
1.81402e-05
1.81402e-05
1.81402e-05
1.81402e-05
1.81402e-05
1.81402e-05
1.81402e-05
1.81402e-05
1.81402e-05
1.81402e-05
1.81402e-05
1.81402e-05
1.81402e-05
1.81402e-05
1.81402e-05
1.81402e-05
1.81402e-05
1.81402e-05
1.81402e-05
1.81403e-05
1.81404e-05
1.81406e-05
1.81409e-05
1.81419e-05
1.8148e-05
1.81808e-05
1.83144e-05
1.88285e-05
2.06264e-05
2.61245e-05
3.34715e-05
3.35266e-05
3.13051e-05
2.90373e-05
2.84616e-05
2.87691e-05
2.89798e-05
2.84875e-05
2.67379e-05
2.29459e-05
1.98032e-05
1.86156e-05
1.83073e-05
1.82234e-05
1.81894e-05
1.81698e-05
1.81568e-05
1.81478e-05
1.81429e-05
1.81422e-05
1.81425e-05
1.81442e-05
1.81502e-05
1.81692e-05
1.82277e-05
1.84023e-05
1.8864e-05
1.97155e-05
2.11516e-05
2.39051e-05
2.62451e-05
2.56605e-05
2.43951e-05
2.48863e-05
2.70473e-05
3.1195e-05
3.88078e-05
4.48229e-05
4.13002e-05
3.20641e-05
2.62163e-05
2.4045e-05
2.18087e-05
1.99358e-05
1.90529e-05
1.86432e-05
1.84495e-05
1.83618e-05
1.8341e-05
1.83403e-05
1.83168e-05
1.82437e-05
1.81771e-05
1.81726e-05
1.81914e-05
1.82653e-05
1.84505e-05
1.87804e-05
1.92264e-05
2.00263e-05
2.13163e-05
2.31214e-05
2.65174e-05
2.99333e-05
2.98855e-05
2.81513e-05
2.59264e-05
2.53852e-05
1.81402e-05
1.81402e-05
1.81402e-05
1.81402e-05
1.81402e-05
1.81402e-05
1.81402e-05
1.81402e-05
1.81402e-05
1.81402e-05
1.81402e-05
1.81402e-05
1.81402e-05
1.81402e-05
1.81402e-05
1.81402e-05
1.81402e-05
1.81402e-05
1.81402e-05
1.81402e-05
1.81402e-05
1.81402e-05
1.81402e-05
1.81402e-05
1.81403e-05
1.81404e-05
1.81414e-05
1.8147e-05
1.8174e-05
1.82942e-05
1.87349e-05
2.02271e-05
2.40765e-05
2.87559e-05
3.00901e-05
2.96538e-05
2.92584e-05
2.89053e-05
2.80855e-05
2.64524e-05
2.27935e-05
1.97176e-05
1.85945e-05
1.82777e-05
1.81885e-05
1.81629e-05
1.81532e-05
1.81479e-05
1.81445e-05
1.81422e-05
1.8141e-05
1.81408e-05
1.81409e-05
1.81421e-05
1.81466e-05
1.81631e-05
1.82214e-05
1.84203e-05
1.90616e-05
2.06446e-05
2.31911e-05
2.56853e-05
2.5924e-05
2.43327e-05
2.17192e-05
2.16156e-05
2.2536e-05
2.51117e-05
3.11154e-05
4.09418e-05
4.14077e-05
3.45235e-05
2.7616e-05
2.4235e-05
2.11732e-05
1.99513e-05
1.94982e-05
1.89165e-05
1.84898e-05
1.83288e-05
1.82647e-05
1.82433e-05
1.82217e-05
1.81823e-05
1.8155e-05
1.81544e-05
1.81637e-05
1.81983e-05
1.82821e-05
1.84531e-05
1.87449e-05
1.93078e-05
2.08331e-05
2.41571e-05
2.91205e-05
3.05562e-05
2.93098e-05
2.5504e-05
2.47096e-05
2.53392e-05
1.81402e-05
1.81402e-05
1.81402e-05
1.81402e-05
1.81402e-05
1.81402e-05
1.81402e-05
1.81402e-05
1.81402e-05
1.81402e-05
1.81402e-05
1.81402e-05
1.81402e-05
1.81402e-05
1.81402e-05
1.81402e-05
1.81402e-05
1.81402e-05
1.81402e-05
1.81402e-05
1.81402e-05
1.81402e-05
1.81402e-05
1.81402e-05
1.81402e-05
1.81402e-05
1.81403e-05
1.81409e-05
1.81439e-05
1.8159e-05
1.82203e-05
1.84403e-05
1.91e-05
2.05707e-05
2.31769e-05
2.57975e-05
2.55559e-05
2.42245e-05
2.15376e-05
1.93677e-05
1.86738e-05
1.84131e-05
1.82482e-05
1.81721e-05
1.81504e-05
1.81442e-05
1.81421e-05
1.81412e-05
1.81408e-05
1.81405e-05
1.81404e-05
1.81403e-05
1.81404e-05
1.81411e-05
1.81439e-05
1.81548e-05
1.8196e-05
1.83452e-05
1.88509e-05
2.04103e-05
2.3279e-05
2.53161e-05
2.50454e-05
2.28923e-05
2.003e-05
1.94699e-05
1.97376e-05
2.08836e-05
2.4181e-05
3.25419e-05
3.99759e-05
3.83513e-05
3.28115e-05
2.70985e-05
2.31591e-05
2.30832e-05
2.18908e-05
1.99834e-05
1.89064e-05
1.84047e-05
1.82438e-05
1.8193e-05
1.81714e-05
1.81531e-05
1.81452e-05
1.81462e-05
1.81524e-05
1.81726e-05
1.82287e-05
1.83638e-05
1.86448e-05
1.90454e-05
2.0099e-05
2.33219e-05
2.84311e-05
2.96361e-05
2.84368e-05
2.53779e-05
2.44466e-05
2.51578e-05
1.81402e-05
1.81402e-05
1.81402e-05
1.81402e-05
1.81402e-05
1.81402e-05
1.81402e-05
1.81402e-05
1.81402e-05
1.81402e-05
1.81402e-05
1.81402e-05
1.81402e-05
1.81402e-05
1.81402e-05
1.81402e-05
1.81402e-05
1.81402e-05
1.81402e-05
1.81402e-05
1.81402e-05
1.81402e-05
1.81402e-05
1.81402e-05
1.81402e-05
1.81402e-05
1.81402e-05
1.81402e-05
1.81405e-05
1.81416e-05
1.81463e-05
1.81645e-05
1.82175e-05
1.83383e-05
1.87444e-05
1.92936e-05
1.90093e-05
1.86039e-05
1.83481e-05
1.82304e-05
1.81778e-05
1.81554e-05
1.81461e-05
1.81425e-05
1.81411e-05
1.81405e-05
1.81403e-05
1.81403e-05
1.81402e-05
1.81402e-05
1.81402e-05
1.81402e-05
1.81402e-05
1.81404e-05
1.81413e-05
1.81453e-05
1.8163e-05
1.82346e-05
1.85084e-05
1.94781e-05
2.19227e-05
2.29961e-05
2.22926e-05
2.04098e-05
1.88595e-05
1.86525e-05
1.87856e-05
1.94331e-05
2.12974e-05
2.59281e-05
3.44154e-05
3.8985e-05
3.8214e-05
3.5787e-05
3.22274e-05
2.99076e-05
2.60099e-05
2.13338e-05
1.9556e-05
1.87227e-05
1.82871e-05
1.81765e-05
1.81513e-05
1.81437e-05
1.8142e-05
1.81437e-05
1.81504e-05
1.81722e-05
1.8237e-05
1.84164e-05
1.89818e-05
1.94741e-05
2.00263e-05
2.18388e-05
2.56365e-05
2.57488e-05
2.50617e-05
2.38285e-05
2.37748e-05
2.49063e-05
1.81402e-05
1.81402e-05
1.81402e-05
1.81402e-05
1.81402e-05
1.81402e-05
1.81402e-05
1.81402e-05
1.81402e-05
1.81402e-05
1.81402e-05
1.81402e-05
1.81402e-05
1.81402e-05
1.81402e-05
1.81402e-05
1.81402e-05
1.81402e-05
1.81402e-05
1.81402e-05
1.81402e-05
1.81402e-05
1.81402e-05
1.81402e-05
1.81402e-05
1.81402e-05
1.81402e-05
1.81402e-05
1.81402e-05
1.81403e-05
1.81405e-05
1.81414e-05
1.81442e-05
1.815e-05
1.81696e-05
1.81854e-05
1.81673e-05
1.81527e-05
1.81454e-05
1.81423e-05
1.8141e-05
1.81405e-05
1.81403e-05
1.81402e-05
1.81402e-05
1.81402e-05
1.81402e-05
1.81402e-05
1.81402e-05
1.81402e-05
1.81402e-05
1.81402e-05
1.81402e-05
1.81402e-05
1.81403e-05
1.81409e-05
1.81447e-05
1.81611e-05
1.82264e-05
1.84697e-05
1.90826e-05
1.90994e-05
1.87949e-05
1.85096e-05
1.83172e-05
1.82959e-05
1.83739e-05
1.86912e-05
1.95295e-05
2.15136e-05
2.62088e-05
3.36419e-05
3.7761e-05
3.8113e-05
3.7618e-05
3.60241e-05
2.99342e-05
2.23228e-05
2.00918e-05
1.91303e-05
1.84201e-05
1.8179e-05
1.81463e-05
1.81412e-05
1.81409e-05
1.8143e-05
1.81548e-05
1.81951e-05
1.8318e-05
1.86279e-05
1.95981e-05
2.06256e-05
2.07264e-05
2.13251e-05
2.24251e-05
2.2353e-05
2.24165e-05
2.26181e-05
2.32631e-05
2.51987e-05
1.81402e-05
1.81402e-05
1.81402e-05
1.81402e-05
1.81402e-05
1.81402e-05
1.81402e-05
1.81402e-05
1.81402e-05
1.81402e-05
1.81402e-05
1.81402e-05
1.81402e-05
1.81402e-05
1.81402e-05
1.81402e-05
1.81402e-05
1.81402e-05
1.81402e-05
1.81402e-05
1.81402e-05
1.81402e-05
1.81402e-05
1.81402e-05
1.81402e-05
1.81402e-05
1.81402e-05
1.81402e-05
1.81402e-05
1.81402e-05
1.81402e-05
1.81402e-05
1.81403e-05
1.81405e-05
1.8141e-05
1.81412e-05
1.81407e-05
1.81404e-05
1.81403e-05
1.81402e-05
1.81402e-05
1.81402e-05
1.81402e-05
1.81402e-05
1.81402e-05
1.81402e-05
1.81402e-05
1.81402e-05
1.81402e-05
1.81402e-05
1.81402e-05
1.81402e-05
1.81402e-05
1.81402e-05
1.81402e-05
1.81402e-05
1.81404e-05
1.81414e-05
1.81461e-05
1.81621e-05
1.81858e-05
1.81838e-05
1.81686e-05
1.81581e-05
1.81551e-05
1.81654e-05
1.81943e-05
1.82814e-05
1.8515e-05
1.91157e-05
2.07205e-05
2.53257e-05
3.25647e-05
3.54954e-05
3.50427e-05
3.31791e-05
2.75407e-05
2.20285e-05
2.0303e-05
1.94564e-05
1.85862e-05
1.81923e-05
1.81447e-05
1.81406e-05
1.81405e-05
1.81432e-05
1.81627e-05
1.82325e-05
1.84526e-05
1.90004e-05
2.02711e-05
2.18484e-05
2.15489e-05
2.13843e-05
2.14956e-05
2.26874e-05
2.36616e-05
2.40087e-05
2.38925e-05
2.57008e-05
1.81402e-05
1.81402e-05
1.81402e-05
1.81402e-05
1.81402e-05
1.81402e-05
1.81402e-05
1.81402e-05
1.81402e-05
1.81402e-05
1.81402e-05
1.81402e-05
1.81402e-05
1.81402e-05
1.81402e-05
1.81402e-05
1.81402e-05
1.81402e-05
1.81402e-05
1.81402e-05
1.81402e-05
1.81402e-05
1.81402e-05
1.81402e-05
1.81402e-05
1.81402e-05
1.81402e-05
1.81402e-05
1.81402e-05
1.81402e-05
1.81402e-05
1.81402e-05
1.81402e-05
1.81402e-05
1.81402e-05
1.81402e-05
1.81402e-05
1.81402e-05
1.81402e-05
1.81402e-05
1.81402e-05
1.81402e-05
1.81402e-05
1.81402e-05
1.81402e-05
1.81402e-05
1.81402e-05
1.81402e-05
1.81402e-05
1.81402e-05
1.81402e-05
1.81402e-05
1.81402e-05
1.81402e-05
1.81402e-05
1.81402e-05
1.81402e-05
1.81402e-05
1.81403e-05
1.81407e-05
1.81412e-05
1.81412e-05
1.81409e-05
1.81407e-05
1.81409e-05
1.81424e-05
1.81481e-05
1.8169e-05
1.82244e-05
1.83791e-05
1.88337e-05
2.03153e-05
2.41046e-05
2.49295e-05
2.40951e-05
2.27823e-05
2.14536e-05
2.0587e-05
2.02008e-05
1.96078e-05
1.86831e-05
1.82042e-05
1.8145e-05
1.81405e-05
1.81404e-05
1.81435e-05
1.81676e-05
1.82603e-05
1.86253e-05
1.97618e-05
2.05114e-05
2.22101e-05
2.25128e-05
2.24387e-05
2.31106e-05
2.6721e-05
2.94058e-05
2.87065e-05
2.58562e-05
2.71905e-05
1.81402e-05
1.81402e-05
1.81402e-05
1.81402e-05
1.81402e-05
1.81402e-05
1.81402e-05
1.81402e-05
1.81402e-05
1.81402e-05
1.81402e-05
1.81402e-05
1.81402e-05
1.81402e-05
1.81402e-05
1.81402e-05
1.81402e-05
1.81402e-05
1.81402e-05
1.81402e-05
1.81402e-05
1.81402e-05
1.81402e-05
1.81402e-05
1.81402e-05
1.81402e-05
1.81402e-05
1.81402e-05
1.81402e-05
1.81402e-05
1.81402e-05
1.81402e-05
1.81402e-05
1.81402e-05
1.81402e-05
1.81402e-05
1.81402e-05
1.81402e-05
1.81402e-05
1.81402e-05
1.81402e-05
1.81402e-05
1.81402e-05
1.81402e-05
1.81402e-05
1.81402e-05
1.81402e-05
1.81402e-05
1.81402e-05
1.81402e-05
1.81402e-05
1.81402e-05
1.81402e-05
1.81402e-05
1.81402e-05
1.81402e-05
1.81402e-05
1.81402e-05
1.81402e-05
1.81402e-05
1.81402e-05
1.81402e-05
1.81402e-05
1.81402e-05
1.81403e-05
1.81404e-05
1.81412e-05
1.81438e-05
1.81525e-05
1.81769e-05
1.82405e-05
1.83956e-05
1.86575e-05
1.87408e-05
1.88731e-05
1.91369e-05
1.94885e-05
1.9821e-05
1.97526e-05
1.93318e-05
1.85826e-05
1.81861e-05
1.81427e-05
1.81403e-05
1.81404e-05
1.8144e-05
1.81739e-05
1.82976e-05
1.91744e-05
2.20038e-05
2.40186e-05
2.51533e-05
2.59115e-05
2.65572e-05
2.689e-05
2.72299e-05
3.37054e-05
3.55528e-05
2.95617e-05
2.91666e-05
1.81402e-05
1.81402e-05
1.81402e-05
1.81402e-05
1.81402e-05
1.81402e-05
1.81402e-05
1.81402e-05
1.81402e-05
1.81402e-05
1.81402e-05
1.81402e-05
1.81402e-05
1.81402e-05
1.81402e-05
1.81402e-05
1.81402e-05
1.81402e-05
1.81402e-05
1.81402e-05
1.81402e-05
1.81402e-05
1.81402e-05
1.81402e-05
1.81402e-05
1.81402e-05
1.81402e-05
1.81402e-05
1.81402e-05
1.81402e-05
1.81402e-05
1.81402e-05
1.81402e-05
1.81402e-05
1.81402e-05
1.81402e-05
1.81402e-05
1.81402e-05
1.81402e-05
1.81402e-05
1.81402e-05
1.81402e-05
1.81402e-05
1.81402e-05
1.81402e-05
1.81402e-05
1.81402e-05
1.81402e-05
1.81402e-05
1.81402e-05
1.81402e-05
1.81402e-05
1.81402e-05
1.81402e-05
1.81402e-05
1.81402e-05
1.81402e-05
1.81402e-05
1.81402e-05
1.81402e-05
1.81402e-05
1.81402e-05
1.81402e-05
1.81402e-05
1.81403e-05
1.81407e-05
1.8142e-05
1.81465e-05
1.81608e-05
1.8201e-05
1.82902e-05
1.84323e-05
1.86018e-05
1.88398e-05
1.9253e-05
1.96229e-05
1.9576e-05
1.93928e-05
1.89505e-05
1.84413e-05
1.81967e-05
1.81464e-05
1.81405e-05
1.81402e-05
1.81402e-05
1.81424e-05
1.81603e-05
1.81869e-05
1.82052e-05
1.84828e-05
1.97608e-05
2.14078e-05
2.22793e-05
2.17491e-05
1.96031e-05
1.97957e-05
2.75982e-05
3.51492e-05
3.3606e-05
3.22063e-05
1.81402e-05
1.81402e-05
1.81402e-05
1.81402e-05
1.81402e-05
1.81402e-05
1.81402e-05
1.81402e-05
1.81402e-05
1.81402e-05
1.81402e-05
1.81402e-05
1.81402e-05
1.81402e-05
1.81402e-05
1.81402e-05
1.81402e-05
1.81402e-05
1.81402e-05
1.81402e-05
1.81402e-05
1.81402e-05
1.81402e-05
1.81402e-05
1.81402e-05
1.81402e-05
1.81402e-05
1.81402e-05
1.81402e-05
1.81402e-05
1.81402e-05
1.81402e-05
1.81402e-05
1.81402e-05
1.81402e-05
1.81402e-05
1.81402e-05
1.81402e-05
1.81402e-05
1.81402e-05
1.81402e-05
1.81402e-05
1.81402e-05
1.81402e-05
1.81402e-05
1.81402e-05
1.81402e-05
1.81402e-05
1.81402e-05
1.81402e-05
1.81402e-05
1.81402e-05
1.81402e-05
1.81402e-05
1.81402e-05
1.81402e-05
1.81402e-05
1.81402e-05
1.81402e-05
1.81402e-05
1.81402e-05
1.81402e-05
1.81402e-05
1.81402e-05
1.81402e-05
1.81404e-05
1.8141e-05
1.81432e-05
1.81511e-05
1.81787e-05
1.82706e-05
1.85435e-05
1.89556e-05
1.91957e-05
1.91995e-05
1.90464e-05
1.86315e-05
1.83002e-05
1.82125e-05
1.81703e-05
1.81479e-05
1.81408e-05
1.81402e-05
1.81402e-05
1.81405e-05
1.81514e-05
1.82126e-05
1.82809e-05
1.83236e-05
1.83569e-05
1.83853e-05
1.8417e-05
1.84709e-05
1.85595e-05
2.02246e-05
2.47429e-05
2.9256e-05
3.15766e-05
3.20374e-05
2.783e-05
)
;

boundaryField
{
    AXIS
    {
        type            empty;
    }
    OUTLET
    {
        type            calculated;
        value           nonuniform List<scalar> 
50
(
2.18887e-05
2.46441e-05
2.70004e-05
2.95802e-05
3.29168e-05
3.67441e-05
4.00231e-05
4.17428e-05
4.20534e-05
4.21222e-05
4.26222e-05
4.29851e-05
4.2973e-05
4.28058e-05
4.27108e-05
4.28807e-05
4.33951e-05
4.41446e-05
4.5143e-05
4.64259e-05
4.81024e-05
5.03286e-05
5.32673e-05
5.6457e-05
5.97474e-05
6.4294e-05
6.89197e-05
6.90079e-05
5.95299e-05
4.7461e-05
4.16213e-05
3.92686e-05
3.6126e-05
3.33052e-05
3.27582e-05
3.32214e-05
3.344e-05
3.26915e-05
2.93917e-05
2.60929e-05
2.53852e-05
2.53392e-05
2.51578e-05
2.49063e-05
1.81402e-05
1.81402e-05
1.81402e-05
1.81402e-05
1.81402e-05
1.81402e-05
)
;
    }
    COFLOW
    {
        type            calculated;
        value           nonuniform List<scalar> 
30
(
1.81402e-05
1.81402e-05
1.81402e-05
1.81402e-05
1.81402e-05
1.81402e-05
1.81402e-05
1.81402e-05
1.81402e-05
1.81402e-05
1.81402e-05
1.81402e-05
1.81402e-05
1.81402e-05
1.81402e-05
1.81402e-05
1.81402e-05
1.81402e-05
1.81402e-05
1.81402e-05
1.81402e-05
1.81402e-05
1.81402e-05
1.81402e-05
1.81402e-05
1.81402e-05
1.81402e-05
1.81402e-05
1.81402e-05
1.81402e-05
)
;
    }
    PILOT
    {
        type            calculated;
        value           nonuniform List<scalar> 10(6.38649e-05 7.03279e-05 7.09111e-05 7.09186e-05 7.09187e-05 7.09187e-05 7.09187e-05 7.09186e-05 7.09076e-05 7.01031e-05);
    }
    FUEL
    {
        type            calculated;
        value           nonuniform List<scalar> 10(1.81402e-05 1.81402e-05 1.81402e-05 1.81402e-05 1.81402e-05 1.81402e-05 1.81402e-05 1.81402e-05 1.81402e-05 1.81402e-05);
    }
    WALL
    {
        type            calculated;
        value           nonuniform List<scalar> 
100
(
1.81402e-05
1.81402e-05
1.81402e-05
1.81402e-05
1.81402e-05
1.81402e-05
1.81402e-05
1.81402e-05
1.81402e-05
1.81402e-05
1.81402e-05
1.81402e-05
1.81402e-05
1.81402e-05
1.81402e-05
1.81402e-05
1.81402e-05
1.81402e-05
1.81402e-05
1.81402e-05
1.81402e-05
1.81402e-05
1.81402e-05
1.81402e-05
1.81402e-05
1.81402e-05
1.81402e-05
1.81402e-05
1.81402e-05
1.81402e-05
1.81402e-05
1.81402e-05
1.81402e-05
1.81402e-05
1.81402e-05
1.81402e-05
1.81402e-05
1.81402e-05
1.81402e-05
1.81402e-05
1.81402e-05
1.81402e-05
1.81402e-05
1.81402e-05
1.81402e-05
1.81402e-05
1.81402e-05
1.81402e-05
1.81402e-05
1.81402e-05
1.81402e-05
1.81402e-05
1.81402e-05
1.81402e-05
1.81402e-05
1.81402e-05
1.81402e-05
1.81402e-05
1.81402e-05
1.81402e-05
1.81402e-05
1.81402e-05
1.81402e-05
1.81402e-05
1.81402e-05
1.81404e-05
1.8141e-05
1.81432e-05
1.81511e-05
1.81787e-05
1.82706e-05
1.85435e-05
1.89556e-05
1.91957e-05
1.91995e-05
1.90464e-05
1.86315e-05
1.83002e-05
1.82125e-05
1.81703e-05
1.81479e-05
1.81408e-05
1.81402e-05
1.81402e-05
1.81405e-05
1.81514e-05
1.82126e-05
1.82809e-05
1.83236e-05
1.83569e-05
1.83853e-05
1.8417e-05
1.84709e-05
1.85595e-05
2.02246e-05
2.47429e-05
2.9256e-05
3.15766e-05
3.20374e-05
2.783e-05
)
;
    }
    front
    {
        type            wedge;
    }
    back
    {
        type            wedge;
    }
}


// ************************************************************************* //
