/*--------------------------------*- C++ -*----------------------------------*\
| =========                 |                                                 |
| \\      /  F ield         | OpenFOAM: The Open Source CFD Toolbox           |
|  \\    /   O peration     | Version:  2.3.0                                 |
|   \\  /    A nd           | Web:      www.OpenFOAM.org                      |
|    \\/     M anipulation  |                                                 |
\*---------------------------------------------------------------------------*/
FoamFile
{
    version     2.0;
    format      ascii;
    class       volScalarField;
    location    "0.04";
    object      varZ;
}
// * * * * * * * * * * * * * * * * * * * * * * * * * * * * * * * * * * * * * //

dimensions      [0 0 0 0 0 0 0];

internalField   nonuniform List<scalar> 
5000
(
5.31081e-26
1.45227e-25
3.608e-25
1.30198e-24
5.27576e-24
1.92031e-23
5.83565e-23
1.53707e-22
3.74403e-22
1.01698e-21
3.42433e-21
1.19379e-20
3.49596e-20
1.00613e-19
4.67435e-19
2.61226e-18
1.47639e-17
8.06645e-17
4.4579e-16
2.78884e-15
1.59585e-14
7.48551e-14
2.06223e-13
2.57348e-13
1.33626e-13
5.81681e-14
2.32593e-14
9.25619e-15
4.35919e-15
6.03494e-15
2.18825e-14
8.17411e-14
2.2849e-13
3.97301e-13
5.26679e-13
1.439e-12
6.30684e-12
2.84742e-11
1.18985e-10
4.29921e-10
1.32869e-09
3.59362e-09
8.67489e-09
1.86693e-08
3.56284e-08
5.89759e-08
8.34642e-08
9.49318e-08
8.03536e-08
5.62776e-08
3.73094e-08
2.33434e-08
1.40834e-08
9.32542e-09
8.55026e-09
1.15462e-08
1.86569e-08
2.87674e-08
3.69671e-08
3.72283e-08
3.18235e-08
2.53981e-08
1.92466e-08
1.45699e-08
1.26651e-08
1.46481e-08
2.15116e-08
3.46572e-08
5.5825e-08
8.69521e-08
1.29927e-07
1.74041e-07
1.8671e-07
1.53698e-07
1.15905e-07
9.18482e-08
8.41357e-08
9.38118e-08
1.17522e-07
1.50623e-07
1.92064e-07
2.40621e-07
2.86083e-07
3.09526e-07
3.05485e-07
2.94752e-07
2.97549e-07
3.22236e-07
3.81387e-07
5.76065e-07
1.00398e-06
1.58909e-06
2.30159e-06
3.15394e-06
4.15955e-06
5.32525e-06
6.59414e-06
7.89423e-06
9.30484e-06
1.13236e-05
4.13517e-24
1.53277e-23
3.81288e-23
9.15995e-23
2.89628e-22
1.02341e-21
3.15279e-21
8.52617e-21
2.34788e-20
8.50846e-20
3.92431e-19
1.71209e-18
5.35483e-18
1.06975e-17
3.03825e-17
1.55959e-16
8.86549e-16
5.04088e-15
2.97421e-14
2.04402e-13
1.26747e-12
6.52176e-12
1.9256e-11
2.46223e-11
1.22772e-11
4.99808e-12
1.9079e-12
7.18842e-13
3.04414e-13
3.58865e-13
1.29737e-12
5.15937e-12
1.58203e-11
2.95066e-11
2.75126e-11
3.40963e-11
1.02117e-10
3.59823e-10
1.16327e-09
3.71823e-09
1.29586e-08
4.17017e-08
1.13245e-07
2.69871e-07
5.95387e-07
1.18225e-06
2.02916e-06
2.90965e-06
2.71566e-06
1.86062e-06
1.15068e-06
6.82775e-07
3.92279e-07
2.31279e-07
1.55398e-07
1.68631e-07
2.89733e-07
5.76256e-07
9.15973e-07
9.42407e-07
7.55868e-07
5.57945e-07
3.88481e-07
2.68715e-07
1.97788e-07
1.99457e-07
2.78764e-07
4.59762e-07
7.9438e-07
1.37542e-06
2.34634e-06
3.74224e-06
5.03948e-06
4.28678e-06
2.85601e-06
1.81479e-06
1.16212e-06
8.44888e-07
8.12639e-07
9.72641e-07
1.35482e-06
2.00417e-06
2.8074e-06
3.10138e-06
2.76713e-06
2.20655e-06
1.72404e-06
1.31453e-06
1.02319e-06
1.19689e-06
1.94911e-06
3.27734e-06
4.95847e-06
6.82642e-06
8.80846e-06
1.09014e-05
1.30773e-05
1.52448e-05
1.75759e-05
2.14935e-05
6.58423e-22
8.62332e-22
2.10337e-21
6.93524e-21
2.66492e-20
9.32438e-20
2.7525e-19
7.17517e-19
1.9578e-18
7.22827e-18
3.48525e-17
1.61112e-16
5.14004e-16
9.5424e-16
2.02522e-15
9.04111e-15
4.84665e-14
2.68437e-13
1.56144e-12
1.04903e-11
6.30309e-11
3.19215e-10
9.80497e-10
1.35871e-09
7.18207e-10
2.97502e-10
1.16653e-10
4.45506e-11
1.88181e-11
2.17325e-11
7.66977e-11
3.01238e-10
8.94046e-10
1.56848e-09
1.26857e-09
8.01414e-10
7.96493e-10
1.62758e-09
4.53209e-09
1.2899e-08
4.19465e-08
1.37335e-07
3.88237e-07
9.50309e-07
2.19641e-06
4.80317e-06
9.73848e-06
1.80733e-05
2.55447e-05
2.46678e-05
1.73924e-05
9.49358e-06
5.3388e-06
2.41637e-06
6.84021e-07
6.08815e-07
1.03721e-06
2.5121e-06
5.60156e-06
8.5125e-06
8.45984e-06
7.06615e-06
4.46266e-06
2.30507e-06
1.05224e-06
9.20022e-07
1.20141e-06
2.08487e-06
3.70316e-06
6.45878e-06
1.15222e-05
2.07076e-05
3.52111e-05
4.45117e-05
4.11517e-05
2.58986e-05
1.25337e-05
5.86585e-06
3.38763e-06
3.5504e-06
4.74404e-06
7.23819e-06
1.08349e-05
1.41824e-05
1.43095e-05
1.30349e-05
9.73904e-06
5.02658e-06
2.33599e-06
2.32144e-06
3.23569e-06
5.2365e-06
7.84812e-06
1.06683e-05
1.35484e-05
1.65196e-05
1.95757e-05
2.26437e-05
2.59316e-05
3.23398e-05
1.31838e-19
1.56722e-19
2.72484e-19
6.9061e-19
2.29493e-18
7.584e-18
2.16076e-17
5.48571e-17
1.48985e-16
5.44508e-16
2.43663e-15
1.09714e-14
3.6197e-14
6.58883e-14
1.20999e-13
4.73821e-13
2.33344e-12
1.20861e-11
6.6104e-11
4.02469e-10
2.22133e-09
1.04582e-08
3.27963e-08
4.88046e-08
2.75931e-08
1.174e-08
4.69914e-09
1.82314e-09
7.79665e-10
8.58757e-10
2.75607e-09
9.92852e-09
2.83124e-08
5.04603e-08
4.17563e-08
2.3574e-08
1.37143e-08
1.06566e-08
1.75638e-08
4.25669e-08
1.21814e-07
3.87197e-07
1.1161e-06
2.74557e-06
5.83789e-06
1.09743e-05
1.88765e-05
3.05233e-05
4.66891e-05
6.36081e-05
6.51938e-05
5.50967e-05
2.90246e-05
7.71376e-06
1.81786e-06
1.52049e-06
2.21321e-06
4.50447e-06
9.0693e-06
1.60277e-05
2.07789e-05
2.03828e-05
1.66099e-05
9.27268e-06
3.48651e-06
2.77897e-06
3.64509e-06
6.50091e-06
1.15527e-05
1.86014e-05
2.81402e-05
4.17042e-05
6.1643e-05
9.14582e-05
0.000112806
0.000105194
6.99334e-05
2.49602e-05
8.50467e-06
7.3074e-06
8.46857e-06
1.18519e-05
1.71568e-05
2.41348e-05
2.80583e-05
2.73901e-05
2.39165e-05
1.50514e-05
5.89611e-06
4.10599e-06
4.86175e-06
7.11533e-06
1.04523e-05
1.43089e-05
1.84896e-05
2.30333e-05
2.78163e-05
3.24895e-05
3.72302e-05
4.68035e-05
1.68788e-17
2.65835e-17
4.64541e-17
1.02895e-16
2.63595e-16
7.34977e-16
1.92849e-15
4.7482e-15
1.29628e-14
4.64964e-14
1.96021e-13
8.11344e-13
2.48118e-12
4.23157e-12
5.2766e-12
1.47374e-11
6.58003e-11
3.29205e-10
1.73487e-09
9.55699e-09
4.7115e-08
2.00673e-07
6.71736e-07
1.18721e-06
7.44445e-07
3.31788e-07
1.37034e-07
5.39851e-08
2.26226e-08
2.09451e-08
5.58748e-08
1.76148e-07
5.19204e-07
1.07161e-06
9.12656e-07
5.34727e-07
2.93817e-07
1.57157e-07
1.06195e-07
1.53318e-07
3.41156e-07
1.04209e-06
2.85629e-06
6.39139e-06
1.1985e-05
1.96692e-05
2.96426e-05
4.25004e-05
5.83917e-05
7.87712e-05
0.000100451
0.000100147
7.62348e-05
2.77202e-05
5.54187e-06
3.43168e-06
4.22818e-06
7.05604e-06
1.23592e-05
2.03172e-05
3.00898e-05
3.33399e-05
3.0945e-05
2.14939e-05
9.54692e-06
7.05024e-06
8.68529e-06
1.40469e-05
2.27994e-05
3.36028e-05
4.65014e-05
6.37252e-05
9.00276e-05
0.000129654
0.000179736
0.000186042
0.000164458
9.15611e-05
2.55506e-05
1.19796e-05
1.22683e-05
1.52123e-05
2.10651e-05
2.95858e-05
3.93769e-05
4.16396e-05
3.95852e-05
2.98135e-05
1.3322e-05
6.64661e-06
7.04563e-06
9.35411e-06
1.34721e-05
1.87308e-05
2.47865e-05
3.16886e-05
3.92626e-05
4.6863e-05
5.44487e-05
6.90852e-05
2.47685e-14
1.64992e-14
7.32649e-15
8.57913e-15
2.11964e-14
5.66168e-14
1.37757e-13
3.06763e-13
7.51058e-13
2.38724e-12
9.19669e-12
3.57722e-11
1.08942e-10
1.91133e-10
2.04412e-10
3.79987e-10
1.33236e-09
5.8813e-09
2.77447e-08
1.07173e-07
4.2124e-07
1.58655e-06
6.17263e-06
1.83382e-05
1.51091e-05
7.17669e-06
3.079e-06
1.24005e-06
5.13266e-07
2.528e-07
3.23421e-07
7.86482e-07
2.82152e-06
9.65693e-06
1.19316e-05
8.07949e-06
4.54668e-06
2.40782e-06
1.13608e-06
6.52955e-07
9.88877e-07
2.64552e-06
6.50043e-06
1.29746e-05
2.18099e-05
3.24171e-05
4.46484e-05
5.92357e-05
7.61149e-05
9.51093e-05
0.000121121
0.000136226
0.000125698
7.53031e-05
2.03521e-05
7.6348e-06
8.04718e-06
1.12842e-05
1.79284e-05
2.74376e-05
3.95756e-05
4.75454e-05
4.61698e-05
3.5933e-05
1.83175e-05
1.29121e-05
1.48567e-05
2.18371e-05
3.35649e-05
4.8283e-05
6.69078e-05
9.48848e-05
0.000141335
0.000201514
0.000252479
0.000259424
0.000247516
0.000192931
8.53182e-05
2.37953e-05
1.76155e-05
1.93574e-05
2.49197e-05
3.42647e-05
4.70168e-05
5.73997e-05
5.71961e-05
4.86361e-05
2.55613e-05
1.05034e-05
9.91732e-06
1.20071e-05
1.68547e-05
2.3815e-05
3.24436e-05
4.27937e-05
5.46052e-05
6.68288e-05
7.85937e-05
9.86154e-05
2.13351e-12
1.93116e-12
9.67041e-13
1.08312e-12
2.50305e-12
6.51186e-12
1.53457e-11
3.0458e-11
5.61166e-11
1.22791e-10
3.66252e-10
1.26694e-09
3.74536e-09
6.55128e-09
6.49623e-09
8.55833e-09
1.93954e-08
5.29711e-08
1.41757e-07
4.36249e-07
1.62067e-06
5.73746e-06
1.92635e-05
5.35688e-05
0.000107692
9.06182e-05
3.75204e-05
1.49139e-05
5.6787e-06
1.33945e-06
1.27314e-06
2.46053e-06
7.46096e-06
2.05194e-05
4.34137e-05
4.80485e-05
3.6898e-05
1.81129e-05
7.00846e-06
2.38379e-06
2.51285e-06
4.80437e-06
1.0553e-05
1.99175e-05
3.20728e-05
4.58571e-05
6.07813e-05
7.79269e-05
9.77776e-05
0.000118817
0.00014376
0.000173503
0.000174117
0.000146682
6.78803e-05
1.92453e-05
1.58524e-05
1.89283e-05
2.71216e-05
3.9145e-05
5.43384e-05
6.70237e-05
6.63232e-05
5.39571e-05
2.90167e-05
1.95367e-05
2.14391e-05
2.94685e-05
4.44048e-05
6.58678e-05
9.84116e-05
0.000152252
0.000230421
0.000294081
0.000306506
0.000298868
0.000287784
0.000256556
0.000170116
5.80805e-05
2.58973e-05
2.58926e-05
3.05438e-05
4.09805e-05
5.59632e-05
7.32124e-05
7.79422e-05
7.13575e-05
4.37808e-05
1.71264e-05
1.35658e-05
1.53986e-05
2.08242e-05
2.97654e-05
4.16598e-05
5.63985e-05
7.33879e-05
9.11175e-05
0.000106555
0.000127471
1.90425e-10
2.2026e-10
1.20974e-10
1.07475e-10
2.25508e-10
6.12335e-10
1.52155e-09
3.05405e-09
4.80727e-09
7.31474e-09
1.49266e-08
4.13927e-08
1.12195e-07
1.98711e-07
1.91931e-07
1.66563e-07
1.86284e-07
2.9996e-07
5.90929e-07
1.29307e-06
4.07413e-06
1.27825e-05
3.43904e-05
7.52415e-05
0.000149706
0.000263089
0.000253108
0.000128937
2.50204e-05
4.87322e-06
4.09468e-06
6.44727e-06
1.48149e-05
3.27438e-05
6.12281e-05
0.000106959
0.000113572
8.16528e-05
3.08497e-05
7.61393e-06
5.33185e-06
7.76685e-06
1.5127e-05
2.74786e-05
4.33296e-05
6.09414e-05
7.94036e-05
0.000100328
0.000125056
0.00015076
0.000176662
0.000208919
0.000220928
0.000210927
0.000145378
4.93214e-05
2.92483e-05
3.14698e-05
3.99684e-05
5.36977e-05
7.14272e-05
9.05071e-05
9.17046e-05
7.76465e-05
4.32504e-05
2.72888e-05
2.89688e-05
3.83791e-05
5.8551e-05
9.23123e-05
0.000149441
0.000239679
0.000330733
0.000349601
0.000336064
0.000308368
0.000286252
0.000263601
0.000207726
9.71645e-05
3.90881e-05
3.53963e-05
3.95108e-05
5.18945e-05
7.15737e-05
9.34398e-05
0.000102271
9.69715e-05
6.71091e-05
2.75396e-05
1.83384e-05
1.9842e-05
2.56962e-05
3.6801e-05
5.26991e-05
7.27196e-05
9.50364e-05
0.000116925
0.000132049
0.000144855
2.75198e-08
3.50111e-08
1.98363e-08
1.25714e-08
1.69661e-08
3.75005e-08
9.08789e-08
1.88429e-07
2.83238e-07
3.57842e-07
5.23621e-07
1.04064e-06
2.42767e-06
4.51524e-06
5.22967e-06
4.00274e-06
3.00171e-06
2.47971e-06
2.72026e-06
3.93475e-06
8.6421e-06
2.20744e-05
5.04012e-05
0.000101967
0.000171651
0.000258411
0.000308027
0.000269097
0.000121499
2.23756e-05
1.21188e-05
1.5446e-05
2.81173e-05
5.4482e-05
9.10318e-05
0.000136414
0.000190111
0.000179851
0.000103574
2.77681e-05
1.04563e-05
1.21759e-05
2.004e-05
3.48579e-05
5.48014e-05
7.78475e-05
0.000102455
0.000130405
0.000163029
0.000194507
0.000222312
0.000251308
0.000259136
0.000247214
0.000193257
8.31416e-05
4.74292e-05
4.85038e-05
5.70685e-05
7.2059e-05
9.14019e-05
0.000116357
0.000122054
0.000107122
6.22606e-05
3.69263e-05
3.82352e-05
4.99109e-05
7.85863e-05
0.000131489
0.00022082
0.00033565
0.000394767
0.000388487
0.000344284
0.000273113
0.000237805
0.000223749
0.000191505
0.00011243
5.36095e-05
4.69921e-05
5.14713e-05
6.73885e-05
9.60486e-05
0.000123188
0.000129669
0.000124478
9.36443e-05
4.19801e-05
2.47221e-05
2.57446e-05
3.19638e-05
4.52915e-05
6.54382e-05
9.11448e-05
0.000118435
0.000140771
0.000151465
0.000151426
1.01625e-06
3.22677e-06
2.73064e-06
2.0385e-06
2.12333e-06
2.96597e-06
5.15867e-06
9.05166e-06
1.33052e-05
1.52458e-05
1.70425e-05
2.21278e-05
3.5943e-05
6.33266e-05
0.000108192
0.000101317
6.86904e-05
3.53108e-05
1.40818e-05
1.28906e-05
1.8661e-05
3.62784e-05
7.28966e-05
0.000142882
0.000234873
0.000309956
0.000316526
0.000299254
0.000221178
6.89986e-05
2.87555e-05
3.20911e-05
4.96165e-05
8.8688e-05
0.000145294
0.000201189
0.000253717
0.000256133
0.000208456
8.33425e-05
2.17165e-05
1.97268e-05
2.65743e-05
4.3562e-05
6.91465e-05
0.000102019
0.000138714
0.00017669
0.000213152
0.000242747
0.000267745
0.000284204
0.000282336
0.000266381
0.000209833
0.000104973
7.03298e-05
7.15278e-05
8.25277e-05
0.000100119
0.000120113
0.000148091
0.000158713
0.000142921
8.66725e-05
4.92725e-05
5.01234e-05
6.54104e-05
0.000106202
0.000182504
0.000300608
0.000412731
0.0004364
0.000413051
0.000328944
0.000227418
0.000194279
0.000186249
0.000167281
0.000113099
6.66053e-05
6.10584e-05
6.70328e-05
8.91056e-05
0.000130729
0.000159247
0.000159538
0.000152779
0.000120537
5.95444e-05
3.29292e-05
3.33254e-05
3.97479e-05
5.52225e-05
7.98826e-05
0.000112347
0.000145658
0.000163856
0.000165527
0.000157949
7.53752e-05
0.000256305
0.000280241
0.000315332
0.000287713
0.000264428
0.000288468
0.000400538
0.000455711
0.000407722
0.00030761
0.000208382
0.000226802
0.000310185
0.000348618
0.00034055
0.000285091
0.000162697
5.23191e-05
3.32747e-05
3.95316e-05
6.30758e-05
0.000115577
0.00020554
0.000299215
0.000341201
0.000341129
0.000324137
0.000264639
0.000109042
5.54241e-05
6.02586e-05
8.74925e-05
0.000147972
0.000221706
0.000270957
0.000295806
0.000291519
0.000264114
0.00016115
4.48619e-05
2.9853e-05
3.5921e-05
5.51824e-05
8.86898e-05
0.00013721
0.000190316
0.000230378
0.000253669
0.000269531
0.000287679
0.000294092
0.000289142
0.000269397
0.000200172
0.000118906
0.000101937
0.000107273
0.000128976
0.000151919
0.000169114
0.000194012
0.000203416
0.000184686
0.000113378
6.41259e-05
6.52464e-05
8.64825e-05
0.000143084
0.000244638
0.000381015
0.000468118
0.00047109
0.000431002
0.000302467
0.000186571
0.000163901
0.000159318
0.0001452
0.000105292
7.6007e-05
7.511e-05
8.52993e-05
0.000118392
0.000171825
0.000194067
0.000191936
0.000182029
0.000147385
7.9145e-05
4.31543e-05
4.27908e-05
4.9471e-05
6.72516e-05
9.71256e-05
0.000137973
0.000176669
0.000190004
0.000188676
0.000167017
9.28344e-06
3.44303e-05
7.07616e-05
0.000154047
0.000282131
0.000343012
0.000345611
0.00033919
0.000314926
0.000344764
0.000382094
0.000377484
0.000374971
0.00036362
0.000332593
0.000308449
0.000283603
0.000212049
9.42297e-05
6.55653e-05
7.50925e-05
0.000110166
0.000179136
0.000270005
0.000351831
0.000352561
0.000345824
0.000337891
0.000291792
0.000148299
9.22458e-05
0.00010206
0.000149917
0.000236052
0.000289113
0.000297503
0.000301542
0.000298846
0.000280698
0.000212181
7.26776e-05
4.21363e-05
4.79379e-05
7.10528e-05
0.000117216
0.000185921
0.000235707
0.000256926
0.000265258
0.000269378
0.000277865
0.000284795
0.000278679
0.000246007
0.000170017
0.000145675
0.000148713
0.000167571
0.000204739
0.00023038
0.000239096
0.000252838
0.000253714
0.00022722
0.000136641
8.11269e-05
8.44395e-05
0.000115083
0.000190986
0.000316344
0.000453086
0.000510171
0.000506772
0.000448911
0.000288746
0.000158073
0.000138179
0.000135004
0.000124023
9.68353e-05
8.53901e-05
8.89878e-05
0.000109293
0.000159405
0.000213198
0.000221559
0.000216723
0.000204711
0.000170833
9.96759e-05
5.53251e-05
5.39108e-05
6.11205e-05
8.18486e-05
0.000119484
0.0001736
0.00021659
0.000221998
0.000212448
0.00016999
9.32244e-07
5.48061e-06
1.65254e-05
4.18296e-05
0.000114519
0.000173752
0.000173066
0.000139531
0.000153662
0.000221906
0.000290309
0.000307217
0.000282895
0.000242062
0.000265473
0.000299895
0.000277894
0.000205051
0.00012971
0.000117186
0.000135082
0.000182844
0.000242998
0.000300819
0.000380429
0.000363436
0.000276721
0.0002402
0.000195087
0.000127926
0.000125131
0.000158164
0.000246885
0.000320477
0.000312647
0.000278169
0.000269877
0.000279188
0.000269463
0.000222989
9.29111e-05
5.5447e-05
6.24892e-05
9.3698e-05
0.000161825
0.000239283
0.000248125
0.00023652
0.000222055
0.000225591
0.000242766
0.000257193
0.000247854
0.000199643
0.000174349
0.000186469
0.000211615
0.000236405
0.000256247
0.000276161
0.000295574
0.000300727
0.000292833
0.000260459
0.00015466
0.000100946
0.000108865
0.000153019
0.000251088
0.000393097
0.00051103
0.000550668
0.000548351
0.000487896
0.000299997
0.000143336
0.000113127
0.000108126
9.99884e-05
9.15176e-05
9.32686e-05
0.000107342
0.000147605
0.000213105
0.000243216
0.000237239
0.000225415
0.000210624
0.000182819
0.000118263
6.8803e-05
6.6285e-05
7.47837e-05
0.000100685
0.000151062
0.000222273
0.000260924
0.000257385
0.000228268
0.000165094
1.23202e-07
9.22585e-07
3.42449e-06
9.16918e-06
2.15288e-05
3.35409e-05
3.72008e-05
4.09025e-05
5.74817e-05
8.57576e-05
0.00011619
0.000131911
0.000126984
0.000144384
0.000211625
0.000305804
0.000306699
0.000264495
0.000205673
0.000200931
0.000217552
0.00024396
0.000259147
0.000290788
0.000393294
0.000392571
0.000244438
0.000154848
0.000142783
0.00014501
0.00017637
0.000254153
0.000355078
0.000355186
0.000296488
0.00022443
0.000219845
0.000241148
0.000248527
0.000209772
9.76173e-05
6.89341e-05
8.14643e-05
0.000132491
0.000230833
0.000259872
0.000229202
0.00018164
0.000178111
0.000191919
0.000218287
0.000220836
0.000200114
0.000186882
0.000200857
0.000242604
0.000263129
0.00025808
0.000256279
0.000265872
0.000289882
0.000301909
0.000293578
0.000259223
0.000158546
0.000123509
0.00014022
0.000203708
0.000325013
0.000466467
0.000556756
0.000593297
0.000594469
0.0005431
0.000356497
0.000147839
9.55163e-05
9.04302e-05
9.10287e-05
9.41756e-05
0.000106211
0.000141504
0.000208019
0.000262113
0.000259711
0.000239259
0.000213704
0.000197258
0.000176846
0.000127407
8.14952e-05
7.93168e-05
9.09704e-05
0.000126447
0.000196277
0.000283004
0.000308274
0.000290021
0.000232421
0.000157865
1.88628e-08
1.54515e-07
6.28201e-07
1.66454e-06
3.52396e-06
5.68214e-06
8.03782e-06
1.17909e-05
1.78981e-05
2.56146e-05
3.37791e-05
4.298e-05
5.56078e-05
8.29745e-05
0.000120643
0.000201593
0.000272901
0.000270389
0.000249324
0.000244332
0.000242036
0.000237369
0.000234783
0.000258893
0.000374556
0.000439825
0.000355495
0.000220498
0.000191173
0.00021731
0.000286272
0.000384631
0.000420208
0.000377691
0.000241342
0.000182812
0.000187217
0.000213546
0.000224475
0.000187129
9.56973e-05
8.33938e-05
0.000108133
0.000191759
0.000284381
0.000266683
0.000181464
0.000143707
0.000149774
0.000171576
0.000184814
0.000184356
0.000190257
0.000211834
0.000266345
0.000277283
0.000256047
0.000202208
0.000184838
0.000197154
0.000240793
0.000285081
0.000282579
0.000246277
0.000160814
0.000149292
0.000181564
0.000270857
0.000408754
0.000528521
0.000595577
0.000630934
0.000632325
0.000589711
0.000427131
0.000179816
0.000101514
9.46985e-05
9.64088e-05
0.000106267
0.000138671
0.000202851
0.000279347
0.000293193
0.00026875
0.000219001
0.000184529
0.000172429
0.000162056
0.000126769
9.19374e-05
9.24461e-05
0.000110903
0.000161828
0.000256237
0.00034879
0.000357145
0.000314984
0.000227108
0.000153452
4.03701e-09
2.80458e-08
1.18709e-07
3.36649e-07
7.36791e-07
1.36134e-06
2.45738e-06
4.26318e-06
6.78966e-06
1.01693e-05
1.479e-05
2.14371e-05
3.18995e-05
4.79288e-05
6.83311e-05
0.000115697
0.000181904
0.000222476
0.000231839
0.00022666
0.000213985
0.000190555
0.000185318
0.000221487
0.000309841
0.000430091
0.000437173
0.000374045
0.000325528
0.000356944
0.000430826
0.000471193
0.0004531
0.00037788
0.000206992
0.000157628
0.000167437
0.000197062
0.000202385
0.00015855
9.56788e-05
9.95773e-05
0.000146934
0.000265772
0.000327216
0.000267592
0.000151968
0.000129428
0.00013383
0.000147184
0.000162911
0.000182353
0.000220689
0.000294501
0.000319802
0.000286844
0.000198669
0.00015292
0.000154231
0.000166049
0.000204928
0.000258238
0.000262679
0.000222579
0.000168654
0.00017873
0.000238854
0.000354833
0.000490125
0.000577705
0.000627454
0.000655506
0.000654998
0.000624294
0.000505824
0.00024271
0.000123881
0.000111383
0.000115006
0.000138232
0.000195981
0.000282653
0.000332963
0.000321871
0.000261192
0.000193082
0.000164435
0.000155754
0.00014771
0.000121699
0.000100912
0.000106197
0.000136669
0.000209805
0.000329916
0.000413505
0.000406863
0.000332987
0.000223564
0.000154116
7.82029e-09
4.74569e-08
1.76984e-07
4.92349e-07
1.14919e-06
2.37376e-06
4.28872e-06
6.87643e-06
1.00379e-05
1.35367e-05
1.72704e-05
2.15316e-05
2.82088e-05
3.79528e-05
5.00805e-05
6.86181e-05
9.86102e-05
0.000134297
0.000178865
0.000163381
0.000143686
0.00013607
0.000155043
0.000198015
0.00026861
0.000360906
0.00042629
0.000445167
0.000451659
0.000478556
0.000497146
0.000491834
0.000470741
0.000391102
0.000197756
0.000135749
0.000147637
0.00017706
0.000174257
0.000125453
0.000102099
0.000125049
0.00020957
0.000355242
0.000382052
0.000276362
0.000147569
0.000127827
0.000134027
0.00015166
0.000181111
0.00022872
0.000314416
0.00038673
0.000375986
0.000280156
0.000165993
0.000142392
0.000146414
0.000163294
0.000204357
0.000240467
0.000236654
0.000197522
0.000186684
0.000220332
0.000315203
0.000445703
0.000556657
0.000613847
0.000648447
0.000665819
0.000664292
0.000647528
0.000577546
0.000340385
0.000174797
0.000151597
0.000158664
0.00019844
0.000279169
0.000360599
0.000378635
0.000346439
0.000249922
0.000175699
0.000154376
0.000146677
0.000136981
0.000115982
0.000109828
0.000122797
0.000171495
0.000272543
0.000412149
0.000475854
0.000454194
0.000354195
0.000233532
0.000160414
3.81768e-08
2.26731e-07
7.91221e-07
1.95264e-06
4.09355e-06
7.86888e-06
1.31851e-05
1.94095e-05
2.58097e-05
3.11184e-05
3.6104e-05
4.12166e-05
4.5853e-05
4.99178e-05
5.42256e-05
5.90401e-05
6.83217e-05
7.97398e-05
9.95702e-05
9.83508e-05
0.000101354
0.000112983
0.000137592
0.000174566
0.000231101
0.00030565
0.000370358
0.000423758
0.000450101
0.000465542
0.000471832
0.000479335
0.000490189
0.000449938
0.000251273
0.000126235
0.000122734
0.000134913
0.000128329
0.00010963
0.000118138
0.000172529
0.000304918
0.000452271
0.000462185
0.000371268
0.00023543
0.000178643
0.000181324
0.000208368
0.000259623
0.00034109
0.000442197
0.000479232
0.000444415
0.000308947
0.000177046
0.000143093
0.00014638
0.000164378
0.000201711
0.000216872
0.000206513
0.000194064
0.000212005
0.000283313
0.00040679
0.000527268
0.000602218
0.000636523
0.00065796
0.000667972
0.000667885
0.000661375
0.00062429
0.000463915
0.000274827
0.000231387
0.00024005
0.000291826
0.000373986
0.000425514
0.000427243
0.000371921
0.000245806
0.000166684
0.000147068
0.000139135
0.000128113
0.000116142
0.000119213
0.000146036
0.00021926
0.000351522
0.000497124
0.000536304
0.00050135
0.000389037
0.000260582
0.000171998
2.55769e-07
1.22063e-06
3.71185e-06
8.44906e-06
1.6055e-05
2.82396e-05
4.17038e-05
5.17165e-05
5.82379e-05
6.23424e-05
6.58523e-05
6.94418e-05
7.24194e-05
7.45342e-05
7.62616e-05
7.55205e-05
7.58101e-05
7.85379e-05
8.39121e-05
8.82894e-05
9.50448e-05
0.000106662
0.000126531
0.000153307
0.00019062
0.00024241
0.000284804
0.000330258
0.000370204
0.000382383
0.000397346
0.000443091
0.000499918
0.000492996
0.000328986
0.000139022
0.000112478
0.000112763
0.00011331
0.000118271
0.000156548
0.000261101
0.000427268
0.000545674
0.000555242
0.000500119
0.00038525
0.000305294
0.000305351
0.000343668
0.000408702
0.000494874
0.000564302
0.000574051
0.000536892
0.000423832
0.00026897
0.000168452
0.000151731
0.000158741
0.00018026
0.000192057
0.000197416
0.000207739
0.000260479
0.000369979
0.000497717
0.000586974
0.000628485
0.000647853
0.000658183
0.000659002
0.000662771
0.000667188
0.000654014
0.000572121
0.000419103
0.000358855
0.000360333
0.00040045
0.000455677
0.000485115
0.00048433
0.000412994
0.000252276
0.000163085
0.000141789
0.000132645
0.00012423
0.000121465
0.000133548
0.000179893
0.000283473
0.000444703
0.000576789
0.000595333
0.000552359
0.000442985
0.00030537
0.000189616
1.99838e-06
7.73789e-06
1.80151e-05
3.66012e-05
5.77347e-05
7.70647e-05
8.39233e-05
8.55011e-05
8.64828e-05
8.76025e-05
8.90092e-05
9.02763e-05
9.08609e-05
9.08083e-05
9.00467e-05
8.88862e-05
8.79921e-05
8.74553e-05
8.80948e-05
9.02498e-05
9.4218e-05
0.000101062
0.000112103
0.00012386
0.000141059
0.000167803
0.000190745
0.000223113
0.00026207
0.000291577
0.00033352
0.000403581
0.000489587
0.000513964
0.000401601
0.000200189
0.000130034
0.000123349
0.000127013
0.000153005
0.000240805
0.000389685
0.000537867
0.000604366
0.000608095
0.000585582
0.000524882
0.000481258
0.000483972
0.000516097
0.000566828
0.000619347
0.000642211
0.000639021
0.000609161
0.000525356
0.000377183
0.000234675
0.000174461
0.000169702
0.000177382
0.00019118
0.000207057
0.00024663
0.000343687
0.000467563
0.000571104
0.000619739
0.000637301
0.000647151
0.000645838
0.000640261
0.000645794
0.000665991
0.00066722
0.000638177
0.000551921
0.000496299
0.000483083
0.000494622
0.000521851
0.000551632
0.00055563
0.000475808
0.000281641
0.00016611
0.000140209
0.000131296
0.00012698
0.000130768
0.000156559
0.000229803
0.00036856
0.00054743
0.000647976
0.00065324
0.000608005
0.000512404
0.000363643
0.000214303
7.45374e-06
3.26828e-05
5.61988e-05
7.45727e-05
8.21345e-05
8.16966e-05
8.17759e-05
8.29154e-05
8.47604e-05
8.65237e-05
8.71011e-05
8.66694e-05
8.57775e-05
8.49839e-05
8.48959e-05
8.56121e-05
8.63054e-05
8.67505e-05
8.76773e-05
8.76557e-05
8.78604e-05
8.67139e-05
8.60885e-05
8.56832e-05
9.1031e-05
0.000103589
0.000119271
0.000148719
0.000186373
0.000223726
0.000279929
0.000345979
0.000427285
0.000492406
0.00044431
0.000317475
0.000198619
0.000168559
0.000180367
0.000249748
0.000385347
0.000516442
0.000573628
0.000602207
0.000607993
0.000599907
0.000572425
0.00057106
0.00058872
0.000620803
0.000649751
0.000663813
0.000663781
0.000658026
0.000641492
0.000600517
0.000496451
0.000349132
0.000236871
0.000199359
0.000199529
0.000214727
0.000251414
0.000331809
0.000452521
0.000556276
0.000610827
0.000626017
0.000633857
0.000634433
0.000623473
0.000618995
0.000630896
0.000658888
0.000672032
0.000664398
0.000629108
0.000592921
0.000569624
0.000567972
0.000588635
0.000633553
0.000644226
0.00056224
0.000342253
0.000185275
0.000146623
0.000137126
0.000136526
0.00014847
0.000196382
0.000304852
0.00047975
0.000649772
0.000710252
0.000709482
0.000667701
0.000591334
0.000429243
0.000248779
7.72147e-07
4.79249e-06
1.01067e-05
1.66239e-05
2.16992e-05
2.62689e-05
3.06709e-05
3.46286e-05
3.85895e-05
4.18342e-05
4.38682e-05
4.62711e-05
4.93418e-05
5.34544e-05
5.81311e-05
6.35462e-05
6.71988e-05
6.87124e-05
7.08491e-05
6.91379e-05
6.51454e-05
5.96331e-05
5.52655e-05
5.43328e-05
5.84315e-05
6.72756e-05
7.97856e-05
0.000102352
0.000131341
0.000166191
0.00021877
0.000265375
0.000328403
0.000416225
0.000485132
0.000444444
0.000354977
0.000311869
0.000333464
0.000432453
0.000510335
0.000526366
0.000540563
0.000540467
0.000538829
0.000548668
0.000560477
0.000574147
0.000593275
0.000611326
0.000623284
0.000624818
0.000623492
0.000629153
0.000637889
0.000627925
0.000588006
0.000497652
0.00037733
0.000292876
0.000272814
0.000295671
0.000358767
0.000459629
0.000558191
0.000603305
0.000613321
0.000618875
0.000617299
0.000607047
0.000594779
0.000598527
0.00061979
0.000650674
0.000671391
0.000674278
0.000662433
0.0006424
0.000627139
0.000630375
0.000670098
0.000727662
0.000736953
0.000666151
0.000452388
0.000234166
0.000167127
0.00015453
0.000157191
0.00018499
0.000265967
0.000417412
0.000610437
0.000736749
0.000763144
0.000760871
0.000728405
0.000672897
0.000497829
0.000300083
4.65741e-08
3.64365e-07
9.11318e-07
1.76983e-06
2.84834e-06
4.14428e-06
5.59594e-06
7.20478e-06
8.96242e-06
1.04702e-05
1.18279e-05
1.36005e-05
1.60439e-05
1.93333e-05
2.32581e-05
2.72737e-05
2.99285e-05
3.16555e-05
3.39894e-05
3.41403e-05
3.36271e-05
3.31561e-05
3.43653e-05
3.87418e-05
4.56527e-05
5.44582e-05
6.53167e-05
8.06952e-05
9.98275e-05
0.000124482
0.000158948
0.000186308
0.000227785
0.00029526
0.000407129
0.000481212
0.000492399
0.000490876
0.000484871
0.000495314
0.000475958
0.000452952
0.000427676
0.000413574
0.000424223
0.000453363
0.000478309
0.000500813
0.000512866
0.00051324
0.000519269
0.000525605
0.000540426
0.000565176
0.000597025
0.000623211
0.000618179
0.00059343
0.000542265
0.000473278
0.000434226
0.000453652
0.00050869
0.000574177
0.000598283
0.00060091
0.0005995
0.000594091
0.000582326
0.000570162
0.000568202
0.000581998
0.000611294
0.000643968
0.00066907
0.000681589
0.00068137
0.000677637
0.000678355
0.000700129
0.000759682
0.000801784
0.000805249
0.000763072
0.000607233
0.000349218
0.000218066
0.00019472
0.000203928
0.000258727
0.000383724
0.000566526
0.000730638
0.00079498
0.000802542
0.000802329
0.000783954
0.000750402
0.000568999
0.000377631
2.92265e-09
2.42722e-08
7.17407e-08
1.65724e-07
3.1236e-07
5.23408e-07
7.74844e-07
1.07379e-06
1.41681e-06
1.79776e-06
2.25964e-06
2.88909e-06
3.72028e-06
4.81397e-06
6.12204e-06
7.39359e-06
8.46002e-06
9.6651e-06
1.14053e-05
1.3625e-05
1.70535e-05
2.11687e-05
2.73334e-05
3.48653e-05
4.32907e-05
5.24587e-05
6.28425e-05
7.48579e-05
8.77624e-05
0.000102993
0.000120739
0.000136239
0.000155112
0.000184326
0.000242316
0.000315544
0.000395596
0.000422725
0.00041052
0.000364368
0.000329767
0.000304644
0.000290376
0.000293439
0.00031775
0.000348842
0.000369968
0.000381854
0.000386266
0.000393187
0.000413449
0.000439673
0.00046872
0.00049816
0.000528439
0.000569679
0.000605206
0.0006089
0.000604553
0.000595061
0.000580676
0.000582304
0.000589511
0.000592368
0.000585168
0.000575857
0.000560841
0.000550147
0.00053768
0.000535186
0.000543956
0.000568107
0.000600927
0.000636323
0.000666893
0.000687969
0.000702045
0.000714514
0.000734556
0.000772893
0.000814914
0.00083028
0.000831782
0.000819654
0.000753605
0.000542652
0.000343524
0.000290324
0.000308874
0.000399446
0.00055689
0.000717739
0.000808039
0.000824471
0.000827186
0.000832362
0.000828307
0.000819204
0.000647542
0.000490974
1.70952e-10
1.58662e-09
5.40638e-09
1.4284e-08
3.08242e-08
5.78423e-08
9.21862e-08
1.35068e-07
1.89455e-07
2.61715e-07
3.71065e-07
5.25221e-07
7.38949e-07
1.03938e-06
1.42889e-06
1.86902e-06
2.40361e-06
3.36865e-06
4.89647e-06
7.80834e-06
1.27284e-05
1.98179e-05
2.9007e-05
3.94677e-05
4.90825e-05
5.77614e-05
6.59229e-05
7.49913e-05
8.55013e-05
9.71177e-05
0.000109357
0.00012072
0.000131929
0.000144399
0.000160379
0.000178069
0.000200983
0.000223938
0.000227928
0.000219371
0.000220713
0.00021726
0.000218948
0.000229612
0.00025001
0.000270935
0.000285766
0.000296868
0.000307866
0.000326131
0.000355202
0.000383102
0.000411129
0.000436413
0.000461783
0.000493732
0.000523268
0.0005449
0.000563234
0.000577256
0.000582605
0.000581058
0.000575028
0.000557273
0.000532112
0.000518239
0.000504207
0.000497225
0.000494053
0.000502024
0.000521072
0.000548637
0.000581992
0.00062076
0.000660115
0.000690367
0.000715627
0.000742162
0.000773967
0.000807346
0.000825095
0.000831794
0.000836177
0.000837796
0.000823846
0.000739609
0.000579241
0.00049124
0.000513817
0.000615401
0.000740206
0.000817388
0.000834378
0.000835083
0.000838673
0.000850343
0.000859674
0.000872491
0.000737692
0.0006385
9.58055e-12
9.33752e-11
3.59415e-10
1.0593e-09
2.53312e-09
5.15353e-09
8.73489e-09
1.36085e-08
2.061e-08
3.16883e-08
5.18049e-08
8.60094e-08
1.37823e-07
2.17874e-07
3.42036e-07
5.42993e-07
8.78492e-07
1.72866e-06
4.0088e-06
8.65568e-06
1.66754e-05
2.83964e-05
4.20428e-05
5.45537e-05
6.30901e-05
6.9741e-05
7.55731e-05
8.26949e-05
9.26857e-05
0.000103437
0.000114168
0.00012555
0.000134699
0.00014363
0.000153509
0.000164436
0.000175004
0.000183996
0.000189947
0.000192384
0.000192871
0.000192695
0.000196749
0.0002092
0.000227262
0.000244401
0.00025805
0.000269731
0.000282
0.000299669
0.000322537
0.0003392
0.000357447
0.000372641
0.000388337
0.000409297
0.000430186
0.000450439
0.000474861
0.000497345
0.000510714
0.000505668
0.000493941
0.000466928
0.000450853
0.0004466
0.000440825
0.000442667
0.000450275
0.000467662
0.000489156
0.000514923
0.000547172
0.000588137
0.00063415
0.000679471
0.000716234
0.000745502
0.000772501
0.000781617
0.000773465
0.000777914
0.000799964
0.00082783
0.000841626
0.000825265
0.000788057
0.000753927
0.000759039
0.000803116
0.000832158
0.000836288
0.00083294
0.000833074
0.000841192
0.000857027
0.000876385
0.00090305
0.00083524
0.000804183
4.89824e-13
5.13566e-12
2.20826e-11
7.25302e-11
1.904e-10
4.1307e-10
7.45913e-10
1.26589e-09
2.16597e-09
3.91495e-09
7.77397e-09
1.56645e-08
2.95467e-08
5.6207e-08
1.09539e-07
2.35406e-07
6.36997e-07
1.85822e-06
5.04023e-06
1.19312e-05
2.41484e-05
4.15175e-05
5.95684e-05
7.23702e-05
7.90891e-05
8.45607e-05
9.04273e-05
9.82506e-05
0.000108241
0.000116987
0.00012496
0.000134636
0.000145382
0.000156796
0.000167001
0.000178258
0.000186488
0.000191305
0.000194165
0.000193179
0.000188854
0.000190903
0.000198624
0.000215742
0.000232941
0.00024567
0.000254336
0.00026049
0.000267014
0.000278829
0.000289775
0.000291906
0.000299389
0.000302284
0.000303272
0.000306733
0.000313252
0.000322595
0.000337063
0.000352733
0.000365372
0.000369537
0.000372075
0.000365201
0.000364098
0.000368752
0.000373739
0.000385274
0.000400759
0.000420645
0.000437957
0.000459236
0.000488873
0.000529159
0.000576625
0.000625199
0.00066369
0.000679508
0.000677211
0.000664116
0.000657782
0.000676552
0.000708183
0.000750869
0.000797892
0.000830729
0.000836728
0.000840866
0.000839561
0.000837521
0.000832913
0.000825757
0.000815903
0.000817448
0.00083348
0.000853751
0.000878151
0.000912321
0.000916131
0.000902516
2.34314e-14
2.57231e-13
1.21561e-12
4.33705e-12
1.22241e-11
2.78794e-11
5.46338e-11
1.07646e-10
2.27337e-10
5.27919e-10
1.34138e-09
3.34805e-09
7.62458e-09
1.89443e-08
5.81975e-08
1.87911e-07
6.07569e-07
1.92908e-06
5.78901e-06
1.46565e-05
3.0733e-05
5.3004e-05
7.30808e-05
8.36889e-05
8.95975e-05
9.64375e-05
0.000104869
0.000112371
0.000118172
0.000123119
0.000128291
0.000136927
0.000151164
0.000168572
0.000185701
0.000202752
0.000211553
0.000211734
0.000208152
0.000195661
0.000191133
0.000197617
0.000213199
0.000230853
0.000241098
0.000244398
0.000244599
0.000242329
0.00024176
0.000243889
0.000241064
0.000235229
0.000235509
0.000229492
0.000219853
0.00021184
0.000208861
0.000209363
0.000215755
0.000225513
0.000237637
0.000249194
0.000260141
0.000265821
0.000275531
0.000289718
0.000304035
0.000322762
0.000340123
0.000354777
0.000364097
0.000379116
0.000403368
0.000438316
0.000479938
0.000519274
0.000537453
0.000534873
0.000522945
0.000525938
0.000545184
0.000575978
0.000604019
0.000639829
0.000688959
0.000749099
0.000790596
0.000810158
0.000814408
0.000810567
0.000800455
0.000782354
0.000765362
0.000774454
0.000796073
0.000805308
0.000824515
0.00085929
0.000938433
0.00089914
1.0278e-15
1.17941e-14
6.0394e-14
2.35655e-13
7.23618e-13
1.86551e-12
4.88129e-12
1.47568e-11
4.58783e-11
1.35658e-10
4.60017e-10
1.60963e-09
5.57599e-09
1.91358e-08
6.49465e-08
2.17345e-07
7.13609e-07
2.28464e-06
6.91308e-06
1.75506e-05
3.67625e-05
6.2013e-05
7.99962e-05
8.71911e-05
9.33248e-05
0.000103239
0.000112941
0.000116741
0.000116658
0.000117017
0.000121259
0.000133704
0.000154608
0.000179664
0.000203901
0.00022566
0.000232807
0.000229995
0.000213551
0.000197917
0.000200368
0.00021731
0.000231089
0.000236023
0.000237037
0.000232119
0.000224084
0.000216221
0.000210436
0.000205007
0.000196799
0.000190065
0.000185789
0.000175734
0.000162479
0.000148094
0.000135417
0.00012769
0.000129967
0.000136807
0.000147705
0.0001606
0.000173839
0.000186525
0.000203017
0.000222845
0.000242554
0.000261122
0.00027081
0.000274712
0.000276154
0.000284985
0.000301943
0.000326635
0.000355027
0.000376339
0.000380769
0.000384324
0.000399182
0.000430204
0.000468641
0.000489106
0.000496355
0.000515669
0.00055153
0.000609562
0.000665484
0.00069867
0.000712219
0.0007072
0.000689746
0.000665976
0.000653963
0.000671612
0.000666495
0.000628104
0.000627395
0.000642908
0.000796999
0.000760038
4.18689e-17
4.971e-16
2.78731e-15
1.19837e-14
4.3749e-14
1.71668e-13
9.13355e-13
4.98361e-12
2.10396e-11
8.23684e-11
3.11831e-10
1.15388e-09
4.18741e-09
1.49151e-08
5.18449e-08
1.76258e-07
5.87642e-07
1.91391e-06
6.05338e-06
1.65488e-05
3.7055e-05
6.38677e-05
7.96023e-05
8.51504e-05
9.26343e-05
0.000105304
0.000111859
0.000110364
0.000106165
0.000105609
0.000112724
0.000132346
0.000162294
0.000195554
0.000224964
0.000244618
0.000246153
0.000230979
0.000210173
0.000203817
0.00022038
0.000229255
0.000229478
0.000227543
0.000220703
0.00020962
0.000199997
0.000191736
0.00018541
0.000179797
0.00017398
0.000169027
0.000163888
0.000155496
0.000142976
0.000126275
0.000107282
9.31905e-05
9.14117e-05
9.57941e-05
0.000105834
0.000119438
0.000133209
0.000147137
0.000163913
0.000183212
0.000198491
0.000205717
0.000204079
0.000201445
0.000201822
0.000209801
0.000221177
0.00023292
0.000245303
0.000253675
0.000264077
0.000296178
0.000345786
0.000384505
0.000404697
0.000387343
0.000354969
0.000345439
0.00035625
0.000392018
0.000433395
0.000452818
0.00045385
0.000449738
0.000440349
0.000428797
0.000427119
0.000433799
0.000399864
0.000347178
0.00034515
0.000356989
0.000444681
0.000505983
1.60444e-18
1.99057e-17
1.28468e-16
7.44735e-16
5.04637e-15
4.51111e-14
4.2465e-13
3.24004e-12
1.64149e-11
6.80164e-11
2.63759e-10
9.87893e-10
3.60942e-09
1.29022e-08
4.51122e-08
1.54444e-07
5.18596e-07
1.70249e-06
5.43913e-06
1.55015e-05
3.60667e-05
6.27221e-05
7.51104e-05
7.90977e-05
8.81725e-05
0.00010233
0.000104745
9.93657e-05
9.4068e-05
9.51544e-05
0.000106475
0.000134461
0.000174967
0.000216422
0.000246775
0.000256048
0.000245493
0.000223923
0.000208185
0.000216946
0.000223517
0.000222523
0.000214793
0.000204542
0.000195132
0.000185581
0.000178716
0.000173476
0.000169859
0.000167136
0.000164179
0.000161274
0.000158413
0.000153766
0.000146027
0.000132542
0.000109768
8.65098e-05
7.99312e-05
8.36462e-05
9.53159e-05
0.000111353
0.000125221
0.000137221
0.000150672
0.00016275
0.000164196
0.000161521
0.000158799
0.000160394
0.000168178
0.000179243
0.000189048
0.000193242
0.00019633
0.000204439
0.000224637
0.000276368
0.000334199
0.000340872
0.000289666
0.000225031
0.000171682
0.00014632
0.000136584
0.000140707
0.000148425
0.000148539
0.000149561
0.000155407
0.000159746
0.000163459
0.000170487
0.000172935
0.000163888
0.000159192
0.000168764
0.000191472
0.000244132
0.000359927
6.52202e-20
9.40504e-19
9.34063e-18
1.0654e-16
1.37926e-15
1.74003e-14
1.86752e-13
1.5478e-12
9.32764e-12
4.02837e-11
1.59725e-10
6.09729e-10
2.26936e-09
8.26227e-09
2.94785e-08
1.03267e-07
3.55884e-07
1.19989e-06
3.91642e-06
1.21862e-05
3.12047e-05
5.75028e-05
6.8048e-05
7.08527e-05
7.95338e-05
9.43292e-05
9.50315e-05
8.93046e-05
8.39623e-05
8.61302e-05
0.000101612
0.000139271
0.000191264
0.000238025
0.000259195
0.000254628
0.00023489
0.00021084
0.000206951
0.000212834
0.000210711
0.000196525
0.000183062
0.000172248
0.000164284
0.000156972
0.000152444
0.000149639
0.000148589
0.000148728
0.000148188
0.000147198
0.000148374
0.000149275
0.000149141
0.000143816
0.000125895
9.42544e-05
7.62175e-05
7.91881e-05
9.38454e-05
0.000114066
0.000127992
0.000137253
0.000143439
0.000143355
0.000138956
0.000138238
0.000141485
0.000148271
0.000161927
0.000177485
0.000185377
0.000183089
0.000182619
0.000192184
0.000228313
0.000282853
0.000273207
0.000201637
0.000117669
6.78037e-05
4.90295e-05
4.13708e-05
3.78573e-05
3.91243e-05
4.2017e-05
4.54036e-05
5.05358e-05
5.7745e-05
6.55026e-05
7.34122e-05
8.17487e-05
8.91746e-05
9.67973e-05
0.000105616
0.000119407
0.00014307
0.000186134
0.000302893
4.87826e-21
1.02501e-19
1.82037e-18
3.1887e-17
4.96726e-16
6.52212e-15
7.11611e-14
6.34703e-13
4.58976e-12
2.35616e-11
9.84239e-11
3.85305e-10
1.45641e-09
5.35956e-09
1.92846e-08
6.80418e-08
2.3587e-07
8.01293e-07
2.65755e-06
8.55537e-06
2.40398e-05
4.84379e-05
6.00814e-05
6.19847e-05
6.6896e-05
7.93951e-05
8.29336e-05
7.86228e-05
7.33389e-05
7.67424e-05
9.79608e-05
0.00014825
0.0002114
0.000252491
0.000257033
0.000242747
0.000211602
0.00019473
0.000193373
0.000189264
0.000165163
0.000141871
0.000128353
0.00011826
0.000112036
0.000106297
0.000103889
0.00010305
0.00010348
0.000103982
0.000103499
0.000102607
0.000104993
0.000110167
0.000121639
0.00013003
0.00012449
0.000100458
7.2868e-05
7.34859e-05
8.99023e-05
0.000115604
0.00013107
0.00013496
0.000134067
0.000130009
0.000129266
0.000131467
0.00013979
0.000165962
0.000213731
0.000238555
0.000231233
0.000204332
0.000187735
0.000199632
0.000231666
0.000210152
0.000123912
6.07093e-05
3.00992e-05
1.64499e-05
1.21784e-05
1.19339e-05
1.29118e-05
1.54344e-05
1.9786e-05
2.48889e-05
3.15512e-05
4.00001e-05
4.8828e-05
5.80587e-05
6.84097e-05
7.97031e-05
9.21513e-05
0.000106037
0.000121753
0.000139785
0.000166242
0.000250193
9.54173e-22
2.39329e-20
4.98454e-19
9.00869e-18
1.36347e-16
1.70599e-15
1.85914e-14
1.7437e-13
1.39037e-12
9.05013e-12
4.21744e-11
1.7225e-10
6.68511e-10
2.51135e-09
9.20611e-09
3.30875e-08
1.17163e-07
4.08418e-07
1.39469e-06
4.60177e-06
1.44632e-05
3.37288e-05
4.92099e-05
5.19239e-05
5.33551e-05
5.92752e-05
6.57259e-05
6.31994e-05
5.99764e-05
6.61744e-05
9.5743e-05
0.000160134
0.000227566
0.000250939
0.000242347
0.000206074
0.000170688
0.000155476
0.000142593
0.000109536
8.16576e-05
6.69383e-05
5.80272e-05
5.10007e-05
4.68916e-05
4.46171e-05
4.46644e-05
4.68369e-05
4.98322e-05
5.14476e-05
5.19716e-05
5.23759e-05
5.44484e-05
5.90778e-05
6.97137e-05
8.69794e-05
9.4723e-05
8.74028e-05
6.56963e-05
6.39718e-05
7.94254e-05
0.000111076
0.00013073
0.000132581
0.000129876
0.000125564
0.000127438
0.00013614
0.000166
0.000224744
0.000296011
0.000305466
0.000280198
0.000220174
0.000191023
0.000194122
0.000159999
7.56595e-05
3.73089e-05
1.80222e-05
1.02088e-05
6.45827e-06
5.20423e-06
5.36294e-06
6.34816e-06
9.16996e-06
1.42114e-05
2.07288e-05
2.78945e-05
3.5689e-05
4.31926e-05
5.15435e-05
6.24835e-05
7.48664e-05
8.92221e-05
0.000106972
0.000126284
0.000144756
0.000165052
0.000212218
2.11321e-22
5.26236e-21
1.04698e-19
1.76377e-18
2.49878e-17
3.0933e-16
3.48366e-15
3.4815e-14
3.09294e-13
2.36664e-12
1.46967e-11
6.54779e-11
2.65038e-10
1.02515e-09
3.83495e-09
1.40094e-08
5.03335e-08
1.77996e-07
6.18197e-07
2.0948e-06
6.89708e-06
1.89291e-05
3.40026e-05
3.89736e-05
3.87975e-05
3.97569e-05
4.45712e-05
4.43793e-05
4.43319e-05
5.55762e-05
9.62582e-05
0.000175504
0.000233642
0.000237073
0.000195908
0.000132079
9.69808e-05
8.26387e-05
6.88753e-05
5.70659e-05
5.02933e-05
4.64412e-05
4.05412e-05
3.37971e-05
2.71796e-05
2.17321e-05
1.81302e-05
1.61098e-05
1.6271e-05
1.74287e-05
1.85521e-05
1.9618e-05
2.14869e-05
2.49323e-05
3.23259e-05
4.67023e-05
6.05421e-05
5.95973e-05
5.06421e-05
5.08278e-05
6.52386e-05
9.95583e-05
0.000128034
0.00013198
0.000128677
0.000123997
0.000129286
0.000150138
0.000207985
0.000295544
0.000358391
0.000352178
0.000302477
0.000217859
0.000181969
0.000142023
6.07129e-05
2.84852e-05
1.80436e-05
1.38941e-05
1.00434e-05
5.8881e-06
3.63063e-06
3.4684e-06
4.28081e-06
6.6561e-06
1.07842e-05
1.53362e-05
1.93762e-05
2.36944e-05
2.77212e-05
3.37397e-05
4.4535e-05
5.78407e-05
7.46567e-05
9.75775e-05
0.000124601
0.000150818
0.000170474
0.00020818
3.13927e-23
7.42157e-22
1.33363e-20
2.06013e-19
2.83076e-18
3.52016e-17
4.04706e-16
4.1924e-15
3.99645e-14
3.35676e-13
2.46829e-12
1.47126e-11
6.49605e-11
2.65352e-10
1.02616e-09
3.90882e-09
1.4724e-08
5.4556e-08
1.99052e-07
7.08067e-07
2.42227e-06
7.819e-06
1.72015e-05
2.19117e-05
2.15386e-05
2.08667e-05
2.2144e-05
2.42269e-05
2.84267e-05
4.56041e-05
9.71893e-05
0.000184561
0.000225342
0.000193997
0.000120931
7.56687e-05
6.69873e-05
6.79499e-05
6.78843e-05
6.73195e-05
6.81589e-05
6.39175e-05
5.35164e-05
4.07697e-05
2.87411e-05
1.88315e-05
1.1698e-05
7.53845e-06
5.60083e-06
5.35779e-06
5.60513e-06
6.04033e-06
6.81891e-06
8.42e-06
1.22578e-05
2.06969e-05
3.26209e-05
3.56284e-05
3.46262e-05
3.65416e-05
4.94515e-05
8.18761e-05
0.000119007
0.000128268
0.000123553
0.000120039
0.00013054
0.000170307
0.000255427
0.000356222
0.00038688
0.000367078
0.000288846
0.000200373
0.000144399
7.41009e-05
3.52656e-05
2.67192e-05
2.42617e-05
2.03231e-05
1.46696e-05
8.26916e-06
3.57284e-06
2.52663e-06
2.86493e-06
4.10093e-06
6.37324e-06
8.58808e-06
1.04836e-05
1.28052e-05
1.56364e-05
2.01046e-05
2.83326e-05
4.02417e-05
5.84313e-05
8.71649e-05
0.000122369
0.00015669
0.000181601
0.000218992
2.66704e-24
5.59389e-23
9.39773e-22
1.41441e-20
1.95859e-19
2.51843e-18
3.05382e-17
3.40664e-16
3.56478e-15
3.34908e-14
2.82907e-13
2.01869e-12
1.21504e-11
5.97264e-11
2.43289e-10
9.61924e-10
3.75532e-09
1.43233e-08
5.37334e-08
1.96211e-07
6.89246e-07
2.19197e-06
4.96323e-06
7.06995e-06
7.12513e-06
7.01818e-06
7.683e-06
9.7525e-06
1.62847e-05
3.74925e-05
9.60865e-05
0.000185614
0.000208444
0.000143869
7.68707e-05
6.38018e-05
6.87012e-05
7.5621e-05
8.05568e-05
8.27855e-05
8.02145e-05
7.11795e-05
5.68972e-05
4.11553e-05
2.79954e-05
1.86597e-05
1.14411e-05
5.72064e-06
2.67846e-06
1.72812e-06
1.67729e-06
1.7979e-06
2.09543e-06
2.70694e-06
4.24692e-06
8.01461e-06
1.4312e-05
1.84942e-05
2.04425e-05
2.38669e-05
3.44981e-05
6.04458e-05
9.91953e-05
0.000115149
0.000111379
0.000112044
0.000130354
0.000192298
0.000296502
0.000387918
0.000394543
0.000350277
0.000249759
0.000160171
8.8913e-05
4.64591e-05
3.48031e-05
3.08658e-05
2.64884e-05
2.16951e-05
1.57123e-05
9.26534e-06
4.1619e-06
1.925e-06
1.82439e-06
2.2461e-06
3.21317e-06
4.37146e-06
5.91709e-06
8.34283e-06
1.1845e-05
1.6271e-05
2.23237e-05
3.10686e-05
4.48581e-05
6.94245e-05
0.000107147
0.000146947
0.000179148
0.000220406
1.17312e-25
2.37005e-24
4.06191e-23
6.45081e-22
9.56948e-21
1.32964e-19
1.76193e-18
2.13466e-17
2.45625e-16
2.52365e-15
2.35724e-14
1.87404e-13
1.2785e-12
7.1752e-12
3.63365e-11
1.71836e-10
7.88134e-10
3.26772e-09
1.26227e-08
4.60486e-08
1.54063e-07
4.0858e-07
7.75865e-07
1.11376e-06
1.34727e-06
1.60764e-06
2.17957e-06
4.03839e-06
1.06672e-05
3.30226e-05
9.74682e-05
0.000183704
0.000188328
0.000109669
6.72942e-05
6.53615e-05
7.70976e-05
8.37121e-05
8.71422e-05
8.94741e-05
8.64208e-05
7.51967e-05
5.32062e-05
3.03944e-05
1.64536e-05
9.63828e-06
6.32192e-06
4.02716e-06
1.9314e-06
7.14133e-07
5.07506e-07
5.33489e-07
6.31769e-07
8.616e-07
1.48288e-06
3.04589e-06
5.68582e-06
8.329e-06
1.08119e-05
1.45475e-05
2.2704e-05
4.1563e-05
7.53192e-05
9.59686e-05
9.61973e-05
0.000101673
0.000129882
0.000207368
0.000320857
0.000400403
0.000383443
0.000299477
0.00018999
0.00010409
5.58427e-05
4.10732e-05
3.4875e-05
2.3336e-05
1.70266e-05
1.45196e-05
1.19164e-05
8.56833e-06
4.44198e-06
1.71362e-06
1.133e-06
1.22737e-06
1.64606e-06
2.57068e-06
4.43346e-06
7.59868e-06
1.20168e-05
1.69057e-05
2.22265e-05
2.99464e-05
4.12962e-05
5.78121e-05
8.25728e-05
0.000116454
0.000163466
0.000199372
3.51711e-27
7.85042e-26
1.46149e-24
2.51295e-23
4.08009e-22
6.27471e-21
9.1809e-20
1.21999e-18
1.52562e-17
1.68322e-16
1.69929e-15
1.45948e-14
1.07389e-13
6.53324e-13
3.63512e-12
1.84255e-11
9.32126e-11
4.3839e-10
1.80995e-09
6.60193e-09
2.1447e-08
5.25934e-08
1.0193e-07
1.61491e-07
2.36879e-07
3.58282e-07
6.60012e-07
2.0357e-06
7.05366e-06
2.47658e-05
8.27542e-05
0.000168891
0.000175212
0.00011313
6.91163e-05
6.71273e-05
7.72541e-05
8.38877e-05
9.15798e-05
9.32515e-05
8.94911e-05
7.59295e-05
4.61092e-05
2.03495e-05
8.8366e-06
4.58485e-06
2.70671e-06
1.62789e-06
8.63884e-07
3.35305e-07
1.61812e-07
1.61113e-07
1.90131e-07
2.75205e-07
5.31977e-07
1.19049e-06
2.33143e-06
3.82319e-06
5.91178e-06
9.42638e-06
1.65724e-05
3.28141e-05
6.31473e-05
7.99383e-05
8.18526e-05
9.09871e-05
0.0001273
0.000212593
0.000328785
0.000393188
0.000355072
0.000237517
0.00012709
6.7049e-05
4.80084e-05
3.99836e-05
2.24432e-05
1.07608e-05
6.74125e-06
6.3202e-06
5.9739e-06
5.23891e-06
3.73553e-06
1.66756e-06
7.06374e-07
7.02717e-07
9.69144e-07
1.87599e-06
4.03729e-06
7.90842e-06
1.31829e-05
1.89574e-05
2.45559e-05
3.20736e-05
4.46892e-05
6.21558e-05
8.49314e-05
0.000121441
0.000151222
0.000131792
9.441e-29
2.28178e-27
4.60706e-26
8.59678e-25
1.52299e-23
2.53581e-22
4.00994e-21
5.69594e-20
7.61792e-19
8.91417e-18
9.70209e-17
8.79676e-16
6.84209e-15
4.31454e-14
2.50491e-13
1.32479e-12
7.23893e-12
3.52954e-11
1.53884e-10
6.0451e-10
2.02334e-09
5.19391e-09
1.131e-08
2.09576e-08
3.86095e-08
7.70063e-08
2.25294e-07
9.3263e-07
3.71157e-06
1.40107e-05
4.98379e-05
0.000131827
0.000161021
0.000129272
7.98e-05
7.10388e-05
7.50195e-05
8.0896e-05
9.16302e-05
9.34754e-05
8.68575e-05
6.33855e-05
2.97794e-05
9.88899e-06
3.63715e-06
1.83793e-06
1.09448e-06
6.60878e-07
3.59838e-07
1.47361e-07
5.51607e-08
4.91282e-08
5.77653e-08
8.99095e-08
1.95239e-07
4.84475e-07
1.08886e-06
2.33487e-06
4.51041e-06
8.18419e-06
1.5853e-05
3.35475e-05
6.07319e-05
6.69366e-05
6.7594e-05
7.82005e-05
0.000114078
0.000188404
0.000302703
0.000369057
0.000305257
0.000168821
8.70465e-05
6.06062e-05
5.00774e-05
2.76534e-05
1.17189e-05
5.54333e-06
3.42425e-06
2.78412e-06
2.81537e-06
2.73089e-06
2.22776e-06
1.18309e-06
4.37099e-07
4.09484e-07
6.29029e-07
1.43632e-06
3.59536e-06
7.51957e-06
1.26191e-05
1.89832e-05
2.66521e-05
3.99436e-05
6.69191e-05
9.74e-05
0.00012
0.000132485
0.000118983
7.62449e-05
2.24911e-30
5.81406e-29
1.27237e-27
2.58124e-26
4.97784e-25
8.95608e-24
1.51547e-22
2.30403e-21
3.29271e-20
4.12449e-19
4.74048e-18
4.45289e-17
3.5972e-16
2.33156e-15
1.40091e-14
7.87069e-14
4.41617e-13
2.2264e-12
1.04677e-11
4.21161e-11
1.49942e-10
4.26402e-10
1.0687e-09
2.35836e-09
5.24867e-09
1.28935e-08
5.64702e-08
2.82372e-07
1.20656e-06
4.78807e-06
1.76821e-05
6.05773e-05
0.000124693
0.000124798
0.000104848
8.51355e-05
8.1768e-05
8.60113e-05
9.08585e-05
8.73664e-05
7.0698e-05
3.78684e-05
1.26332e-05
3.51901e-06
1.2099e-06
5.9752e-07
3.51576e-07
2.08623e-07
1.13032e-07
4.79908e-08
1.74871e-08
1.46472e-08
1.76185e-08
3.20529e-08
7.94322e-08
2.29892e-07
6.90474e-07
2.05961e-06
5.67931e-06
1.22694e-05
2.29943e-05
4.33296e-05
6.06651e-05
5.62717e-05
4.94533e-05
5.67448e-05
8.26183e-05
0.000134893
0.000244172
0.000344303
0.000288473
0.000157718
8.77524e-05
6.60333e-05
4.12006e-05
1.83706e-05
8.72624e-06
4.45917e-06
2.51802e-06
1.66926e-06
1.40786e-06
1.34795e-06
1.131e-06
6.18437e-07
2.26857e-07
2.14925e-07
3.50061e-07
8.56275e-07
2.11762e-06
4.39e-06
7.5735e-06
1.36431e-05
2.47884e-05
4.47455e-05
8.86445e-05
0.00013726
0.000136889
0.000111873
7.30224e-05
6.61034e-05
4.77401e-32
1.32109e-30
3.12819e-29
6.86856e-28
1.43243e-26
2.75581e-25
4.97398e-24
8.00103e-23
1.20886e-21
1.57483e-20
1.87674e-19
1.77327e-18
1.47737e-17
9.50353e-17
5.94816e-16
3.39331e-15
1.95494e-14
1.05889e-13
5.31144e-13
2.26249e-12
8.98083e-12
2.759e-11
8.28219e-11
2.14336e-10
5.54505e-10
1.59144e-09
8.36962e-09
4.77834e-08
2.38487e-07
1.07964e-06
4.1767e-06
1.48949e-05
4.4608e-05
8.28303e-05
9.53906e-05
9.26786e-05
9.03227e-05
8.80536e-05
8.14246e-05
6.69456e-05
3.61903e-05
1.19553e-05
3.39109e-06
1.00976e-06
3.48725e-07
1.63062e-07
9.26661e-08
5.43938e-08
2.96283e-08
1.31646e-08
4.97939e-09
4.07997e-09
5.40647e-09
1.47513e-08
4.9819e-08
1.77481e-07
6.28424e-07
2.16968e-06
7.19664e-06
1.96764e-05
4.01284e-05
5.84533e-05
5.87249e-05
4.6711e-05
2.75032e-05
2.76125e-05
3.72693e-05
6.46679e-05
0.000137282
0.000280222
0.000289743
0.000190832
0.000105831
6.95805e-05
3.28581e-05
1.77044e-05
1.19654e-05
6.35022e-06
2.69712e-06
1.37788e-06
8.4124e-07
6.47022e-07
4.82082e-07
2.33614e-07
9.04613e-08
9.31511e-08
1.63122e-07
4.05148e-07
9.89202e-07
2.18687e-06
4.2276e-06
8.60768e-06
2.22335e-05
5.92499e-05
0.000125044
0.000145778
0.000126259
7.02301e-05
5.65577e-05
6.47305e-05
9.11769e-34
2.66976e-32
6.78304e-31
1.6001e-29
3.56935e-28
7.29848e-27
1.38163e-25
2.32223e-24
3.62302e-23
4.84571e-22
5.87573e-21
5.61629e-20
4.73555e-19
3.08511e-18
1.99358e-17
1.14666e-16
7.0312e-16
4.0046e-15
2.16374e-14
1.0199e-13
4.13888e-13
1.45901e-12
5.33173e-12
1.56919e-11
4.63525e-11
1.47664e-10
7.74895e-10
4.72308e-09
2.60092e-08
1.3401e-07
5.68303e-07
2.12663e-06
7.11855e-06
1.75127e-05
3.77037e-05
5.97025e-05
5.80869e-05
4.7458e-05
2.59899e-05
9.09276e-06
3.86008e-06
1.97355e-06
7.97245e-07
2.36394e-07
7.43533e-08
2.89984e-08
1.37317e-08
7.42559e-09
4.27274e-09
2.44737e-09
1.16287e-09
9.44308e-10
1.68265e-09
7.05311e-09
2.86293e-08
1.12437e-07
4.28224e-07
1.57326e-06
5.4765e-06
1.77458e-05
4.08954e-05
5.60786e-05
5.32549e-05
3.71876e-05
1.44157e-05
9.8993e-06
1.21914e-05
2.26217e-05
5.77929e-05
0.000158585
0.000266934
0.000244641
0.000172546
0.000104379
5.41605e-05
5.28991e-05
3.79657e-05
1.63831e-05
5.919e-06
1.8782e-06
6.99866e-07
3.24649e-07
1.73102e-07
6.83202e-08
3.09054e-08
3.98163e-08
8.45388e-08
2.2907e-07
6.25356e-07
1.58278e-06
3.5217e-06
6.73861e-06
1.65969e-05
5.01225e-05
0.000115531
0.000132554
0.000114727
7.1582e-05
5.49916e-05
6.2935e-05
1.54621e-35
4.79007e-34
1.3061e-32
3.29197e-31
7.78887e-30
1.65673e-28
3.24518e-27
5.58515e-26
8.90219e-25
1.19296e-23
1.48129e-22
1.40088e-21
1.21585e-20
7.69414e-20
5.01855e-19
2.86296e-18
1.86223e-17
1.08989e-16
6.68245e-16
3.18549e-15
1.47152e-14
6.20951e-14
2.64445e-13
8.47015e-13
2.89543e-12
9.82248e-12
5.12276e-11
3.20065e-10
1.86621e-09
1.01e-08
4.37964e-08
1.73235e-07
5.67207e-07
1.41991e-06
4.41451e-06
8.49562e-06
6.39874e-06
3.41185e-06
1.52609e-06
6.59878e-07
2.74298e-07
1.10486e-07
4.31283e-08
1.64684e-08
6.39515e-09
2.46839e-09
1.02165e-09
4.676e-10
2.25427e-10
1.15064e-10
6.73603e-11
7.16177e-11
2.54642e-10
1.58221e-09
8.41899e-09
3.97922e-08
1.75366e-07
7.22005e-07
2.81441e-06
1.03428e-05
2.97315e-05
3.86995e-05
3.33149e-05
1.825e-05
5.46711e-06
3.33413e-06
4.15966e-06
9.1261e-06
2.63461e-05
7.58721e-05
0.00018302
0.000255083
0.000246837
0.000214795
0.000172258
0.0001423
8.9743e-05
3.07402e-05
1.14969e-05
4.28031e-06
1.02226e-06
2.33205e-07
6.45584e-08
1.84684e-08
1.11816e-08
2.40249e-08
7.22552e-08
2.28246e-07
6.92509e-07
1.98491e-06
6.07677e-06
9.52037e-06
1.48829e-05
3.39007e-05
7.94232e-05
8.10242e-05
7.20527e-05
5.37811e-05
4.92589e-05
6.01057e-05
2.32648e-37
7.57662e-36
2.18306e-34
5.8238e-33
1.4263e-31
3.12433e-30
6.14592e-29
1.06748e-27
1.67062e-26
2.24752e-25
2.7363e-24
2.62117e-23
2.20315e-22
1.33909e-21
8.92971e-21
5.49945e-20
3.78529e-19
2.45918e-18
1.57165e-17
7.98472e-17
4.41371e-16
2.13042e-15
1.0076e-14
3.66747e-14
1.42193e-13
5.02265e-13
2.58982e-12
1.59263e-11
9.38812e-11
5.15094e-10
2.21412e-09
9.01861e-09
2.9067e-08
7.08605e-08
2.14227e-07
3.29948e-07
1.98312e-07
9.18907e-08
3.79969e-08
1.53025e-08
6.12616e-09
2.4338e-09
9.58183e-10
3.78116e-10
1.51887e-10
6.27468e-11
2.70685e-11
1.22953e-11
5.88015e-12
2.9972e-12
1.88998e-12
2.89432e-12
1.54873e-11
1.19466e-10
8.76693e-10
5.88426e-09
3.55446e-08
1.60581e-07
6.60528e-07
2.5435e-06
7.42657e-06
7.67079e-06
5.26908e-06
2.93586e-06
1.32928e-06
9.49822e-07
1.27131e-06
3.12188e-06
9.49619e-06
2.79461e-05
7.8206e-05
0.00017268
0.00023868
0.000249538
0.0002435
0.000222648
0.000142752
4.28112e-05
1.63067e-05
7.49217e-06
2.00054e-06
2.69214e-07
3.74461e-08
5.72258e-09
5.07347e-09
2.00347e-08
1.043e-07
3.94244e-07
1.27958e-06
3.51089e-06
1.06166e-05
1.80378e-05
1.95396e-05
2.61749e-05
3.76761e-05
3.58116e-05
3.60252e-05
3.73279e-05
4.2957e-05
6.22139e-05
3.01018e-39
1.01695e-37
3.06528e-36
8.40975e-35
2.13689e-33
4.69e-32
9.43623e-31
1.59717e-29
2.56316e-28
3.29784e-27
4.08704e-26
3.55375e-25
3.0003e-24
1.76552e-23
1.34563e-22
8.87648e-22
6.83321e-21
4.39401e-20
2.83258e-19
1.52231e-18
1.04942e-17
5.38005e-17
3.0864e-16
1.20894e-15
5.29624e-15
1.88781e-14
9.62485e-14
5.68358e-13
3.33324e-12
1.80574e-11
7.59731e-11
3.06973e-10
9.48249e-10
2.10033e-09
5.61116e-09
7.14944e-09
3.79685e-09
1.7096e-09
6.7814e-10
2.58052e-10
9.87703e-11
3.84313e-11
1.52173e-11
6.15874e-12
2.56504e-12
1.10221e-12
4.90583e-13
2.2685e-13
1.09217e-13
5.61057e-14
3.85409e-14
8.14918e-14
5.29298e-13
4.3836e-12
3.56529e-11
2.64571e-10
1.71342e-09
9.73268e-09
4.67332e-08
1.72867e-07
3.59816e-07
3.45845e-07
2.25741e-07
1.37515e-07
9.94235e-08
1.40918e-07
2.96237e-07
8.1979e-07
2.54759e-06
7.7408e-06
2.2954e-05
7.08097e-05
0.000161987
0.000210233
0.000205369
0.000182065
0.000108321
3.83332e-05
1.80975e-05
1.01584e-05
3.27369e-06
3.73651e-07
3.14764e-08
2.57934e-09
2.31485e-09
2.17242e-08
1.60363e-07
6.56359e-07
2.22685e-06
6.18526e-06
1.56204e-05
2.77944e-05
2.57298e-05
2.51211e-05
2.70263e-05
4.1608e-05
5.15898e-05
5.34877e-05
4.97805e-05
6.83675e-05
3.31824e-41
1.14945e-39
3.51695e-38
9.99137e-37
2.48774e-35
5.66651e-34
1.08462e-32
1.89268e-31
2.82489e-30
3.79859e-29
4.20813e-28
3.91099e-27
3.21341e-26
2.30928e-25
1.98025e-24
1.45472e-23
1.1386e-22
6.96662e-22
4.31224e-21
2.35058e-20
1.71635e-19
1.00955e-18
6.47527e-18
2.83395e-17
1.42948e-16
5.16282e-16
2.63102e-15
1.45091e-14
8.33118e-14
4.30897e-13
1.7426e-12
6.742e-12
1.97838e-11
3.90632e-11
8.76535e-11
9.19299e-11
4.59408e-11
2.01656e-11
7.88425e-12
2.92902e-12
1.07233e-12
4.08189e-13
1.61764e-13
6.66697e-14
2.8556e-14
1.27092e-14
5.85902e-15
2.78371e-15
1.36311e-15
7.172e-16
5.65251e-16
1.59885e-15
1.12434e-14
9.33732e-14
7.7615e-13
5.95048e-12
3.90434e-11
2.27693e-10
1.16862e-09
4.29035e-09
8.11286e-09
7.68515e-09
5.31004e-09
3.81324e-09
4.69027e-09
1.3841e-08
5.3121e-08
1.84972e-07
6.062e-07
1.93008e-06
6.08453e-06
2.0677e-05
6.14069e-05
7.38193e-05
6.42213e-05
4.85401e-05
3.22465e-05
2.12623e-05
1.6748e-05
1.142e-05
4.06121e-06
4.72998e-07
3.54397e-08
2.09677e-09
1.42632e-09
2.40962e-08
1.94189e-07
8.48476e-07
3.42392e-06
1.18452e-05
1.78433e-05
3.01189e-05
3.46423e-05
3.49216e-05
4.15585e-05
8.29478e-05
0.000125647
0.0001157
7.21679e-05
8.54427e-05
3.01316e-43
1.04243e-41
3.39187e-40
9.01736e-39
2.48231e-37
5.0969e-36
1.11094e-34
1.62193e-33
2.86064e-32
3.05853e-31
3.94245e-30
3.34315e-29
3.32043e-28
2.43831e-27
2.59299e-26
1.79104e-25
1.56873e-24
7.92424e-24
5.28223e-23
2.56149e-22
1.83078e-21
1.10984e-20
9.07574e-20
4.40281e-19
2.72299e-18
8.82292e-18
4.73561e-17
2.42233e-16
1.37847e-15
6.65225e-15
2.64002e-14
9.39444e-14
2.58697e-13
4.6079e-13
8.44878e-13
7.722e-13
3.88471e-13
1.7472e-13
6.86621e-14
2.55239e-14
9.47192e-15
3.65695e-15
1.47858e-15
6.2541e-16
2.74487e-16
1.24232e-16
5.7813e-17
2.76139e-17
1.35925e-17
7.29469e-18
6.48245e-18
2.18115e-17
1.55552e-16
1.25617e-15
1.01849e-14
7.68997e-14
4.97649e-13
2.86379e-12
1.41084e-11
4.76536e-11
8.6886e-11
8.9814e-11
7.56899e-11
1.18202e-10
4.21231e-10
1.77356e-09
7.29908e-09
2.83581e-08
9.92708e-08
3.07486e-07
8.78044e-07
2.34358e-06
4.92971e-06
5.60084e-06
6.55589e-06
8.57364e-06
1.10478e-05
1.29979e-05
1.25542e-05
9.36426e-06
3.51515e-06
3.64798e-07
2.0081e-08
7.7636e-10
1.33029e-09
2.7242e-08
2.39624e-07
1.11584e-06
7.28379e-06
3.03302e-05
5.12486e-05
6.42499e-05
7.48514e-05
8.55974e-05
9.12069e-05
9.69393e-05
0.000180085
0.000203612
0.000112928
0.000121564
1.98764e-45
7.15244e-44
2.16235e-42
6.82228e-41
1.59831e-39
4.36089e-38
7.3881e-37
1.29632e-35
1.86109e-34
2.33253e-33
2.98702e-32
3.15783e-31
3.22446e-30
2.86346e-29
2.78e-28
1.9716e-27
1.49326e-26
7.21435e-26
4.03616e-25
2.01072e-24
1.42121e-23
8.48964e-23
8.95099e-22
4.06448e-21
2.87841e-20
8.96589e-20
4.98216e-19
2.5727e-18
1.44642e-17
6.63071e-17
2.55819e-16
8.20067e-16
2.1058e-15
3.33785e-15
5.01442e-15
4.21893e-15
2.25805e-15
1.05987e-15
4.334e-16
1.66506e-16
6.25395e-17
2.44309e-17
1.00476e-17
4.32115e-18
1.92891e-18
8.85941e-19
4.18045e-19
2.02203e-19
1.00966e-19
5.61232e-20
5.7557e-20
2.2078e-19
1.55537e-18
1.19492e-17
9.1304e-17
6.4812e-16
3.97683e-15
2.12777e-14
9.35439e-14
2.92833e-13
5.89738e-13
1.93642e-12
2.37786e-11
2.23915e-10
1.01585e-09
3.97239e-09
1.44503e-08
4.97002e-08
1.62027e-07
4.77853e-07
1.17791e-06
2.30581e-06
3.69495e-06
5.65933e-06
8.99414e-06
1.17701e-05
1.12941e-05
9.84055e-06
6.33942e-06
2.33937e-06
4.3829e-07
4.88083e-08
2.69214e-09
1.06404e-10
3.26561e-10
1.50717e-08
1.42285e-07
3.36605e-07
4.6809e-07
2.44327e-06
1.23205e-05
2.71157e-05
3.83505e-05
3.45193e-05
1.40146e-05
1.71534e-05
0.000107994
0.00020382
0.000176543
0.000204317
1.43226e-47
4.67329e-46
2.31468e-44
3.19675e-43
1.3598e-41
1.81043e-40
5.23083e-39
4.94134e-38
1.26039e-36
1.07554e-35
2.53521e-34
1.63156e-33
2.79577e-32
1.50116e-31
2.25779e-30
8.96005e-30
1.05276e-28
2.87873e-28
2.36258e-27
7.48332e-27
8.10901e-26
3.43168e-25
4.31086e-24
1.46645e-23
1.42112e-22
4.1252e-22
2.94066e-21
1.32564e-20
7.93788e-20
3.30687e-19
1.22094e-18
3.61998e-18
8.34526e-18
1.29357e-17
1.63094e-17
1.44151e-17
8.53125e-18
4.62099e-18
2.13749e-18
9.51682e-19
3.95913e-19
1.65807e-19
7.08608e-20
3.13829e-20
1.42394e-20
6.5611e-21
3.06261e-21
1.45159e-21
7.06983e-22
3.84578e-22
3.97077e-22
1.54259e-21
1.05547e-20
7.723e-20
5.51273e-19
3.63622e-18
2.07681e-17
1.01905e-16
3.93726e-16
1.26855e-15
9.19382e-15
1.83623e-13
3.17663e-12
3.53723e-11
2.51228e-10
1.46153e-09
6.13846e-09
2.34214e-08
8.53676e-08
3.00895e-07
1.01848e-06
3.16337e-06
6.40493e-06
8.29669e-06
8.32768e-06
7.08755e-06
3.79475e-06
1.2258e-06
5.55337e-07
2.31512e-07
5.99558e-08
4.81477e-09
2.26433e-10
2.65896e-11
2.06847e-09
7.73644e-08
5.13242e-07
1.02797e-06
1.37757e-06
1.68527e-06
1.97505e-06
2.4051e-06
3.14905e-06
5.0416e-06
2.73397e-05
8.61266e-05
0.000144675
0.000171833
0.000174927
0.000171272
)
;

boundaryField
{
    AXIS
    {
        type            empty;
    }
    OUTLET
    {
        type            zeroGradient;
    }
    COFLOW
    {
        type            fixedValue;
        value           uniform 0;
    }
    PILOT
    {
        type            fixedValue;
        value           uniform 0;
    }
    FUEL
    {
        type            fixedValue;
        value           uniform 0;
    }
    WALL
    {
        type            zeroGradient;
    }
    front
    {
        type            wedge;
    }
    back
    {
        type            wedge;
    }
}


// ************************************************************************* //
