/*--------------------------------*- C++ -*----------------------------------*\
| =========                 |                                                 |
| \\      /  F ield         | OpenFOAM: The Open Source CFD Toolbox           |
|  \\    /   O peration     | Version:  2.3.0                                 |
|   \\  /    A nd           | Web:      www.OpenFOAM.org                      |
|    \\/     M anipulation  |                                                 |
\*---------------------------------------------------------------------------*/
FoamFile
{
    version     2.0;
    format      ascii;
    class       volScalarField;
    location    "0.04";
    object      Z;
}
// * * * * * * * * * * * * * * * * * * * * * * * * * * * * * * * * * * * * * //

dimensions      [0 0 0 0 0 0 0];

internalField   nonuniform List<scalar> 
5000
(
1
1
1
1
1
1
1
1
1
1
1
1
1
1
1
1
1
1
1
1
1
1
1
1
1
1
1
1
1
1
1
1
1
1
1
1
1
1
1
1
0.999999
0.999998
0.999994
0.999987
0.999975
0.999959
0.999941
0.999934
0.999945
0.999962
0.999975
0.999984
0.999991
0.999994
0.999994
0.999992
0.999987
0.999979
0.999973
0.999973
0.999977
0.999982
0.999986
0.999989
0.999989
0.999986
0.999978
0.999964
0.999941
0.999908
0.999863
0.999816
0.999803
0.999839
0.999881
0.999909
0.999921
0.999918
0.9999
0.999873
0.999838
0.999796
0.999756
0.999733
0.999731
0.999735
0.999724
0.999691
0.999621
0.999376
0.998906
0.998298
0.997562
0.996666
0.99558
0.994299
0.992869
0.991375
0.989726
0.987347
1
1
1
1
1
1
1
1
1
1
1
1
1
1
1
1
1
1
1
1
1
1
1
1
1
1
1
1
1
1
1
1
1
1
1
1
1
1
0.999999
0.999997
0.999991
0.99997
0.999918
0.999802
0.99956
0.999122
0.998505
0.997897
0.998075
0.9987
0.999204
0.999531
0.999732
0.999843
0.999891
0.999876
0.999776
0.999555
0.999308
0.999291
0.999435
0.999586
0.999711
0.999795
0.999836
0.999811
0.999713
0.999512
0.999153
0.99853
0.997474
0.99596
0.994563
0.995395
0.996968
0.998108
0.998827
0.999194
0.999292
0.999175
0.998867
0.99834
0.997685
0.997425
0.997688
0.998132
0.998517
0.998856
0.999026
0.998777
0.997903
0.99647
0.994692
0.992703
0.990566
0.988285
0.985903
0.983526
0.981046
0.976953
1
1
1
1
1
1
1
1
1
1
1
1
1
1
1
1
1
1
1
1
1
1
1
0.999999
1
1
1
1
1
1
1
1
1
0.999999
0.999999
1
1
0.999999
0.999997
0.999991
0.99997
0.9999
0.999715
0.999293
0.998337
0.996268
0.992224
0.985307
0.97977
0.980997
0.987259
0.993022
0.996024
0.998265
0.999518
0.999548
0.999182
0.99795
0.995377
0.993077
0.993183
0.994421
0.996525
0.998193
0.999096
0.999108
0.998724
0.997673
0.995852
0.992833
0.987265
0.977012
0.961245
0.953552
0.957828
0.973897
0.988372
0.995243
0.997259
0.997072
0.996026
0.993917
0.990912
0.988182
0.988109
0.989184
0.991936
0.995834
0.997802
0.997668
0.996525
0.994302
0.991514
0.988546
0.985535
0.982467
0.979359
0.976291
0.973126
0.967158
1
1
1
1
1
1
1
1
1
1
1
1
1
1
1
1
1
1
1
1
0.999999
0.999995
0.999984
0.999977
0.999987
0.999994
0.999998
0.999999
1
1
0.999998
0.999994
0.999984
0.999972
0.999977
0.999987
0.999992
0.999994
0.999988
0.999971
0.999912
0.999716
0.999175
0.997943
0.995541
0.991421
0.98485
0.974767
0.96032
0.946954
0.946962
0.956829
0.97867
0.994636
0.998702
0.998853
0.99824
0.996284
0.992429
0.986591
0.982761
0.983163
0.986471
0.992674
0.997039
0.997269
0.996091
0.992667
0.986918
0.979062
0.968543
0.953888
0.9336
0.908174
0.897768
0.906883
0.941641
0.980955
0.993494
0.994035
0.992915
0.989945
0.98547
0.979645
0.976493
0.977095
0.980068
0.987535
0.994814
0.995819
0.994832
0.992242
0.988696
0.984786
0.98069
0.976373
0.971954
0.967712
0.963552
0.955445
1
1
1
1
1
1
1
1
1
1
1
1
1
1
1
1
1
1
0.999999
0.999995
0.999974
0.999889
0.99965
0.999415
0.999647
0.999846
0.999937
0.999975
0.999989
0.999989
0.999968
0.999895
0.999692
0.99939
0.99948
0.9997
0.999837
0.999912
0.999936
0.999898
0.999753
0.999233
0.997878
0.995204
0.99089
0.984822
0.97671
0.965818
0.951345
0.931502
0.913693
0.915694
0.939576
0.980232
0.996173
0.99744
0.996732
0.994349
0.98997
0.983371
0.975197
0.972495
0.974572
0.98264
0.991826
0.992856
0.990461
0.983772
0.973731
0.961934
0.948503
0.932093
0.910671
0.883541
0.857153
0.856445
0.874922
0.933432
0.981732
0.990353
0.9899
0.98723
0.982206
0.974884
0.966521
0.964825
0.966677
0.975131
0.988704
0.993332
0.992624
0.989923
0.985623
0.98053
0.974979
0.968924
0.962502
0.956204
0.950091
0.938633
1
1
1
1
1
1
1
1
1
1
1
1
1
1
1
1
0.999999
0.999996
0.999983
0.999924
0.999692
0.998804
0.995796
0.989416
0.992702
0.99663
0.998581
0.999432
0.999762
0.999864
0.999803
0.999477
0.998064
0.993374
0.992567
0.99521
0.997336
0.998609
0.999356
0.999593
0.999311
0.99804
0.995128
0.9902
0.983371
0.974995
0.965047
0.952659
0.937126
0.917181
0.889423
0.878721
0.892394
0.942141
0.986284
0.994515
0.994059
0.991368
0.985991
0.978214
0.968036
0.961157
0.962277
0.97082
0.984227
0.986708
0.983633
0.974747
0.961501
0.94631
0.929213
0.907724
0.878865
0.8482
0.826261
0.824691
0.832217
0.87005
0.943801
0.982631
0.985763
0.984057
0.979065
0.970814
0.959471
0.950889
0.951295
0.959048
0.978642
0.989901
0.989848
0.987326
0.982395
0.975946
0.968462
0.95991
0.950482
0.940958
0.931999
0.917121
1
1
1
1
1
1
1
1
1
1
1
0.999999
0.999996
0.999994
0.999994
0.999993
0.999985
0.99996
0.999893
0.999671
0.998723
0.99522
0.983006
0.944282
0.915522
0.944932
0.978227
0.990707
0.996752
0.999249
0.999227
0.998297
0.994633
0.984396
0.967797
0.967508
0.977059
0.989326
0.995999
0.998566
0.99833
0.996447
0.991975
0.984735
0.97519
0.963993
0.951218
0.935505
0.915785
0.892279
0.861021
0.834135
0.83925
0.878627
0.953179
0.987152
0.988571
0.985848
0.978956
0.968792
0.955732
0.944916
0.945567
0.956014
0.975045
0.979831
0.976599
0.966481
0.950423
0.930603
0.905943
0.872972
0.832541
0.805453
0.803197
0.807817
0.815823
0.83526
0.891403
0.961432
0.979682
0.979044
0.974432
0.964995
0.951715
0.936957
0.93357
0.939573
0.963444
0.984503
0.986361
0.984233
0.978831
0.970841
0.960947
0.949252
0.936187
0.922845
0.911507
0.896585
0.999999
0.999999
1
1
0.999999
0.999999
0.999997
0.999994
0.999991
0.999988
0.99998
0.999955
0.999896
0.999827
0.999832
0.999854
0.999844
0.999761
0.999536
0.998959
0.996574
0.988987
0.966197
0.909056
0.78943
0.741516
0.798389
0.925122
0.986757
0.997273
0.997525
0.995806
0.989798
0.976175
0.951083
0.91867
0.920715
0.948992
0.982473
0.995735
0.996456
0.994324
0.988385
0.978602
0.965698
0.950444
0.933054
0.911506
0.884278
0.854445
0.821511
0.784678
0.781173
0.802665
0.881542
0.965071
0.978365
0.976142
0.968471
0.956186
0.940115
0.923737
0.923248
0.935908
0.963122
0.97215
0.969026
0.957779
0.938092
0.911278
0.874898
0.826568
0.782988
0.776418
0.785944
0.805676
0.821399
0.835832
0.870066
0.936926
0.97025
0.971312
0.967038
0.955803
0.939282
0.921386
0.914201
0.918721
0.944111
0.975956
0.982074
0.980328
0.974695
0.965074
0.952216
0.936759
0.920176
0.904421
0.894157
0.885316
0.999883
0.999903
0.999947
0.999965
0.999958
0.999927
0.999858
0.999739
0.99962
0.999525
0.999362
0.998945
0.997956
0.996577
0.996199
0.996987
0.997674
0.998047
0.997845
0.996865
0.993091
0.981031
0.949489
0.873352
0.731065
0.621406
0.635099
0.754545
0.927639
0.988859
0.992797
0.990173
0.98092
0.961291
0.930239
0.881931
0.847748
0.867909
0.936118
0.985265
0.99322
0.991348
0.984573
0.972281
0.95501
0.933074
0.907043
0.875365
0.838636
0.804509
0.773328
0.740588
0.734553
0.751801
0.817003
0.931549
0.962884
0.961609
0.95355
0.939587
0.921298
0.899203
0.895868
0.910221
0.947434
0.963265
0.960411
0.947752
0.923225
0.887119
0.836638
0.776602
0.745304
0.749669
0.779513
0.825776
0.849294
0.858775
0.87868
0.926155
0.959442
0.961839
0.957273
0.943426
0.921398
0.90118
0.89524
0.898909
0.923237
0.96414
0.976596
0.975324
0.969569
0.958358
0.942439
0.923211
0.904156
0.889795
0.884029
0.883206
0.995591
0.993695
0.995386
0.996474
0.996525
0.995857
0.994109
0.991078
0.987641
0.985539
0.983887
0.980948
0.974744
0.959386
0.93514
0.944718
0.961342
0.976183
0.988706
0.989655
0.984808
0.967745
0.92375
0.811986
0.651474
0.583398
0.590132
0.632996
0.793036
0.956594
0.982508
0.97966
0.965911
0.933392
0.883121
0.826378
0.772861
0.778777
0.846077
0.950797
0.986624
0.986379
0.979537
0.964188
0.939852
0.905515
0.864921
0.822964
0.788227
0.764714
0.741844
0.718116
0.717993
0.733608
0.792379
0.904501
0.941302
0.940305
0.930203
0.91378
0.894323
0.868766
0.862441
0.878521
0.927114
0.952572
0.950196
0.935806
0.90539
0.858547
0.793373
0.730097
0.716218
0.732963
0.791197
0.854362
0.873483
0.878626
0.890714
0.923467
0.949024
0.950624
0.944881
0.927193
0.898117
0.878505
0.877724
0.881657
0.904254
0.950272
0.969786
0.969104
0.963396
0.950764
0.931834
0.908919
0.888237
0.879078
0.878775
0.882722
0.431549
0.563172
0.675708
0.734281
0.796637
0.863946
0.865999
0.82241
0.739633
0.747503
0.810404
0.885388
0.881592
0.818341
0.704956
0.699644
0.764568
0.875813
0.960599
0.974365
0.968722
0.944409
0.874571
0.7075
0.569456
0.591982
0.626532
0.647546
0.720259
0.906384
0.963174
0.95991
0.936828
0.878692
0.808531
0.766554
0.728532
0.729382
0.762601
0.881554
0.971258
0.978483
0.971922
0.952498
0.917089
0.863105
0.812398
0.781258
0.765247
0.756308
0.744322
0.728831
0.728672
0.745941
0.8106
0.892106
0.910505
0.905934
0.887182
0.866779
0.849914
0.827029
0.821792
0.841456
0.904437
0.940127
0.938063
0.921163
0.883441
0.823893
0.744925
0.692128
0.692779
0.725981
0.814373
0.880923
0.890873
0.89315
0.901943
0.925989
0.940669
0.940003
0.931031
0.907226
0.872344
0.858092
0.859272
0.865027
0.887353
0.935747
0.961604
0.961541
0.955843
0.941812
0.919964
0.893879
0.873722
0.868393
0.869133
0.879202
0.288282
0.319523
0.35359
0.395664
0.512301
0.627971
0.620897
0.538333
0.517322
0.590735
0.716569
0.750333
0.710087
0.588974
0.566703
0.614276
0.697152
0.815966
0.932939
0.952611
0.942633
0.899716
0.779545
0.563474
0.525958
0.638351
0.762986
0.748929
0.774691
0.89283
0.938484
0.928678
0.880124
0.791731
0.747738
0.749231
0.745919
0.739485
0.755965
0.825676
0.947405
0.968051
0.960861
0.935116
0.883323
0.812183
0.777507
0.781666
0.794834
0.798896
0.790089
0.767721
0.762308
0.785366
0.848604
0.869231
0.86561
0.849073
0.822551
0.803767
0.792025
0.778491
0.779592
0.803876
0.880531
0.925721
0.923459
0.902698
0.855589
0.781249
0.695287
0.662133
0.671904
0.724377
0.831566
0.899254
0.906196
0.907206
0.913652
0.928989
0.933226
0.929647
0.914498
0.881941
0.847437
0.841275
0.843893
0.851071
0.872703
0.921313
0.952212
0.952832
0.946962
0.931394
0.906306
0.876255
0.856481
0.854237
0.857804
0.876607
0.272949
0.278714
0.288822
0.306411
0.355003
0.390791
0.385028
0.372487
0.395282
0.456507
0.514677
0.524192
0.476274
0.447078
0.493429
0.636249
0.792842
0.87886
0.919778
0.920654
0.895442
0.814794
0.637984
0.449516
0.473274
0.669386
0.856037
0.879432
0.885772
0.915453
0.914723
0.876258
0.778928
0.720899
0.739575
0.792757
0.804502
0.781131
0.775428
0.817206
0.928398
0.955404
0.946017
0.909257
0.834451
0.778469
0.786131
0.820317
0.849523
0.847101
0.829632
0.803416
0.804466
0.831816
0.846048
0.834518
0.812272
0.796677
0.789489
0.77996
0.767003
0.758712
0.764006
0.786751
0.865552
0.910494
0.906321
0.879197
0.819654
0.730412
0.650212
0.63361
0.648809
0.715715
0.834714
0.908905
0.920826
0.923218
0.927544
0.930185
0.927835
0.916816
0.890823
0.850427
0.828826
0.830914
0.836893
0.845481
0.863663
0.908205
0.942105
0.943397
0.936882
0.919028
0.889335
0.854248
0.837243
0.838394
0.849203
0.876698
0.271232
0.272252
0.274561
0.279
0.287127
0.293939
0.297196
0.302551
0.314417
0.33077
0.346021
0.351318
0.34791
0.363963
0.415014
0.539485
0.723125
0.830259
0.86512
0.854074
0.795844
0.668572
0.466549
0.361415
0.413184
0.668128
0.885236
0.913918
0.912096
0.903618
0.868106
0.77653
0.680196
0.693584
0.777527
0.849012
0.851291
0.828144
0.803224
0.831673
0.922399
0.941574
0.925322
0.866839
0.777439
0.77272
0.820331
0.877268
0.882185
0.871319
0.84536
0.834838
0.840537
0.840225
0.825018
0.791875
0.788357
0.802813
0.825004
0.820423
0.797771
0.770146
0.770751
0.792069
0.863639
0.894781
0.885805
0.848036
0.772429
0.674644
0.610434
0.601238
0.615089
0.681449
0.812385
0.909664
0.930013
0.931558
0.930844
0.928073
0.9184
0.895987
0.856934
0.820338
0.818786
0.827525
0.840097
0.850304
0.865246
0.900819
0.932582
0.933717
0.925597
0.903777
0.867267
0.827818
0.816675
0.823626
0.845574
0.877902
0.271032
0.271208
0.271637
0.272454
0.27374
0.275059
0.276461
0.278646
0.281007
0.283793
0.286962
0.290011
0.295137
0.310876
0.337849
0.419945
0.566386
0.684709
0.748617
0.722288
0.626626
0.466117
0.32335
0.296171
0.342292
0.536573
0.793385
0.874647
0.876542
0.84485
0.755509
0.637287
0.607995
0.682158
0.830733
0.87378
0.870273
0.848283
0.827194
0.853573
0.921911
0.926494
0.895381
0.805966
0.742563
0.776287
0.867786
0.900602
0.897841
0.883347
0.865378
0.855772
0.845195
0.817604
0.775996
0.777722
0.805645
0.857331
0.874003
0.868765
0.845897
0.803647
0.78697
0.806466
0.865119
0.877653
0.859706
0.805345
0.712837
0.619619
0.572167
0.560885
0.568712
0.633893
0.776979
0.895415
0.925629
0.928306
0.926949
0.919325
0.899083
0.862929
0.815989
0.801458
0.812393
0.837526
0.856592
0.864611
0.873232
0.899966
0.92468
0.924287
0.9128
0.88485
0.839845
0.799434
0.795591
0.812513
0.846387
0.878584
0.270996
0.270989
0.270998
0.271014
0.271017
0.270865
0.27045
0.269799
0.268744
0.267646
0.266506
0.265542
0.266046
0.270851
0.280031
0.319787
0.396888
0.485991
0.571248
0.519588
0.40937
0.29669
0.250441
0.246616
0.282185
0.418497
0.611344
0.732737
0.752083
0.691969
0.580438
0.513637
0.547268
0.701341
0.864464
0.887967
0.880275
0.855872
0.847047
0.878229
0.918805
0.908511
0.850623
0.737247
0.717351
0.795601
0.89309
0.907139
0.904281
0.893455
0.875445
0.852476
0.813159
0.755896
0.752428
0.789786
0.859958
0.888873
0.888688
0.883402
0.865203
0.82617
0.808521
0.827223
0.862509
0.858766
0.823083
0.747383
0.644793
0.568445
0.531768
0.513423
0.516202
0.578862
0.731214
0.869942
0.912081
0.91671
0.914338
0.900672
0.869055
0.819494
0.782652
0.786718
0.817146
0.854197
0.871052
0.87671
0.882953
0.902807
0.917975
0.914893
0.897807
0.861224
0.807101
0.771502
0.77444
0.805272
0.847709
0.877365
0.270954
0.270804
0.270543
0.270077
0.269295
0.267897
0.265703
0.262783
0.259091
0.255227
0.251211
0.246974
0.243979
0.243251
0.242993
0.254249
0.278442
0.312131
0.366221
0.317216
0.257673
0.217439
0.20392
0.20143
0.222877
0.301109
0.40244
0.497461
0.533679
0.481774
0.417161
0.41841
0.501135
0.714091
0.873772
0.899547
0.891793
0.870262
0.87144
0.902716
0.909247
0.878958
0.78105
0.670917
0.686852
0.807956
0.897014
0.902819
0.896514
0.882194
0.855277
0.808848
0.737861
0.710081
0.735659
0.819965
0.884513
0.893914
0.891978
0.884053
0.862069
0.832629
0.82873
0.845454
0.852696
0.832355
0.770721
0.675756
0.576526
0.520691
0.48799
0.463644
0.464652
0.523874
0.675761
0.83045
0.887786
0.894545
0.890758
0.87021
0.826434
0.772961
0.756766
0.774884
0.82757
0.866841
0.879233
0.884144
0.89091
0.906315
0.911594
0.904505
0.879344
0.831924
0.770824
0.744489
0.754923
0.798333
0.84457
0.873626
0.270703
0.269898
0.268707
0.266865
0.264092
0.259679
0.253568
0.246603
0.239315
0.232957
0.227264
0.221852
0.217725
0.214816
0.210927
0.212674
0.217202
0.223034
0.235482
0.213087
0.191457
0.174323
0.165517
0.16086
0.170379
0.208176
0.251262
0.296553
0.329125
0.318591
0.316031
0.350019
0.455908
0.644819
0.844586
0.904225
0.906066
0.900447
0.902889
0.90624
0.889936
0.823562
0.683804
0.605465
0.652732
0.784143
0.852328
0.865335
0.857942
0.830595
0.783887
0.714248
0.661072
0.66661
0.727644
0.826957
0.879248
0.89042
0.889254
0.881406
0.860078
0.843775
0.845425
0.847686
0.836435
0.78966
0.700486
0.597415
0.514684
0.474491
0.442327
0.416393
0.418632
0.473748
0.61018
0.770283
0.847109
0.858542
0.852828
0.824367
0.772324
0.73193
0.731862
0.767618
0.834874
0.873559
0.884526
0.889787
0.897421
0.906449
0.905294
0.891373
0.855731
0.795929
0.732834
0.71772
0.736015
0.78695
0.835681
0.868078
0.26861
0.264688
0.260134
0.254203
0.24623
0.234198
0.220504
0.208534
0.198847
0.1926
0.187725
0.183185
0.179129
0.175466
0.170796
0.171638
0.172799
0.173151
0.175139
0.164761
0.152997
0.140176
0.1318
0.123851
0.126489
0.144084
0.163556
0.188462
0.215543
0.229079
0.250214
0.297798
0.384511
0.537011
0.774859
0.89144
0.906382
0.905873
0.903372
0.893983
0.845924
0.726299
0.568643
0.532489
0.586975
0.693835
0.755844
0.774768
0.760524
0.715726
0.658212
0.60518
0.597111
0.622185
0.691187
0.771138
0.835219
0.872241
0.880991
0.878122
0.866312
0.855193
0.848556
0.838759
0.803748
0.725043
0.617261
0.521234
0.460652
0.428979
0.396495
0.374397
0.379908
0.431177
0.543204
0.689751
0.780697
0.800178
0.794374
0.762888
0.716515
0.697483
0.706813
0.759355
0.836772
0.87603
0.888016
0.894172
0.900384
0.903066
0.897034
0.873634
0.82542
0.753403
0.695626
0.689916
0.714992
0.767771
0.82034
0.860517
0.250312
0.233067
0.220315
0.207917
0.192352
0.173038
0.156197
0.145266
0.139081
0.136704
0.134355
0.131248
0.127594
0.124241
0.121644
0.12463
0.128035
0.130221
0.133346
0.128036
0.119217
0.107511
0.0980506
0.0881066
0.0875903
0.0958538
0.108338
0.128651
0.153929
0.173458
0.201434
0.242918
0.307174
0.428798
0.675222
0.841927
0.886988
0.892108
0.885962
0.852071
0.751779
0.589869
0.458458
0.447881
0.486886
0.556889
0.601117
0.617305
0.601126
0.559106
0.525987
0.515899
0.523726
0.556873
0.619046
0.698099
0.779659
0.84058
0.867152
0.869784
0.864416
0.853979
0.841261
0.813377
0.743065
0.640347
0.52951
0.454083
0.412042
0.38423
0.353182
0.338592
0.347988
0.395474
0.484037
0.601676
0.691759
0.719027
0.717878
0.695748
0.668541
0.664024
0.680429
0.741161
0.827302
0.875208
0.889143
0.895226
0.898888
0.897342
0.884343
0.849263
0.786258
0.705056
0.65921
0.659396
0.689657
0.7401
0.798925
0.850389
0.0335269
0.06523
0.0804305
0.08367
0.0805708
0.0758934
0.0737174
0.0731105
0.0735913
0.0745885
0.0738966
0.0722057
0.0708727
0.0715481
0.0738552
0.0795211
0.0852144
0.0888007
0.0929526
0.0896797
0.0826849
0.0727443
0.064051
0.056725
0.0566805
0.0624671
0.073508
0.0925843
0.113795
0.13226
0.158264
0.185817
0.227999
0.318071
0.528273
0.731921
0.819309
0.839498
0.82156
0.746768
0.601399
0.433394
0.358431
0.353066
0.372792
0.412796
0.436351
0.445035
0.436211
0.419432
0.42096
0.425318
0.438579
0.469096
0.522112
0.602561
0.702167
0.783669
0.832901
0.850343
0.849416
0.837579
0.810836
0.7532
0.652845
0.541317
0.445979
0.395575
0.365037
0.339454
0.313531
0.307619
0.320837
0.364309
0.434196
0.522838
0.597708
0.629582
0.638631
0.634309
0.625859
0.626513
0.646095
0.71208
0.807471
0.866005
0.885521
0.892069
0.893138
0.887462
0.864249
0.814331
0.734566
0.651869
0.6209
0.624623
0.657661
0.703581
0.772022
0.836432
0.00181061
0.00604713
0.00975703
0.0132293
0.0163331
0.0190222
0.0209873
0.0224009
0.0239632
0.0253597
0.0263314
0.0277333
0.0298884
0.0330977
0.0371043
0.0422383
0.046332
0.048601
0.0512193
0.0490023
0.0449405
0.0398667
0.035829
0.0343493
0.0365203
0.0428788
0.0530093
0.0688594
0.084472
0.0987233
0.116236
0.128457
0.152071
0.206113
0.335889
0.523945
0.658806
0.69987
0.674675
0.567426
0.402234
0.293329
0.262241
0.253329
0.261372
0.284174
0.298452
0.307494
0.311887
0.314465
0.321751
0.330947
0.347986
0.378003
0.423487
0.497101
0.599898
0.69148
0.757389
0.794565
0.802357
0.78403
0.736328
0.652201
0.537007
0.438876
0.373057
0.342166
0.317695
0.295483
0.279012
0.279708
0.296641
0.335363
0.391161
0.458572
0.517519
0.551083
0.571283
0.582336
0.580955
0.579417
0.596037
0.665903
0.771336
0.84695
0.874787
0.882259
0.881636
0.868872
0.831548
0.762849
0.669083
0.595515
0.577955
0.583949
0.617365
0.65796
0.739702
0.815806
0.000100212
0.000489205
0.000998334
0.00170444
0.00248679
0.00333988
0.00417446
0.00499058
0.00577055
0.00642977
0.00709597
0.00801759
0.00922195
0.0108685
0.0128808
0.0149626
0.0163224
0.0172639
0.0185543
0.0186466
0.0185775
0.0185796
0.0194979
0.0220465
0.0267516
0.0334277
0.0423673
0.0546656
0.0648492
0.0730648
0.0806227
0.0831943
0.0947557
0.122395
0.184913
0.289142
0.413078
0.467756
0.439262
0.320186
0.219757
0.185419
0.170792
0.164711
0.172078
0.188772
0.202613
0.214445
0.220673
0.224215
0.233444
0.247996
0.269594
0.298159
0.335117
0.395077
0.479974
0.560018
0.631703
0.682688
0.698698
0.673507
0.613235
0.517082
0.41283
0.349158
0.311654
0.291709
0.27145
0.255859
0.249458
0.254692
0.273719
0.307401
0.353278
0.407218
0.456417
0.491429
0.519057
0.533132
0.524205
0.513527
0.52781
0.599321
0.710974
0.807933
0.851753
0.862238
0.858774
0.834537
0.778208
0.690707
0.593856
0.537655
0.529839
0.537198
0.568837
0.603514
0.701216
0.783665
5.84964e-06
3.37925e-05
8.55461e-05
0.000176183
0.000300823
0.000462784
0.000630264
0.000809533
0.00100518
0.00121327
0.00146499
0.00180667
0.00223522
0.00277414
0.00339808
0.0039837
0.0044644
0.00503982
0.0058982
0.00695577
0.00856366
0.0106372
0.0137777
0.0182014
0.0236673
0.0298285
0.037134
0.0460082
0.0518966
0.0556821
0.0578346
0.0574851
0.0615725
0.0711575
0.0907203
0.119404
0.160521
0.188951
0.175055
0.131821
0.118685
0.113013
0.108561
0.109482
0.118173
0.130513
0.1403
0.147153
0.151532
0.157908
0.172588
0.190928
0.211626
0.2342
0.260464
0.302535
0.358847
0.412875
0.469743
0.518391
0.538967
0.511208
0.454684
0.372328
0.30723
0.278152
0.2576
0.243751
0.229105
0.222369
0.222546
0.23136
0.249778
0.278761
0.317581
0.363375
0.407178
0.441539
0.467603
0.468092
0.446699
0.432087
0.446794
0.512588
0.62052
0.736753
0.80317
0.820547
0.81232
0.771828
0.696001
0.601421
0.515876
0.478809
0.477256
0.485391
0.513265
0.54156
0.654606
0.733241
3.21519e-07
2.26594e-06
6.78885e-06
1.61174e-05
3.1642e-05
5.46379e-05
8.09628e-05
0.000110975
0.000146491
0.000191004
0.000254231
0.000344541
0.000466321
0.000631696
0.000834226
0.00104139
0.00128623
0.00171045
0.00248225
0.00373371
0.00587749
0.00903405
0.0132374
0.0182789
0.0236557
0.0291571
0.0346224
0.0398106
0.0431278
0.0452608
0.046968
0.048223
0.0504332
0.0536979
0.0588206
0.0640353
0.0705392
0.0770002
0.0792346
0.0800843
0.083191
0.0821278
0.0823152
0.0854183
0.0923384
0.100191
0.106856
0.112639
0.118466
0.1274
0.141812
0.156028
0.170947
0.185256
0.200603
0.22357
0.251011
0.277826
0.309452
0.339298
0.354283
0.334994
0.301874
0.25784
0.231137
0.220409
0.208397
0.200074
0.193024
0.19292
0.196846
0.206667
0.22281
0.247656
0.280532
0.319493
0.357267
0.384897
0.394423
0.384782
0.355214
0.346295
0.362263
0.415279
0.504766
0.625929
0.71118
0.737443
0.7237
0.669845
0.58852
0.5053
0.440124
0.419474
0.422288
0.429873
0.451613
0.473075
0.595723
0.657777
1.71538e-08
1.35439e-07
4.65851e-07
1.24508e-06
2.73224e-06
5.15989e-06
8.22078e-06
1.20968e-05
1.73177e-05
2.50661e-05
3.84056e-05
5.95187e-05
8.94429e-05
0.000134724
0.000200664
0.000297346
0.000470134
0.000807808
0.00174922
0.00367529
0.00702893
0.0120297
0.0180492
0.0237011
0.0278763
0.0313083
0.0343665
0.0373593
0.0397713
0.0417116
0.0435249
0.0454582
0.0480916
0.0511743
0.054816
0.0587707
0.0628493
0.066892
0.0705561
0.0729004
0.0735287
0.0729319
0.0737382
0.0774138
0.0838597
0.0907354
0.0968988
0.102487
0.108184
0.116016
0.126202
0.133545
0.141285
0.147084
0.152571
0.16059
0.169468
0.178915
0.191556
0.203928
0.210659
0.204853
0.196731
0.182545
0.174376
0.170753
0.164809
0.162392
0.161625
0.16493
0.169961
0.178291
0.191874
0.212563
0.239272
0.270209
0.297422
0.309906
0.307335
0.288551
0.266776
0.267351
0.284415
0.322602
0.38625
0.484454
0.570302
0.603233
0.588974
0.537299
0.471932
0.413028
0.368408
0.360116
0.366717
0.370181
0.383898
0.398019
0.5205
0.555435
8.43175e-10
7.51228e-09
2.92942e-08
8.81668e-08
2.14713e-07
4.37052e-07
7.48169e-07
1.20345e-06
1.93479e-06
3.24095e-06
5.90701e-06
1.08561e-05
1.88805e-05
3.31752e-05
6.1049e-05
0.000114963
0.000281164
0.000788112
0.00210071
0.00492485
0.00998606
0.0173673
0.0252073
0.0302456
0.0324444
0.0340118
0.0356779
0.0377813
0.0397192
0.0413781
0.0429977
0.0450592
0.0482508
0.0522913
0.0565653
0.061107
0.0652752
0.0689294
0.0717068
0.0726726
0.0704146
0.0705856
0.0732583
0.0792738
0.0861186
0.0918367
0.0961294
0.0990947
0.101831
0.106647
0.110808
0.110773
0.113076
0.112693
0.110978
0.110182
0.111
0.1133
0.117862
0.122983
0.127377
0.129479
0.131346
0.128724
0.127458
0.128019
0.127712
0.12955
0.132141
0.136387
0.139865
0.146018
0.156587
0.172411
0.192323
0.213712
0.226832
0.227091
0.216556
0.20146
0.195915
0.203451
0.219257
0.24407
0.284523
0.349115
0.410642
0.439733
0.43407
0.40261
0.364363
0.32791
0.299909
0.299836
0.307684
0.302286
0.306984
0.313561
0.424134
0.430367
3.92781e-11
3.796e-10
1.64838e-09
5.45047e-09
1.43995e-08
3.10526e-08
5.75005e-08
1.04924e-07
1.99573e-07
4.11783e-07
9.45849e-07
2.19318e-06
4.77768e-06
9.78178e-06
2.59158e-05
7.97697e-05
0.00025395
0.000802225
0.00239787
0.00606497
0.0127739
0.0223088
0.0305679
0.0335709
0.0344148
0.0353816
0.0370332
0.0387769
0.0400222
0.0404494
0.0411784
0.043339
0.048123
0.0543686
0.0608341
0.0674127
0.0726902
0.0751655
0.075625
0.0724984
0.0703591
0.0721215
0.0774685
0.0847536
0.0895364
0.0912816
0.0914059
0.0899813
0.0891821
0.0894193
0.0869362
0.0834183
0.0828703
0.0793305
0.074261
0.0701739
0.0684867
0.0683116
0.0700505
0.0730634
0.0771195
0.0811803
0.0850643
0.0868829
0.0898322
0.0937871
0.0969141
0.100974
0.104165
0.106663
0.107838
0.111446
0.118373
0.128845
0.141704
0.152745
0.154866
0.14937
0.140925
0.13962
0.146071
0.156571
0.166984
0.180871
0.203347
0.239821
0.276513
0.297013
0.300248
0.288216
0.268757
0.246921
0.231767
0.237019
0.238026
0.223588
0.220818
0.220251
0.301502
0.290112
1.69623e-12
1.76066e-11
8.38691e-11
3.05985e-10
8.81803e-10
2.0887e-09
4.64791e-09
1.14799e-08
3.11466e-08
8.7355e-08
2.40527e-07
7.21419e-07
2.41432e-06
8.13649e-06
2.72908e-05
9.0698e-05
0.000296732
0.000948202
0.00286287
0.00727618
0.0153882
0.0262263
0.032728
0.0336013
0.0340304
0.0354691
0.0375155
0.0378981
0.0371559
0.0363786
0.037253
0.0412755
0.0485664
0.0577687
0.0667154
0.0754142
0.0806863
0.0813533
0.0772483
0.0718352
0.0722991
0.0783553
0.0841947
0.0865271
0.0871787
0.0846468
0.0803492
0.076088
0.0728539
0.0696974
0.0651389
0.0615819
0.0594818
0.0552778
0.0499455
0.0448173
0.0410167
0.0391183
0.0400752
0.0425763
0.0466309
0.0513301
0.0559804
0.0601942
0.0649857
0.0699724
0.0741834
0.0777873
0.0786513
0.078284
0.0775876
0.0789193
0.0824716
0.0879958
0.0942919
0.0971808
0.0961647
0.0935109
0.0964569
0.104698
0.116997
0.121895
0.123252
0.127678
0.137874
0.15701
0.177621
0.189556
0.191755
0.186394
0.176154
0.16438
0.157671
0.16286
0.155498
0.134967
0.129678
0.127375
0.168008
0.165635
6.85904e-14
7.51984e-13
3.94704e-12
1.57225e-11
5.04741e-11
1.49325e-10
5.46636e-10
2.36598e-09
9.20451e-09
3.51421e-08
1.30978e-07
4.80525e-07
1.73756e-06
6.18352e-06
2.15338e-05
7.31765e-05
0.000243739
0.000793044
0.00250558
0.00686879
0.0155777
0.0269824
0.0317001
0.0316163
0.0321806
0.0345994
0.0358489
0.0343954
0.031856
0.0314318
0.0338232
0.0407486
0.0516969
0.0640676
0.0750036
0.0838465
0.0864255
0.0824317
0.075399
0.0728787
0.0788122
0.0824563
0.0828491
0.0818012
0.0781912
0.0722904
0.0671261
0.0627706
0.0594591
0.0564654
0.0533443
0.0509335
0.0489002
0.0454725
0.0412406
0.0359968
0.0305448
0.0270222
0.0272891
0.0296614
0.0343827
0.03993
0.0447273
0.0488466
0.0529275
0.0569804
0.0596305
0.0596599
0.057893
0.0561382
0.0553536
0.0562519
0.0579266
0.0597215
0.0612271
0.0616378
0.0632174
0.0694771
0.0800237
0.0901493
0.0953896
0.0883803
0.0784453
0.0742604
0.0747535
0.081075
0.0888387
0.0914658
0.0903523
0.0885096
0.0853091
0.0814046
0.0796571
0.079366
0.0713768
0.0584828
0.0566749
0.0579916
0.0728685
0.0936393
2.60141e-15
2.99885e-14
1.7457e-13
8.16282e-13
3.67809e-12
2.2405e-11
1.80655e-10
1.33583e-09
6.79581e-09
2.81907e-08
1.09377e-07
4.09742e-07
1.49694e-06
5.34966e-06
1.86985e-05
6.39802e-05
0.000214703
0.000704432
0.00224925
0.00644211
0.0151945
0.0262513
0.0290831
0.0284657
0.0294526
0.0324509
0.0323439
0.029578
0.0273189
0.0277592
0.0317995
0.0419268
0.0570571
0.0728611
0.0848537
0.0902093
0.0871316
0.0796146
0.0732797
0.0764073
0.0791666
0.0789224
0.0750514
0.0698622
0.0650087
0.060034
0.0564353
0.053682
0.0517221
0.0501754
0.0485626
0.0471167
0.0457548
0.0438109
0.0409651
0.0364902
0.0298307
0.0240046
0.0234884
0.0258532
0.031699
0.0384521
0.042969
0.0457936
0.0482141
0.0499983
0.049238
0.0469675
0.0447734
0.0446074
0.045674
0.047691
0.0489102
0.0489006
0.0486593
0.0494783
0.0528643
0.0628365
0.0758789
0.0760827
0.0622543
0.0455124
0.0330661
0.0270713
0.0244067
0.0249943
0.0262791
0.0261431
0.0261655
0.0270553
0.027635
0.0280924
0.0291099
0.0288604
0.0272568
0.0265247
0.0281226
0.0319705
0.0409936
0.0677088
9.59378e-17
1.19579e-15
8.62566e-15
6.33258e-14
5.97359e-13
6.81762e-12
7.35205e-11
6.24173e-10
3.84106e-09
1.6656e-08
6.61351e-08
2.5259e-07
9.40138e-07
3.422e-06
1.22052e-05
4.27445e-05
0.00014727
0.000496416
0.00162083
0.0050653
0.0131461
0.0239143
0.026233
0.0254125
0.0263177
0.0289975
0.0285736
0.0258381
0.0240052
0.0249577
0.0304874
0.0441772
0.0639387
0.0824897
0.0918735
0.0906433
0.0833114
0.0739553
0.0720221
0.0742297
0.0732931
0.0663851
0.0602736
0.0553158
0.0516234
0.0482691
0.0460894
0.0445858
0.04375
0.0433766
0.0428905
0.0423226
0.04232
0.0421748
0.0416664
0.0394992
0.0335324
0.024785
0.0218767
0.024162
0.0313818
0.0395015
0.043529
0.0451358
0.045382
0.0446549
0.0419911
0.0403145
0.040388
0.041096
0.0432624
0.0462671
0.0471051
0.046245
0.0452057
0.0465697
0.0524773
0.0630911
0.0588871
0.0408969
0.0227265
0.0133057
0.00935053
0.00757073
0.00677474
0.00695456
0.00744246
0.00800405
0.00882926
0.0100131
0.0113009
0.012649
0.0141447
0.015538
0.0168716
0.0182543
0.0204619
0.024536
0.0327626
0.0585044
4.22471e-18
6.72586e-17
8.48612e-16
1.22937e-14
1.86069e-13
2.51355e-12
2.82014e-11
2.55624e-10
1.86945e-09
9.70175e-09
4.06347e-08
1.59244e-07
6.02226e-07
2.2168e-06
7.97826e-06
2.81571e-05
9.76484e-05
0.000331967
0.00110217
0.00355236
0.0100856
0.0201339
0.0235154
0.0227207
0.0228126
0.0245529
0.0245178
0.0225645
0.0208296
0.0222409
0.029609
0.0478694
0.0724256
0.0895833
0.0915812
0.0859209
0.0737142
0.0669742
0.0663941
0.0642264
0.0537961
0.0446389
0.0394691
0.0357727
0.0335193
0.0314605
0.0304232
0.0299049
0.0297861
0.0297311
0.0294469
0.0289855
0.0295258
0.0306627
0.0334178
0.0349389
0.0330749
0.0258596
0.0199004
0.0215101
0.0296143
0.0397838
0.0440961
0.044513
0.0438349
0.0414618
0.0386802
0.0385003
0.0395151
0.0432995
0.0529757
0.0589454
0.0574242
0.0512936
0.0458607
0.0472318
0.0519732
0.0443697
0.0248169
0.0123774
0.00595023
0.00328396
0.00239294
0.00225533
0.00236518
0.00271683
0.00339384
0.00425781
0.00526335
0.00661362
0.00804979
0.00956074
0.0113165
0.0132298
0.0153148
0.0177092
0.0205526
0.0238461
0.0293273
0.0472669
3.89467e-19
8.9333e-18
1.77211e-16
3.27947e-15
5.18909e-14
6.68879e-13
7.35536e-12
6.92079e-11
5.54663e-10
3.64987e-09
1.7255e-08
7.07565e-08
2.751e-07
1.03453e-06
3.79541e-06
1.3651e-05
4.83774e-05
0.000168786
0.000576874
0.0019054
0.00601206
0.0140324
0.0197253
0.0197568
0.018994
0.0194071
0.0194292
0.0181371
0.0169957
0.0192195
0.0290987
0.0525291
0.0793732
0.0892908
0.0855152
0.0706734
0.0568825
0.0511605
0.0463479
0.0341265
0.0246995
0.0198873
0.0170683
0.0149138
0.0136313
0.0128847
0.0128028
0.0132478
0.0140173
0.0143926
0.0144713
0.0145139
0.0149759
0.0160597
0.0186252
0.0226631
0.0240107
0.0216861
0.0169302
0.0178175
0.0253732
0.0379216
0.0445331
0.0449954
0.0438593
0.0400692
0.0377317
0.0387735
0.0430563
0.0547425
0.0717011
0.0749579
0.069255
0.0550157
0.0458885
0.0444587
0.0343278
0.0155129
0.00775824
0.00402239
0.00241338
0.00151712
0.00112402
0.00108669
0.00119681
0.00158118
0.00233853
0.00334808
0.00446242
0.00567071
0.00681224
0.00809125
0.00983454
0.0118301
0.0141887
0.0172704
0.0209138
0.0245851
0.0285601
0.0380483
7.09628e-20
1.81797e-18
3.81504e-17
6.71126e-16
9.67993e-15
1.19691e-13
1.34357e-12
1.34419e-11
1.20075e-10
9.27674e-10
5.85358e-09
2.62824e-08
1.07075e-07
4.15246e-07
1.55662e-06
5.70364e-06
2.05346e-05
7.27537e-05
0.000253101
0.000858865
0.00283075
0.00780991
0.0138555
0.0151703
0.0143844
0.0136517
0.0135489
0.0127854
0.0125469
0.0161164
0.0294224
0.0583939
0.0821193
0.0834213
0.0663238
0.0421948
0.0300983
0.0254159
0.0210139
0.0171309
0.014911
0.0135261
0.0117745
0.00977811
0.00785582
0.00627832
0.00520642
0.00456872
0.00454077
0.00478456
0.00506469
0.00531892
0.00576342
0.00658462
0.00835607
0.011748
0.0147245
0.0143247
0.0126281
0.0135362
0.0201307
0.0338099
0.044321
0.0455686
0.0440534
0.0387308
0.0373073
0.0402211
0.0506846
0.0705721
0.0875898
0.0867559
0.0750471
0.0535842
0.0428244
0.0314721
0.0129221
0.00621986
0.00418964
0.00343053
0.00267761
0.00169274
0.000925122
0.0007406
0.000829666
0.00114042
0.00174597
0.00244909
0.00309035
0.00377773
0.00443975
0.00539008
0.00702741
0.00906581
0.0116942
0.015462
0.0201913
0.0250919
0.0290953
0.0363498
1.13945e-20
2.74209e-19
5.07333e-18
7.85159e-17
1.06734e-15
1.31691e-14
1.51454e-13
1.57644e-12
1.5134e-11
1.28227e-10
9.52561e-10
5.73782e-09
2.60246e-08
1.0684e-07
4.12363e-07
1.56904e-06
5.91359e-06
2.19379e-05
8.0148e-05
0.000285527
0.000978717
0.00317457
0.00698346
0.00861085
0.00821033
0.00728243
0.00705637
0.00703897
0.00793364
0.0130911
0.0297892
0.0618721
0.0786457
0.0656502
0.0381743
0.0227501
0.0201875
0.020374
0.0202012
0.019804
0.0197386
0.0182287
0.0151376
0.0115498
0.00821281
0.00541607
0.00337446
0.00218388
0.00158496
0.00146774
0.00152288
0.00162478
0.00180916
0.00217483
0.00306226
0.00499409
0.00765233
0.00832456
0.00839525
0.00941929
0.0146699
0.0272184
0.0413332
0.0445343
0.0422269
0.0360764
0.0365158
0.0427853
0.0609035
0.0857633
0.0952403
0.0907805
0.0716314
0.0481425
0.0328458
0.0160932
0.00772023
0.00594084
0.00545181
0.00474311
0.00368426
0.00235502
0.00110875
0.000586981
0.000582153
0.000722505
0.00103742
0.00138882
0.0017525
0.00224989
0.00288934
0.00374611
0.00502016
0.00681404
0.00956533
0.0140103
0.0197701
0.0257738
0.0304291
0.0377857
1.00829e-21
2.10841e-20
3.49178e-19
5.16976e-18
7.11358e-17
9.17915e-16
1.12178e-14
1.26214e-13
1.33197e-12
1.26204e-11
1.07608e-10
7.74977e-10
4.72525e-09
2.38029e-08
9.7233e-08
3.84345e-07
1.50157e-06
5.74056e-06
2.15528e-05
7.87224e-05
0.000276287
0.000875232
0.00199619
0.00273408
0.00267083
0.00242778
0.00242232
0.00275936
0.00458418
0.0107942
0.0295277
0.0621628
0.0717137
0.046466
0.0231933
0.0191526
0.0207029
0.022526
0.0235174
0.0236139
0.0224644
0.0198001
0.0158153
0.0114333
0.00780367
0.00526181
0.00331199
0.00170423
0.000785649
0.000485548
0.000453268
0.000479591
0.000548526
0.000691477
0.00104187
0.0018826
0.00325488
0.00427229
0.00488731
0.00607414
0.00985993
0.0193748
0.0339546
0.0393791
0.0368414
0.0326886
0.0352104
0.0462839
0.0703906
0.0941777
0.0973163
0.0865623
0.0607999
0.0371428
0.0195281
0.00997463
0.00733803
0.00644107
0.00565217
0.00486254
0.00381514
0.0025407
0.00131013
0.000526285
0.000384144
0.000421696
0.000549151
0.000771341
0.00116258
0.00178787
0.00263526
0.00356266
0.00460823
0.00602405
0.00814411
0.0118016
0.0176131
0.0242259
0.0299457
0.0384707
4.30665e-23
8.58154e-22
1.45765e-20
2.316e-19
3.44554e-18
4.82238e-17
6.44562e-16
7.87131e-15
9.12437e-14
9.44003e-13
8.88637e-12
7.1199e-11
4.89927e-10
2.77228e-09
1.41506e-08
6.71566e-08
3.09083e-07
1.30091e-06
5.02885e-06
1.8306e-05
6.07913e-05
0.000159018
0.000297734
0.000413096
0.00047641
0.000529589
0.000655758
0.00115195
0.00306001
0.00958613
0.0300566
0.0613041
0.0633323
0.0341518
0.0202653
0.019751
0.0231035
0.024423
0.0246688
0.0246458
0.0235971
0.0202704
0.0142803
0.00824685
0.00452903
0.00267664
0.00177264
0.00116788
0.000596205
0.000220611
0.00013781
0.000141754
0.000163601
0.000217384
0.000359785
0.00071624
0.00132268
0.00196564
0.00262772
0.00371146
0.00628038
0.0126982
0.0248267
0.0315171
0.029933
0.0290121
0.0334316
0.0492
0.0763652
0.0976851
0.0940907
0.0729337
0.0447232
0.0231704
0.0118165
0.00833276
0.00674801
0.00431925
0.00337206
0.00310939
0.00276429
0.00222713
0.00136251
0.00054229
0.000256317
0.000258751
0.000329276
0.000547995
0.00104678
0.0019567
0.00331216
0.00455731
0.00537784
0.0064957
0.00825683
0.0108841
0.0148122
0.020399
0.0282312
0.036145
1.24931e-24
2.7793e-23
5.18384e-22
8.95052e-21
1.46308e-19
2.26839e-18
3.34533e-17
4.47682e-16
5.63492e-15
6.25595e-14
6.35765e-13
5.49566e-12
4.07078e-11
2.49106e-10
1.39419e-09
7.09708e-09
3.60329e-08
1.70031e-07
7.03013e-07
2.55725e-06
8.2405e-06
1.98543e-05
3.73644e-05
5.62177e-05
7.75461e-05
0.000110883
0.000190925
0.000584679
0.00205457
0.00733707
0.0251678
0.0555582
0.0578957
0.0352943
0.0207814
0.0204278
0.0231959
0.024368
0.0253479
0.0253267
0.0242419
0.0203976
0.0123526
0.00552506
0.00244264
0.00128062
0.000763949
0.000468382
0.000259697
0.000107312
4.59126e-05
4.29248e-05
4.9046e-05
6.87554e-05
0.000129216
0.000288481
0.000570035
0.000945906
0.0014851
0.00243326
0.00450431
0.00965412
0.0200175
0.0251475
0.0242324
0.0248623
0.0314863
0.0500963
0.0782878
0.0954944
0.0860974
0.0562087
0.028774
0.0141955
0.00954441
0.00756486
0.00406608
0.00196857
0.00140216
0.00144468
0.00145423
0.00137014
0.00108286
0.000546731
0.000195753
0.000173323
0.000241927
0.000474286
0.00109133
0.00224346
0.0038332
0.00544242
0.00659306
0.00777457
0.00968059
0.0123752
0.0159187
0.0220685
0.0283684
0.0265043
3.29538e-26
7.98877e-25
1.62341e-23
3.05041e-22
5.44681e-21
9.13928e-20
1.4556e-18
2.08064e-17
2.79955e-16
3.29432e-15
3.60715e-14
3.28908e-13
2.57332e-12
1.6306e-11
9.51509e-11
5.05235e-10
2.77141e-09
1.35365e-08
5.90108e-08
2.30629e-07
7.61333e-07
1.89744e-06
3.92736e-06
6.76281e-06
1.15279e-05
2.1555e-05
6.18211e-05
0.000268157
0.00108494
0.00413969
0.014811
0.041544
0.0518868
0.0405485
0.024185
0.0215161
0.0224431
0.0234574
0.0253136
0.025328
0.0234681
0.0169641
0.00794717
0.00268036
0.00100261
0.000509032
0.000305218
0.000187756
0.000106385
4.71781e-05
1.68769e-05
1.31465e-05
1.49364e-05
2.23979e-05
4.78444e-05
0.000120017
0.00027256
0.000589206
0.00114769
0.0021273
0.00431559
0.00977718
0.018658
0.020191
0.0191683
0.0206564
0.0277859
0.0442739
0.0715336
0.0883865
0.0725336
0.0387291
0.0185809
0.0121247
0.00960574
0.00514239
0.00227124
0.00116319
0.000783187
0.000698863
0.000744557
0.000748794
0.000656403
0.000383575
0.000135743
0.000115916
0.000179092
0.000414085
0.00104715
0.00219665
0.00368293
0.00544552
0.00723518
0.00971807
0.0144906
0.0198123
0.0234499
0.0259408
0.0246535
0.0177958
7.79039e-28
2.02609e-26
4.46987e-25
9.13936e-24
1.77604e-22
3.21772e-21
5.47984e-20
8.37941e-19
1.20424e-17
1.51642e-16
1.7524e-15
1.6545e-14
1.3437e-13
8.74819e-13
5.28111e-12
2.9784e-11
1.67756e-10
8.46815e-10
3.9723e-09
1.58346e-08
5.50943e-08
1.49731e-07
3.49806e-07
7.08396e-07
1.45943e-06
3.45447e-06
1.55895e-05
8.08225e-05
0.000346926
0.00138158
0.00512741
0.0178817
0.0385758
0.0387485
0.0319783
0.0255314
0.0239649
0.0247979
0.0253729
0.0240337
0.0194351
0.0102666
0.00338718
0.000951295
0.000332895
0.000165531
9.78338e-05
5.88695e-05
3.29902e-05
1.5091e-05
5.45279e-06
3.95099e-06
4.57622e-06
8.0402e-06
1.98198e-05
5.76086e-05
0.000174089
0.000522844
0.00145356
0.00320433
0.00625997
0.0124878
0.0181851
0.0167236
0.0136469
0.0148258
0.0202272
0.0316544
0.0567881
0.0813248
0.0664072
0.0342378
0.0181025
0.0128118
0.00770069
0.00366378
0.00183788
0.00100684
0.000617271
0.000441743
0.00040014
0.000398831
0.00035186
0.000206002
7.33283e-05
6.44232e-05
0.000101889
0.000249119
0.000619355
0.00128422
0.00219329
0.00385446
0.00661881
0.0106669
0.0188651
0.0280214
0.0278865
0.0231242
0.0173798
0.0160403
1.64971e-29
4.59702e-28
1.09744e-26
2.42806e-25
5.09913e-24
9.87154e-23
1.7922e-21
2.89836e-20
4.40237e-19
5.76378e-18
6.90464e-17
6.55431e-16
5.48887e-15
3.54517e-14
2.22914e-13
1.27622e-12
7.37874e-12
3.9982e-11
1.99673e-10
8.37763e-10
3.21538e-09
9.29203e-09
2.56433e-08
6.08317e-08
1.47109e-07
4.1837e-07
2.35622e-06
1.35273e-05
6.72227e-05
0.000306668
0.00119205
0.00427791
0.0128918
0.0247626
0.0284679
0.0272392
0.0261397
0.0251692
0.022956
0.0187079
0.0099191
0.00320855
0.000908635
0.000273697
9.60125e-05
4.51657e-05
2.57616e-05
1.52985e-05
8.57592e-06
4.06041e-06
1.54835e-06
1.10556e-06
1.4041e-06
3.77152e-06
1.27264e-05
4.5485e-05
0.000161548
0.000558846
0.00185594
0.00516586
0.010828
0.0167844
0.017379
0.0134989
0.00750442
0.00727562
0.0093326
0.0153711
0.0314215
0.0649754
0.0668375
0.0419351
0.0217044
0.0132606
0.00630558
0.0036965
0.00275298
0.0015603
0.000698114
0.000375721
0.000247743
0.000205214
0.000162246
8.37569e-05
2.9484e-05
2.82459e-05
4.68039e-05
0.000115493
0.000282577
0.000624617
0.00121226
0.00236056
0.00557047
0.0130785
0.0257547
0.0297978
0.0262776
0.0163316
0.0143989
0.0159276
3.15169e-31
9.29022e-30
2.37795e-28
5.64778e-27
1.26773e-25
2.60676e-24
4.96144e-23
8.38095e-22
1.31423e-20
1.76611e-19
2.15236e-18
2.06635e-17
1.75092e-16
1.14507e-15
7.43289e-15
4.28961e-14
2.63813e-13
1.50157e-12
8.05224e-12
3.71278e-11
1.43953e-10
4.70408e-10
1.56892e-09
4.25642e-09
1.18977e-08
3.82299e-08
2.14449e-07
1.32497e-06
7.28378e-06
3.74254e-05
0.000159281
0.000598995
0.00193439
0.00500812
0.010796
0.017063
0.0164639
0.0132415
0.00710393
0.0024838
0.00106853
0.000544452
0.000214865
6.34661e-05
2.03296e-05
8.03686e-06
3.80866e-06
2.05526e-06
1.18531e-06
6.90289e-07
3.48556e-07
2.54941e-07
4.28037e-07
1.79854e-06
7.36497e-06
2.90469e-05
0.000110932
0.000408484
0.00142695
0.00466619
0.0110304
0.0158738
0.0152133
0.0101442
0.00386227
0.00269483
0.0032503
0.00567944
0.0131356
0.0356891
0.0611895
0.055111
0.036516
0.0203522
0.010752
0.010578
0.0078836
0.00376403
0.00153968
0.000527547
0.000206158
0.000105082
6.20011e-05
2.5608e-05
9.98742e-06
1.18981e-05
2.4184e-05
6.43971e-05
0.000176113
0.000445793
0.00101019
0.00182289
0.00400715
0.0111275
0.0238757
0.027186
0.0238912
0.0160204
0.0137683
0.0154841
5.35091e-33
1.66728e-31
4.57549e-30
1.16014e-28
2.76019e-27
5.9015e-26
1.16181e-24
2.0092e-23
3.21828e-22
4.33266e-21
5.40643e-20
5.13396e-19
4.4775e-18
2.8434e-17
1.86317e-16
1.06589e-15
6.95056e-15
4.05741e-14
2.46193e-13
1.13953e-12
4.96502e-12
1.92085e-11
7.46007e-11
2.21952e-10
7.2556e-10
2.50702e-09
1.39659e-08
8.92251e-08
5.20657e-07
2.80667e-06
1.21908e-05
4.82603e-05
0.00015376
0.000394678
0.00121132
0.00233128
0.00174914
0.000927732
0.00041433
0.000179411
7.47666e-05
3.01755e-05
1.1789e-05
4.50756e-06
1.75148e-06
6.76845e-07
2.8095e-07
1.2865e-07
6.22173e-08
3.20018e-08
1.86241e-08
1.8369e-08
6.15642e-08
3.8825e-07
2.13087e-06
1.01987e-05
4.52386e-05
0.000187889
0.000735567
0.00271162
0.00795573
0.010381
0.0087834
0.00466488
0.00144452
0.00102571
0.00129481
0.00261892
0.00657727
0.0173831
0.0415857
0.057442
0.0546114
0.0461178
0.0347305
0.0279489
0.0175831
0.00665615
0.00287288
0.00116744
0.00029245
7.22274e-05
2.20539e-05
6.90352e-06
3.51767e-06
7.00868e-06
2.03559e-05
6.37022e-05
0.00019261
0.000551079
0.00169329
0.0027035
0.00385443
0.00776847
0.0166561
0.0169344
0.0152468
0.0123053
0.0121807
0.0148729
8.06065e-35
2.63748e-33
7.64118e-32
2.04898e-30
5.04387e-29
1.11013e-27
2.19433e-26
3.82895e-25
6.02124e-24
8.13655e-23
9.95347e-22
9.57257e-21
8.08305e-20
4.92833e-19
3.30012e-18
2.03719e-17
1.40423e-16
9.08275e-16
5.72129e-15
2.79496e-14
1.43794e-13
6.31767e-13
2.73285e-12
9.32213e-12
3.49247e-11
1.26435e-10
6.97104e-10
4.41909e-09
2.61436e-08
1.42874e-07
6.13953e-07
2.49491e-06
7.8859e-06
1.94543e-05
5.83934e-05
8.97864e-05
5.38372e-05
2.49224e-05
1.03139e-05
4.16113e-06
1.66915e-06
6.64322e-07
2.61889e-07
1.03416e-07
4.15293e-08
1.71329e-08
7.37948e-09
3.35274e-09
1.61064e-09
8.26748e-10
5.12412e-10
7.17295e-10
3.70155e-09
2.88387e-08
2.14732e-07
1.45509e-06
8.86381e-06
4.1483e-05
0.00017146
0.00065789
0.00189875
0.0019331
0.00131349
0.000738047
0.000352624
0.000310145
0.000465973
0.00110392
0.00281824
0.00705088
0.018087
0.0391111
0.0529799
0.0542456
0.0524695
0.0469205
0.028024
0.00884997
0.00399204
0.00199639
0.000558542
7.70625e-05
1.20526e-05
1.9706e-06
1.48213e-06
5.6409e-06
2.89612e-05
0.000109219
0.000354205
0.000976105
0.00296028
0.00512546
0.00534139
0.00663773
0.00908157
0.00891899
0.00906229
0.00951919
0.0109932
0.0155841
1.04352e-36
3.53869e-35
1.07165e-33
2.95396e-32
7.54162e-31
1.66277e-29
3.36119e-28
5.71475e-27
9.21423e-26
1.19067e-24
1.48252e-23
1.29364e-22
1.09692e-21
6.47081e-21
4.95023e-20
3.27166e-19
2.5203e-18
1.61004e-17
1.01664e-16
5.1831e-16
3.28702e-15
1.5285e-14
8.07434e-14
2.99524e-13
1.27909e-12
4.68988e-12
2.56167e-11
1.57048e-10
9.2766e-10
5.00729e-09
2.10213e-08
8.45492e-08
2.5761e-07
5.73517e-07
1.52474e-06
1.93996e-06
1.02971e-06
4.63926e-07
1.8427e-07
7.02333e-08
2.69207e-08
1.04847e-08
4.15211e-09
1.67856e-09
6.97303e-10
2.98498e-10
1.3242e-10
6.12225e-11
2.9635e-11
1.53419e-11
1.02758e-11
1.99012e-11
1.2667e-10
1.05598e-09
8.67352e-09
6.49178e-08
4.23372e-07
2.42916e-06
1.17586e-05
4.36275e-05
9.0605e-05
8.66414e-05
5.65441e-05
3.55023e-05
2.96857e-05
5.01898e-05
0.000107504
0.000281133
0.000748797
0.00196645
0.00532838
0.0158925
0.035758
0.0451372
0.0436332
0.0376558
0.0215058
0.00819028
0.00443815
0.00266677
0.000892095
0.000103607
9.00177e-06
7.7982e-07
6.72077e-07
6.02494e-06
4.47386e-05
0.000183572
0.000623678
0.00173111
0.00437102
0.00779083
0.00712893
0.00676749
0.00701132
0.00967606
0.0119157
0.0127291
0.0124567
0.0168193
1.15034e-38
3.99664e-37
1.2279e-35
3.50344e-34
8.7624e-33
2.00468e-31
3.85427e-30
6.75589e-29
1.01279e-27
1.36765e-26
1.52162e-25
1.4187e-24
1.16982e-23
8.42528e-23
7.24957e-22
5.33506e-21
4.17647e-20
2.53203e-19
1.5235e-18
7.76597e-18
5.15484e-17
2.75062e-16
1.63965e-15
6.86059e-15
3.40102e-14
1.26659e-13
6.93068e-13
3.99211e-12
2.31822e-11
1.19599e-10
4.81599e-10
1.85223e-09
5.37946e-09
1.06406e-08
2.37999e-08
2.49419e-08
1.24688e-08
5.47845e-09
2.14445e-09
7.97471e-10
2.92118e-10
1.11148e-10
4.39632e-11
1.80506e-11
7.69017e-12
3.40319e-12
1.56309e-12
7.43454e-13
3.6692e-13
1.94786e-13
1.48348e-13
3.88929e-13
2.70466e-12
2.25489e-11
1.8864e-10
1.45598e-09
9.61035e-09
5.63922e-08
2.91131e-07
1.07191e-06
2.02606e-06
1.91666e-06
1.33466e-06
1.01621e-06
1.4418e-06
4.36473e-06
1.5677e-05
5.72659e-05
0.000167472
0.000476381
0.00139208
0.00446392
0.0129537
0.0149253
0.0129306
0.00989174
0.00691833
0.00504242
0.00422199
0.00298044
0.00108746
0.000127294
9.53669e-06
5.75367e-07
3.98068e-07
6.6578e-06
5.44537e-05
0.000239149
0.000970706
0.0033008
0.00488155
0.00859837
0.00928037
0.00911275
0.0106427
0.0193869
0.0265443
0.0246223
0.0172047
0.0205975
1.04444e-40
3.62156e-39
1.18261e-37
3.1572e-36
8.72758e-35
1.80022e-33
3.93925e-32
5.7771e-31
1.02298e-29
1.09808e-28
1.42082e-27
1.20823e-26
1.20357e-25
8.85841e-25
9.45473e-24
6.5409e-23
5.7298e-22
2.85877e-21
1.84062e-20
8.25147e-20
5.27496e-19
2.90319e-18
2.23052e-17
1.04538e-16
6.39677e-16
2.13674e-15
1.23534e-14
6.62968e-14
3.83393e-13
1.84836e-12
7.29505e-12
2.57756e-11
7.04049e-11
1.25413e-10
2.29491e-10
2.09704e-10
1.05555e-10
4.75111e-11
1.86839e-11
6.94661e-12
2.57581e-12
9.92082e-13
3.99333e-13
1.67822e-13
7.30986e-14
3.28545e-14
1.52319e-14
7.29212e-15
3.62588e-15
1.96666e-15
1.68462e-15
5.32618e-15
3.76884e-14
3.04775e-13
2.47911e-12
1.8804e-11
1.22269e-10
7.06983e-10
3.49784e-09
1.18406e-08
2.15951e-08
2.236e-08
1.9165e-08
3.12632e-08
1.13984e-07
4.80642e-07
1.91816e-06
7.25564e-06
2.45138e-05
7.28872e-05
0.000199648
0.000509325
0.00103561
0.00120381
0.00147205
0.00200976
0.002733
0.00342433
0.00328151
0.00240993
0.000884707
9.12986e-05
5.06525e-06
1.97993e-07
3.66244e-07
7.5335e-06
6.70388e-05
0.000313467
0.00208674
0.00813637
0.0127532
0.0154726
0.0173417
0.0189674
0.019818
0.0206961
0.0393111
0.0453295
0.0269798
0.0258821
6.88657e-43
2.4824e-41
7.52953e-40
2.38457e-38
5.61047e-37
1.53692e-35
2.61418e-34
4.60542e-33
6.63732e-32
8.34536e-31
1.07244e-29
1.13647e-28
1.16387e-27
1.03647e-26
1.01013e-25
7.17628e-25
5.43342e-24
2.58665e-23
1.38676e-22
6.2999e-22
3.92697e-21
2.13832e-20
2.14859e-19
9.49927e-19
6.68782e-18
2.14584e-17
1.2874e-16
7.00374e-16
4.01879e-15
1.84425e-14
7.07253e-14
2.24984e-13
5.73683e-13
9.08573e-13
1.36304e-12
1.14684e-12
6.14044e-13
2.88327e-13
1.17895e-13
4.52448e-14
1.69486e-14
6.58814e-15
2.69009e-15
1.1467e-15
5.07238e-16
2.31263e-16
1.08803e-16
5.28478e-17
2.67288e-17
1.50442e-17
1.4872e-17
5.43206e-17
3.80284e-16
2.91899e-15
2.23103e-14
1.58696e-13
9.76908e-13
5.24564e-12
2.3132e-11
7.25497e-11
1.46516e-10
4.86768e-10
6.00439e-09
5.65982e-08
2.568e-07
1.00419e-06
3.65246e-06
1.25593e-05
4.0934e-05
0.00012091
0.000298667
0.000582917
0.000923455
0.00140453
0.00224775
0.00301163
0.00291436
0.00253558
0.00162947
0.000600843
0.00011232
1.22521e-05
6.77246e-07
2.7033e-08
9.2088e-08
4.295e-06
3.99732e-05
9.29081e-05
0.000129228
0.000684088
0.00329863
0.00681869
0.00875252
0.0075696
0.00297024
0.00337088
0.021657
0.043985
0.0389964
0.0346653
4.95995e-45
1.62066e-43
8.046e-42
1.11626e-40
4.76366e-39
6.36949e-38
1.84665e-36
1.75111e-35
4.48182e-34
3.8357e-33
9.07228e-32
5.85205e-31
1.00618e-29
5.41926e-29
8.18465e-28
3.25168e-27
3.82135e-26
1.0271e-25
8.02405e-25
2.30001e-24
2.17408e-23
8.48762e-23
1.01868e-21
3.38571e-21
3.2705e-20
9.76941e-20
7.53804e-19
3.58337e-18
2.20158e-17
9.20024e-17
3.37832e-16
9.93712e-16
2.27666e-15
3.52372e-15
4.43764e-15
3.92195e-15
2.32108e-15
1.25678e-15
5.80635e-16
2.57842e-16
1.0678e-16
4.4415e-17
1.88145e-17
8.2489e-18
3.70546e-18
1.69345e-18
7.87386e-19
3.74424e-19
1.84691e-19
1.0203e-19
1.02692e-19
3.83424e-19
2.60726e-18
1.9033e-17
1.35568e-16
8.93779e-16
5.11081e-15
2.51323e-14
9.73149e-14
3.14985e-13
2.3097e-12
4.6284e-11
8.00864e-10
8.91738e-09
6.3347e-08
3.71095e-07
1.56097e-06
5.96043e-06
2.17354e-05
7.66372e-05
0.000259504
0.00080608
0.00163971
0.00213027
0.00213811
0.00182492
0.000983214
0.000318558
0.000143854
5.99334e-05
1.53611e-05
1.21564e-06
5.70856e-08
7.29584e-09
5.9099e-07
2.22275e-05
0.000144058
0.00028021
0.000365414
0.000431849
0.000488725
0.000552211
0.000660255
0.000838148
0.00427104
0.014471
0.0261264
0.032779
0.0341562
0.022255
)
;

boundaryField
{
    AXIS
    {
        type            empty;
    }
    OUTLET
    {
        type            inletOutlet;
        inletValue      uniform 0;
        value           nonuniform List<scalar> 
50
(
0.987347
0.976953
0.967158
0.955445
0.938633
0.917121
0.896585
0.885316
0.883206
0.882722
0.879202
0.876607
0.876698
0.877902
0.878584
0.877365
0.873626
0.868078
0.860517
0.850389
0.836432
0.815806
0.783665
0.733241
0.657777
0.555435
0.430367
0.290112
0.165635
0.0936393
0.0677088
0.0585044
0.0472669
0.0380483
0.0363498
0.0377857
0.0384707
0.036145
0.0265043
0.0177958
0.0160403
0.0159276
0.0154841
0.0148729
0
0
0
0
0
0
)
;
    }
    COFLOW
    {
        type            fixedValue;
        value           uniform 0;
    }
    PILOT
    {
        type            fixedValue;
        value           uniform 0.271;
    }
    FUEL
    {
        type            fixedValue;
        value           uniform 1;
    }
    WALL
    {
        type            zeroGradient;
    }
    front
    {
        type            wedge;
    }
    back
    {
        type            wedge;
    }
}


// ************************************************************************* //
