/*--------------------------------*- C++ -*----------------------------------*\
| =========                 |                                                 |
| \\      /  F ield         | OpenFOAM: The Open Source CFD Toolbox           |
|  \\    /   O peration     | Version:  2.3.0                                 |
|   \\  /    A nd           | Web:      www.OpenFOAM.org                      |
|    \\/     M anipulation  |                                                 |
\*---------------------------------------------------------------------------*/
FoamFile
{
    version     2.0;
    format      ascii;
    class       volScalarField;
    location    "0.03";
    object      chi;
}
// * * * * * * * * * * * * * * * * * * * * * * * * * * * * * * * * * * * * * //

dimensions      [0 0 -1 0 0 0 0];

internalField   nonuniform List<scalar> 
5000
(
4.46114e-25
3.28164e-24
3.09272e-23
3.55748e-23
1.88017e-22
7.34734e-22
1.1478e-21
4.00499e-21
6.9889e-20
5.75623e-19
6.6273e-18
3.56736e-17
1.45254e-16
4.381e-16
4.54771e-16
7.28504e-17
4.62151e-17
3.88584e-17
2.48063e-17
6.36754e-18
5.84709e-17
2.69176e-16
3.37669e-16
1.06896e-15
1.09515e-14
3.93651e-14
1.01574e-13
1.33372e-13
3.24276e-13
2.59297e-14
4.41043e-14
3.16932e-13
3.95112e-12
1.53172e-11
7.26592e-12
2.41549e-11
1.35156e-10
4.87821e-10
1.38916e-09
2.34983e-09
3.6037e-09
7.28088e-09
4.09715e-09
5.32013e-09
7.16943e-09
5.74646e-09
2.85493e-09
2.83085e-09
4.25765e-09
2.70446e-08
1.16166e-07
6.92238e-08
2.97607e-07
1.58311e-06
4.61786e-06
4.61945e-06
8.43916e-06
1.56676e-05
2.68457e-05
5.04191e-05
9.31442e-05
0.000205385
0.000386821
0.000803237
0.00146839
0.00257709
0.00130826
0.00234985
0.00245413
0.00190131
0.000768315
0.000118963
1.56596e-06
1.33979e-05
6.38912e-05
0.000154811
0.000319387
0.000599554
0.0013304
0.000434037
0.000549404
0.000667245
0.00209942
0.00116746
0.000401452
2.36001e-05
4.95326e-06
6.58608e-06
8.66088e-06
7.68944e-06
1.39935e-05
2.09918e-05
3.94626e-05
7.26424e-05
0.000154746
0.000348522
0.000726297
0.00139994
0.00255447
0.00582499
2.44286e-23
8.47643e-23
5.7825e-22
2.05798e-21
2.9384e-21
6.80108e-21
9.15047e-20
5.18567e-19
2.08678e-18
2.60421e-18
6.29417e-17
2.11074e-15
8.84591e-15
8.37163e-14
9.22134e-14
1.43326e-14
6.44045e-15
3.106e-15
2.55309e-15
7.44696e-16
1.93378e-15
7.00697e-15
2.817e-14
1.00165e-13
3.05692e-13
2.398e-12
1.79048e-11
3.69592e-11
3.7056e-11
2.63434e-12
7.33048e-12
1.52264e-11
8.37737e-11
4.25565e-10
2.2444e-10
1.03662e-09
4.07307e-09
1.09966e-08
2.95261e-08
7.34739e-08
1.60175e-07
1.9321e-07
1.88532e-07
2.38342e-07
4.41773e-07
2.93878e-07
6.53203e-07
1.16741e-07
8.11511e-08
1.7301e-07
5.0859e-07
1.40664e-06
2.54038e-06
8.82412e-06
4.78901e-05
0.000174981
0.00047474
0.00102029
0.00187071
0.00313729
0.00528264
0.00958646
0.0199828
0.0478935
0.129479
0.391069
1.33991
3.42882
2.40083
0.663267
0.0815841
0.00113747
7.67022e-05
6.31691e-05
9.06468e-05
0.00020149
0.000407305
0.000752652
0.00159639
0.00351489
0.0052088
0.00544978
0.00528244
0.00434523
0.00243367
0.000729246
0.000403081
0.000369294
0.000360312
0.000340032
0.000326873
0.000382674
0.000505971
0.000921784
0.00191902
0.0039858
0.00795933
0.0143899
0.0232379
0.0451827
1.0206e-21
3.46906e-21
1.85806e-20
3.74426e-20
9.9673e-20
7.61897e-19
8.77324e-18
5.06788e-17
4.64803e-16
5.25302e-15
3.11223e-15
1.6716e-13
1.87746e-12
8.70035e-12
1.38073e-11
1.2639e-12
5.05254e-13
3.82562e-13
3.39852e-13
7.95489e-14
1.20605e-13
5.01136e-13
2.3514e-12
1.0879e-11
6.2665e-11
3.59129e-10
1.57742e-09
4.88025e-09
5.71238e-09
4.5817e-10
4.47812e-10
5.03952e-10
1.8093e-09
1.03651e-08
2.54806e-08
2.96561e-08
1.45553e-07
4.66949e-07
1.41633e-06
3.99528e-06
9.44778e-06
1.55359e-05
1.38501e-05
1.61054e-05
4.54513e-05
6.03247e-05
3.89379e-05
1.30226e-05
4.96834e-06
2.66631e-06
2.35648e-06
4.67748e-06
1.025e-05
5.86017e-05
0.000382995
0.00173495
0.00549348
0.013598
0.0276688
0.0473293
0.0711849
0.10489
0.170482
0.325487
0.693
1.62342
4.22041
9.91154
11.9309
9.69171
2.32152
0.00961104
0.000320445
0.00012848
8.87511e-05
0.000120089
0.000227665
0.000450618
0.000913252
0.0022986
0.00485109
0.00552959
0.00613759
0.00648366
0.00522164
0.00242321
0.000939072
0.000671383
0.000628029
0.00061587
0.000619736
0.00074432
0.00137326
0.00307404
0.00721621
0.0159377
0.0320033
0.0588484
0.0931364
0.217335
1.24072e-18
2.70225e-18
7.75901e-18
2.01703e-17
4.16176e-17
2.10354e-17
3.89359e-16
4.09453e-15
3.86306e-14
5.45038e-13
4.07243e-12
2.77854e-11
1.32142e-10
5.13689e-10
4.3649e-10
2.47581e-10
8.64003e-11
3.5133e-11
1.64963e-11
1.03206e-11
8.00132e-12
1.25526e-11
2.21929e-11
1.41491e-10
2.60749e-10
5.17768e-09
4.39784e-08
1.92024e-07
2.39705e-07
5.17454e-08
2.93745e-08
1.88085e-08
2.04059e-08
6.97603e-08
1.97682e-07
2.28765e-07
8.65812e-07
8.43888e-06
5.81754e-05
0.000308512
0.00110295
0.00246295
0.00323089
0.00403192
0.00994528
0.0283936
0.0225962
0.00732097
0.00194386
0.000464042
0.000123749
4.618e-05
5.73579e-05
0.000259289
0.00141449
0.00536613
0.0154921
0.0373729
0.0785853
0.146288
0.243033
0.379647
0.61803
1.10912
2.09177
4.12532
7.96811
12.2628
13.6086
15.581
10.928
0.796574
0.00288933
0.00054256
0.00019681
0.000151361
0.000232415
0.000514514
0.00121027
0.00297958
0.00752682
0.0101709
0.0103744
0.0104191
0.00895361
0.00493366
0.00181678
0.000942117
0.000766546
0.000723075
0.000752303
0.000949188
0.00168817
0.0039108
0.00935664
0.0208468
0.0420154
0.0802833
0.141555
0.375163
7.28132e-16
4.93022e-15
5.10663e-15
1.31179e-14
1.02269e-14
1.09566e-14
3.34311e-14
1.68549e-13
1.69378e-12
1.63846e-11
1.19393e-10
1.08404e-09
3.18245e-09
1.8721e-08
2.98394e-08
2.92655e-08
8.04624e-10
1.7316e-09
1.07182e-09
6.05003e-10
3.53842e-10
2.12604e-10
1.55489e-09
8.39518e-09
4.13841e-08
1.12002e-07
1.35144e-06
8.73401e-06
1.31851e-05
3.39893e-06
1.0843e-06
5.9093e-07
3.0732e-07
3.65722e-07
8.50513e-07
1.86397e-06
8.94271e-06
8.15452e-05
0.000666254
0.00423348
0.0220517
0.0949371
0.264276
0.486376
1.1105
3.7304
9.33425
12.0238
2.7251
0.28055
0.0270326
0.000417174
0.000201226
0.000576485
0.0024637
0.0079866
0.0207265
0.0473486
0.100686
0.205019
0.395859
0.723766
1.33111
2.5741
4.98414
8.85221
13.6664
10.1725
8.154
9.77576
17.3974
9.21011
0.14742
0.00367993
0.000662707
0.000452132
0.000496707
0.000919139
0.00190088
0.00411352
0.0106245
0.02246
0.0251888
0.026443
0.0250371
0.0163375
0.00599917
0.0019834
0.00104108
0.000824724
0.000838487
0.0010201
0.00183626
0.00433533
0.01049
0.023676
0.0494896
0.099692
0.197082
0.534668
1.18724e-13
9.68212e-13
4.20062e-13
6.5206e-12
2.33826e-11
3.0183e-11
2.08951e-11
1.02778e-11
4.64228e-11
9.09974e-10
1.03262e-08
7.35652e-09
1.29677e-07
1.00752e-06
1.79752e-06
9.67414e-07
1.44116e-07
9.52593e-08
4.7715e-08
2.79536e-08
2.21701e-08
4.45021e-08
1.01529e-07
3.85264e-07
1.8062e-06
1.16061e-05
0.000105427
0.000718477
0.00227175
0.000744042
0.000180053
4.21723e-05
1.17805e-05
5.53344e-06
4.27006e-06
1.05736e-05
5.39738e-05
0.000464237
0.00287255
0.0140084
0.0597643
0.22761
0.740252
1.85573
4.45632
9.48292
20.5651
36.0535
39.8208
18.3346
0.508866
0.00153359
0.000491459
0.000969194
0.0031518
0.00924425
0.022655
0.0508173
0.111846
0.246467
0.534316
1.1012
2.25656
4.74842
9.2588
15.1999
10.9089
2.07293
0.557781
0.967551
6.35852
18.7299
5.97545
0.0298375
0.00288676
0.0015435
0.00139449
0.00193651
0.00329718
0.00583358
0.0119368
0.0327869
0.0571985
0.0691408
0.0808752
0.0786065
0.0438166
0.0120135
0.00285509
0.00105712
0.000962088
0.00114928
0.00217048
0.0053173
0.0129667
0.0295979
0.0639637
0.133115
0.291224
0.678982
1.54071e-11
7.70325e-11
2.38922e-10
5.0011e-10
4.82251e-10
8.847e-10
3.76826e-10
2.81891e-10
8.61247e-10
1.6584e-08
1.80119e-07
5.30983e-07
7.56338e-06
6.64711e-05
0.000271485
0.000172468
3.66001e-05
1.05791e-05
3.16545e-06
1.60849e-06
8.52649e-07
1.53064e-06
6.27696e-06
2.4186e-05
0.000114028
0.000469931
0.00302942
0.0360971
0.487727
0.495096
0.0941337
0.0161592
0.00302185
0.00040158
3.21657e-05
4.58927e-05
0.000221561
0.00141508
0.00680976
0.0270702
0.0968765
0.319422
0.940723
2.53206
6.46604
13.2029
13.0144
8.23747
10.6681
25.7593
7.427
0.0109259
0.00143713
0.00140662
0.00381873
0.0109042
0.027117
0.062857
0.144868
0.336821
0.769939
1.70123
3.7021
7.82352
14.468
11.0217
1.12017
0.0403467
0.754551
0.507302
0.215419
3.90108
10.148
0.330821
0.00499585
0.00371211
0.00350834
0.00454103
0.00717398
0.0121063
0.0215742
0.0456247
0.101985
0.176836
0.243398
0.291474
0.271984
0.127652
0.0207148
0.00234643
0.00119357
0.00135816
0.00253249
0.00624113
0.0155341
0.0363724
0.0824629
0.179465
0.443773
0.740802
6.4774e-09
2.34121e-09
9.26245e-09
7.19567e-08
2.08626e-07
3.2453e-07
1.86041e-07
8.43428e-08
3.98116e-08
3.42916e-07
3.69407e-06
3.05367e-05
0.000355733
0.00511867
0.0711527
0.0753677
0.0163407
0.00340319
0.000721263
0.000216328
0.000119015
0.000207343
0.000491592
0.00128515
0.00298019
0.00777573
0.0342445
0.259818
2.68253
15.5205
19.8122
8.27691
0.288673
0.00422013
0.000157933
0.000155056
0.000593579
0.00313023
0.0131128
0.0474182
0.163863
0.568858
1.80333
4.7284
11.1542
13.6135
4.58503
0.0276389
0.224075
4.00528
15.1727
0.149481
0.00239281
0.00217222
0.00473861
0.0138428
0.0355873
0.0856532
0.204435
0.495333
1.20687
2.81553
6.03987
12.1602
11.1878
1.48763
0.0759864
5.56012
13.2717
11.4925
7.0578
2.15412
2.15493
0.763029
0.0055129
0.00703217
0.00820582
0.0126129
0.0213447
0.0366626
0.0629909
0.105568
0.186047
0.347204
0.533275
0.617182
0.739035
0.639429
0.197328
0.0146776
0.00182652
0.00173646
0.00304243
0.00770829
0.0198453
0.0482435
0.112855
0.251404
0.628476
0.638857
1.39279e-06
2.68015e-06
5.26562e-06
2.44613e-05
8.67748e-05
0.000156128
0.000102114
2.54437e-05
1.03934e-05
1.53437e-05
6.32808e-05
0.000323751
0.00259249
0.0369848
0.594789
5.70206
9.89441
2.52369
0.214708
0.0248118
0.00418897
0.00484054
0.0120918
0.0363106
0.0806904
0.150886
0.342149
1.53962
8.11568
19.0826
26.1835
31.5274
10.2081
0.0699779
0.000753998
0.000476008
0.00138912
0.00653269
0.0253435
0.0885811
0.323171
1.32592
4.5768
10.6903
16.6601
3.30472
0.00681799
0.729896
0.359423
1.09278
8.4839
1.83584
0.0046596
0.0031653
0.00624819
0.0191764
0.0511012
0.127331
0.317466
0.818962
2.1229
4.80997
9.81766
12.8869
3.03039
0.0792219
3.57667
13.7329
13.2327
13.1126
12.6524
10.1548
6.46615
0.511103
0.00388277
0.0132867
0.0213341
0.0388719
0.066567
0.108078
0.167502
0.236866
0.317202
0.410181
0.524119
0.570903
0.673374
0.906298
0.68609
0.0788678
0.00429177
0.0025981
0.00376554
0.00956415
0.02563
0.0648727
0.156373
0.346484
0.779464
0.53962
0.00359758
0.0110822
0.0132815
0.036867
0.148531
0.569904
0.798114
0.191734
0.0320339
0.00740646
0.00285406
0.00334694
0.0123717
0.153661
2.22518
11.5408
22.7845
26.3664
13.8657
1.0286
0.0497786
0.0528188
0.140151
0.523831
1.24916
1.94616
3.4619
9.67484
27.0832
10.7666
0.104496
5.39303
22.476
2.58886
0.00414736
0.00128824
0.00308289
0.0132372
0.0496764
0.176342
0.719744
3.3485
10.3657
19.6652
6.62793
0.0352812
5.21906
19.9742
17.62
8.22982
2.52433
2.98106
0.00781175
0.00401138
0.00889166
0.0284478
0.0783781
0.20328
0.540483
1.50989
3.81178
8.0137
13.4507
6.46858
0.589295
0.788279
9.54096
9.80966
5.85741
7.10726
9.4125
10.4395
6.79715
0.187224
0.0135701
0.027725
0.0640221
0.116988
0.176828
0.2342
0.269682
0.270273
0.25077
0.202265
0.146233
0.18487
0.211866
0.342135
0.677353
0.253545
0.00765514
0.00399655
0.00492169
0.0122369
0.0342582
0.0892176
0.217106
0.453738
0.856279
0.596326
153.376
145.09
119.793
123.062
135.563
139.104
116.523
92.2015
45.0481
6.0496
0.0615224
0.031656
0.0818004
0.838761
8.17293
17.0575
1.43208
0.754275
7.50267
4.06943
0.35883
0.298698
1.18438
4.28909
8.28971
11.7018
19.9205
44.51
28.0241
0.0339932
3.07687
2.01439
4.10248
6.71307
0.0155767
0.00334977
0.00654277
0.0259565
0.0967573
0.366087
1.69634
7.34348
19.653
12.0898
0.0212376
7.14347
24.715
15.0603
13.1743
10.0807
4.55351
1.72763
0.0107805
0.00504384
0.0135093
0.0449755
0.12768
0.350373
1.01066
2.8427
6.46098
12.2944
11.4223
1.92067
0.304172
3.28558
7.82492
4.24825
1.63845
1.95995
2.54644
2.07033
0.379638
0.00337892
0.0216364
0.0843092
0.186762
0.264999
0.281925
0.241972
0.166988
0.0973564
0.0555331
0.0292926
0.0175948
0.0252331
0.0324278
0.0485857
0.186489
0.377906
0.0160616
0.00590982
0.00681036
0.016121
0.0465635
0.123634
0.295383
0.565707
0.940354
0.89724
2.49273
9.9551
17.1421
18.7326
16.7854
14.7611
11.9536
14.3873
17.96
10.3134
0.63592
0.195973
0.611578
5.42743
27.7124
13.5391
1.06055
13.5868
13.512
1.80535
0.300853
1.25811
5.9883
16.0535
27.586
40.3853
58.6363
41.992
3.04279
13.1995
20.7105
15.2643
5.47431
4.06648
0.0685941
0.0077412
0.0129969
0.0514472
0.197721
0.831195
3.96291
14.5562
18.0815
0.988873
1.39187
22.6577
13.5733
3.82826
3.84541
5.17941
3.62252
1.20511
0.00765798
0.00638095
0.0213321
0.0742785
0.218617
0.643605
1.957
4.95411
10.3311
14.407
5.30787
0.917184
0.69733
3.89545
4.0183
1.30858
0.328015
0.0760072
0.010742
0.00378755
0.00196004
0.00732682
0.0856179
0.240296
0.32383
0.24864
0.141794
0.0622411
0.0212727
0.00985012
0.0100006
0.00967571
0.00755935
0.00607084
0.00512595
0.0102525
0.0513271
0.30543
0.0286922
0.00875338
0.00941899
0.0215888
0.0635643
0.169611
0.388094
0.690559
1.14937
1.4571
0.0291989
0.19568
0.492295
0.822901
1.1717
1.59925
2.75608
12.819
17.367
5.53784
1.11325
1.45941
4.85469
25.0027
43.0877
6.49844
9.43272
8.08008
0.718985
0.0148448
1.05588
5.87674
18.7795
36.5323
49.567
53.511
34.5198
6.75903
5.75766
21.7535
8.61702
9.02579
5.27604
2.5866
0.102043
0.0112448
0.0251199
0.108108
0.442613
2.01987
8.09354
21.9
5.68442
0.0572454
10.0962
15.6948
2.19139
0.552769
0.675278
1.49947
1.80652
0.783919
0.00350059
0.00822844
0.0352089
0.1268
0.392546
1.24913
3.63316
8.13881
14.525
10.3974
1.84515
0.688697
1.34245
3.2114
2.64548
0.659983
0.0440345
0.00294959
0.00201276
0.00257264
0.010387
0.0744206
0.228571
0.258108
0.0583821
0.0172043
0.00920919
0.00593762
0.0071167
0.016034
0.0346827
0.0149213
0.0133979
0.0103668
0.00547749
0.00663188
0.0165059
0.182107
0.066474
0.0128036
0.0128291
0.0289848
0.086852
0.230091
0.506223
0.884101
1.56786
2.22225
0.000299771
0.0034796
0.0157853
0.0463389
0.100133
0.238571
1.28674
10.8638
34.4579
19.8877
7.86589
9.59129
25.0583
62.071
18.8297
9.75905
14.2616
2.68517
0.125408
1.4805
6.62179
20.249
41.3306
45.0142
30.3046
16.5587
6.1538
2.52363
19.3168
12.2121
2.41624
3.44356
4.3149
2.14133
0.0575967
0.0119668
0.0540068
0.257146
1.13175
4.8566
15.9667
20.5025
1.47792
1.58778
16.3653
5.1481
0.22085
0.11524
0.121
0.350931
0.736168
0.429465
0.00243181
0.0120845
0.0606387
0.223177
0.737807
2.43142
6.1992
12.7581
15.1497
4.4075
0.893203
0.485913
1.61007
3.02742
3.61446
1.27205
0.099257
0.0432784
0.0306742
0.0329701
0.0717724
0.199529
0.204633
0.013287
0.00484239
0.00555793
0.005813
0.0117936
0.0703
0.139508
0.0515231
0.00784673
0.102446
0.302673
0.27933
0.099037
0.021272
0.0623168
0.107118
0.0183145
0.0172129
0.0392436
0.119298
0.312812
0.679801
1.21951
2.22319
3.03629
7.12301e-06
0.000177672
0.00118434
0.00465472
0.0118027
0.0412573
0.40943
4.0978
28.8902
58.4286
35.1534
44.3323
65.6059
36.0168
5.24946
9.78648
24.1561
17.7317
9.6202
11.8636
25.0188
44.8989
43.5757
21.2816
8.05138
3.52303
2.45808
4.76826
24.0391
6.38777
0.413683
0.954214
3.18171
1.98681
0.0078129
0.0199614
0.151476
0.742665
3.23238
10.8686
27.5741
10.779
1.07198
4.04708
12.654
0.660114
0.0712988
0.0370101
0.046215
0.0983252
0.333459
0.226668
0.00242283
0.0207813
0.110989
0.415794
1.45954
4.45655
10.2851
17.4071
9.62822
1.36271
0.516408
0.551622
1.39797
3.58169
6.09114
4.02704
0.645343
0.173034
0.11976
0.129268
0.201023
0.217875
0.00656829
0.00497064
0.00535229
0.00884524
0.0385193
0.204755
0.327303
0.0842858
0.0103793
0.254219
0.349481
0.29896
0.314355
0.274511
0.0857844
0.0323344
0.0865334
0.0249014
0.0229816
0.0544888
0.167543
0.437568
0.957357
1.73532
3.02197
3.7171
3.65589e-06
8.2653e-05
0.000452593
0.00157488
0.00478243
0.0152773
0.0816182
0.720847
6.24128
33.5221
59.2673
58.0785
33.1383
5.92723
2.43984
6.76445
25.4981
40.0856
34.7174
39.2993
52.0848
42.4697
19.2271
6.36368
2.5749
1.92719
1.94767
7.2898
25.2827
4.32136
0.00593598
0.0384151
0.382214
0.129353
0.00217312
0.0860382
0.542007
2.50484
8.40692
24.9295
30.1679
3.59315
0.814627
7.70289
9.26333
0.166445
0.0281155
0.0150345
0.029926
0.052541
0.223789
0.105629
0.00646062
0.036598
0.21463
0.826377
2.93741
7.77605
16.607
16.6778
3.52394
0.540251
0.269419
0.53346
1.41276
3.87451
6.81909
5.80751
1.99279
0.577422
0.339831
0.310133
0.262811
0.0787687
0.0116366
0.00516623
0.0311661
0.187192
0.741093
0.696704
0.228559
0.0256239
0.345665
0.345234
0.0965694
0.059533
0.0771219
0.134253
0.0868703
0.0181046
0.0450991
0.0284474
0.0299878
0.077885
0.242646
0.640303
1.40278
2.46353
3.81794
4.10847
3.25525e-05
0.000527533
0.00252923
0.0080985
0.0220531
0.0565133
0.0975096
0.220351
0.818273
4.3253
14.6409
10.9548
4.71163
1.30129
1.34243
3.49318
13.8196
36.1614
47.9816
48.7519
35.1002
16.7324
6.20727
2.42676
1.48768
1.3635
1.7858
8.98162
31.7612
4.89303
0.0211295
0.00183247
0.00519356
0.00359503
0.0578656
0.444651
2.18806
7.67349
22.2505
43.6487
13.854
1.31229
1.47041
8.78035
8.72592
0.1386
0.0187228
0.0193128
0.0256057
0.0629461
0.18721
0.00698361
0.010595
0.0875836
0.439794
1.74639
5.58852
13.883
22.2534
8.7843
0.859926
0.198302
0.219664
0.505449
1.60534
3.80151
6.62527
7.22808
3.88769
1.40781
0.668176
0.400151
0.165641
0.0518241
0.0721899
0.229697
0.931213
1.8014
1.5493
0.476513
0.0427933
0.460322
0.345424
0.049899
0.00794851
0.00709848
0.00978547
0.0275113
0.0453517
0.0289526
0.0221136
0.026738
0.0382504
0.114503
0.365539
0.970322
2.04061
3.3646
4.48499
4.22796
0.00170023
0.0161137
0.0569509
0.135291
0.262751
0.432588
0.494208
0.540445
0.683333
1.13856
2.53517
2.19359
1.47159
1.09176
1.10018
1.77865
4.95124
12.6407
20.0988
19.114
11.3441
5.55522
2.4706
1.24683
0.890587
0.87064
1.42873
7.15638
40.5306
14.2541
0.331389
0.0533216
0.026335
0.0683105
0.479481
2.24705
7.78283
22.9152
51.3156
28.8184
2.93443
0.774032
1.88404
8.80339
9.99761
0.245406
0.00729208
0.0270046
0.0445969
0.103808
0.126882
0.00233533
0.0178312
0.208017
0.962248
3.65191
10.2095
23.2052
17.3858
2.26283
0.271674
0.120632
0.211661
0.662201
1.77406
3.28148
5.4833
7.33496
5.22565
2.24955
0.840948
0.323804
0.209193
0.279001
0.728275
2.00875
3.53749
2.78809
0.925159
0.0684438
0.643698
0.365731
0.0279286
0.00405436
0.00387276
0.00361254
0.00395279
0.0062833
0.016777
0.0196661
0.0123444
0.0229907
0.0492496
0.17408
0.572816
1.48835
2.88581
4.33228
4.87393
4.09777
0.119291
0.569329
1.3515
2.14531
2.43948
2.2676
2.15448
2.14051
2.27719
2.46327
2.7064
2.44529
1.98049
1.57608
1.44451
1.70683
2.68167
4.52319
6.43416
6.2734
4.12973
2.27646
1.09357
0.58919
0.431416
0.451759
0.954192
4.59338
32.5317
34.7334
4.25945
0.726281
0.445726
0.893363
3.00032
9.10871
26.4378
61.7874
42.9047
5.80308
0.703348
0.605652
2.01142
9.19685
11.7181
0.475681
0.00197252
0.0199521
0.100402
0.140301
0.0426536
0.00493446
0.074838
0.516883
2.1845
7.03454
19.2711
26.9447
4.95326
0.384594
0.0954071
0.109925
0.295484
0.911832
1.69527
2.57758
4.23632
6.74425
6.42395
3.36259
1.38043
0.79217
0.939448
1.59306
3.31204
5.1261
4.05299
1.64209
0.172675
0.887106
0.476692
0.0245567
0.00372969
0.00380293
0.00404677
0.00389964
0.00399691
0.00448181
0.00786969
0.01367
0.00851956
0.0207215
0.0545327
0.281747
0.927551
2.21264
3.87933
5.19488
4.85681
3.78113
7.37874
14.5933
10.4848
8.17335
6.6447
5.55107
4.96979
4.81836
4.79206
4.51609
3.98574
3.11355
2.53161
2.15229
2.22535
2.5534
3.10768
3.6542
3.854
3.20351
1.90333
1.00985
0.441051
0.21032
0.158378
0.179272
0.483156
2.27958
19.5622
69.5981
22.2904
5.53355
3.87023
6.21467
13.7848
36.6233
76.0402
49.802
7.45061
0.766003
0.450809
0.757158
2.19147
9.38302
15.2553
1.41955
0.00346773
0.00195557
0.0408472
0.0382015
0.00189246
0.0197995
0.268879
1.32043
4.81648
14.0749
32.0736
14.0086
0.713785
0.0366983
0.0642855
0.140051
0.537176
1.0519
1.43273
1.93372
3.2675
6.1311
8.37241
6.59891
4.46077
3.70575
4.08005
5.51428
7.04112
5.63763
2.47568
0.461746
0.870967
0.757912
0.0413402
0.00331364
0.0109213
0.0109093
0.00759776
0.00546592
0.00474059
0.00438648
0.00777523
0.0126288
0.00534092
0.0220097
0.108046
0.479144
1.50384
3.16477
4.96101
5.81677
4.48344
3.33437
0.390973
1.96406
3.03941
3.36808
3.5453
3.56291
3.44591
3.28545
2.9316
2.71369
2.46699
2.18504
2.17504
2.19753
2.35753
2.43417
2.42934
2.23418
1.8793
1.28901
0.718196
0.370203
0.124058
0.0531602
0.0400122
0.0527079
0.170252
0.78912
6.81641
55.8916
80.1986
31.4903
23.3089
33.0218
62.3956
92.9544
45.6969
5.88616
0.830971
0.466434
0.646001
1.12016
2.20375
8.83646
20.191
5.31189
0.0268185
0.00196775
0.00166518
0.00242109
0.0166948
0.158363
0.88937
3.49943
10.2137
29.6173
26.574
0.963965
0.0639748
0.0426659
0.071831
0.352416
0.760969
1.00681
1.08723
1.39289
2.53876
5.39355
9.74769
12.1093
11.39
9.9598
10.0045
10.067
7.87794
3.908
1.0909
0.566138
1.06794
0.134066
0.00350252
0.0413185
0.0365697
0.0220714
0.00938284
0.00521849
0.00419895
0.00539226
0.0113903
0.0130513
0.00344845
0.0320908
0.207966
0.861097
2.40266
4.34828
6.05879
6.02196
3.86211
2.74599
0.000634892
0.00854687
0.037196
0.101373
0.200003
0.29368
0.344072
0.376486
0.372368
0.425853
0.490662
0.564906
0.650949
0.694788
0.68125
0.623313
0.559008
0.48313
0.399892
0.269777
0.147677
0.0696509
0.0190394
0.00427379
0.00649232
0.011258
0.0387736
0.159887
1.07945
11.6354
65.6199
107.351
100.594
105.161
78.4244
24.2314
3.06166
0.638666
0.413693
0.566436
0.879093
1.21025
2.02114
7.21849
24.5939
12.0884
0.452601
0.0929017
0.0294466
0.0324184
0.160578
0.769858
2.95454
8.67108
25.6352
38.7925
2.78657
0.0583048
0.0293078
0.0505151
0.266144
0.639147
0.804404
0.802523
0.748003
0.993965
1.99742
4.41179
8.63155
13.2866
15.697
15.1121
13.5625
10.0717
5.38977
1.97072
0.543304
1.00421
0.359365
0.0535415
0.174199
0.142768
0.108901
0.054555
0.0168092
0.00630169
0.00430166
0.00493906
0.00840911
0.00555275
0.0091726
0.0575261
0.445392
1.60212
3.65628
5.82018
7.08673
5.68554
3.06946
2.05445
2.19628e-06
5.04912e-05
0.000249465
0.000676056
0.00145493
0.00259611
0.0040387
0.00616013
0.00964536
0.0154782
0.0222495
0.0289754
0.0336696
0.0364899
0.0369147
0.0374806
0.0390632
0.0427647
0.0393019
0.0228492
0.00720953
0.00279771
0.0014888
0.00140295
0.00133544
0.00210162
0.00618215
0.0200416
0.087065
0.648894
4.26579
18.011
26.394
12.2484
2.69989
0.875087
0.318701
0.262153
0.363386
0.528611
0.666421
0.846718
1.48605
4.85018
22.0038
26.3004
5.35207
0.974272
0.416032
0.458106
1.12134
3.41377
8.97242
25.3461
46.9109
7.88138
0.0703974
0.0217777
0.0361173
0.241152
0.644314
0.742081
0.678669
0.541542
0.490712
0.724593
1.60945
3.38633
6.03495
9.04268
11.2119
11.3863
9.38704
6.14402
2.98039
0.933784
0.783929
0.686561
0.629492
0.743843
0.633931
0.539493
0.393088
0.187943
0.0556701
0.0141884
0.00603517
0.00466066
0.00447497
0.00385339
0.0313541
0.215035
1.01219
2.87708
5.41762
7.70303
7.56301
4.67362
2.17869
1.35087
1.08828e-08
2.60176e-07
1.64105e-06
5.60166e-06
1.49756e-05
3.35992e-05
6.33067e-05
0.000111139
0.000191836
0.000328172
0.000511777
0.000717878
0.000917785
0.00107512
0.00118424
0.00129845
0.000665748
0.000417796
0.00108745
0.000671383
0.00120569
0.00299815
0.00348239
0.00157559
0.000693881
0.000709667
0.00110221
0.00197178
0.00529581
0.0129303
0.0196367
0.038449
0.0576247
0.0713474
0.0792243
0.0790686
0.0858831
0.132741
0.209119
0.243249
0.276332
0.377993
0.756593
2.39518
12.8665
40.0984
19.7343
6.19289
3.29788
3.4909
6.07875
13.0035
31.6201
51.9143
14.8204
0.0919001
0.0205674
0.038501
0.254773
0.677979
0.757074
0.602873
0.458397
0.33978
0.341892
0.592258
1.3808
2.54058
4.00843
5.54407
6.59597
6.71953
5.66735
3.76406
1.93635
1.20079
1.38477
1.73111
2.10804
2.3706
2.38674
2.06269
1.44753
0.722383
0.246818
0.069266
0.0220779
0.0104075
0.0104969
0.0231441
0.14194
0.653291
2.24143
4.81797
8.03767
9.83678
6.70027
3.05005
1.32196
0.752529
2.79342e-10
2.73755e-09
2.00242e-08
7.15114e-08
1.7006e-07
4.49079e-07
1.02063e-06
2.27827e-06
4.79128e-06
8.98334e-06
1.56748e-05
2.46952e-05
3.63925e-05
4.97886e-05
2.86056e-05
8.52939e-05
0.000142009
0.00055247
0.00229288
0.00636984
0.010313
0.0076976
0.00274746
0.000580843
0.000444579
0.000551151
0.000825939
0.0013147
0.00187523
0.0016859
0.00155754
0.00194913
0.00279602
0.00399632
0.00430476
0.00552222
0.0176241
0.0371835
0.0537017
0.0526341
0.0622886
0.103051
0.245057
0.812003
4.37392
25.3228
51.1341
28.7835
17.5676
18.4264
27.7628
48.115
50.4293
8.46068
0.108091
0.0293988
0.0245516
0.326843
0.750592
0.727634
0.49978
0.360278
0.254846
0.223609
0.266213
0.591595
1.26882
1.98539
2.82498
3.75008
4.52913
4.69557
4.20012
3.07372
2.25517
2.68452
4.29043
4.13899
5.12248
6.82108
7.26427
6.24412
4.53087
2.64969
1.09609
0.373179
0.166132
0.105067
0.105982
0.184675
0.59691
1.84702
4.50654
8.05408
12.2304
10.2004
3.97027
1.48936
0.655246
0.355308
8.72185e-12
8.7198e-11
5.13639e-10
1.12346e-09
4.84131e-09
7.14614e-09
1.77439e-08
4.59558e-08
1.18551e-07
2.53233e-07
4.77979e-07
8.77543e-07
9.91698e-07
4.41613e-06
2.00936e-05
0.000119802
0.000590132
0.00240674
0.00778142
0.0143232
0.00919064
0.000634601
0.000311727
0.000313933
0.000424759
0.00109716
0.00229801
0.00379719
0.00579014
0.00804227
0.010571
0.0114832
0.00993946
0.00623955
0.00388907
0.00290748
0.0015678
0.00469264
0.00585796
0.00561008
0.00708735
0.0159502
0.0415348
0.144266
0.745061
5.33926
28.0022
56.2365
58.0054
58.1146
55.0285
31.5949
1.96701
0.134636
0.0415064
0.0893424
0.499838
0.787203
0.613202
0.341696
0.225413
0.168015
0.144764
0.172378
0.260031
0.677138
1.13862
1.52453
1.96936
2.52986
3.06714
3.28785
3.2045
2.88145
3.22534
5.63841
8.10214
7.63454
11.5839
15.6968
16.1756
13.8616
11.1485
7.82078
4.10446
1.74409
0.909211
0.607088
0.600605
0.896534
2.14599
4.5606
8.9165
14.8646
14.9453
5.76463
1.40042
0.563714
0.269663
0.145261
5.88642e-13
3.43368e-12
3.027e-11
9.52404e-11
2.52315e-10
2.94398e-10
7.54972e-10
2.18113e-09
6.40451e-09
1.21767e-08
2.61064e-08
1.15605e-07
5.97785e-07
4.8912e-06
4.20979e-05
0.000255779
0.00119039
0.00448685
0.0110581
0.00707516
0.000138176
0.00118542
0.00106069
0.00034433
0.000968576
0.00194363
0.00241228
0.00317835
0.00451
0.00868334
0.0163008
0.0249205
0.0334576
0.0348187
0.02732
0.0187813
0.00864572
0.00322797
0.00110065
0.00106928
0.0025215
0.0142225
0.0215598
0.0158389
0.0383869
0.351606
0.796422
3.3384
8.26772
6.72453
1.73518
0.278443
0.163571
0.0655586
0.17725
0.65247
0.673052
0.380113
0.181394
0.0996976
0.076808
0.0749657
0.097042
0.148871
0.345792
0.644606
0.812462
0.903933
1.06077
1.31428
1.59009
1.86255
2.1859
2.6401
4.15512
7.18098
9.38635
11.5116
17.0146
19.574
19.054
18.4014
18.9563
17.7799
11.9915
6.60098
4.14586
2.94976
2.82967
3.64083
6.3802
10.8807
19.9627
20.4458
7.04359
1.37702
0.371125
0.190658
0.0949931
0.0518853
2.36394e-14
1.29018e-13
1.29147e-12
2.89446e-12
1.52526e-11
2.27574e-11
8.55768e-11
3.34148e-10
1.1782e-09
3.68494e-09
7.59142e-09
5.54012e-08
4.72802e-07
4.59919e-06
4.61595e-05
0.000334008
0.00179841
0.00694516
0.00958797
6.92902e-05
0.00299858
0.00377953
0.000866093
0.000937142
0.00156
0.00116104
0.0013364
0.00206803
0.00346753
0.00706041
0.013792
0.0237686
0.0350235
0.0399257
0.0358707
0.0242927
0.0136798
0.00595227
0.0012088
0.0015037
0.0272124
0.0777222
0.076601
0.0445044
0.0178816
0.00535369
0.0318844
0.0465287
0.0540342
0.0695746
0.126261
0.0698712
0.143541
0.344517
0.626742
0.397419
0.15912
0.0643968
0.0305731
0.0207696
0.022846
0.0367696
0.0680239
0.138043
0.349963
0.417389
0.359715
0.321177
0.358301
0.440996
0.572861
0.851006
1.30676
2.09133
3.64739
5.18474
6.78223
10.6383
11.6995
10.3255
10.2833
12.166
15.4913
20.8556
24.6543
20.4945
14.9196
11.1375
10.6324
12.6192
19.3885
27.1498
23.2706
6.77955
1.00078
0.241716
0.108112
0.0634505
0.0296343
0.0137958
7.71242e-16
4.43406e-15
4.09609e-14
2.23474e-13
9.33328e-13
3.18116e-12
2.91324e-11
1.91534e-10
7.85663e-10
1.39796e-09
6.30194e-09
5.71534e-08
6.22771e-07
6.55692e-06
6.90567e-05
0.000513306
0.00275382
0.00846292
0.000724589
0.00115126
0.00660568
0.00211779
0.00131841
0.00188073
0.000902647
0.000893612
0.0033819
0.00471819
0.00684904
0.0121801
0.0184909
0.0246425
0.0265234
0.0203286
0.0159586
0.0161346
0.0191504
0.00861535
0.00288229
0.00145732
0.0638753
0.0651165
0.0225633
0.00753911
0.00651615
0.00370313
0.00348798
0.00652783
0.014851
0.0362791
0.0971615
0.248966
0.412154
0.369337
0.157179
0.0329776
0.0159379
0.00655896
0.00375916
0.00339618
0.00664964
0.0163666
0.0399056
0.112639
0.183594
0.151354
0.0836008
0.0607382
0.0672596
0.0870873
0.136182
0.289614
0.563157
1.18246
1.8601
2.05719
2.72865
4.5703
3.54757
2.54224
2.79621
3.87176
5.32633
8.80331
17.5845
28.5615
34.1079
33.6498
33.9972
35.7258
32.3605
18.7378
3.54993
0.559926
0.125339
0.0634848
0.0349854
0.0187108
0.00736203
0.00151907
2.27313e-17
1.60853e-16
1.34783e-15
7.31133e-15
2.03738e-13
1.10842e-12
1.19617e-11
9.9549e-11
5.48107e-10
1.50296e-09
5.34052e-09
3.65458e-08
3.89465e-07
4.3203e-06
4.73757e-05
0.000435957
0.00269554
0.00815069
0.000312718
0.00400553
0.00465318
0.00109413
0.00237946
0.000305419
0.00162223
0.00342256
0.00397447
0.00637432
0.0134764
0.0243724
0.0309345
0.0291888
0.0170803
0.00649568
0.00822497
0.0347698
0.0375851
0.021273
0.0111908
0.0270081
0.0587775
0.0101257
0.00190517
0.00192429
0.00686196
0.0211927
0.0347435
0.0536693
0.0829409
0.166101
0.243578
0.217228
0.0898467
0.0217072
0.00170102
0.0025219
0.00193883
0.00184691
0.00160935
0.00083822
0.0017673
0.00562737
0.0177457
0.0461788
0.0485697
0.0262808
0.00935523
0.00549763
0.00594382
0.00846958
0.0180636
0.0573896
0.133968
0.382235
0.515101
0.462598
0.579301
0.880062
0.559144
0.408912
0.483557
0.66995
0.869774
1.35452
2.9649
6.56338
11.6528
17.1917
17.6689
13.3326
4.10594
0.915348
0.195017
0.0600461
0.0318666
0.0181697
0.00624033
0.00303203
0.00179923
0.00416461
4.91922e-19
7.37158e-18
7.88837e-17
1.33176e-15
4.83187e-14
3.18295e-13
4.63048e-12
5.69978e-11
3.29425e-10
1.02743e-09
2.11894e-09
2.11805e-08
2.56335e-07
2.9175e-06
3.25521e-05
0.000340405
0.00242761
0.00739835
0.00240283
0.00447575
0.000546821
0.00106947
0.00297629
0.00122081
0.001637
0.00189397
0.00234647
0.00766083
0.0243813
0.0447402
0.0422726
0.0232516
0.00535151
0.00197806
0.0407241
0.0849135
0.0631941
0.0262552
0.0199014
0.0563627
0.0469566
0.0277405
0.0406604
0.0714055
0.0900159
0.103829
0.1157
0.123308
0.122758
0.1034
0.0513142
0.0142112
0.0017547
0.00266559
0.00130068
0.000283514
0.000694592
0.00195025
0.0017454
0.000327882
0.000641139
0.00160527
0.00497579
0.00820386
0.00611287
0.00198639
0.000553406
0.000167731
0.00022593
0.000451349
0.00120257
0.00491148
0.014731
0.0575314
0.069528
0.0561682
0.0656152
0.102287
0.0780623
0.070699
0.07914
0.0946998
0.105814
0.131104
0.210496
0.317294
0.320327
0.349565
0.300906
0.201057
0.0982634
0.0455103
0.0166216
0.00630662
0.00246591
0.00205295
0.00159463
0.00280974
0.00799701
0.0163744
2.21059e-20
5.4169e-19
9.1288e-18
2.16765e-16
1.09629e-14
1.03103e-13
1.09474e-12
1.79672e-11
1.51459e-10
5.23551e-10
1.41732e-09
1.31867e-08
1.15075e-07
1.27655e-06
1.431e-05
0.00016385
0.00154251
0.00583984
0.00340469
0.00275773
0.00049755
0.000610969
0.00301639
0.00142313
0.00089848
0.00072737
0.00147096
0.00995489
0.0408921
0.0675643
0.0401278
0.00635268
0.000909233
0.034301
0.122209
0.11169
0.0345251
0.00906341
0.00986447
0.0647985
0.132576
0.10508
0.0664091
0.0386595
0.0262295
0.023136
0.0169516
0.00998208
0.00263374
0.00276401
0.00121437
0.0046748
0.00806953
0.0109902
0.00741248
0.000177775
0.000587097
0.00241397
0.00122891
0.000241109
0.000388771
0.000469956
0.000741602
0.000940713
0.000717453
0.000278102
0.000221187
0.00055179
0.00102297
0.000601597
0.00040727
0.000290476
0.00027561
0.000437002
0.000836393
0.00223211
0.00490854
0.0196925
0.0258192
0.0222198
0.017282
0.0148525
0.0127674
0.0118088
0.013068
0.0128627
0.00997098
0.00637712
0.00372219
0.00226059
0.00281548
0.00311056
0.00163895
0.0010804
0.00126501
0.00241557
0.00520677
0.00971683
0.0162637
0.0185047
6.66883e-21
1.22787e-19
1.79398e-18
3.9376e-17
3.56181e-15
1.84222e-14
2.76312e-13
5.47753e-12
4.93819e-11
1.17334e-10
8.41097e-10
4.42745e-09
5.13068e-08
4.88055e-07
5.33702e-06
6.02562e-05
0.000685827
0.00349946
0.00386296
0.00214923
0.00115703
0.0004155
0.0025806
0.00219394
0.000620729
0.00047261
0.0010731
0.0108201
0.0623128
0.0853609
0.0212401
0.00103351
0.0139197
0.122899
0.146603
0.0368021
0.00270028
5.44062e-05
0.000131459
0.00907571
0.044521
0.0858039
0.0789589
0.0280677
0.00768468
0.00303257
0.000957994
0.0011302
0.00159682
0.00129586
0.00130329
0.000880636
0.000711529
0.00342067
0.0104932
0.00041009
0.000396553
0.00287498
0.00214095
0.000208072
0.000142176
0.000392204
0.000481502
0.000477702
0.000221056
0.000258241
0.00172046
0.00903116
0.0284105
0.0401662
0.032417
0.0159173
0.00443595
0.00147183
0.00312335
0.00118305
0.00185713
0.01807
0.0109026
0.00490775
0.00263672
0.00183728
0.00130021
0.000887586
0.000451755
0.000538318
0.000539113
0.000454627
0.000467568
0.000445288
0.000530327
0.000800692
0.000793176
0.00173237
0.00282953
0.005065
0.00870108
0.0101494
0.0112989
0.0076772
1.51111e-21
9.77018e-21
8.21187e-20
4.99462e-18
1.69036e-16
5.81611e-15
8.89398e-14
1.00652e-12
9.20975e-12
4.91466e-11
2.75421e-10
1.07971e-09
1.20166e-08
1.32524e-07
1.30904e-06
1.43207e-05
0.000165566
0.00124843
0.00262235
0.00191909
0.00100615
0.000409186
0.00150305
0.00278507
0.000982119
0.000740317
0.00100395
0.0107301
0.0836475
0.0928187
0.00170734
0.00669515
0.093794
0.163414
0.0450998
0.00201138
2.81213e-05
0.000290334
0.000343909
8.34416e-05
1.78624e-05
0.0011503
0.0249948
0.0397452
0.0232376
0.00268106
0.000865686
0.000950255
0.00245089
0.00363964
0.0038482
0.00494673
0.00297142
0.00216153
0.007741
0.00329991
0.000327999
0.00255001
0.00497163
2.88957e-05
0.000881141
0.00122611
0.000848531
0.000989877
0.000288511
0.000376311
0.00478696
0.0216618
0.0540699
0.0666353
0.0471326
0.0227456
0.00913134
0.0048094
0.00049697
0.00242773
0.0169001
0.00547447
0.00121353
0.000319324
0.000186104
0.000147175
0.000127414
0.000113231
0.000110494
0.000107729
0.000122397
0.000180802
0.000304941
0.000499703
0.00073499
0.001004
0.00194475
0.00228099
0.00351046
0.00519907
0.00476771
0.00430178
0.00471379
0.00253974
4.19367e-22
3.05967e-21
5.79901e-20
1.37034e-18
5.9173e-17
4.44593e-16
8.41339e-15
1.35088e-13
1.21257e-12
1.86128e-12
9.02445e-11
5.7182e-10
2.74006e-09
2.41069e-08
2.14324e-07
2.14412e-06
2.49826e-05
0.00023514
0.000790821
0.00089122
0.000502182
0.000220068
0.000581501
0.00181822
0.00156962
0.00103861
0.00115979
0.0129165
0.105155
0.0611704
0.00474003
0.0485169
0.141086
0.0627388
0.00379129
3.21351e-05
0.00119861
0.00250845
0.00240864
0.00219055
0.00152919
0.000338818
2.47481e-05
0.000244541
0.0110161
0.0158008
0.0167063
0.0162065
0.0162479
0.0170513
0.0177348
0.0177237
0.0167896
0.012181
0.00858643
0.00272922
0.000352758
0.00167294
0.00648587
0.00321789
0.00110053
0.000792679
0.00199873
0.00197188
0.000264741
0.00183983
0.0124963
0.0439425
0.0665516
0.0504477
0.0315303
0.0162225
0.00624387
0.00205359
0.0126978
0.0189612
0.00274548
0.000343022
2.39026e-05
2.33192e-05
2.40333e-05
3.01854e-05
4.96673e-05
8.01627e-05
0.000112562
0.000148041
0.000232113
0.000343081
0.000501168
0.000581567
0.000724378
0.00107128
0.000908083
0.00151057
0.00206056
0.00237934
0.00480506
0.00702024
0.0190388
0.0606704
3.84393e-23
5.81339e-22
1.05868e-20
2.1655e-19
3.62363e-18
4.9371e-17
4.37435e-16
1.07364e-14
1.18675e-13
8.46336e-13
9.21395e-12
1.72585e-11
9.24607e-11
2.56485e-09
2.55183e-08
2.07015e-07
1.97595e-06
1.47358e-05
6.15985e-05
7.43274e-05
5.12454e-05
4.18918e-05
0.000103371
0.00046203
0.000844214
0.00061604
0.000981148
0.0125966
0.105668
0.0311559
0.01317
0.0942066
0.0866547
0.0127558
0.000144943
0.000467644
0.00172061
0.000271879
8.69028e-05
0.000599621
0.001628
0.00178871
0.000992597
0.000260838
1.08428e-05
0.000269619
0.00122042
0.00275894
0.00345788
0.00369132
0.00403184
0.00442826
0.00559611
0.00594524
0.00453832
0.00134475
0.000202831
0.000876409
0.00555392
0.00831515
0.000174975
0.000507729
0.00537396
0.00141049
0.000272082
0.00484245
0.0231108
0.0592404
0.0397536
0.0133903
0.0233188
0.0192667
0.0118442
0.0197363
0.0164733
0.00366962
0.000159953
2.45701e-05
1.08744e-05
4.95264e-06
7.42482e-06
1.66858e-05
3.97583e-05
7.68396e-05
0.000143513
0.000274967
0.000480037
0.000719512
0.0010478
0.00143891
0.0019278
0.0030963
0.00489317
0.00566308
0.0050141
0.00336085
0.0176649
0.0632674
0.0687449
0.0669744
4.71048e-24
7.76458e-23
1.40283e-21
2.29937e-20
1.48224e-19
1.16293e-18
4.72569e-17
8.92784e-16
6.29439e-15
2.68301e-14
7.60391e-13
6.09663e-12
2.38668e-11
3.19096e-10
2.14621e-09
1.80659e-08
8.52642e-08
3.69405e-07
9.28968e-07
1.19817e-06
1.19258e-06
1.85389e-06
6.12988e-06
3.00523e-05
9.00982e-05
0.000148097
0.000505996
0.0108322
0.103054
0.0163442
0.0269097
0.0762752
0.0270998
0.00164874
5.23012e-05
0.00036396
0.000341311
0.000164529
0.000252144
0.000135257
0.000383721
0.000749563
0.000864987
0.000527532
0.000166282
6.91618e-06
8.80131e-06
2.72308e-05
5.63588e-05
0.000104196
0.000187762
0.00034878
0.000722656
0.00117197
0.000995259
0.000404523
0.000115739
0.000362645
0.00276044
0.00860173
0.00391105
0.00483543
0.00536407
0.000494243
0.00147939
0.00796564
0.0314209
0.0548584
0.00697265
0.00150159
0.0395914
0.0333084
0.0278344
0.0130817
0.00140664
5.22424e-05
7.17652e-05
6.83507e-05
3.21241e-05
2.57805e-06
3.01326e-06
9.56858e-06
2.68644e-05
6.17517e-05
0.00012182
0.000197271
0.000293491
0.000449028
0.000702918
0.00126776
0.00231223
0.0031648
0.00337763
0.00419441
0.00393151
0.00662878
0.026653
0.0210186
0.0116586
0.0173967
1.2154e-25
2.95845e-24
3.68023e-23
7.48168e-22
1.70419e-20
1.77549e-19
2.485e-19
5.37833e-17
5.72507e-16
4.16447e-15
4.28542e-14
3.39561e-13
1.13733e-12
9.59268e-12
1.45638e-10
6.75228e-10
4.36989e-09
1.3031e-08
2.32834e-08
2.71128e-08
3.99609e-08
9.7493e-08
3.38319e-07
1.25916e-06
3.76121e-06
1.51435e-05
0.000143902
0.00392995
0.0764465
0.0539895
0.0256786
0.0387546
0.00879637
0.000773967
0.000101659
0.000131762
0.000205814
0.000164778
0.000143781
0.000245683
0.00068019
0.00100122
0.000758389
0.000382849
0.000144972
3.40809e-05
1.27747e-06
1.04761e-06
1.79475e-06
3.89331e-06
9.23143e-06
2.21985e-05
5.5194e-05
0.00013422
0.000153587
9.47538e-05
5.38621e-05
0.000130414
0.00109897
0.00442902
0.00342455
0.00541132
0.00228167
0.000509793
0.00233302
0.00886565
0.0348887
0.0521716
0.00137021
0.0187699
0.063133
0.0433999
0.014906
0.00123767
4.73542e-05
0.000116915
8.05867e-05
6.94833e-05
4.77176e-05
1.23128e-05
1.59738e-06
4.1399e-06
1.23699e-05
2.78527e-05
4.66977e-05
6.0572e-05
7.78421e-05
0.000116726
0.000198476
0.000407518
0.000693054
0.000639501
0.000404452
0.00152791
0.000838842
0.0192073
0.0121158
0.000242799
6.08164e-05
0.00140034
3.95983e-27
8.37771e-26
1.78237e-24
2.34158e-23
2.25494e-22
3.06583e-21
1.61758e-19
2.63782e-18
2.998e-17
7.94551e-17
2.24237e-15
2.32946e-14
1.17808e-13
1.62295e-13
7.26487e-12
5.42495e-11
2.36529e-10
7.3243e-10
1.00291e-09
1.3322e-09
2.40596e-09
6.99707e-09
1.98386e-08
6.35326e-08
1.88098e-07
1.21186e-06
2.4201e-05
0.000594752
0.0166632
0.0974654
0.0167603
0.0223327
0.0126734
0.00171244
0.000525454
0.000814383
0.000591588
0.000236821
0.000210686
0.00102193
0.00155837
0.00110949
0.000515317
0.000180137
4.55742e-05
8.21069e-06
1.35141e-06
2.29947e-07
1.83228e-07
2.77056e-07
6.35944e-07
1.76601e-06
5.46195e-06
1.53395e-05
2.46553e-05
2.22404e-05
2.09568e-05
8.9675e-05
0.000707281
0.0021838
0.00155395
0.00332046
0.000733516
0.000807005
0.00256623
0.00678771
0.0336751
0.0630778
0.00335911
0.051647
0.0612888
0.0185755
0.00191623
0.00011326
0.000115118
7.91766e-05
5.75035e-05
5.1975e-05
4.05453e-05
1.8858e-05
1.75407e-06
1.68656e-06
4.20346e-06
8.23219e-06
1.17237e-05
1.39724e-05
1.65416e-05
2.23175e-05
3.31294e-05
6.19954e-05
0.000178695
0.000692533
0.00380716
0.00446355
0.00153445
0.0100185
0.000122994
0.000148608
0.000247584
0.000313717
6.43617e-29
1.77977e-27
1.81674e-26
2.96278e-25
1.3549e-23
1.03011e-22
3.74016e-21
1.16266e-19
1.52479e-18
4.21804e-18
1.17861e-16
1.74487e-16
6.13323e-15
1.18932e-15
3.35347e-13
3.15078e-12
1.63533e-11
3.74338e-11
6.76678e-11
4.15387e-11
1.88316e-10
4.60778e-10
1.35658e-09
4.48638e-09
1.70426e-08
9.36504e-08
1.93369e-06
4.41489e-05
0.000851375
0.0173466
0.047257
0.00496216
0.00435671
0.00230619
0.000513597
0.000144634
0.000356887
0.00177948
0.00277551
0.00197539
0.000908477
0.000327086
0.000104173
3.00128e-05
7.72062e-06
1.78928e-06
3.51423e-07
6.13929e-08
3.05329e-08
2.96433e-08
5.39501e-08
1.81875e-07
8.48004e-07
2.72347e-06
5.92843e-06
7.92501e-06
1.44138e-05
0.000103538
0.000807015
0.00114807
0.000759635
0.00142629
0.000346388
0.00122214
0.0025855
0.00423538
0.0221457
0.0763647
0.013476
0.0399725
0.04653
0.00688436
0.000734394
0.000178499
0.000168927
0.000165795
0.00010762
5.0029e-05
2.68666e-05
1.78636e-05
2.38924e-06
7.72884e-07
1.238e-06
1.85735e-06
2.92475e-06
7.60698e-06
1.99422e-05
3.69095e-05
3.57262e-05
5.32351e-05
0.000274047
0.00229403
0.00361692
2.27355e-05
0.00835842
0.000173152
4.22978e-05
4.99745e-05
0.000544999
0.000213392
1.11032e-30
3.48758e-29
8.82529e-28
1.31834e-26
3.10827e-25
6.29894e-24
2.19567e-22
3.9718e-21
5.34087e-20
1.21309e-19
3.46752e-18
4.5291e-17
3.07831e-16
2.15962e-15
1.74221e-14
1.87023e-13
7.06667e-13
1.76141e-12
3.56474e-12
9.27569e-13
1.14191e-11
2.76112e-11
1.48857e-10
4.14469e-10
1.36883e-09
6.68011e-09
5.67059e-08
6.55673e-07
9.33458e-06
0.000143783
0.00272203
0.0123012
0.00922588
0.00394148
0.00225414
0.00430985
0.00388941
0.00242999
0.00103876
0.000308995
0.000103219
3.57674e-05
1.19335e-05
3.7226e-06
9.82965e-07
2.26634e-07
5.66463e-08
1.2665e-08
6.34574e-09
5.45125e-09
8.93678e-09
3.11544e-08
1.3808e-07
5.63648e-07
1.56991e-06
7.35717e-06
4.24926e-05
0.000272186
0.00103695
4.5893e-05
0.000827588
0.000944224
0.00019356
0.000895158
0.00298195
0.0046106
0.0118852
0.0579563
0.0415666
0.0013021
0.0482706
0.00749352
0.00123448
0.000558643
0.000270632
0.000103945
4.41134e-05
2.82604e-05
1.67766e-05
9.86992e-06
4.30652e-06
3.76993e-07
4.04402e-07
4.98095e-07
1.71668e-06
1.19735e-05
4.11533e-05
4.64117e-05
3.68553e-05
4.11088e-05
0.000159773
0.00163907
0.00221585
0.00630515
0.0036473
5.97892e-05
3.46097e-05
0.000162987
0.000496085
0.000407555
1.37976e-32
5.43317e-31
1.03518e-29
1.15342e-28
4.59762e-27
8.54193e-26
5.99229e-24
1.14941e-22
1.69705e-21
1.31199e-21
1.95112e-19
1.01125e-20
9.92389e-18
6.91244e-19
1.00869e-15
4.64841e-16
3.24261e-14
9.47027e-14
2.15449e-13
2.97832e-13
7.31398e-13
1.95365e-12
5.96577e-12
2.3081e-11
7.38522e-11
4.04108e-10
2.97681e-09
2.04212e-08
1.51192e-07
1.23787e-06
1.10827e-05
8.15081e-05
0.000320678
0.000760879
0.000600972
0.000223663
6.26037e-05
1.94619e-05
6.87544e-06
2.68531e-06
1.15179e-06
5.00844e-07
2.30176e-07
1.06092e-07
5.17429e-08
2.08268e-08
7.32418e-09
2.28081e-09
1.05953e-09
5.83493e-10
1.50946e-09
5.75076e-09
1.98138e-08
1.02079e-07
9.95406e-07
1.18818e-05
0.000114177
0.000511468
0.000578527
0.000185477
0.00121819
0.000571618
6.90214e-05
0.000164927
0.000882138
0.00249145
0.00716066
0.0345316
0.0540419
0.0102066
0.04941
0.0102266
0.00118556
0.000199407
4.86392e-05
1.36115e-05
8.02077e-06
6.82963e-06
5.55914e-06
5.42651e-06
2.55258e-06
3.19845e-07
1.39732e-07
1.51219e-07
1.26028e-06
1.07624e-05
4.76229e-05
4.26338e-05
6.75018e-05
0.000145526
0.000301178
0.000568429
0.0022563
0.00266189
0.000332182
3.83545e-05
0.00018438
0.000317809
0.000281534
0.000448399
2.00054e-34
7.4187e-33
1.69012e-31
2.0807e-30
1.97517e-28
2.30915e-27
8.10907e-26
9.91901e-25
3.06036e-23
6.037e-23
2.73077e-21
1.22308e-20
3.35954e-19
1.80662e-20
2.77442e-17
1.89772e-16
8.01676e-16
2.82886e-15
5.90862e-15
8.91099e-15
3.29292e-14
1.46105e-13
4.71587e-13
1.73215e-12
5.23656e-12
2.15767e-11
1.21995e-10
8.18179e-10
4.21393e-09
2.04309e-08
1.02918e-07
3.94731e-07
9.60983e-07
1.92708e-06
1.22977e-06
5.40204e-07
1.87407e-07
9.03284e-08
4.62807e-08
2.3329e-08
1.19415e-08
6.35221e-09
3.27072e-09
1.6595e-09
7.68251e-10
3.98239e-10
2.32052e-10
1.42875e-10
1.26441e-10
1.83203e-10
3.28293e-10
1.26074e-09
6.10305e-09
3.12775e-08
4.55449e-07
5.9267e-06
7.7637e-05
0.000447859
0.000335248
0.000787842
0.00083298
0.000194258
1.05715e-05
1.2461e-05
4.80141e-05
0.000443419
0.00319561
0.0189316
0.0374167
0.0241547
0.0329097
0.00193926
0.000285425
6.58434e-05
1.46509e-05
2.51025e-06
1.23805e-06
1.54311e-06
1.96751e-06
2.18689e-06
1.03716e-06
1.29866e-07
3.67606e-08
9.13007e-08
5.16781e-07
3.7308e-06
2.07187e-05
6.16017e-05
6.85272e-05
6.7023e-05
0.000321756
0.000643969
0.000945418
0.000449025
0.000175266
3.97682e-06
9.84226e-06
0.000363485
0.000578042
0.000819381
8.58921e-37
5.84361e-35
2.82346e-33
2.16762e-32
1.62864e-30
6.59917e-30
1.96858e-27
5.43581e-27
6.498e-25
1.03319e-25
8.30299e-23
1.29332e-23
7.29363e-21
4.40799e-21
6.44662e-19
4.14453e-18
2.25442e-17
6.02007e-17
1.26411e-16
3.40451e-17
1.45713e-15
3.14076e-15
2.0505e-14
7.29555e-14
2.09523e-13
8.60688e-13
4.02433e-12
2.20055e-11
1.23114e-10
4.89537e-10
2.19061e-09
5.61951e-09
8.51938e-09
1.22427e-08
9.43263e-09
4.99979e-09
2.77034e-09
1.18236e-09
5.98846e-10
3.46323e-10
2.32375e-10
1.15345e-10
6.1288e-11
2.8144e-11
1.60529e-11
9.12886e-12
5.24895e-12
3.02811e-12
2.99366e-12
4.42362e-12
1.32011e-11
9.93783e-11
6.02071e-10
5.37588e-09
6.97767e-08
8.10835e-07
1.42384e-05
0.000116529
0.000328761
0.000361468
0.000145911
1.19019e-05
1.74152e-06
4.00987e-06
1.73524e-05
0.000108464
0.000993566
0.00829758
0.0229822
0.0145048
0.00965401
0.00374171
0.00128623
0.000389368
4.00456e-05
4.35411e-06
1.02461e-06
4.82728e-07
6.29966e-07
7.34603e-07
3.24035e-07
3.36194e-08
1.04347e-08
1.38361e-08
1.40453e-07
7.67383e-07
4.57935e-06
9.53117e-06
1.37353e-05
2.48533e-05
3.46304e-05
8.64394e-05
4.64982e-05
3.65596e-05
6.5561e-05
3.01991e-05
0.000244479
0.000840325
0.00108945
0.000436316
2.20383e-38
1.44334e-37
2.40783e-35
2.08283e-35
2.40732e-32
3.91918e-31
1.41704e-29
8.22442e-29
4.45859e-27
1.65015e-27
5.45815e-25
2.46596e-25
5.25911e-23
6.62243e-22
3.3195e-21
7.02228e-20
3.47632e-19
2.807e-20
4.91313e-20
8.50879e-19
8.96372e-18
9.39118e-17
4.05054e-16
2.78366e-15
5.06551e-15
2.61587e-14
1.01685e-13
5.99871e-13
2.81819e-12
9.9568e-12
3.38341e-11
9.59037e-11
1.12418e-10
1.1035e-10
9.39298e-11
6.34768e-11
2.59564e-11
1.41453e-11
8.69717e-12
4.99045e-12
2.50564e-12
1.50476e-12
8.45525e-13
4.69029e-13
2.31146e-13
1.16799e-13
9.98103e-14
4.54357e-14
6.60505e-14
1.61388e-13
5.65111e-13
3.97377e-12
2.78517e-11
2.3809e-10
2.27048e-09
2.24295e-08
2.09436e-07
1.88338e-06
4.60953e-06
2.42908e-06
5.03037e-07
2.35319e-07
2.67281e-07
1.27524e-06
5.16942e-06
2.23852e-05
0.000161122
0.00166386
0.00956198
0.0119979
0.00408997
0.00162954
0.00171073
0.000775473
6.38616e-05
1.75769e-05
4.51071e-06
3.23045e-07
2.45604e-07
1.9603e-07
7.15808e-08
8.45229e-09
3.16402e-09
8.77958e-09
3.65801e-08
1.59651e-07
7.3068e-07
3.30226e-06
2.64931e-05
9.85057e-05
0.000133136
2.37845e-05
5.02969e-05
9.85321e-05
9.18936e-05
3.35093e-05
0.000321352
0.00168649
0.00110778
0.00108462
2.51102e-41
1.08929e-39
1.92634e-37
1.34966e-36
2.55311e-34
6.72026e-34
1.72542e-31
2.68012e-31
4.99665e-29
7.75225e-29
5.7049e-27
3.8126e-26
9.47214e-25
1.66706e-24
9.84756e-23
3.18119e-23
4.82111e-21
5.44691e-23
1.37812e-21
6.48951e-21
1.5015e-19
8.72027e-20
9.15661e-18
1.73436e-17
1.11692e-16
1.65798e-16
2.20378e-15
6.90343e-15
5.39286e-14
1.54004e-13
4.58682e-13
1.09094e-12
1.27429e-12
1.38404e-12
1.12878e-12
6.89265e-13
4.39071e-13
1.6281e-13
9.54649e-14
3.47954e-14
4.07894e-14
1.81039e-14
9.64813e-15
4.48558e-15
2.6106e-15
1.43039e-15
9.13261e-16
6.61425e-16
9.87532e-16
2.42757e-15
1.13479e-14
8.62605e-14
3.85563e-13
2.32704e-12
5.26883e-11
3.95141e-10
1.19643e-09
1.36234e-08
2.33094e-08
1.14424e-08
3.03747e-09
2.47181e-10
3.69549e-09
2.00185e-08
1.09997e-07
8.27992e-07
7.75643e-06
8.28045e-05
0.000778676
0.00278094
0.00230393
0.00137982
0.000700051
7.64282e-05
2.23012e-05
2.37337e-05
1.50164e-05
1.52615e-06
1.35509e-07
4.98287e-08
1.75431e-08
1.482e-09
6.72699e-10
2.3758e-09
1.07731e-08
2.17928e-08
3.55266e-07
6.49656e-06
7.13638e-05
0.000162017
4.99258e-05
0.000174366
4.45288e-05
5.81151e-05
6.08951e-05
0.00121933
0.00626878
0.0113805
0.00293397
0.000983294
7.78771e-43
2.82372e-42
8.52288e-41
3.5386e-39
2.29186e-37
1.19202e-35
1.52501e-34
8.77274e-34
8.02494e-32
6.26905e-31
3.49153e-29
4.89932e-28
8.92146e-27
6.42947e-26
2.34104e-25
3.68975e-26
1.31042e-24
6.13194e-24
4.31928e-24
1.28445e-22
4.25052e-22
1.13264e-21
1.15982e-20
5.87279e-19
1.78797e-19
6.89535e-18
5.27436e-18
1.61055e-16
3.94141e-16
1.71077e-15
3.95434e-15
9.58523e-15
8.79991e-15
1.32128e-14
7.39993e-15
6.38058e-15
2.16267e-15
3.67161e-16
7.01949e-16
6.78158e-17
1.75129e-16
1.07835e-16
5.77162e-17
3.53204e-17
1.96727e-17
1.13202e-17
8.62156e-18
4.80676e-18
1.00207e-17
3.8341e-17
1.89304e-16
1.46968e-15
1.12417e-14
8.78926e-14
7.34228e-13
5.47654e-12
2.67468e-11
1.4306e-10
2.0064e-10
6.04078e-11
6.12716e-12
3.80698e-11
1.36353e-10
7.37882e-10
5.13071e-09
3.76692e-08
3.35619e-07
2.96355e-06
1.58947e-05
3.83082e-05
6.61568e-05
6.61839e-05
2.87063e-05
1.69927e-05
1.4177e-05
2.49214e-05
2.59555e-05
3.60097e-06
1.273e-07
1.10566e-08
5.19209e-09
7.07668e-10
8.23568e-11
2.51537e-10
7.40248e-10
1.64254e-08
1.20875e-06
1.04078e-05
1.80623e-05
0.000117214
0.000232689
7.21231e-05
9.31873e-05
4.24815e-05
0.00135987
0.0115273
0.0196598
0.000660668
0.00585859
0.0130489
4.11511e-45
3.48987e-44
9.61562e-43
5.22657e-41
7.827e-40
1.15573e-37
2.98281e-37
4.58324e-35
3.89724e-35
5.36611e-33
2.52745e-31
1.27545e-30
5.18588e-29
1.32773e-28
1.92822e-27
6.45844e-27
3.85572e-26
1.2951e-25
2.89142e-25
5.36121e-26
1.22616e-23
5.6064e-24
2.5021e-22
1.42199e-22
3.11552e-21
7.97591e-21
7.50749e-20
8.50351e-19
4.13406e-18
2.58246e-17
2.53446e-17
8.65088e-17
3.57842e-17
6.36092e-17
2.90383e-17
2.38447e-17
1.157e-17
5.13474e-18
3.34408e-18
1.79303e-18
1.23598e-18
9.17719e-19
4.68566e-19
2.55308e-19
1.48511e-19
7.95952e-20
5.53266e-20
4.5772e-20
1.04296e-19
3.8341e-19
1.76124e-18
1.34921e-17
9.50623e-17
6.75207e-16
3.49689e-15
2.82109e-14
6.85e-14
6.71408e-13
8.37688e-13
1.47999e-13
1.05065e-13
4.25621e-13
1.51947e-11
2.60803e-10
1.30106e-09
6.91622e-09
3.21966e-08
1.61937e-07
5.56129e-07
1.44568e-06
5.44016e-06
1.27232e-05
1.75077e-05
1.84885e-05
1.50366e-05
2.80478e-05
2.92159e-05
4.1515e-06
1.41908e-07
8.30925e-09
6.21347e-10
3.70995e-11
1.20044e-11
6.03118e-11
2.92126e-09
1.10234e-07
5.48508e-06
2.10355e-05
3.18347e-05
7.05973e-05
0.000163649
0.000226405
0.000257883
0.00143944
0.00443519
0.00926979
0.00732213
0.00166059
0.00918803
0.0218512
2.9666e-48
1.62149e-47
5.97014e-45
4.52624e-45
7.92615e-42
8.72113e-41
5.08783e-38
6.01959e-39
2.88996e-36
2.21839e-36
8.60043e-34
5.97097e-34
4.68078e-31
5.98296e-32
3.1483e-29
1.12098e-30
4.77398e-28
1.05702e-29
4.5507e-27
5.15447e-28
1.36898e-25
4.26027e-26
2.69243e-24
8.39162e-25
2.69513e-23
5.92496e-23
3.46817e-22
8.00211e-21
8.72662e-21
1.62585e-19
1.31388e-19
4.04425e-19
2.15291e-19
2.64549e-19
1.56412e-19
6.53759e-20
4.21321e-20
1.41612e-20
1.12065e-20
2.93736e-21
3.23292e-21
8.19428e-22
1.21134e-21
3.41382e-22
4.52225e-22
1.59406e-22
2.41449e-22
1.55995e-22
6.25543e-22
2.02808e-21
1.29162e-20
1.01154e-19
8.35604e-19
4.57656e-18
2.09876e-17
1.07984e-16
2.29831e-16
2.43658e-15
5.06463e-15
3.03344e-15
8.8044e-14
3.11464e-12
6.98793e-11
1.04452e-09
6.88831e-09
1.29976e-08
9.00163e-08
8.33108e-07
1.99773e-06
4.43715e-06
9.16216e-06
1.55081e-05
2.3625e-05
2.79886e-05
2.71165e-05
2.73063e-05
1.12257e-05
3.50433e-07
2.72127e-08
1.3491e-09
2.81587e-11
1.02585e-12
1.85864e-13
5.97164e-13
1.73164e-11
5.60335e-10
5.28284e-09
3.81306e-08
6.43415e-08
1.77056e-07
1.56389e-05
1.49372e-05
1.43634e-05
1.51666e-05
1.47266e-06
1.2548e-05
0.000209959
0.0187598
0.00512798
0.0107265
6.7574e-52
4.28465e-49
3.60108e-48
7.00225e-45
1.55873e-44
8.48556e-43
5.71609e-42
5.82247e-40
9.08689e-40
3.22304e-37
6.77009e-37
6.96073e-35
2.29948e-34
4.47097e-33
1.86099e-32
8.56897e-32
9.94285e-31
1.29793e-30
1.37913e-29
3.27258e-29
8.61509e-28
1.08097e-27
3.45191e-26
5.29641e-27
4.44314e-25
3.14665e-25
4.46262e-24
4.63195e-24
8.66233e-23
2.57238e-22
1.06195e-21
2.33493e-21
2.43259e-21
2.91041e-21
1.78395e-21
4.27584e-22
4.36492e-22
1.39121e-22
3.74355e-23
1.03297e-23
1.43119e-23
5.27212e-24
5.30616e-24
1.78761e-24
1.22156e-24
4.25972e-25
2.81359e-25
6.06659e-25
1.98516e-24
7.59041e-24
4.76241e-23
3.20093e-22
1.97006e-21
1.32178e-20
5.98823e-20
2.56236e-19
1.4379e-18
5.45095e-18
1.81849e-17
2.97309e-16
1.08899e-14
2.84198e-13
5.53615e-12
3.43225e-11
1.31213e-11
1.50868e-09
3.74792e-08
3.19224e-07
3.57756e-06
5.01679e-06
3.33217e-06
8.6041e-06
1.31698e-05
1.02885e-05
1.51499e-06
4.39583e-07
2.49999e-07
4.70545e-09
2.17583e-10
7.04392e-12
2.87194e-13
2.30814e-14
1.05584e-14
4.39427e-13
5.47609e-11
4.84705e-10
9.69738e-09
2.42112e-07
1.99081e-07
2.28752e-07
1.16485e-06
1.97123e-06
5.75588e-07
3.50907e-07
2.94704e-08
7.70237e-07
2.00889e-05
0.000201927
0.00174393
0.000351514
)
;

boundaryField
{
    AXIS
    {
        type            empty;
    }
    OUTLET
    {
        type            zeroGradient;
    }
    COFLOW
    {
        type            calculated;
        value           nonuniform List<scalar> 
30
(
0.188285
0.000802488
2.93969e-06
1.07243e-08
3.39281e-11
9.70295e-14
2.45554e-16
5.80496e-19
1.20442e-21
2.25359e-24
4.19863e-27
1.04792e-29
4.60655e-32
8.86111e-34
2.31485e-35
2.84336e-37
1.07744e-39
1.08432e-42
5.40032e-46
2.18466e-49
7.14926e-53
1.8669e-56
3.78399e-60
5.74949e-64
6.80599e-68
5.29893e-72
2.67619e-76
9.71878e-81
2.02214e-85
4.40939e-90
)
;
    }
    PILOT
    {
        type            calculated;
        value           nonuniform List<scalar> 10(156.357 3.0582 0.0367572 0.000368673 7.50094e-06 3.38711e-06 3.64802e-05 0.00209498 0.154845 10.2127);
    }
    FUEL
    {
        type            calculated;
        value           nonuniform List<scalar> 10(7.10801e-30 7.74676e-30 4.50047e-29 1.11118e-28 1.08074e-23 1.18231e-19 1.05057e-15 1.06387e-10 1.70762e-06 0.00432268);
    }
    WALL
    {
        type            zeroGradient;
    }
    front
    {
        type            wedge;
    }
    back
    {
        type            wedge;
    }
}


// ************************************************************************* //
