/*--------------------------------*- C++ -*----------------------------------*\
| =========                 |                                                 |
| \\      /  F ield         | OpenFOAM: The Open Source CFD Toolbox           |
|  \\    /   O peration     | Version:  2.3.0                                 |
|   \\  /    A nd           | Web:      www.OpenFOAM.org                      |
|    \\/     M anipulation  |                                                 |
\*---------------------------------------------------------------------------*/
FoamFile
{
    version     2.0;
    format      ascii;
    class       volScalarField;
    location    "0.03";
    object      muSgs;
}
// * * * * * * * * * * * * * * * * * * * * * * * * * * * * * * * * * * * * * //

dimensions      [1 -1 -1 0 0 0 0];

internalField   nonuniform List<scalar> 
5000
(
5.97703e-08
8.45321e-08
1.06663e-07
2.98094e-08
3.36223e-08
3.87562e-08
2.35411e-08
1.45019e-08
5.07414e-08
4.95053e-08
6.31428e-08
5.41565e-08
4.44876e-08
5.15107e-08
6.39596e-08
1.92316e-08
2.78983e-08
4.43964e-08
5.60908e-08
8.84222e-09
3.02747e-08
4.98037e-08
1.9356e-08
1.58557e-08
3.98865e-08
2.9624e-08
1.86265e-08
1.12889e-08
2.72411e-08
4.91463e-09
1.09078e-08
2.83893e-08
7.43006e-08
6.66067e-08
8.99536e-09
8.3145e-09
1.65164e-08
2.43429e-08
3.26501e-08
3.01141e-08
3.205e-08
5.08014e-08
2.9256e-08
3.16453e-08
3.38295e-08
2.74218e-08
2.17955e-08
2.80028e-08
3.40715e-08
1.12099e-07
1.63278e-07
3.02294e-08
2.55707e-08
1.52697e-08
2.46228e-08
1.20814e-08
1.5085e-08
1.3208e-08
1.03397e-08
1.80066e-08
1.04602e-08
2.51461e-08
7.84306e-09
5.57061e-08
6.49012e-08
7.52563e-08
7.30411e-08
9.28968e-08
9.26689e-08
1.12704e-07
1.32636e-07
3.25782e-08
1.39581e-08
2.10701e-08
2.04026e-08
1.89652e-08
1.86928e-08
2.46397e-08
2.38184e-08
4.16286e-08
2.91378e-08
1.51229e-08
1.35774e-08
3.25878e-08
4.83455e-08
4.11299e-08
3.52557e-08
5.15853e-08
6.94753e-08
5.64917e-08
8.7293e-08
8.12011e-08
8.01629e-08
7.01227e-08
5.29047e-08
5.52752e-08
2.65079e-08
1.49202e-08
6.8675e-08
9.32076e-08
8.14757e-08
1.31332e-07
1.04984e-07
1.00919e-07
2.09058e-08
1.30486e-08
2.92547e-08
6.08849e-08
3.7369e-08
7.51915e-09
1.15864e-08
6.19381e-08
4.5444e-08
1.40692e-07
1.38142e-07
8.43034e-08
5.64258e-08
7.40495e-08
1.33508e-07
4.53331e-08
4.76906e-08
4.80957e-08
5.33106e-08
4.88091e-08
3.30177e-08
4.6604e-08
8.01923e-08
7.4297e-08
8.64955e-08
1.34867e-08
7.48064e-08
1.30081e-07
1.71476e-07
1.92251e-07
2.66563e-08
3.38316e-08
4.52781e-08
4.72681e-08
5.50334e-08
6.8206e-08
9.39584e-08
8.91712e-08
7.94146e-08
8.43396e-08
1.12958e-07
6.35948e-08
2.10212e-07
6.35783e-08
6.90034e-08
2.04859e-07
3.12295e-07
3.23518e-07
1.63128e-07
2.98501e-08
2.06273e-08
2.14209e-08
3.00463e-08
3.93239e-08
4.55132e-08
3.19224e-08
5.19011e-08
4.78052e-08
7.82658e-08
6.38272e-08
5.30944e-08
3.5846e-08
5.3168e-08
2.14128e-07
4.49834e-07
5.6823e-07
5.59481e-07
1.58531e-07
6.10029e-09
7.24306e-08
2.63939e-08
3.04304e-08
1.94134e-08
2.45335e-08
5.88002e-08
5.39373e-08
9.27908e-08
7.60068e-08
1.0033e-07
1.48255e-07
1.30678e-07
1.19195e-07
8.92395e-08
8.28903e-08
1.1108e-07
2.35544e-07
2.36735e-07
3.34506e-07
2.5663e-07
2.89194e-07
2.92277e-07
2.58226e-07
2.59509e-07
3.0435e-07
1.64839e-07
2.11042e-07
1.01593e-07
7.59135e-08
1.27402e-07
6.46235e-08
3.5224e-08
8.20369e-08
1.72159e-07
1.72979e-07
1.88156e-07
1.9739e-07
1.08369e-08
6.12674e-08
1.18378e-07
1.7264e-07
2.3846e-07
6.51016e-08
5.69404e-08
1.07726e-07
2.30652e-07
1.1028e-07
5.46092e-08
6.73833e-08
7.71274e-08
8.28438e-08
9.73282e-08
1.2041e-07
1.38181e-07
1.91663e-07
2.4924e-07
4.75627e-08
1.03224e-07
1.82277e-07
2.71365e-07
3.46428e-07
2.09414e-07
6.16522e-08
1.08446e-07
1.23912e-07
1.40261e-07
1.60613e-07
1.98302e-07
2.29849e-07
1.32252e-07
7.34528e-08
2.73027e-07
2.26952e-07
2.50209e-07
1.36537e-07
1.37795e-07
2.11312e-07
3.09595e-07
4.05963e-07
2.64033e-07
7.13804e-08
1.04285e-07
9.24341e-08
9.47307e-08
8.80404e-08
9.91332e-08
1.0655e-07
8.71162e-08
7.96819e-08
6.0842e-08
5.98984e-08
4.58159e-08
3.27123e-08
7.44693e-08
1.5379e-07
4.17269e-07
8.18584e-07
1.05572e-06
6.45218e-07
2.78642e-07
2.64865e-07
8.44753e-08
6.12067e-08
5.68986e-08
6.78296e-08
7.1972e-08
9.35081e-08
1.17768e-07
1.56861e-07
1.92789e-07
2.41996e-07
3.21323e-07
2.38083e-07
1.30461e-07
7.55208e-08
1.401e-07
3.52985e-07
2.59144e-07
1.71133e-07
3.79672e-07
4.14762e-07
4.02607e-07
3.31501e-07
3.15371e-07
2.93991e-07
2.6089e-07
2.76402e-07
3.06604e-07
1.92048e-07
2.33647e-07
1.80906e-07
1.23436e-07
2.97577e-08
1.34054e-07
2.64895e-07
3.15713e-07
4.03124e-07
2.80346e-07
2.16639e-07
1.89486e-07
2.37532e-07
1.68022e-07
2.40839e-07
1.67214e-07
1.75289e-07
1.93417e-07
2.31773e-07
1.14149e-07
5.74928e-08
1.91074e-08
2.90002e-08
9.84204e-09
4.48425e-08
1.18237e-07
2.51246e-07
3.20853e-07
1.5269e-07
1.96694e-07
2.68967e-07
3.39348e-07
4.42421e-07
3.7037e-07
9.2582e-08
1.02899e-08
2.72847e-08
5.36575e-08
1.12123e-07
1.91202e-07
2.76833e-07
2.53778e-07
1.20693e-07
1.82791e-07
4.73167e-07
9.92953e-07
6.4057e-07
4.94689e-07
3.66743e-07
4.6132e-07
5.36741e-07
3.45935e-07
1.95105e-07
1.52242e-07
1.17002e-07
1.09181e-07
1.0764e-07
1.08936e-07
1.08914e-07
1.09473e-07
8.08877e-08
6.94181e-08
5.76246e-08
4.8628e-08
3.71235e-08
6.64306e-08
1.39345e-07
3.19413e-07
5.91368e-07
1.09588e-06
1.66643e-06
8.67958e-07
4.87343e-07
8.02503e-08
5.79459e-08
4.51521e-08
5.04881e-08
4.89388e-08
6.58717e-08
1.21744e-07
1.63894e-07
1.79831e-07
3.08883e-07
4.45813e-07
4.16048e-07
3.47304e-07
2.02182e-07
1.9273e-07
2.78521e-07
2.79714e-07
2.83397e-07
2.17022e-07
2.09937e-07
1.85952e-07
1.75281e-07
1.55093e-07
1.54461e-07
1.23484e-07
1.68871e-07
5.77312e-07
4.31833e-07
4.30004e-07
2.89025e-07
6.79875e-08
3.75619e-08
1.67558e-07
2.31333e-07
3.389e-07
3.17564e-07
2.71628e-07
2.82541e-07
1.53111e-07
2.83144e-07
3.07241e-07
6.10645e-07
3.81892e-08
1.92155e-07
2.75599e-07
2.86794e-07
1.32444e-07
2.76162e-08
4.97603e-08
7.08003e-08
8.24608e-08
3.71788e-08
1.29393e-07
4.29139e-07
5.46183e-07
3.00396e-07
2.20278e-07
3.36583e-07
3.89131e-07
5.1599e-07
4.84547e-07
2.63553e-07
1.03318e-07
8.52632e-08
7.57002e-08
7.24862e-08
8.69246e-08
1.11406e-07
1.25119e-07
6.43956e-08
9.22861e-08
3.40157e-07
7.51996e-07
1.30254e-06
1.42318e-06
1.11579e-06
7.20654e-07
1.04765e-06
4.51002e-07
2.12665e-07
1.07192e-07
6.77094e-08
5.3762e-08
4.87391e-08
5.07619e-08
6.15924e-08
4.93206e-08
5.08701e-08
4.59323e-08
5.4293e-08
7.04578e-08
7.19873e-08
7.38747e-08
1.62945e-07
2.92443e-07
3.58637e-07
7.03087e-07
2.16095e-06
7.72345e-07
1.45886e-06
5.21652e-08
2.28051e-08
5.41817e-08
9.03449e-08
5.75072e-08
6.4213e-08
1.43843e-07
1.57534e-07
2.44045e-07
3.91946e-07
6.16373e-07
7.17524e-07
6.11671e-07
4.47689e-07
3.15178e-07
3.62478e-07
3.69326e-07
2.61846e-07
1.4173e-07
9.74743e-08
8.07116e-08
7.76082e-08
7.137e-08
6.69459e-08
4.65853e-08
6.24912e-08
3.24024e-07
4.9721e-07
7.39929e-08
2.86594e-07
3.91754e-07
3.80895e-07
4.22958e-07
2.24045e-07
1.66672e-07
4.57504e-07
6.53902e-07
6.05261e-08
1.85378e-07
4.92981e-07
5.06454e-07
4.9451e-07
1.36561e-07
2.7353e-07
3.13181e-07
3.49687e-07
2.26072e-07
2.06723e-07
1.31898e-07
1.36034e-07
1.37177e-07
8.51157e-08
1.5301e-07
3.30342e-07
1.45557e-06
8.68601e-07
4.78386e-07
3.85056e-07
4.51054e-07
6.73587e-07
5.85778e-07
4.50581e-07
1.80268e-07
6.907e-08
4.05813e-08
3.72487e-08
3.50969e-08
4.80798e-08
7.08642e-08
5.6106e-08
9.12351e-08
1.84832e-07
2.22371e-07
5.50642e-07
1.0793e-06
1.74062e-06
1.26242e-06
2.19119e-06
4.48034e-07
3.02154e-07
9.13073e-08
4.9529e-08
3.12406e-08
2.62077e-08
2.60425e-08
2.741e-08
4.19549e-08
2.58574e-08
3.24281e-08
5.20457e-08
7.17307e-08
9.40897e-08
1.39186e-07
2.0124e-07
2.09697e-07
1.95981e-07
4.22331e-07
1.4204e-06
2.63075e-06
1.37371e-06
1.06661e-07
2.86472e-08
8.09608e-08
1.60651e-07
1.9964e-07
1.84071e-07
1.49074e-07
1.41656e-07
2.31876e-07
4.38581e-07
7.8285e-07
1.0474e-06
1.08972e-06
8.15161e-07
5.38201e-07
4.69565e-07
4.35677e-07
3.21497e-07
1.82386e-07
1.21818e-07
7.29698e-08
7.008e-08
6.23192e-08
6.02373e-08
2.6788e-08
7.05322e-09
1.53548e-06
6.64086e-07
6.49198e-07
3.44226e-07
1.28366e-07
1.1708e-07
7.55946e-08
9.37145e-08
1.00075e-07
3.38212e-07
5.54999e-07
1.1343e-07
2.83865e-07
3.42789e-07
8.97079e-07
1.21647e-06
3.62097e-07
4.43948e-07
4.20343e-07
5.10157e-07
1.84681e-07
4.60659e-08
9.7695e-08
5.78687e-08
4.82655e-08
4.02507e-08
5.75416e-08
1.04861e-07
3.19295e-07
2.94086e-06
1.43848e-06
1.12426e-06
5.12182e-07
8.48911e-07
7.59784e-07
5.73473e-07
2.09505e-07
8.6004e-08
4.54424e-08
3.15807e-08
3.38731e-08
4.50493e-08
5.30851e-08
4.48571e-08
1.08311e-07
1.81061e-07
1.26393e-07
2.32458e-07
5.34016e-07
1.16085e-06
1.88345e-06
2.17791e-06
7.33147e-07
1.58873e-07
6.24437e-08
3.1534e-08
1.9098e-08
1.55612e-08
1.55023e-08
1.56749e-08
1.42594e-08
1.67438e-08
2.43717e-08
4.29158e-08
7.88771e-08
1.69532e-07
2.07746e-07
2.65814e-07
2.17805e-07
2.09279e-07
1.86859e-07
4.37213e-07
1.99252e-06
1.78748e-06
6.11441e-07
2.19618e-07
7.786e-08
7.09651e-08
4.96942e-08
4.66455e-08
6.72051e-08
7.15213e-08
1.43059e-07
3.29284e-07
7.3391e-07
1.11044e-06
1.51736e-06
1.51586e-06
1.00826e-06
6.89843e-07
5.61753e-07
3.9977e-07
1.85748e-07
6.48301e-08
5.05806e-08
5.07399e-08
2.87036e-08
2.48718e-08
2.39156e-08
3.37114e-08
1.40919e-06
3.82843e-07
4.70653e-07
6.37364e-07
5.50675e-07
5.55028e-07
4.35844e-07
4.42267e-07
2.35296e-07
4.29528e-07
6.29027e-07
5.5945e-07
3.58928e-07
2.73551e-07
3.08546e-07
2.66149e-06
1.47533e-06
6.31848e-07
3.46371e-07
5.07907e-07
2.95549e-07
2.40552e-07
7.53242e-08
9.21684e-08
4.49274e-08
2.39622e-08
6.37798e-08
7.35752e-08
9.56704e-08
2.65716e-07
2.02961e-06
2.71765e-06
1.75312e-06
1.77349e-06
1.27524e-06
6.98877e-07
2.76055e-07
1.17637e-07
5.86631e-08
3.64051e-08
3.20734e-08
4.24973e-08
5.651e-08
4.00139e-08
1.67732e-07
1.66605e-07
2.09865e-07
3.3899e-07
8.45972e-08
6.9171e-07
1.83193e-06
4.63619e-07
7.32858e-07
1.53746e-07
6.16078e-08
3.02485e-08
1.77717e-08
1.37728e-08
1.24397e-08
1.37349e-08
1.43448e-08
1.501e-08
2.15837e-08
5.1361e-08
1.24406e-07
2.6103e-07
3.52218e-07
2.39843e-07
2.80038e-07
3.61124e-07
3.31451e-07
3.38214e-07
1.4608e-06
1.96061e-06
4.90375e-07
3.12335e-07
7.62887e-08
6.66316e-08
7.16928e-08
6.24041e-08
5.07302e-08
6.75057e-08
8.10023e-08
1.76065e-07
4.32081e-07
8.00397e-07
1.26095e-06
1.83087e-06
1.78129e-06
1.19586e-06
7.64306e-07
4.14758e-07
1.72891e-07
7.05002e-08
4.11296e-08
3.95392e-08
2.95569e-08
2.83555e-08
2.16338e-08
4.03981e-08
4.40622e-07
4.55078e-07
5.02085e-07
3.56338e-07
2.91099e-07
2.74056e-07
3.80353e-07
1.31017e-07
2.66482e-07
5.01975e-07
7.63376e-07
4.88797e-07
1.53906e-07
1.83408e-07
1.37547e-07
1.62282e-07
1.99402e-06
1.72804e-06
1.29376e-06
7.3357e-07
5.55782e-07
3.66556e-07
1.20278e-07
9.59975e-08
8.66937e-08
5.50792e-08
5.73583e-08
7.92057e-08
9.16559e-08
1.58027e-07
1.00778e-06
2.02795e-06
2.93524e-06
3.68731e-06
2.05641e-06
7.16658e-07
2.78105e-07
1.10216e-07
4.63714e-08
2.59104e-08
3.07454e-08
6.39941e-08
5.98108e-08
7.64277e-08
1.52449e-07
2.17677e-07
1.02238e-07
2.10671e-07
1.4899e-07
4.85365e-07
1.42281e-06
8.7439e-07
1.80671e-06
2.21361e-07
6.53605e-08
3.2764e-08
1.90694e-08
1.50788e-08
1.35355e-08
1.26398e-08
1.43394e-08
1.72275e-08
2.90328e-08
6.80759e-08
1.7811e-07
3.63248e-07
5.34362e-07
5.36118e-07
6.57643e-07
5.51522e-07
7.18403e-07
9.95956e-07
2.01665e-06
1.84404e-06
5.13481e-07
1.22253e-07
6.90171e-08
7.2593e-08
5.85714e-08
4.53764e-08
6.97101e-08
5.5219e-08
6.0298e-08
1.11805e-07
1.84972e-07
3.83071e-07
6.47802e-07
1.37583e-06
2.1345e-06
1.66922e-06
1.30888e-06
4.2134e-07
1.69795e-07
5.74799e-08
3.51273e-08
3.98623e-08
2.45549e-08
2.72795e-08
3.40685e-08
8.13405e-08
4.86795e-07
1.03783e-07
3.46549e-07
5.67483e-07
7.95567e-07
1.01168e-06
2.15917e-06
2.39944e-06
2.48804e-07
3.73358e-07
8.32616e-07
3.80297e-07
1.64443e-07
8.77434e-08
9.63079e-08
1.17073e-07
1.17647e-06
1.16984e-06
1.436e-06
1.22765e-06
1.42919e-06
4.09724e-07
1.69509e-07
1.21138e-07
1.07538e-07
8.31275e-08
7.77163e-08
1.2542e-07
1.1249e-07
2.70409e-07
6.88031e-07
8.53037e-07
2.34366e-06
2.04295e-06
3.46835e-06
6.94787e-07
2.89947e-07
1.02282e-07
3.92908e-08
2.03748e-08
3.1025e-08
6.28073e-08
1.34156e-07
3.22358e-08
2.45971e-07
6.33123e-07
1.82461e-07
1.70977e-07
2.89192e-07
2.42632e-07
1.44177e-06
1.75576e-06
1.89776e-06
2.08539e-07
6.58673e-08
3.70962e-08
2.08644e-08
1.39309e-08
1.22545e-08
1.43852e-08
1.91232e-08
2.59483e-08
3.85376e-08
1.03404e-07
2.49748e-07
5.04065e-07
7.08273e-07
9.28211e-07
9.06255e-07
9.9023e-07
1.40645e-06
2.05432e-06
3.01715e-06
2.19903e-06
6.0105e-07
5.47667e-08
6.7026e-08
6.07378e-08
5.41308e-08
5.20537e-08
5.35437e-08
7.61693e-08
1.14193e-07
1.6419e-07
2.50249e-07
3.77453e-07
8.81206e-08
6.61749e-07
1.98803e-06
1.78228e-06
2.00796e-06
3.94468e-07
1.72201e-07
6.88222e-08
4.59288e-08
2.98772e-08
3.65636e-08
3.30627e-08
5.65173e-08
1.20903e-07
3.99843e-07
9.57507e-07
8.62348e-07
6.60099e-07
7.10884e-07
7.52775e-07
9.08682e-07
5.73716e-07
2.29929e-06
1.59487e-06
1.72146e-06
5.6538e-07
3.07862e-07
1.41855e-07
1.40969e-07
1.54964e-07
2.84625e-07
8.76096e-07
1.14514e-06
1.47803e-06
1.97837e-06
5.41774e-07
2.63698e-07
2.34264e-07
2.26883e-07
1.82269e-07
1.45236e-07
3.00426e-07
3.82652e-07
6.05084e-07
4.96636e-07
2.59505e-07
1.28408e-06
2.38829e-06
2.75025e-06
7.56201e-07
2.90039e-07
9.59704e-08
3.43019e-08
2.14764e-08
3.29301e-08
7.20494e-08
7.87749e-08
3.69415e-08
3.80365e-07
2.96947e-07
5.50198e-07
5.73718e-07
2.22546e-07
1.64589e-07
1.26456e-06
2.4369e-06
1.70751e-06
2.85851e-07
7.62961e-08
3.87927e-08
2.32667e-08
1.80593e-08
1.4591e-08
1.94239e-08
2.93616e-08
3.8609e-08
5.79346e-08
1.56333e-07
3.34483e-07
6.25946e-07
7.65486e-07
1.19043e-06
1.31985e-06
1.98462e-06
2.43413e-06
3.29603e-06
2.84263e-06
1.34912e-06
2.83469e-07
7.14496e-08
6.02161e-08
6.18531e-08
7.32434e-08
9.20994e-08
1.74609e-07
2.55045e-07
3.40188e-07
4.18283e-07
4.86673e-07
4.21529e-07
2.07353e-07
3.63189e-07
1.38361e-06
1.76057e-06
1.98366e-06
5.00973e-07
2.00245e-07
6.7155e-08
3.81259e-08
2.82231e-08
3.28661e-08
4.11053e-08
8.63122e-08
1.61467e-07
1.48133e-07
4.16793e-07
3.6213e-07
3.81705e-07
4.1912e-07
4.87051e-07
5.86657e-07
6.47495e-07
6.03818e-07
1.30443e-06
1.53216e-06
7.32835e-07
3.62251e-07
1.98627e-07
2.97339e-07
4.35332e-07
6.72287e-07
1.06458e-06
1.35085e-06
1.91519e-06
1.36726e-06
3.76426e-07
2.3555e-07
2.79157e-07
2.77188e-07
2.32726e-07
1.5582e-07
4.08103e-07
9.79755e-07
5.41528e-07
5.74392e-07
5.3834e-07
1.08444e-06
2.64354e-06
2.91983e-06
1.04575e-06
2.55359e-07
8.96797e-08
2.99821e-08
2.23323e-08
3.14555e-08
1.00924e-07
1.56192e-07
2.86914e-07
7.94214e-07
8.49717e-07
7.88241e-07
4.48389e-07
1.44878e-07
2.07467e-07
1.20942e-06
2.73733e-06
1.62259e-06
3.26426e-07
8.21024e-08
4.14714e-08
2.29012e-08
1.64376e-08
1.45748e-08
2.96697e-08
4.54061e-08
5.12204e-08
9.9899e-08
2.16865e-07
3.83317e-07
5.95385e-07
1.20194e-06
1.4102e-06
2.2071e-06
2.51506e-06
2.52834e-06
2.16207e-06
9.66493e-07
5.21002e-07
2.50782e-07
6.94739e-08
8.7156e-08
1.49446e-07
2.49092e-07
3.97575e-07
5.133e-07
5.78673e-07
6.24546e-07
6.19659e-07
5.8997e-07
5.62238e-07
4.20426e-07
4.91447e-07
1.01071e-06
2.11717e-06
1.93944e-06
6.39473e-07
1.88011e-07
7.69747e-08
4.37442e-08
3.2758e-08
3.87315e-08
5.57255e-08
1.36366e-07
1.69067e-07
1.74983e-07
1.01107e-08
2.47451e-08
7.21367e-08
1.64659e-07
3.19863e-07
4.56667e-07
7.09078e-07
8.16505e-07
1.82333e-06
1.02005e-06
7.20429e-07
4.38752e-07
3.23435e-07
5.00648e-07
8.50886e-07
1.22518e-06
1.32039e-06
1.60572e-06
1.40389e-06
5.81174e-07
2.88154e-07
2.73629e-07
2.73086e-07
2.55989e-07
2.51263e-07
1.38397e-07
5.67301e-07
1.29409e-06
9.53135e-07
8.14878e-07
6.94587e-07
5.19812e-07
2.73492e-06
2.65129e-06
9.21543e-07
2.1231e-07
7.43585e-08
2.63014e-08
2.32045e-08
3.86629e-08
1.39504e-07
1.2674e-07
2.71323e-07
1.57012e-06
9.93856e-07
7.11119e-07
5.94536e-07
1.66668e-07
2.45143e-07
1.62275e-06
3.10696e-06
1.17914e-06
2.67563e-07
7.74907e-08
3.92865e-08
2.55523e-08
2.0262e-08
2.57881e-08
4.80875e-08
6.22761e-08
1.09297e-07
1.62686e-07
2.61586e-07
3.7919e-07
6.51118e-07
9.34833e-07
1.41884e-06
1.93057e-06
1.71226e-06
1.45779e-06
9.85475e-07
3.33476e-07
2.24079e-07
1.8877e-07
1.77394e-07
3.34048e-07
5.45354e-07
6.93027e-07
8.05097e-07
8.32318e-07
7.85652e-07
7.52833e-07
7.29473e-07
6.68806e-07
6.24332e-07
5.70022e-07
5.6329e-07
7.1139e-07
1.97655e-06
1.74464e-06
8.74243e-07
2.35887e-07
8.06852e-08
4.56523e-08
3.84442e-08
4.41943e-08
8.0833e-08
1.52906e-07
1.82121e-07
6.34879e-08
4.28974e-08
1.11771e-07
1.11478e-07
1.13104e-07
1.90588e-07
3.58572e-07
4.42805e-07
7.14204e-07
7.28953e-07
8.53376e-07
5.86896e-07
5.05395e-07
1.69835e-07
6.18401e-07
9.00577e-07
8.50495e-07
8.92889e-07
6.5641e-07
6.52075e-07
3.93797e-07
4.05165e-07
3.01026e-07
2.90276e-07
4.0152e-07
4.01088e-07
4.69761e-07
7.51724e-07
1.44697e-06
1.61341e-06
9.08774e-07
8.81475e-07
1.14462e-06
3.17547e-06
1.88297e-06
6.87823e-07
1.7492e-07
5.12608e-08
2.49329e-08
2.82922e-08
6.31328e-08
1.20279e-07
2.50134e-07
1.04287e-06
1.24144e-06
1.29325e-06
1.27378e-06
5.74584e-07
2.51598e-07
4.1279e-07
2.03951e-06
3.15799e-06
1.43898e-06
2.2645e-07
7.03608e-08
3.62706e-08
2.6065e-08
2.39718e-08
4.58409e-08
6.93237e-08
1.01258e-07
1.82221e-07
1.98413e-07
2.83667e-07
3.9166e-07
6.1063e-07
1.12493e-06
1.66188e-06
2.2237e-06
1.45129e-06
7.4124e-07
3.51549e-07
1.2775e-07
1.99389e-07
3.06876e-07
5.06567e-07
7.5797e-07
8.57719e-07
9.61616e-07
9.35649e-07
8.6451e-07
7.66896e-07
7.937e-07
8.89811e-07
8.13372e-07
8.14708e-07
7.86592e-07
7.10295e-07
9.27305e-07
1.74845e-06
1.3924e-06
9.72723e-07
2.5793e-07
9.19556e-08
4.9254e-08
4.18627e-08
5.48761e-08
1.02784e-07
1.75397e-07
1.66376e-07
2.11167e-08
2.05401e-08
1.32024e-08
3.53912e-08
8.35609e-08
1.68996e-07
2.55529e-07
3.84578e-07
4.08746e-07
2.03303e-07
3.07895e-07
2.69146e-07
3.03657e-07
5.99985e-07
6.18793e-07
7.74957e-07
6.6702e-07
7.16373e-07
4.49756e-07
3.94564e-07
3.30767e-07
2.85857e-07
3.40213e-07
4.39349e-07
4.56988e-07
3.832e-07
3.19686e-07
6.76414e-07
9.62793e-07
1.90492e-06
1.37225e-06
1.17044e-06
2.43356e-06
4.17672e-06
2.75669e-06
5.45332e-07
1.51932e-07
4.7553e-08
3.07194e-08
6.47082e-08
6.41074e-08
2.40837e-07
3.78761e-07
1.00692e-06
1.54745e-06
1.58133e-06
1.16262e-06
7.90283e-07
5.9904e-07
7.49817e-07
2.57916e-06
2.60582e-06
1.20846e-06
2.01619e-07
6.711e-08
3.47344e-08
2.73297e-08
3.52775e-08
6.92609e-08
1.03473e-07
1.90949e-07
2.07934e-07
2.24019e-07
2.79173e-07
3.91341e-07
5.54693e-07
1.05118e-06
1.83084e-06
1.92486e-06
1.17679e-06
7.25987e-07
3.72467e-07
1.85414e-07
2.89099e-07
6.23978e-07
9.20361e-07
1.00399e-06
9.95787e-07
9.07242e-07
7.74286e-07
7.35084e-07
7.73964e-07
1.00216e-06
1.165e-06
1.12922e-06
1.0377e-06
9.25542e-07
8.48194e-07
8.8706e-07
1.74402e-06
1.39846e-06
1.01354e-06
3.13568e-07
1.02938e-07
5.30304e-08
5.11155e-08
7.59282e-08
1.37596e-07
1.58378e-07
1.88283e-07
3.67991e-08
8.33273e-08
6.85119e-08
4.86941e-08
8.23698e-08
1.43871e-07
2.21878e-07
3.02095e-07
4.15091e-07
3.64402e-07
4.13884e-07
1.83163e-07
3.67293e-07
3.82426e-07
5.30763e-07
4.72135e-07
5.01616e-07
3.94939e-07
2.05274e-07
1.88736e-07
1.67855e-07
1.74481e-07
4.28523e-07
5.2946e-07
4.41211e-07
4.08053e-07
4.70229e-07
7.48752e-07
1.14549e-06
2.13377e-06
2.22827e-06
1.4275e-06
3.42052e-06
3.88117e-06
1.41567e-06
3.9657e-07
1.38329e-07
5.20608e-08
4.62836e-08
6.45925e-08
1.39837e-07
4.32811e-07
4.42138e-07
1.04467e-06
1.43264e-06
1.1829e-06
1.05282e-06
6.47187e-07
6.69877e-07
1.0979e-06
2.77949e-06
1.73678e-06
7.3136e-07
1.85204e-07
6.66363e-08
3.69636e-08
3.38134e-08
6.2557e-08
9.58633e-08
1.74939e-07
2.55113e-07
2.26688e-07
2.26116e-07
2.62155e-07
3.67807e-07
5.37306e-07
8.17543e-07
1.24132e-06
1.5889e-06
1.38195e-06
7.15378e-07
4.07488e-07
3.98162e-07
8.36847e-07
9.8002e-07
1.01325e-06
9.38014e-07
8.05323e-07
6.54088e-07
5.33329e-07
7.2069e-07
9.823e-07
1.23887e-06
1.36121e-06
1.30666e-06
1.1237e-06
1.0513e-06
8.89584e-07
8.79366e-07
1.58472e-06
1.3009e-06
1.06427e-06
3.60628e-07
1.1609e-07
6.1941e-08
6.64892e-08
1.07683e-07
1.62541e-07
1.58581e-07
1.82195e-07
1.07128e-07
1.18256e-08
1.32694e-08
2.63336e-08
5.98424e-08
1.14382e-07
1.9687e-07
2.78855e-07
3.17719e-07
3.89e-07
3.45821e-07
4.34801e-07
4.34741e-07
5.28347e-07
4.08289e-07
3.83809e-07
3.73315e-07
2.8962e-07
1.29079e-07
1.03558e-07
3.05268e-07
4.73682e-07
6.3451e-07
5.45235e-07
4.91521e-07
4.06581e-07
4.0653e-07
6.82602e-07
1.03111e-06
1.77492e-06
1.98135e-06
1.20112e-06
1.36106e-06
1.26019e-06
6.65651e-07
2.98046e-07
1.06155e-07
4.80057e-08
6.90747e-08
1.08588e-07
3.48506e-07
4.38686e-07
5.03334e-07
1.02947e-06
1.73001e-06
1.8085e-06
8.92069e-07
4.89204e-07
4.73616e-07
1.37915e-06
2.54285e-06
2.43042e-06
5.62711e-07
1.60918e-07
6.86135e-08
3.77733e-08
5.65947e-08
1.06842e-07
1.65913e-07
3.03113e-07
2.86196e-07
2.27923e-07
2.25671e-07
2.62442e-07
3.65398e-07
4.87349e-07
8.34081e-07
1.06547e-06
1.29635e-06
1.03162e-06
8.3528e-07
6.56176e-07
6.45771e-07
8.09266e-07
9.57305e-07
8.20587e-07
6.74658e-07
4.92172e-07
4.65965e-07
6.37755e-07
9.14197e-07
1.20448e-06
1.39869e-06
1.40393e-06
1.31945e-06
1.18489e-06
1.18525e-06
9.28604e-07
9.12506e-07
1.59797e-06
1.67991e-06
9.84971e-07
3.94133e-07
1.21135e-07
7.25186e-08
9.36202e-08
1.40995e-07
1.64995e-07
1.74193e-07
1.91802e-07
5.92269e-08
4.44733e-08
3.65113e-08
4.80432e-08
9.11741e-08
1.27126e-07
1.76061e-07
2.0851e-07
2.78516e-07
2.7107e-07
3.39938e-07
3.87909e-07
3.80014e-07
3.00619e-07
2.88479e-07
2.88933e-07
2.65032e-07
2.16099e-07
1.43047e-07
8.98368e-08
3.41409e-07
5.79067e-07
5.65182e-07
5.48023e-07
5.01803e-07
4.55298e-07
4.8941e-07
5.22838e-07
8.50022e-07
1.72418e-06
2.06941e-06
8.49684e-07
3.99011e-07
4.01151e-07
3.55999e-07
2.00559e-07
8.7843e-08
8.59335e-08
1.67272e-07
4.28793e-07
4.52397e-07
4.23951e-07
4.79022e-07
1.02321e-06
1.68579e-06
2.0071e-06
1.04037e-06
9.05249e-07
5.38114e-07
1.56855e-06
1.95561e-06
1.55895e-06
4.57283e-07
1.5181e-07
6.18679e-08
4.64631e-08
1.01018e-07
1.56082e-07
2.82123e-07
3.95347e-07
2.66638e-07
2.30154e-07
2.32892e-07
2.76004e-07
3.61249e-07
4.47821e-07
6.00942e-07
8.8869e-07
8.68276e-07
9.44676e-07
7.51615e-07
8.00774e-07
8.19536e-07
8.48977e-07
6.74643e-07
5.31786e-07
4.03827e-07
3.42394e-07
4.99243e-07
8.2732e-07
1.1272e-06
1.34537e-06
1.40963e-06
1.41129e-06
1.40386e-06
1.27501e-06
1.27056e-06
1.02904e-06
1.0207e-06
1.50617e-06
1.56467e-06
1.03012e-06
3.97395e-07
1.34811e-07
9.31668e-08
1.19497e-07
1.68475e-07
1.67117e-07
2.01071e-07
2.35781e-07
3.12301e-08
1.2443e-08
6.43556e-08
1.11731e-07
1.50701e-07
1.66928e-07
1.90502e-07
1.92821e-07
1.90696e-07
1.90953e-07
2.08178e-07
2.80497e-07
3.83253e-07
3.37061e-07
3.21028e-07
2.54676e-07
2.32265e-07
1.92639e-07
2.11664e-07
4.1225e-07
4.92837e-07
5.92679e-07
6.22344e-07
5.90349e-07
5.09772e-07
4.41339e-07
5.29118e-07
6.13559e-07
6.05145e-07
1.26816e-06
1.31002e-06
9.21513e-07
2.63566e-07
2.35809e-07
2.55871e-07
1.49832e-07
1.37025e-07
2.25517e-07
4.8825e-07
6.43167e-07
5.1718e-07
3.47814e-07
3.71927e-07
9.58928e-07
1.47265e-06
2.54759e-06
1.27054e-06
1.05426e-06
1.22296e-06
2.47559e-06
1.426e-06
8.28397e-07
4.143e-07
1.3189e-07
5.24355e-08
7.62443e-08
1.36243e-07
2.5968e-07
4.45954e-07
3.65698e-07
2.62804e-07
2.33879e-07
2.56738e-07
2.82981e-07
3.55772e-07
4.34111e-07
5.30992e-07
6.72701e-07
7.36073e-07
7.35773e-07
6.76592e-07
7.30566e-07
5.6626e-07
4.41772e-07
4.10815e-07
3.15811e-07
3.00536e-07
3.44247e-07
7.11437e-07
9.83683e-07
1.22367e-06
1.30814e-06
1.3661e-06
1.43337e-06
1.5275e-06
1.43319e-06
1.37069e-06
1.22365e-06
1.08864e-06
1.49629e-06
1.54069e-06
9.98409e-07
3.8922e-07
1.48737e-07
1.07778e-07
1.46317e-07
1.76727e-07
1.69908e-07
2.49425e-07
2.6615e-07
6.23678e-07
3.41082e-07
3.70757e-07
3.06805e-07
2.8033e-07
2.58257e-07
2.33982e-07
1.91358e-07
1.48931e-07
8.3836e-08
1.58762e-07
2.39902e-07
3.52003e-07
3.06346e-07
3.10472e-07
2.62673e-07
1.99545e-07
1.41599e-07
2.18006e-07
3.94661e-07
4.90672e-07
5.85219e-07
5.18758e-07
4.94365e-07
4.29712e-07
4.48378e-07
4.9844e-07
6.10215e-07
4.7498e-07
5.6863e-07
1.02032e-06
7.90489e-07
2.75882e-07
2.03899e-07
2.53568e-07
1.6549e-07
1.51739e-07
6.15602e-07
8.43448e-07
6.29143e-07
5.91679e-07
5.02424e-07
4.01491e-07
8.30778e-07
1.24396e-06
2.05177e-06
1.99126e-06
1.53474e-06
1.69199e-06
2.47921e-06
1.29274e-06
7.38337e-07
3.63366e-07
1.13773e-07
7.33619e-08
1.36372e-07
2.52181e-07
4.74929e-07
4.90739e-07
3.15723e-07
2.62034e-07
2.50077e-07
3.03566e-07
3.50758e-07
3.74819e-07
4.02769e-07
4.8059e-07
5.64894e-07
5.21334e-07
5.65225e-07
5.47688e-07
5.10714e-07
3.77049e-07
3.65165e-07
2.788e-07
2.62101e-07
3.23945e-07
5.52463e-07
7.81478e-07
1.05515e-06
1.21165e-06
1.22992e-06
1.30226e-06
1.39769e-06
1.61167e-06
1.58504e-06
1.50936e-06
1.44667e-06
1.23021e-06
1.50731e-06
1.58376e-06
9.67488e-07
3.84517e-07
1.68493e-07
1.35569e-07
1.78768e-07
1.79804e-07
1.94936e-07
3.15614e-07
2.97298e-07
5.10489e-07
5.72849e-07
5.10527e-07
4.19032e-07
3.73947e-07
3.48709e-07
2.98628e-07
2.30437e-07
1.62512e-07
5.75063e-08
1.45606e-07
2.94606e-07
4.82237e-07
4.77895e-07
4.7834e-07
3.75703e-07
2.76249e-07
1.81519e-07
3.04103e-07
5.0049e-07
6.24628e-07
6.78842e-07
5.50336e-07
4.37767e-07
3.68274e-07
3.94932e-07
4.51918e-07
5.8257e-07
4.85545e-07
4.36063e-07
9.45457e-07
2.28963e-07
2.63942e-07
3.18186e-07
3.45186e-07
3.80692e-07
7.52072e-07
1.01264e-06
8.82763e-07
7.02163e-07
6.90938e-07
6.80385e-07
6.11604e-07
6.80145e-07
1.27527e-06
2.73958e-06
2.22773e-06
1.30271e-06
1.23285e-06
1.43709e-06
9.78849e-07
5.91228e-07
2.82185e-07
1.21074e-07
1.48433e-07
2.89107e-07
5.28149e-07
6.38528e-07
4.08057e-07
3.28069e-07
3.21698e-07
3.37582e-07
3.83819e-07
3.86787e-07
3.97099e-07
4.16944e-07
4.64761e-07
5.03043e-07
5.7628e-07
4.68827e-07
3.99065e-07
4.23088e-07
3.1426e-07
2.42315e-07
2.97543e-07
3.31354e-07
4.74109e-07
7.96502e-07
9.6048e-07
1.11637e-06
1.24289e-06
1.16402e-06
1.34331e-06
1.55409e-06
1.708e-06
1.80594e-06
1.78314e-06
1.96518e-06
1.7921e-06
1.59456e-06
1.69518e-06
9.26908e-07
3.76043e-07
1.94576e-07
1.66915e-07
2.02114e-07
1.9827e-07
2.71368e-07
4.36659e-07
3.73856e-07
1.18042e-07
2.06491e-07
2.30722e-07
2.86039e-07
3.12435e-07
3.35116e-07
3.24516e-07
2.57115e-07
1.82239e-07
1.01217e-07
2.26349e-07
3.65993e-07
5.78021e-07
5.66464e-07
5.69273e-07
4.60699e-07
3.33796e-07
2.30101e-07
3.61357e-07
5.33763e-07
6.06808e-07
5.77084e-07
4.24923e-07
3.73545e-07
3.85329e-07
3.58495e-07
4.05421e-07
4.72781e-07
4.79386e-07
4.39375e-07
4.6682e-07
1.60586e-07
4.75925e-07
3.50078e-07
4.02646e-07
8.51079e-07
1.2277e-06
1.06864e-06
9.51231e-07
8.34662e-07
8.12832e-07
7.20774e-07
7.28548e-07
5.64393e-07
1.02121e-06
1.98323e-06
2.3771e-06
1.4466e-06
1.91044e-07
5.20197e-07
5.12425e-07
3.83643e-07
2.32134e-07
1.38388e-07
2.42765e-07
4.96679e-07
7.38568e-07
5.69196e-07
4.00519e-07
4.0031e-07
4.39739e-07
4.54254e-07
4.78335e-07
4.68786e-07
4.3375e-07
4.18764e-07
4.42548e-07
4.4746e-07
3.96879e-07
3.49964e-07
3.62488e-07
3.13094e-07
3.13369e-07
3.54508e-07
3.76484e-07
4.66755e-07
5.96665e-07
8.9676e-07
9.02338e-07
1.24961e-06
1.21625e-06
1.21804e-06
1.44535e-06
1.59836e-06
1.74485e-06
1.99123e-06
2.08694e-06
2.34518e-06
2.53011e-06
1.94787e-06
1.57305e-06
7.40844e-07
3.44477e-07
2.18815e-07
2.14196e-07
2.28605e-07
2.7021e-07
4.56197e-07
6.11749e-07
4.14372e-07
1.3123e-07
4.70336e-08
1.03776e-07
2.8029e-08
4.15077e-08
6.91484e-08
5.80136e-08
4.67029e-08
4.31487e-08
3.72638e-08
2.16298e-07
3.54016e-07
5.43227e-07
5.38001e-07
5.42289e-07
4.61052e-07
3.49074e-07
3.09879e-07
3.92767e-07
4.69883e-07
4.40266e-07
4.16527e-07
3.20731e-07
3.10866e-07
3.93449e-07
3.69713e-07
4.16972e-07
4.34027e-07
4.58799e-07
4.54039e-07
4.59321e-07
6.26801e-07
5.24223e-07
5.08343e-07
9.99591e-07
1.42351e-06
1.22342e-06
1.00514e-06
1.02099e-06
9.80702e-07
9.57058e-07
8.51998e-07
7.72659e-07
6.23388e-07
7.36821e-07
1.63524e-06
2.21667e-06
1.44063e-06
3.2659e-07
2.33105e-07
2.91097e-07
3.16054e-07
2.62971e-07
2.07672e-07
4.23161e-07
8.33464e-07
7.63388e-07
5.29233e-07
4.95389e-07
5.44786e-07
5.95872e-07
5.92245e-07
5.5131e-07
4.99348e-07
4.55854e-07
4.39501e-07
4.31264e-07
4.15954e-07
3.48641e-07
2.42541e-07
2.24181e-07
2.13905e-07
3.33329e-07
3.91802e-07
4.74538e-07
5.45461e-07
7.24999e-07
7.7311e-07
9.54423e-07
1.17862e-06
1.15648e-06
1.22296e-06
1.46188e-06
1.69385e-06
1.84853e-06
1.90057e-06
2.09136e-06
2.3779e-06
2.49209e-06
2.06781e-06
1.11629e-06
5.79988e-07
3.32817e-07
2.56479e-07
2.58573e-07
2.78859e-07
4.64663e-07
7.17661e-07
8.28942e-07
5.30971e-07
8.85745e-08
6.30627e-08
1.3326e-07
1.36056e-07
2.04335e-07
6.51041e-08
8.23874e-08
8.3701e-08
9.68317e-08
4.95218e-08
1.66329e-07
2.15637e-07
3.04669e-07
2.95079e-07
2.94898e-07
2.36991e-07
1.9326e-07
1.52352e-07
1.78134e-07
1.48662e-07
1.14206e-07
1.71256e-07
2.43815e-07
2.66978e-07
3.6228e-07
3.64182e-07
3.82004e-07
3.73092e-07
4.049e-07
3.7947e-07
4.20455e-07
6.3721e-07
9.96733e-07
1.12105e-06
1.01338e-06
1.07154e-06
8.68284e-07
9.28569e-07
1.02605e-06
9.87004e-07
9.91571e-07
8.89089e-07
9.52137e-07
7.82513e-07
6.08534e-07
9.80041e-07
9.72353e-07
1.09327e-06
3.36459e-07
2.14083e-07
1.73326e-07
2.58725e-07
2.17979e-07
2.91164e-07
9.37954e-07
1.07651e-06
6.67844e-07
6.31133e-07
7.33538e-07
7.48849e-07
8.22857e-07
7.16157e-07
5.45838e-07
5.0997e-07
4.73221e-07
4.53483e-07
4.46348e-07
3.9731e-07
3.11256e-07
1.97601e-07
1.43335e-07
1.73026e-07
3.18872e-07
4.03954e-07
5.14734e-07
6.00103e-07
6.99789e-07
7.43851e-07
9.09457e-07
1.02218e-06
1.06584e-06
1.17713e-06
1.45995e-06
1.57417e-06
1.83732e-06
1.77665e-06
1.90351e-06
1.87936e-06
1.73304e-06
1.28136e-06
7.43046e-07
4.6081e-07
3.4202e-07
3.20491e-07
3.06935e-07
4.69683e-07
8.41758e-07
1.08353e-06
1.06518e-06
5.2284e-07
1.35624e-07
1.04336e-07
1.95758e-07
2.09982e-07
1.05689e-07
9.75524e-08
1.00204e-07
1.14096e-07
1.35319e-07
4.79755e-08
7.50337e-08
1.25947e-07
1.24932e-07
1.02048e-07
1.00329e-07
3.47423e-08
3.51081e-08
2.01737e-08
2.29421e-08
2.18757e-08
5.92114e-08
1.4474e-07
2.22651e-07
2.60677e-07
3.03452e-07
3.37383e-07
3.52062e-07
3.62809e-07
3.4856e-07
3.373e-07
4.00813e-07
4.71886e-07
5.21927e-07
7.02797e-07
5.80157e-07
5.57829e-07
6.69689e-07
7.74979e-07
8.70916e-07
8.50715e-07
8.88573e-07
8.42537e-07
9.13726e-07
9.25627e-07
6.52847e-07
6.73051e-07
8.24906e-07
9.39952e-07
2.79147e-07
2.27477e-07
2.38076e-07
3.80797e-07
4.5834e-07
9.76132e-07
1.25539e-06
9.0299e-07
8.34044e-07
9.59648e-07
1.02983e-06
1.05387e-06
9.13991e-07
7.59664e-07
5.96257e-07
5.05751e-07
4.84577e-07
4.87151e-07
4.7433e-07
4.04603e-07
2.99569e-07
1.79826e-07
1.01975e-07
9.79077e-08
2.38517e-07
3.41653e-07
4.80504e-07
5.54601e-07
6.2761e-07
7.07088e-07
8.11836e-07
9.15926e-07
1.00553e-06
1.14754e-06
1.30627e-06
1.45986e-06
1.74276e-06
1.63575e-06
1.38103e-06
1.13547e-06
9.81195e-07
5.6278e-07
4.87633e-07
3.74889e-07
4.34171e-07
3.41492e-07
4.98464e-07
1.03217e-06
1.33032e-06
1.37804e-06
1.13162e-06
6.25775e-07
8.83257e-08
8.93834e-08
1.2308e-07
9.23778e-08
1.93544e-07
9.91164e-08
1.10352e-07
1.16511e-07
1.36404e-07
1.25493e-07
8.05175e-08
8.70411e-08
7.4691e-08
4.26238e-08
3.0001e-08
1.05792e-08
1.11073e-08
7.25049e-09
3.31458e-09
2.32021e-08
6.65278e-08
1.51963e-07
2.28217e-07
2.29395e-07
2.7621e-07
2.99035e-07
3.02497e-07
2.95954e-07
2.91074e-07
2.58591e-07
3.00073e-07
3.65887e-07
3.23821e-07
2.7598e-07
2.62709e-07
2.73845e-07
4.03473e-07
5.88612e-07
6.98416e-07
6.62664e-07
7.04011e-07
6.9972e-07
7.88852e-07
7.94854e-07
7.79772e-07
5.93085e-07
5.16213e-07
6.30982e-07
3.22076e-07
2.67071e-07
2.72874e-07
4.03449e-07
9.02668e-07
1.28302e-06
1.1276e-06
1.14388e-06
1.2889e-06
1.38065e-06
1.36687e-06
1.16189e-06
9.03718e-07
7.47713e-07
5.9568e-07
5.34511e-07
5.24014e-07
5.64761e-07
5.31068e-07
4.24767e-07
3.03618e-07
1.83596e-07
9.44991e-08
7.94256e-08
1.77976e-07
2.87857e-07
4.08481e-07
4.76382e-07
5.63265e-07
5.62085e-07
6.47447e-07
6.42815e-07
7.67906e-07
9.25178e-07
1.12721e-06
1.4389e-06
1.65602e-06
1.41957e-06
1.35261e-06
7.57782e-07
3.97489e-07
3.70165e-07
4.58089e-07
4.74783e-07
4.09323e-07
6.05519e-07
1.25887e-06
1.74664e-06
1.73702e-06
1.51143e-06
1.19949e-06
4.99182e-07
1.3571e-07
7.52161e-08
1.48317e-07
1.49508e-07
1.75072e-07
9.37736e-08
9.91653e-08
1.02372e-07
1.04139e-07
4.95324e-08
4.82821e-08
4.40811e-08
3.82756e-08
1.956e-08
9.04001e-09
5.11717e-09
6.98335e-09
8.04722e-09
3.43574e-09
1.22235e-08
1.02755e-07
1.90812e-07
2.02862e-07
1.94828e-07
2.33445e-07
2.64388e-07
2.64077e-07
2.528e-07
2.12691e-07
2.14358e-07
2.57435e-07
2.74292e-07
2.76526e-07
2.65277e-07
1.70561e-07
1.99631e-07
3.2121e-07
4.42822e-07
5.96728e-07
5.75597e-07
5.65574e-07
6.28394e-07
6.85496e-07
7.38253e-07
6.77423e-07
5.80912e-07
4.35034e-07
3.78252e-07
3.51044e-07
2.60849e-07
4.11995e-07
1.11244e-06
1.10098e-06
1.26345e-06
1.60398e-06
1.7401e-06
1.71292e-06
1.6022e-06
1.37732e-06
1.03943e-06
8.25627e-07
6.99786e-07
5.70533e-07
5.67308e-07
5.94194e-07
6.76081e-07
5.84411e-07
4.47833e-07
3.09562e-07
1.83224e-07
1.00084e-07
8.26579e-08
1.2284e-07
2.24829e-07
3.31249e-07
4.06796e-07
4.35788e-07
4.65766e-07
4.88022e-07
4.89825e-07
5.62568e-07
6.72875e-07
9.19878e-07
1.28077e-06
1.46437e-06
1.57751e-06
1.25403e-06
8.07963e-07
5.89852e-07
3.87928e-07
4.08291e-07
3.92496e-07
9.76853e-07
1.6978e-06
2.13658e-06
2.35093e-06
1.82e-06
1.36019e-06
1.02444e-06
4.40117e-07
1.18269e-07
6.65189e-08
1.25809e-07
7.91631e-08
1.78486e-07
9.42298e-08
9.40249e-08
1.06961e-07
1.08305e-07
8.69491e-08
3.35206e-08
3.74556e-08
3.30466e-08
1.73471e-08
1.11813e-08
8.99183e-09
1.34048e-08
2.65965e-08
1.73928e-08
5.4673e-08
1.83069e-07
1.78611e-07
1.58637e-07
1.70927e-07
2.16213e-07
2.37744e-07
2.08776e-07
1.65451e-07
1.17864e-07
1.5485e-07
2.43919e-07
2.48203e-07
1.93227e-07
1.275e-07
8.91382e-08
1.66466e-07
3.22845e-07
4.6645e-07
5.44582e-07
5.2314e-07
5.09441e-07
5.42182e-07
5.91622e-07
6.40322e-07
6.71889e-07
6.33423e-07
4.90775e-07
3.25347e-07
4.07113e-07
5.00325e-07
8.74803e-07
1.10816e-06
1.51681e-06
1.87028e-06
2.10438e-06
1.96613e-06
1.80519e-06
1.45131e-06
1.08065e-06
7.94895e-07
6.5479e-07
6.23717e-07
6.08475e-07
6.52845e-07
7.39082e-07
7.37189e-07
6.07166e-07
4.53931e-07
3.11445e-07
2.00179e-07
1.24224e-07
1.16485e-07
1.32427e-07
2.17631e-07
3.19577e-07
3.63429e-07
4.05153e-07
4.21446e-07
4.50815e-07
4.18594e-07
4.22772e-07
4.43669e-07
5.3446e-07
6.71262e-07
6.65443e-07
7.60976e-07
8.45838e-07
9.97499e-07
8.32392e-07
6.79383e-07
4.627e-07
1.19362e-06
2.04544e-06
2.52639e-06
2.8164e-06
2.31212e-06
1.61938e-06
1.2889e-06
9.35465e-07
5.25599e-07
9.94595e-08
5.37929e-08
8.48669e-08
1.3791e-07
1.57094e-07
6.59405e-08
7.75629e-08
8.95675e-08
8.53854e-08
3.604e-08
1.29926e-08
9.56661e-09
1.73797e-08
1.28413e-08
1.887e-08
1.64105e-08
2.41057e-08
2.99494e-08
2.93907e-08
1.31981e-08
1.83263e-07
1.38798e-07
1.11653e-07
1.5116e-07
1.94335e-07
2.042e-07
1.66599e-07
1.16415e-07
5.63803e-08
1.21505e-07
2.02064e-07
2.17547e-07
1.68435e-07
8.88503e-08
3.35172e-08
1.91156e-07
3.96674e-07
5.51154e-07
5.66459e-07
4.80637e-07
5.04299e-07
5.21817e-07
5.85614e-07
6.02023e-07
6.39627e-07
6.35872e-07
5.5794e-07
4.16248e-07
2.59754e-07
7.07849e-07
1.0087e-06
1.32045e-06
1.85877e-06
1.92622e-06
2.06301e-06
2.02657e-06
1.48506e-06
1.02338e-06
6.91777e-07
5.69713e-07
5.48534e-07
5.95e-07
6.63164e-07
7.34455e-07
8.10887e-07
6.76338e-07
5.3948e-07
3.82865e-07
2.76283e-07
2.00071e-07
1.59097e-07
1.68222e-07
1.66871e-07
2.55591e-07
3.48307e-07
4.17755e-07
4.44226e-07
4.3643e-07
4.29474e-07
4.23001e-07
3.9059e-07
3.48304e-07
3.51095e-07
3.88089e-07
4.4522e-07
4.58332e-07
3.30309e-07
2.46618e-07
6.00857e-07
9.92843e-07
1.71727e-06
2.20274e-06
2.93081e-06
3.19411e-06
2.67734e-06
1.89e-06
1.43297e-06
1.06126e-06
7.50841e-07
3.43755e-07
8.93163e-08
4.53591e-08
5.96934e-08
4.73602e-08
1.41054e-07
6.80452e-08
6.84516e-08
8.33535e-08
9.47446e-08
6.19327e-08
3.48679e-08
1.56052e-08
1.54427e-08
2.27793e-08
1.79852e-08
3.48658e-08
3.77861e-08
6.07364e-08
3.91422e-08
1.05734e-07
1.78663e-07
5.01539e-08
8.40504e-08
1.33381e-07
1.87039e-07
1.79003e-07
1.3258e-07
8.90845e-08
3.15731e-08
7.4338e-08
1.79626e-07
1.79045e-07
1.32126e-07
4.96872e-08
1.14341e-07
2.82411e-07
4.8944e-07
6.1983e-07
5.92133e-07
4.70928e-07
4.79091e-07
4.70096e-07
4.76682e-07
4.74228e-07
4.94483e-07
4.87853e-07
4.53867e-07
4.59429e-07
5.545e-07
7.88224e-07
1.16894e-06
1.46207e-06
1.66599e-06
1.9877e-06
1.8424e-06
1.44064e-06
9.65908e-07
6.44088e-07
4.70804e-07
4.58108e-07
5.2755e-07
6.42741e-07
7.38682e-07
7.80998e-07
6.96985e-07
4.87391e-07
3.85803e-07
2.84517e-07
2.25692e-07
1.95778e-07
1.87878e-07
2.14523e-07
2.44492e-07
3.93332e-07
4.55444e-07
5.37687e-07
5.69793e-07
5.11062e-07
4.85449e-07
5.04019e-07
4.32497e-07
4.19632e-07
4.36601e-07
4.33783e-07
4.56198e-07
5.23842e-07
7.79062e-07
9.6968e-07
1.08687e-06
1.39564e-06
2.21446e-06
3.9608e-06
3.43588e-06
2.69429e-06
1.86605e-06
1.5111e-06
1.07715e-06
8.52591e-07
5.68094e-07
3.97009e-07
4.97889e-08
3.95568e-08
3.99506e-08
4.7134e-08
1.02388e-07
4.69466e-08
5.9612e-08
8.29618e-08
8.73537e-08
6.72052e-08
1.13239e-08
5.46674e-09
1.37099e-08
2.76667e-08
5.65257e-08
3.68836e-08
7.37329e-08
8.26295e-08
7.5751e-08
2.01658e-07
1.07142e-07
6.32227e-09
7.35582e-08
1.17184e-07
1.50684e-07
1.42591e-07
1.32373e-07
9.60927e-08
3.56158e-08
8.72543e-08
1.53545e-07
1.71602e-07
1.52826e-07
1.51037e-07
3.14577e-07
2.57738e-07
6.26886e-07
6.06658e-07
6.22891e-07
5.07469e-07
4.29223e-07
3.59847e-07
3.35176e-07
3.60436e-07
4.1802e-07
4.52336e-07
4.7352e-07
5.62269e-07
7.68214e-07
1.00381e-06
1.34315e-06
1.32047e-06
9.25329e-07
6.92219e-07
7.89346e-07
9.17838e-07
7.0808e-07
5.10343e-07
3.54229e-07
4.39874e-07
5.75393e-07
6.82461e-07
6.94596e-07
6.06717e-07
4.76606e-07
3.58917e-07
3.27692e-07
2.75001e-07
2.38217e-07
2.46904e-07
2.44712e-07
2.39842e-07
3.03436e-07
5.3249e-07
5.59752e-07
6.8697e-07
7.04232e-07
6.41193e-07
5.44641e-07
4.12763e-07
2.62821e-07
2.30381e-07
2.79901e-07
3.4452e-07
4.48247e-07
6.17853e-07
9.63949e-07
1.7139e-06
2.92374e-06
3.81615e-06
3.55958e-06
3.11858e-06
1.82143e-06
1.68769e-06
6.50571e-07
5.52003e-07
8.48542e-07
5.36689e-07
4.7e-07
2.85606e-07
3.24525e-08
2.80847e-08
2.37924e-08
2.6919e-08
7.86548e-08
4.95445e-08
4.49623e-08
7.49811e-08
8.61804e-08
6.28838e-08
2.7391e-08
4.69185e-08
3.60613e-08
6.10056e-08
8.55174e-08
9.62575e-08
9.11872e-08
1.24328e-07
1.02777e-07
2.75572e-07
1.76494e-07
5.70334e-08
1.40839e-07
1.17036e-07
1.38243e-07
1.63596e-07
1.41011e-07
1.00999e-07
3.66921e-08
8.13401e-08
1.69145e-07
2.16048e-07
2.42367e-07
2.44437e-07
3.30836e-07
5.00719e-07
5.55352e-07
5.10403e-07
7.00626e-07
5.67938e-07
3.20821e-07
2.31732e-07
1.91448e-07
2.10091e-07
3.1903e-07
4.5983e-07
6.25336e-07
8.50144e-07
1.059e-06
1.19257e-06
9.74083e-07
8.42548e-07
7.39259e-07
4.70481e-07
3.74886e-07
6.40683e-07
5.38533e-07
4.00405e-07
2.2421e-07
3.55564e-07
5.07326e-07
5.06992e-07
5.58545e-07
5.05985e-07
4.09264e-07
4.1786e-07
4.32431e-07
4.52253e-07
4.43643e-07
3.82433e-07
3.71869e-07
3.45042e-07
4.04774e-07
6.29736e-07
8.09981e-07
1.10865e-06
8.46573e-07
5.3631e-07
3.2955e-07
2.06567e-07
1.25015e-07
1.33501e-07
1.79664e-07
2.65071e-07
3.81931e-07
4.43116e-07
5.98101e-07
1.01626e-06
1.50024e-06
2.23262e-06
2.47546e-06
1.72859e-06
1.24727e-06
9.08142e-07
7.69458e-07
6.65313e-07
4.38114e-07
2.73098e-07
4.18578e-07
3.14186e-07
3.26667e-08
3.06242e-08
1.79543e-08
1.96953e-08
9.5731e-08
3.35553e-08
4.13267e-08
7.63649e-08
8.40946e-08
3.3053e-08
3.74145e-08
1.98734e-08
7.65358e-08
1.12839e-07
1.64336e-07
1.6787e-07
1.41925e-07
1.6789e-07
1.7072e-07
4.0109e-07
2.26424e-07
1.44479e-07
1.11452e-07
1.4299e-07
1.91791e-07
1.62802e-07
1.26721e-07
1.13908e-07
6.96486e-08
1.14749e-07
2.13929e-07
2.97283e-07
3.09523e-07
2.72638e-07
1.14475e-07
3.575e-07
3.68133e-07
5.16249e-07
6.58943e-07
4.07296e-07
2.88743e-07
1.99443e-07
3.56886e-07
3.21877e-07
4.52886e-07
6.03721e-07
7.55716e-07
9.026e-07
1.00755e-06
1.01168e-06
9.5915e-07
7.63946e-07
6.09709e-07
4.64887e-07
3.21931e-07
1.85859e-07
3.69736e-07
2.73601e-07
7.96142e-08
1.95663e-07
5.13474e-08
3.48425e-07
4.63474e-07
4.74591e-07
3.60469e-07
4.1934e-07
4.52667e-07
4.39211e-07
4.77677e-07
4.39598e-07
4.93865e-07
4.02636e-07
6.29682e-07
8.70592e-07
1.09235e-06
1.28679e-06
4.56725e-07
3.5369e-07
2.63954e-07
1.81465e-07
1.44287e-07
1.37698e-07
1.87117e-07
2.23888e-07
2.24807e-07
1.93937e-07
2.39544e-07
3.8995e-07
7.19246e-07
7.0221e-07
7.29421e-07
8.52566e-07
2.12551e-07
5.52266e-07
3.04953e-07
2.64497e-07
8.47523e-07
6.14321e-07
7.35465e-07
6.98216e-07
5.23467e-08
1.31104e-08
1.60629e-09
1.26593e-08
2.75519e-08
7.30804e-08
7.13183e-08
7.08816e-08
7.51469e-08
5.19564e-08
4.40497e-08
4.30111e-08
1.11995e-07
1.82798e-07
2.44549e-07
2.64428e-07
2.07583e-07
2.14601e-07
3.33704e-07
3.82591e-07
3.62413e-07
2.45967e-07
9.77158e-08
8.16788e-08
2.03514e-07
2.53169e-07
1.73188e-07
1.13603e-07
1.25173e-07
1.86941e-07
3.28997e-07
3.84332e-07
3.34556e-07
6.96365e-08
4.09155e-07
1.8287e-07
2.27391e-07
3.24998e-07
4.42131e-07
3.36419e-07
1.82738e-07
1.85176e-07
4.27931e-07
5.65968e-07
6.65579e-07
7.14835e-07
8.07674e-07
9.00833e-07
9.89065e-07
1.02554e-06
1.0105e-06
9.65019e-07
8.56084e-07
6.85934e-07
5.78624e-07
1.66841e-07
2.61152e-07
1.02426e-07
1.00147e-07
4.83428e-08
5.84145e-08
2.61849e-07
4.76593e-07
4.7336e-07
3.94527e-07
4.16296e-07
4.03636e-07
3.16161e-07
3.2424e-07
3.63029e-07
4.78794e-07
6.28274e-07
8.52497e-07
8.95015e-07
6.00059e-07
2.54696e-07
4.75309e-07
3.47071e-07
2.79299e-07
3.04997e-07
2.92662e-07
2.80277e-07
3.18842e-07
2.95372e-07
2.74853e-07
1.7676e-07
1.25809e-07
2.51332e-07
5.00554e-07
7.64634e-07
8.22848e-07
4.97947e-07
8.67228e-07
3.07406e-07
6.54444e-07
8.86306e-07
5.2432e-07
5.65971e-07
7.88985e-07
1.10246e-06
8.9749e-08
2.19147e-08
1.80806e-08
2.11989e-08
6.15302e-08
3.41287e-08
4.89521e-08
7.40276e-08
7.88188e-08
1.75884e-08
1.13697e-07
1.22791e-07
1.36802e-07
2.01788e-07
2.89724e-07
3.16505e-07
3.01488e-07
2.77426e-07
3.8243e-07
4.99712e-07
3.9398e-07
2.80917e-07
1.30989e-07
1.17514e-07
2.2496e-07
3.80531e-07
2.81943e-07
2.55998e-07
2.08932e-07
3.19442e-07
4.67345e-07
3.87234e-07
2.33016e-07
9.45697e-08
1.19179e-07
1.0759e-07
2.25014e-07
4.54866e-07
5.88692e-07
2.23538e-07
2.47414e-07
3.88022e-07
4.71018e-07
5.81413e-07
7.17331e-07
7.30747e-07
7.18395e-07
7.65379e-07
8.20072e-07
8.99778e-07
8.72417e-07
6.00455e-07
6.61251e-07
5.46859e-07
7.9137e-07
3.64706e-07
1.86869e-07
8.70316e-08
2.07977e-07
1.14425e-08
6.12806e-08
2.88774e-07
5.25314e-07
3.73399e-07
4.51711e-07
3.95066e-07
2.9135e-07
2.28759e-07
3.01874e-07
3.21445e-07
5.14963e-07
8.05151e-07
8.41152e-07
7.43203e-07
3.84887e-07
4.24219e-07
3.00757e-07
4.57426e-07
5.01745e-07
6.63192e-07
5.64927e-07
4.18304e-07
4.34134e-07
4.00141e-07
3.20952e-07
1.68002e-07
1.29623e-07
2.20633e-07
4.38208e-07
5.03228e-07
5.99825e-07
8.16625e-07
2.47832e-07
6.86009e-07
6.87731e-07
6.40475e-07
1.67339e-06
1.72121e-06
1.67834e-06
1.7125e-06
8.10827e-08
2.54707e-08
2.5735e-08
2.20003e-08
2.73296e-08
4.12741e-08
3.74411e-08
7.44837e-08
9.18117e-08
8.5288e-08
1.30118e-07
2.78546e-08
3.07373e-08
1.5365e-07
2.76289e-07
3.20525e-07
3.66117e-07
4.13805e-07
4.35637e-07
3.51612e-07
3.61442e-07
2.62681e-07
1.16245e-07
1.12648e-07
2.50605e-07
4.0889e-07
4.70179e-07
3.77506e-07
2.80894e-07
4.23677e-07
5.16685e-07
4.38465e-07
2.76698e-07
1.49024e-07
6.53114e-08
1.84768e-07
3.43483e-07
3.87046e-07
2.84147e-07
3.60861e-07
5.26808e-07
6.23006e-07
6.75117e-07
7.60883e-07
7.31897e-07
6.8784e-07
5.89829e-07
5.90033e-07
6.35412e-07
6.44097e-07
6.18913e-07
5.20614e-07
4.7694e-07
4.53003e-07
6.73531e-07
3.17287e-07
2.81934e-08
8.44325e-08
2.01749e-07
1.86535e-07
3.12855e-07
5.49554e-07
6.05665e-07
5.06435e-07
4.40796e-07
3.75978e-07
2.76481e-07
2.1677e-07
3.1383e-07
4.74182e-07
7.00219e-07
8.18319e-07
5.66529e-07
1.77736e-07
5.39388e-07
8.72333e-07
6.70169e-07
8.24968e-07
9.38284e-07
7.87523e-07
6.32799e-07
4.14812e-07
3.55233e-07
3.01647e-07
2.13539e-07
1.2498e-07
1.73796e-07
2.29511e-07
3.55482e-07
4.80339e-07
5.95813e-07
1.03441e-06
9.82058e-07
2.61272e-07
8.96874e-07
1.70138e-06
1.56245e-06
1.814e-06
1.46426e-06
2.25412e-06
1.97455e-07
1.08161e-07
9.65482e-08
9.45493e-08
4.63262e-08
2.6e-08
6.84724e-08
1.11759e-07
8.24426e-08
4.06503e-08
1.3619e-07
1.48097e-07
8.67325e-08
1.86743e-07
2.11162e-07
3.3298e-07
3.19681e-07
3.48002e-07
3.20675e-07
2.96645e-07
2.90172e-07
2.5803e-07
2.30349e-07
2.94025e-07
3.80291e-07
3.56134e-07
4.31749e-07
6.2487e-07
4.8827e-07
5.47373e-07
3.60538e-07
4.14129e-07
4.12154e-07
1.17157e-07
1.40637e-07
3.44109e-07
6.46719e-07
5.12644e-07
4.67076e-07
5.16272e-07
6.15187e-07
5.74116e-07
7.96905e-07
8.97635e-07
8.57027e-07
6.98209e-07
5.75162e-07
4.98147e-07
4.05172e-07
4.23592e-07
5.53978e-07
6.68282e-07
5.57261e-07
5.46838e-07
5.47712e-07
2.69987e-07
6.19168e-08
9.55239e-08
1.87216e-07
2.19059e-07
2.19125e-07
9.3997e-07
6.87188e-07
5.77088e-07
4.61263e-07
3.41308e-07
2.45935e-07
2.53602e-07
4.12946e-07
5.95175e-07
6.49536e-07
5.51168e-07
1.438e-08
1.04886e-06
5.86409e-07
1.1614e-06
1.22022e-06
1.04304e-06
9.30793e-07
5.8024e-07
5.2735e-07
4.19837e-07
3.49148e-07
2.86051e-07
2.32722e-07
2.17727e-07
2.25934e-07
2.53297e-07
2.96651e-07
4.39374e-07
9.63961e-07
5.78486e-07
2.26519e-07
3.93111e-07
9.47509e-07
1.33992e-06
2.39057e-06
2.68848e-06
5.40511e-07
1.4347e-06
2.01991e-07
1.79124e-07
1.08203e-07
1.15688e-07
1.54051e-07
1.19041e-07
7.74815e-09
1.39275e-07
1.28531e-07
1.04896e-07
1.24819e-07
1.23665e-07
5.63675e-08
7.60564e-08
1.85717e-07
1.76074e-07
2.91979e-07
3.05981e-07
2.76473e-07
2.38411e-07
2.46574e-07
2.44484e-07
2.4228e-07
2.84113e-07
4.14471e-07
3.79957e-07
4.60517e-07
6.17168e-07
8.28672e-07
7.11599e-07
6.4414e-07
4.94048e-07
4.34675e-07
2.87207e-07
2.74812e-07
7.62884e-07
9.03236e-07
6.92304e-07
5.31634e-07
5.2314e-07
5.74595e-07
6.59461e-07
7.00095e-07
8.49679e-07
9.64482e-07
8.10018e-07
5.80456e-07
4.31083e-07
3.39708e-07
2.45652e-07
2.5585e-07
3.92766e-07
4.78137e-07
4.64458e-07
4.15553e-07
3.26921e-07
2.3404e-08
7.64231e-08
1.29242e-07
1.08321e-07
2.80755e-07
1.17788e-06
7.31621e-07
4.23524e-07
3.89916e-07
3.13262e-07
2.36493e-07
2.83845e-07
5.7116e-07
6.53188e-07
5.21517e-07
2.51951e-07
4.39584e-07
5.40302e-07
1.01381e-06
1.62261e-06
1.26815e-06
1.04375e-06
8.01197e-07
1.31151e-06
6.01665e-07
4.545e-07
3.53942e-07
3.13266e-07
3.09847e-07
3.28022e-07
4.04205e-07
3.34486e-07
3.63986e-07
5.25091e-07
6.66722e-07
1.44061e-06
6.93409e-07
3.95233e-07
1.30108e-06
4.86054e-06
6.62312e-07
1.38929e-06
1.31902e-06
1.36494e-06
3.07661e-07
2.43096e-07
2.26575e-07
1.34654e-07
5.92843e-08
5.22616e-08
1.60236e-07
1.63614e-07
1.41293e-07
3.84217e-08
1.16952e-07
1.37697e-07
9.50571e-08
1.82298e-08
1.42545e-07
2.13034e-07
2.27112e-07
2.75466e-07
2.21049e-07
2.11086e-07
2.10762e-07
2.29038e-07
2.05559e-07
2.51852e-07
3.19497e-07
4.38994e-07
4.98428e-07
4.76203e-07
6.57388e-07
9.87049e-07
1.15449e-06
6.31272e-07
3.85685e-07
3.35826e-07
2.52801e-07
4.16982e-07
5.44282e-07
5.52491e-07
4.6857e-07
4.1585e-07
6.43073e-07
6.31369e-07
7.04692e-07
7.24845e-07
7.34196e-07
6.39365e-07
5.01853e-07
4.19341e-07
3.26381e-07
2.45608e-07
2.09633e-07
2.17432e-07
2.90579e-07
4.77229e-07
5.43772e-07
4.20168e-07
4.24789e-08
6.62856e-08
5.10532e-08
9.4048e-11
6.66318e-07
1.23224e-06
6.06946e-07
2.21321e-07
2.55591e-07
2.84426e-07
1.71371e-07
3.53914e-07
6.49004e-07
6.62073e-07
5.19375e-07
1.12103e-07
8.31693e-07
1.18328e-06
1.43179e-06
1.34659e-06
6.83091e-07
7.73954e-07
8.21013e-07
8.72699e-07
1.17518e-06
5.73624e-07
4.49906e-07
4.23921e-07
4.75265e-07
5.87497e-07
6.18466e-07
6.54869e-07
6.29337e-07
3.54078e-07
6.62405e-07
1.24354e-06
1.69417e-06
1.56731e-06
4.07163e-06
3.77783e-06
3.23917e-06
1.25565e-06
7.872e-07
2.87326e-06
2.7296e-07
2.69121e-07
1.14861e-07
7.53701e-08
1.78102e-07
5.90745e-08
1.02461e-07
2.02828e-07
1.85007e-07
3.6874e-08
1.3326e-07
3.14885e-08
9.30799e-08
2.23437e-09
1.1494e-07
2.12609e-07
2.77112e-07
2.43613e-07
2.63927e-07
1.03374e-07
2.12057e-07
1.92329e-07
1.82167e-07
2.3859e-07
3.83849e-07
4.54882e-07
5.07617e-07
5.06511e-07
5.59592e-07
5.68074e-07
1.12206e-06
1.74596e-06
1.14303e-06
9.73164e-07
7.49557e-07
4.95425e-07
4.0247e-07
4.72219e-07
6.05937e-07
7.38618e-07
7.39502e-07
7.01918e-07
7.28832e-07
7.60855e-07
6.62172e-07
5.45516e-07
3.93242e-07
3.45294e-07
3.03635e-07
1.84034e-07
1.1669e-07
1.01171e-07
1.69319e-07
3.32797e-07
5.82202e-07
5.27953e-07
1.54361e-07
1.21807e-08
2.42953e-08
9.54718e-08
1.08048e-06
5.12288e-07
1.7014e-07
8.42543e-08
2.10296e-08
1.75126e-07
1.78065e-07
4.9217e-07
7.49943e-07
7.40797e-07
6.30093e-07
4.05262e-07
1.23008e-06
1.41349e-06
1.13238e-06
5.64006e-07
7.4384e-07
5.82381e-07
8.21982e-07
1.10351e-06
1.07465e-06
6.57806e-07
5.8195e-07
5.15126e-07
5.78646e-07
6.56651e-07
6.12517e-07
6.45854e-07
6.07832e-07
5.89591e-07
1.11485e-07
1.95676e-06
2.14531e-06
6.0551e-08
5.16444e-07
5.45753e-06
3.5049e-07
5.45084e-08
3.65021e-06
3.13716e-07
3.10402e-07
3.03539e-07
2.83482e-07
1.59627e-07
1.53643e-07
1.36712e-07
2.38501e-07
2.36832e-07
2.12292e-07
4.11306e-08
1.30777e-07
1.5777e-07
1.17727e-07
1.15007e-07
1.34939e-07
2.68986e-07
2.66866e-07
2.44051e-07
2.51942e-07
3.83608e-08
1.93824e-07
1.53111e-07
2.61214e-07
2.82652e-07
3.48873e-07
4.65782e-07
5.56348e-07
6.87457e-07
7.52445e-07
8.44047e-07
7.30368e-07
1.1637e-06
1.61694e-06
1.93751e-06
1.62403e-06
1.6232e-06
1.23829e-06
1.14552e-06
8.97057e-07
6.67831e-07
6.44794e-07
7.25974e-07
6.84619e-07
6.66215e-07
5.39015e-07
3.74161e-07
3.23758e-07
3.11796e-07
2.92321e-07
1.90523e-07
1.42816e-07
1.35958e-07
1.38048e-07
1.90942e-07
1.10905e-07
1.51829e-07
7.11985e-08
3.81752e-08
4.26501e-08
4.25763e-07
3.23467e-07
9.90733e-07
1.41208e-07
7.90723e-08
8.90475e-08
7.72988e-09
1.91911e-07
5.07113e-07
7.92025e-07
9.21449e-07
8.65977e-07
7.74747e-07
1.39047e-06
1.33893e-06
8.23088e-07
4.44846e-07
3.48481e-07
4.90986e-07
6.9101e-07
1.25994e-06
1.38415e-06
8.83478e-07
8.12475e-07
6.16788e-07
6.42126e-07
1.02063e-06
8.41331e-07
5.53328e-07
9.83711e-07
5.26822e-07
5.01822e-07
2.03896e-06
2.84053e-06
4.55402e-06
4.31728e-06
1.63232e-06
2.17849e-07
1.91912e-07
3.14923e-06
1.72689e-06
2.6289e-07
3.05199e-07
2.01721e-07
7.46642e-08
1.30892e-07
9.03503e-08
2.81453e-07
2.86295e-07
2.71392e-07
1.57088e-08
2.42394e-07
1.42472e-09
1.65325e-07
1.3956e-09
2.44622e-07
1.80966e-08
3.55471e-07
3.55825e-07
3.81339e-07
2.63108e-07
2.2754e-07
1.80293e-07
1.67032e-07
2.3241e-07
2.60637e-07
4.12467e-07
5.35537e-07
6.06641e-07
7.13647e-07
9.02299e-07
1.1305e-06
1.54677e-06
1.45186e-06
1.59917e-06
1.71446e-06
1.31492e-06
1.10227e-06
8.34363e-07
6.74221e-07
6.06437e-07
5.90293e-07
5.25797e-07
5.00482e-07
4.63554e-07
4.71675e-07
3.91644e-07
3.07347e-07
2.80319e-07
2.35582e-07
1.04108e-07
1.26354e-07
1.6734e-07
9.87781e-08
2.49628e-09
3.9043e-09
7.61779e-08
1.96423e-07
3.62667e-07
2.22893e-07
4.11979e-07
1.83356e-06
6.16849e-07
6.35556e-07
1.00469e-07
7.40296e-08
1.85255e-08
1.47214e-07
4.24194e-07
7.72675e-07
9.69095e-07
1.48565e-06
1.67408e-06
1.82797e-06
1.13475e-06
1.04091e-06
7.89285e-07
6.24051e-07
4.38464e-07
3.71164e-07
1.22247e-06
1.51992e-06
1.39095e-06
1.05286e-06
3.8193e-07
6.34962e-07
3.68978e-07
6.45334e-07
4.92949e-07
8.24948e-07
2.12007e-06
2.69637e-06
2.82277e-06
6.66564e-08
4.54853e-06
4.50055e-06
1.26316e-06
5.49341e-06
5.42825e-07
3.4701e-06
2.14716e-06
2.98931e-07
3.09557e-07
2.24376e-07
9.14144e-08
3.03977e-07
1.33183e-07
2.04074e-07
1.21619e-07
2.43341e-07
4.07388e-08
1.75294e-07
9.22954e-08
2.3587e-07
1.57351e-09
2.83981e-07
3.46874e-07
3.07446e-07
3.65894e-07
3.35915e-07
1.97018e-07
2.49292e-07
2.97831e-07
2.73348e-07
3.30959e-07
3.42792e-07
4.08401e-07
4.31818e-07
5.22311e-07
5.28884e-07
6.07751e-07
7.3393e-07
8.67843e-07
1.08336e-06
1.40005e-06
1.11035e-06
8.92012e-07
6.34575e-07
6.83362e-07
6.62605e-07
5.86661e-07
5.11523e-07
4.61857e-07
4.043e-07
3.54966e-07
2.90728e-07
2.73285e-07
2.93875e-07
3.14885e-07
3.17861e-07
2.44124e-07
1.77186e-07
2.1499e-07
1.99579e-07
6.88557e-08
1.85508e-07
2.46035e-07
3.15957e-07
4.81476e-07
3.63231e-07
1.74926e-06
1.45565e-06
1.07332e-06
9.61448e-08
3.82877e-07
4.34073e-08
7.00633e-08
2.02076e-07
2.90265e-07
8.8067e-07
1.3894e-06
1.10157e-06
1.21376e-06
2.17683e-06
1.39955e-06
9.93622e-07
4.79344e-07
6.72184e-07
5.45404e-07
7.25546e-07
1.2787e-06
1.38777e-06
1.36758e-06
1.06321e-06
7.68218e-07
7.31142e-07
4.97364e-07
3.9425e-07
9.74679e-07
1.47122e-06
8.35823e-07
3.22443e-06
3.60071e-06
4.54384e-06
3.52263e-06
4.30084e-06
1.12888e-07
1.01512e-08
1.85234e-06
1.09508e-06
4.06272e-06
1.3836e-07
2.21805e-07
3.07942e-07
7.32745e-08
1.7919e-07
2.51328e-08
3.42159e-07
4.44906e-08
3.61312e-07
5.61991e-09
3.67656e-07
6.25487e-09
3.27522e-07
1.82752e-08
3.80297e-07
3.70177e-07
3.99349e-07
3.54846e-07
2.7557e-07
3.21421e-08
3.32809e-07
1.94155e-07
3.21204e-07
3.64099e-07
3.43404e-07
4.23734e-07
3.88342e-07
3.98974e-07
4.51003e-07
4.73332e-07
6.14252e-07
6.33746e-07
6.55895e-07
7.04112e-07
6.80478e-07
5.81779e-07
5.96751e-07
4.72937e-07
4.26171e-07
4.20823e-07
4.70623e-07
3.9595e-07
3.60782e-07
2.87813e-07
2.90568e-07
2.954e-07
3.00738e-07
2.7188e-07
2.3902e-07
1.56916e-07
1.57788e-07
2.54425e-07
2.08802e-07
1.97072e-07
3.5787e-07
1.41425e-07
4.25639e-07
6.60724e-07
7.66204e-07
1.59906e-06
1.32616e-06
3.48164e-08
4.92378e-07
2.32505e-07
1.49961e-07
1.36181e-07
1.6281e-07
4.81718e-07
1.14974e-06
7.73449e-07
1.30858e-06
1.40576e-06
2.25384e-06
2.10292e-06
1.36315e-06
9.95742e-07
1.04336e-06
8.42178e-07
8.74993e-07
1.40574e-06
1.50584e-06
1.39045e-06
1.25462e-06
3.22589e-07
7.71842e-07
7.73242e-07
1.18303e-06
1.37697e-06
1.9327e-06
3.23959e-06
3.34776e-06
2.75933e-07
9.52515e-07
2.12147e-06
3.13081e-06
3.06249e-07
3.40822e-06
1.35248e-06
4.51986e-06
9.92579e-08
3.11576e-07
5.05877e-08
2.63926e-07
5.02921e-09
2.64562e-07
1.4734e-07
2.39542e-07
6.54184e-08
2.43818e-07
7.63473e-09
2.61213e-07
9.56317e-09
1.84697e-07
2.42726e-07
1.41743e-07
3.75392e-07
3.58476e-07
9.51453e-09
6.24727e-09
3.51239e-08
9.31318e-08
2.04075e-07
2.36671e-07
4.65204e-07
2.97354e-07
4.41906e-07
3.51618e-07
4.10564e-07
4.01528e-07
4.02338e-07
4.40433e-07
5.32816e-07
4.91589e-07
3.8631e-07
4.04834e-07
4.18966e-07
3.14e-07
3.19451e-07
3.65145e-07
3.69995e-07
3.21687e-07
3.34577e-07
3.27645e-07
3.21448e-07
2.83535e-07
2.56187e-07
3.79931e-07
2.51113e-07
2.64887e-07
2.40468e-07
2.23817e-07
2.58787e-07
2.36931e-07
2.63525e-07
3.39528e-07
4.59003e-07
5.6582e-07
8.41038e-07
1.27271e-06
1.38503e-06
2.79147e-07
4.97898e-07
2.12845e-07
4.5997e-07
5.95667e-07
7.37142e-07
8.60915e-07
6.19503e-07
8.64627e-07
2.25372e-06
2.77975e-06
2.71263e-06
3.3845e-06
4.86768e-06
2.65856e-06
1.9643e-06
1.21017e-06
7.69233e-07
1.27817e-06
1.43947e-06
1.39783e-06
1.38709e-06
1.68278e-06
1.11465e-06
1.12629e-06
1.19501e-06
1.32195e-06
1.95418e-06
1.36559e-06
1.13057e-06
2.70266e-06
9.57538e-07
3.73877e-06
5.26143e-06
2.86985e-06
5.52755e-07
1.38836e-06
3.04214e-06
2.69683e-06
6.48969e-08
4.49047e-08
4.73503e-08
2.532e-07
4.96475e-08
3.24165e-07
3.04983e-08
3.42265e-07
2.72149e-08
3.33396e-07
3.86994e-08
2.93014e-07
1.34371e-07
2.9828e-07
4.31827e-08
3.0046e-07
1.33964e-08
3.61829e-07
1.36123e-09
1.12414e-08
2.94063e-08
7.53792e-08
1.1313e-08
2.44661e-07
1.53535e-07
2.95843e-07
1.45632e-07
3.77764e-07
2.58398e-07
4.17982e-07
3.66014e-07
3.94958e-07
4.28506e-07
4.25263e-07
4.14749e-07
3.92608e-07
3.56373e-07
4.12309e-07
2.88036e-07
3.23619e-07
2.1489e-07
4.49458e-07
3.52986e-07
3.34256e-07
2.75707e-07
2.8799e-07
2.811e-07
3.06214e-07
2.95639e-07
2.64548e-07
2.06774e-07
2.12799e-07
2.39589e-07
1.38967e-07
1.06766e-07
3.08227e-07
3.5554e-07
2.01401e-07
6.84418e-07
7.99297e-07
6.14893e-07
2.79259e-07
4.40511e-09
2.56776e-07
3.77561e-07
4.63068e-07
6.73965e-07
6.25472e-07
7.56238e-07
2.09991e-06
3.09831e-06
3.41833e-06
2.67269e-06
4.03322e-06
2.59673e-06
2.24651e-06
2.23153e-06
1.88337e-06
2.20942e-06
1.92222e-06
1.76824e-06
1.99419e-06
1.55878e-06
1.53388e-06
1.39438e-06
1.5494e-06
5.61062e-07
1.67129e-06
1.41562e-06
1.69605e-06
2.4536e-06
2.42993e-06
2.81167e-06
1.92436e-06
5.54574e-06
8.46822e-06
5.7141e-06
4.38913e-06
2.143e-06
5.74724e-06
1.5076e-06
2.0864e-07
2.072e-08
1.70047e-08
2.24489e-08
4.54977e-08
8.07662e-08
4.74666e-08
1.24539e-08
1.00643e-07
4.78193e-08
1.94724e-07
1.98824e-07
2.57255e-07
1.74292e-07
5.91446e-08
1.58246e-09
9.84185e-09
1.5494e-08
3.01006e-09
4.6467e-08
1.23259e-08
1.20794e-08
1.65857e-08
3.07228e-07
2.88322e-08
3.80487e-07
6.30961e-08
4.14275e-07
2.30441e-07
3.18877e-07
2.99009e-07
3.65532e-07
2.95284e-07
4.14925e-07
2.72506e-07
3.53794e-07
2.23066e-07
7.21083e-08
2.68858e-07
4.873e-08
2.30005e-07
2.63151e-07
2.49023e-07
2.72978e-07
2.72579e-07
2.7642e-07
3.50398e-07
2.32323e-07
2.37602e-07
2.51127e-07
2.46753e-07
2.79484e-07
2.85159e-07
2.91703e-07
3.17182e-07
3.64424e-07
3.68954e-07
5.87246e-07
5.96049e-07
2.58968e-07
4.08365e-08
3.15955e-07
4.65327e-07
4.60956e-07
5.53835e-07
6.57809e-07
8.48105e-07
1.48751e-06
3.18692e-06
2.44321e-06
1.35894e-06
1.33803e-06
2.77479e-06
2.28478e-06
1.66019e-06
2.65342e-06
3.0226e-06
3.67591e-06
2.93857e-06
1.9452e-06
3.70152e-06
3.14546e-06
1.62344e-06
1.64824e-06
1.04357e-06
1.45573e-06
1.52596e-06
2.51209e-06
1.40295e-06
1.46408e-06
1.64731e-06
2.93776e-06
3.70803e-06
1.61955e-06
4.8962e-06
5.33989e-06
2.5949e-06
1.90571e-07
2.03245e-06
3.24437e-06
2.25072e-07
4.84315e-08
3.69821e-08
6.07498e-08
2.94696e-08
1.56569e-07
1.82714e-08
1.36746e-07
6.49303e-09
6.00981e-08
1.6926e-07
6.19856e-08
1.75893e-07
4.91196e-08
6.87456e-08
4.63506e-08
4.48546e-08
5.22589e-08
2.27208e-08
9.95722e-10
3.14971e-08
3.12559e-09
3.26151e-08
5.57867e-09
4.52112e-08
3.46056e-08
8.96929e-08
2.16899e-07
2.68173e-07
5.61934e-07
2.45996e-07
4.53952e-07
1.71075e-07
2.93314e-07
1.60822e-07
2.00924e-07
1.73349e-07
1.47186e-07
1.89128e-07
1.97113e-07
2.59291e-07
3.53671e-07
3.2898e-07
3.23728e-07
3.25727e-07
3.07824e-07
3.45041e-07
3.01588e-07
2.84616e-07
2.63724e-07
2.33918e-07
2.6188e-07
2.59595e-07
2.52774e-07
1.95494e-07
2.58374e-07
1.35606e-07
4.32275e-07
3.84633e-07
8.45889e-08
8.46777e-08
1.72069e-07
4.60711e-07
7.09779e-07
7.84435e-07
1.11511e-06
1.47948e-06
2.21014e-06
2.3918e-06
1.20793e-06
8.55747e-07
5.58787e-07
9.41732e-07
2.57258e-06
2.12813e-06
2.57173e-06
3.35866e-06
4.2076e-06
3.87868e-06
4.53643e-06
5.59703e-06
2.35431e-06
2.5035e-06
2.69216e-06
3.74787e-06
3.442e-06
4.27662e-06
7.27749e-06
5.66435e-06
6.01516e-06
6.0535e-06
3.53551e-06
4.77111e-06
4.87313e-06
1.853e-06
1.50021e-06
1.45449e-06
5.71331e-06
4.02179e-07
1.28058e-05
3.96922e-08
7.57578e-09
6.01554e-08
9.9535e-10
7.6169e-08
2.53053e-08
6.96057e-07
2.8252e-09
8.71696e-08
3.0382e-09
8.26389e-08
3.46302e-09
2.56272e-07
3.29481e-09
2.6035e-07
1.91277e-09
1.43553e-07
9.75672e-10
6.46248e-08
1.74928e-09
5.10255e-08
3.38502e-09
4.48364e-08
4.30159e-09
4.99128e-08
3.60647e-08
5.98978e-08
3.36225e-07
8.25516e-08
6.16734e-07
2.28356e-07
4.19669e-07
1.88188e-07
2.28642e-07
1.65834e-07
1.05491e-07
1.21308e-07
7.9557e-08
1.28462e-07
6.37857e-08
1.40255e-07
6.26227e-08
1.82909e-07
9.29657e-08
2.162e-07
1.27457e-07
3.01335e-07
1.80282e-07
2.49357e-07
1.93089e-07
2.2938e-07
2.85349e-07
3.50352e-07
2.96689e-07
2.17898e-07
2.26743e-07
1.14404e-07
4.37453e-07
6.23481e-07
2.23226e-07
3.86166e-07
5.19921e-07
5.77541e-07
7.33776e-07
1.00909e-06
2.50066e-07
1.91722e-07
1.30105e-06
8.53177e-07
1.00078e-06
9.0835e-07
1.87489e-06
4.33386e-06
3.27297e-06
1.58679e-06
2.44487e-06
5.03137e-06
3.45912e-06
5.03291e-06
4.80583e-06
2.36605e-06
1.82332e-06
1.65495e-06
1.7286e-06
2.06178e-06
2.64671e-06
1.76033e-06
2.39661e-06
1.56294e-06
1.51997e-06
7.72847e-06
8.06534e-08
3.44081e-06
4.85963e-06
1.31029e-06
1.03256e-05
9.07794e-07
4.9416e-06
1.65688e-05
1.26985e-06
8.82158e-11
1.49213e-09
5.41414e-10
5.12028e-08
2.61321e-09
4.85824e-09
1.35066e-09
6.45603e-09
3.31849e-10
1.09371e-08
5.38894e-10
1.00256e-08
1.35773e-09
6.95629e-09
2.57458e-09
5.91632e-09
5.90011e-09
4.72945e-09
4.18591e-09
3.01252e-09
4.79325e-09
1.69619e-09
8.38485e-09
6.1544e-10
1.46346e-08
3.21097e-09
1.87149e-08
4.89328e-09
2.71728e-08
3.69285e-08
6.17057e-08
9.29709e-08
7.82639e-08
9.48881e-08
7.19631e-08
2.12424e-08
4.58068e-08
2.74923e-08
1.47295e-08
7.73252e-09
2.03765e-08
1.34158e-08
2.30405e-08
1.28425e-08
1.36329e-08
7.4228e-09
6.8002e-09
1.11867e-08
1.10166e-08
9.12424e-09
9.69976e-09
9.43011e-09
8.21639e-09
8.52504e-09
7.15012e-09
6.62603e-09
9.36889e-09
1.31358e-08
1.62393e-08
1.43085e-08
1.72445e-08
2.05997e-08
2.74736e-08
1.70743e-08
3.96875e-10
7.43391e-09
3.08984e-08
3.42994e-08
2.20421e-07
2.64676e-08
1.79389e-08
1.39297e-07
2.40323e-07
5.7195e-07
1.78466e-07
1.18846e-07
4.23315e-07
3.44978e-08
5.67374e-08
4.3788e-08
5.6323e-08
1.58175e-07
6.18878e-07
7.61071e-07
2.64512e-06
1.20602e-06
2.67395e-06
1.70581e-05
2.85908e-06
1.64517e-06
7.56158e-06
9.7039e-06
2.56059e-06
3.39494e-06
2.13361e-07
2.17072e-07
3.30757e-08
1.61835e-06
3.66163e-06
6.52607e-07
)
;

boundaryField
{
    AXIS
    {
        type            empty;
    }
    OUTLET
    {
        type            calculated;
        value           nonuniform List<scalar> 
50
(
1.59509e-29
1.13929e-29
9.9885e-30
5.04639e-30
1.43133e-30
1.56738e-31
5.5811e-31
7.05343e-31
9.29604e-31
1.3013e-30
1.31203e-30
1.31986e-30
1.19241e-30
1.07566e-30
9.9613e-31
9.67551e-31
7.6451e-31
9.86273e-31
9.42961e-31
1.05253e-30
1.13713e-30
1.15912e-30
1.32182e-30
1.30724e-30
1.35671e-30
1.11137e-30
8.22442e-31
1.12422e-30
7.05522e-31
8.11834e-31
5.4405e-31
5.32894e-31
8.97727e-31
9.98054e-31
1.42444e-30
1.53434e-30
6.69959e-31
3.94647e-31
1.21652e-30
6.86893e-31
2.2094e-30
1.63155e-30
3.903e-30
2.72209e-30
2.32798e-30
4.03596e-30
4.28321e-30
3.70237e-30
4.34691e-31
1.91483e-31
)
;
    }
    COFLOW
    {
        type            calculated;
        value           nonuniform List<scalar> 
30
(
6.97102e-30
4.32755e-30
1.95379e-30
3.01243e-30
1.94443e-30
2.30194e-30
1.79197e-30
1.88194e-30
1.28884e-30
1.31393e-30
5.64791e-31
2.7509e-31
8.95538e-32
2.52355e-31
5.95681e-31
7.60092e-31
8.30884e-31
7.44869e-31
6.96184e-31
5.04474e-31
4.36521e-31
2.99422e-31
4.73733e-31
3.92675e-31
6.28204e-31
5.51211e-31
8.54973e-31
2.43722e-31
2.90706e-30
2.23052e-31
)
;
    }
    PILOT
    {
        type            calculated;
        value           nonuniform List<scalar> 10(4.64582e-30 1.13343e-29 3.51117e-30 3.3083e-30 3.93996e-31 5.17992e-30 4.12263e-30 7.80278e-31 1.70442e-30 1.27939e-29);
    }
    FUEL
    {
        type            calculated;
        value           nonuniform List<scalar> 10(2.91581e-29 1.05051e-29 6.27974e-29 1.12182e-29 6.47024e-29 4.02679e-29 8.89857e-29 2.10151e-29 9.44171e-29 4.66566e-29);
    }
    WALL
    {
        type            zeroGradient;
    }
    front
    {
        type            wedge;
    }
    back
    {
        type            wedge;
    }
}


// ************************************************************************* //
