/*--------------------------------*- C++ -*----------------------------------*\
| =========                 |                                                 |
| \\      /  F ield         | OpenFOAM: The Open Source CFD Toolbox           |
|  \\    /   O peration     | Version:  2.3.0                                 |
|   \\  /    A nd           | Web:      www.OpenFOAM.org                      |
|    \\/     M anipulation  |                                                 |
\*---------------------------------------------------------------------------*/
FoamFile
{
    version     2.0;
    format      ascii;
    class       volScalarField;
    location    "0.03";
    object      p;
}
// * * * * * * * * * * * * * * * * * * * * * * * * * * * * * * * * * * * * * //

dimensions      [1 -1 -2 0 0 0 0];

internalField   nonuniform List<scalar> 
5000
(
99988.2
100335
100404
100356
100308
100272
100286
100290
100322
100314
100285
100241
100160
100078
100042
99902.9
99930.5
99947.8
100002
100064
100158
100219
100286
100336
100359
100366
100342
100245
100203
99802.6
99735.8
99673.9
99717.1
99898.3
99977.7
100133
100183
100211
100222
100233
100262
100295
100300
100273
100318
100320
100347
100412
100376
100342
100395
100410
100191
100233
100232
100228
100241
100247
100252
100257
100242
100266
100221
100284
100272
100281
100235
100251
100138
100175
100247
100273
100051
100405
100141
100186
100190
100195
100196
100189
100176
100158
100137
100115
100083
100043
100024
100003
100013
100049
100087
100078
100068
99990.1
100040
100010
100035
99869.8
100021
99957.6
99847.7
100337
100403
100356
100316
100273
100287
100294
100312
100317
100294
100259
100178
100104
100052
99929
99944.6
99959
100012
100063
100166
100222
100289
100336
100358
100361
100333
100237
100177
99799.8
99731.8
99672.7
99715.2
99901.5
99977.4
100136
100186
100215
100228
100242
100271
100300
100305
100280
100328
100326
100359
100411
100366
100333
100367
100393
100189
100237
100232
100230
100241
100248
100254
100250
100263
100268
100288
100294
100297
100293
100242
100261
100142
100176
100249
100273
100044
100418
100135
100185
100190
100194
100195
100188
100176
100159
100137
100115
100085
100044
100025
100008
100014
100049
100089
100081
100069
100063
100044
100053
100044
100041
100035
100005
100379
100381
100373
100326
100285
100258
100270
100285
100314
100317
100290
100258
100178
100118
100068
99968.3
99962.9
99980.3
100030
100086
100172
100225
100291
100332
100350
100350
100320
100229
100149
99803
99737.6
99679.4
99722.2
99909.7
99978.2
100140
100190
100218
100230
100246
100275
100303
100304
100279
100326
100332
100345
100391
100331
100299
100346
100397
100177
100244
100234
100235
100245
100251
100254
100260
100255
100270
100277
100292
100295
100289
100249
100243
100162
100183
100263
100252
100033
100436
100119
100183
100191
100193
100195
100188
100176
100158
100138
100116
100084
100044
100024
100004
100013
100046
100095
100089
100089
100068
100067
100058
100054
100045
100043
99989.6
100322
100388
100373
100333
100287
100266
100277
100280
100304
100319
100286
100288
100197
100149
100090
100034
99979.4
100018
100054
100110
100180
100233
100289
100326
100336
100331
100298
100216
100112
99820.6
99740.8
99682.5
99720
99912
99981.3
100151
100194
100223
100238
100257
100284
100308
100310
100284
100336
100346
100336
100357
100278
100278
100321
100410
100161
100252
100236
100238
100249
100253
100258
100258
100268
100274
100283
100294
100296
100288
100251
100227
100179
100169
100251
100217
100036
100445
100100
100181
100192
100193
100194
100188
100175
100158
100138
100116
100084
100043
100025
100004
100012
100049
100097
100091
100085
100070
100066
100058
100051
100045
100044
100003
100583
100431
100343
100294
100255
100259
100274
100263
100296
100312
100272
100314
100222
100183
100125
100117
99995.1
100053
100084
100147
100184
100242
100287
100317
100323
100312
100284
100218
100091
99850
99741.7
99692.7
99726.9
99926.2
99983.5
100166
100201
100229
100247
100270
100297
100317
100313
100284
100335
100351
100326
100289
100213
100221
100248
100415
100146
100258
100236
100240
100250
100253
100256
100259
100261
100272
100282
100292
100295
100290
100245
100227
100179
100167
100193
100103
100124
100463
100066
100176
100192
100193
100194
100189
100176
100159
100139
100116
100084
100041
100023
100001
100010
100045
100103
100089
100093
100070
100067
100058
100053
100044
100043
99995.2
100602
100483
100345
100285
100257
100254
100276
100255
100282
100291
100284
100325
100245
100229
100174
100168
100041
100101
100119
100183
100178
100255
100284
100305
100303
100288
100258
100215
100071
99885.5
99750.1
99706.2
99727.5
99947.8
99992.3
100185
100210
100232
100258
100281
100303
100320
100311
100292
100324
100377
100274
100240
100173
100186
100238
100427
100122
100270
100236
100244
100251
100255
100258
100258
100266
100275
100284
100291
100296
100288
100246
100223
100173
100164
100158
100162
100058
100476
100033
100171
100192
100192
100194
100187
100177
100158
100139
100115
100085
100039
100021
99999.2
100009
100045
100106
100089
100092
100073
100068
100059
100053
100044
100040
100001
100841
100497
100321
100263
100232
100246
100260
100251
100262
100270
100275
100290
100278
100273
100219
100213
100092
100142
100144
100216
100170
100265
100277
100287
100285
100266
100249
100239
100062
99930.1
99714.4
99753.8
99741.2
99960.4
100002
100199
100217
100241
100271
100296
100316
100327
100313
100293
100327
100324
100240
100221
100155
100144
100098
100470
100107
100282
100231
100245
100251
100254
100257
100259
100265
100275
100283
100290
100291
100288
100246
100219
100166
100156
100150
100138
100123
100456
100031
100161
100193
100191
100193
100186
100176
100159
100140
100115
100085
100038
100014
99995
100002
100041
100111
100087
100095
100071
100066
100057
100053
100042
100038
100001
100725
100498
100312
100264
100252
100252
100239
100260
100241
100236
100271
100292
100298
100341
100291
100242
100136
100162
100162
100239
100159
100267
100267
100269
100267
100238
100228
100211
100070
99959.2
99749.5
99768
99772.7
99984.1
100018
100210
100222
100254
100286
100308
100321
100330
100315
100292
100318
100302
100224
100199
100146
100107
100147
100385
100118
100297
100228
100248
100253
100256
100259
100259
100267
100277
100285
100287
100292
100288
100246
100213
100159
100144
100139
100148
100125
100396
100029
100155
100193
100190
100192
100185
100176
100159
100140
100115
100084
100036
100012
99987.9
99997.2
100040
100115
100082
100096
100073
100068
100060
100055
100042
100035
100004
100893
100456
100279
100232
100225
100234
100225
100229
100205
100175
100263
100314
100275
100360
100327
100257
100200
100166
100155
100236
100133
100266
100252
100249
100247
100224
100229
100235
100151
99939.8
99836.1
99755.6
99734.6
99994.4
100074
100206
100226
100267
100301
100321
100329
100335
100313
100300
100318
100279
100196
100160
100144
100094
100139
100130
100178
100304
100224
100248
100253
100257
100259
100261
100268
100278
100286
100289
100292
100288
100245
100211
100156
100139
100127
100147
100117
100384
100040
100164
100193
100190
100191
100184
100176
100159
100140
100116
100082
100036
100009
99982.9
99984
100037
100124
100077
100098
100071
100066
100058
100053
100041
100032
100005
100698
100356
100289
100279
100278
100278
100192
100198
100124
100125
100268
100295
100271
100376
100352
100256
100252
100151
100152
100215
100105
100269
100236
100230
100233
100221
100223
100284
100145
100005
99869
99751.5
99766.8
99747
100179
100173
100233
100280
100314
100327
100335
100330
100311
100304
100314
100275
100164
100125
100162
100050
100133
100137
100287
100276
100226
100250
100255
100258
100261
100260
100268
100278
100285
100288
100292
100289
100241
100208
100148
100135
100116
100146
100105
100385
100057
100176
100192
100190
100190
100184
100175
100159
100141
100115
100081
100038
100006
99979
99978.1
100023
100137
100068
100099
100072
100068
100060
100055
100042
100033
100007
100226
100236
100218
100220
100233
100239
100208
100189
100130
99932.7
100262
100264
100285
100382
100364
100288
100235
100190
100116
100109
100132
100263
100217
100227
100228
100214
100228
100255
100156
100044
99879.7
99780
99710.7
99684.2
100368
100154
100246
100291
100324
100333
100336
100347
100319
100314
100307
100245
100149
100086
100141
100029
100149
100136
100340
100265
100225
100251
100257
100260
100262
100262
100267
100280
100284
100288
100291
100288
100243
100202
100149
100131
100113
100143
100114
100345
100097
100183
100194
100190
100189
100183
100175
100159
100142
100115
100082
100035
100005
99974.3
99970.6
100003
100149
100061
100101
100071
100066
100058
100054
100041
100030
100008
100288
100271
100253
100244
100237
100231
100208
100159
100122
100009
100279
100191
100270
100386
100365
100309
100208
100184
100074
100162
100137
100225
100206
100207
100227
100222
100230
100245
100179
100076
99857.3
99827.6
99714.7
99698.4
100423
100151
100255
100302
100329
100337
100338
100342
100328
100322
100299
100240
100133
100044
100076
100020
100130
100131
100337
100268
100225
100253
100258
100263
100264
100264
100266
100281
100282
100287
100289
100286
100238
100203
100161
100110
100116
100142
100116
100314
100127
100188
100195
100190
100189
100182
100175
100159
100143
100115
100081
100030
100007
99970
99966.1
99986.8
100152
100054
100102
100071
100067
100059
100055
100042
100030
100009
100217
100218
100210
100212
100213
100214
100200
100171
100105
100056
100175
100203
100267
100349
100373
100304
100213
100172
100095
100124
100147
100204
100200
100216
100224
100222
100231
100227
100191
100162
99871.9
99837.1
99725.1
99742.2
100403
100164
100260
100309
100334
100334
100357
100348
100336
100334
100290
100238
100102
100022
100040
100010
100115
100139
100309
100269
100227
100255
100258
100264
100265
100265
100266
100285
100282
100286
100288
100286
100236
100204
100159
100104
100128
100149
100131
100286
100148
100192
100196
100191
100188
100182
100175
100160
100143
100116
100081
100028
100008
99962.3
99960
99969.6
100141
100050
100103
100069
100066
100058
100054
100040
100029
100010
100218
100214
100210
100210
100207
100202
100192
100170
100142
100077
100136
100273
100273
100332
100346
100288
100213
100152
100109
100136
100148
100186
100211
100216
100227
100228
100228
100227
100165
100235
99919
99818.2
99751.1
99791.7
100342
100177
100263
100311
100332
100333
100358
100360
100341
100358
100274
100174
100081
99987
99998.1
99996.8
100095
100158
100269
100273
100228
100254
100259
100265
100265
100266
100267
100281
100281
100284
100287
100282
100233
100210
100166
100123
100136
100149
100142
100264
100165
100195
100196
100190
100187
100182
100174
100160
100143
100115
100080
100027
100005
99959.3
99954.3
99956.6
100124
100045
100103
100069
100066
100057
100055
100040
100029
100010
100177
100192
100197
100198
100197
100195
100185
100168
100146
100122
100143
100244
100279
100353
100317
100284
100216
100172
100136
100142
100158
100195
100223
100219
100229
100231
100226
100219
100125
100047
99941.5
99756.1
99768.7
99796.5
100274
100199
100264
100310
100324
100327
100374
100369
100347
100363
100296
100231
100036
99966.3
99965.6
99987.4
100073
100184
100232
100269
100232
100253
100258
100266
100264
100266
100269
100278
100281
100283
100286
100275
100237
100207
100170
100131
100139
100154
100153
100248
100176
100195
100196
100191
100187
100182
100174
100160
100144
100115
100080
100025
99998.3
99960.9
99948.1
99950
100104
100047
100101
100069
100064
100056
100053
100039
100027
100011
100179
100188
100195
100194
100192
100188
100179
100168
100155
100138
100164
100231
100284
100292
100291
100264
100219
100184
100160
100161
100167
100202
100216
100226
100231
100234
100227
100220
100104
99985.6
99948.3
99801.8
99805.2
99867.4
100202
100213
100270
100302
100334
100329
100380
100362
100345
100364
100307
100284
100005
99945.5
99941.5
99985
100042
100219
100200
100266
100235
100253
100256
100265
100265
100270
100271
100276
100280
100282
100284
100272
100237
100208
100173
100148
100143
100156
100162
100237
100184
100196
100197
100191
100186
100180
100174
100160
100144
100114
100077
100025
99990.8
99965.3
99944.4
99950.1
100084
100053
100098
100069
100064
100055
100053
100039
100028
100011
100189
100185
100189
100189
100187
100182
100176
100167
100156
100151
100166
100221
100253
100269
100269
100250
100222
100195
100178
100182
100191
100206
100221
100229
100234
100235
100223
100214
100089
99986.6
99933.2
99858.4
99848
99915.1
100158
100224
100265
100300
100322
100313
100363
100352
100345
100361
100317
100319
99984
99952.1
99924.4
99991.6
100027
100222
100189
100257
100238
100251
100254
100264
100267
100269
100271
100275
100280
100280
100282
100268
100240
100212
100180
100157
100149
100160
100170
100225
100188
100195
100198
100191
100185
100181
100173
100159
100143
100114
100075
100025
99985.8
99967.2
99939.7
99953.6
100068
100051
100094
100068
100062
100055
100052
100038
100029
100009
100190
100186
100188
100186
100183
100178
100172
100164
100157
100153
100169
100205
100228
100241
100246
100236
100219
100201
100190
100191
100200
100212
100224
100231
100235
100235
100221
100203
100104
100056
99967.1
99912.1
99905.3
99979.1
100147
100225
100261
100282
100316
100317
100344
100344
100346
100358
100314
100323
99986
99972.3
99918
99996
100023
100210
100189
100251
100241
100248
100249
100265
100268
100272
100272
100274
100279
100279
100280
100264
100242
100215
100183
100169
100153
100163
100176
100218
100191
100196
100198
100191
100185
100180
100173
100159
100142
100112
100074
100025
99983.6
99968.8
99934.8
99951.3
100056
100051
100090
100068
100060
100054
100052
100038
100028
100009
100196
100186
100185
100183
100180
100175
100169
100162
100156
100154
100165
100189
100210
100222
100230
100224
100215
100204
100198
100202
100208
100219
100229
100235
100237
100234
100220
100202
100121
100083
99988.6
99965.1
99952
100018
100139
100216
100244
100274
100314
100316
100339
100336
100340
100355
100309
100303
100021
99984.9
99912
100008
100036
100195
100195
100251
100240
100248
100251
100274
100268
100271
100272
100273
100278
100277
100277
100261
100244
100218
100192
100177
100161
100167
100180
100210
100193
100196
100198
100191
100185
100180
100172
100157
100141
100112
100073
100025
99982.6
99971.1
99931.4
99947.4
100045
100048
100085
100067
100057
100053
100051
100037
100029
100009
100207
100188
100186
100182
100178
100172
100166
100159
100154
100152
100161
100177
100195
100204
100214
100213
100210
100204
100202
100207
100214
100224
100233
100238
100238
100234
100219
100201
100138
100097
100024
100004
99990.8
100051
100139
100212
100238
100278
100304
100313
100333
100333
100333
100347
100303
100298
100069
100023
99931.9
100021
100049
100185
100206
100251
100240
100244
100249
100275
100268
100271
100272
100273
100278
100277
100275
100259
100245
100222
100195
100180
100171
100171
100183
100204
100195
100196
100199
100191
100185
100179
100170
100156
100140
100110
100072
100026
99984.3
99969.7
99934.1
99943.2
100040
100046
100080
100068
100058
100053
100050
100037
100028
100009
100190
100187
100184
100179
100175
100169
100164
100157
100152
100149
100155
100166
100181
100190
100201
100203
100204
100203
100205
100212
100220
100228
100238
100241
100240
100233
100218
100200
100152
100123
100063
100047
100038
100084
100154
100208
100244
100277
100298
100309
100325
100327
100328
100333
100304
100314
100104
100043
99970.4
100027
100075
100175
100211
100245
100239
100242
100246
100271
100268
100269
100272
100272
100277
100275
100273
100258
100246
100224
100202
100186
100178
100175
100186
100200
100195
100196
100199
100191
100182
100178
100168
100154
100138
100109
100072
100026
99988.3
99965.1
99944.4
99938.6
100032
100043
100076
100067
100057
100054
100050
100036
100028
100008
100194
100187
100182
100176
100171
100165
100159
100152
100148
100144
100148
100156
100168
100176
100186
100191
100196
100200
100206
100215
100225
100234
100241
100244
100241
100233
100219
100200
100164
100132
100082
100073
100062
100100
100152
100210
100243
100271
100292
100303
100317
100316
100319
100319
100300
100292
100134
100071
100018
100051
100102
100181
100213
100247
100253
100246
100252
100265
100266
100267
100272
100271
100276
100275
100271
100257
100247
100227
100206
100191
100184
100179
100189
100198
100196
100196
100198
100189
100183
100176
100168
100153
100136
100108
100072
100029
99992.3
99959.2
99954.9
99939.5
100028
100041
100071
100068
100058
100055
100050
100036
100028
100008
100186
100182
100177
100172
100166
100161
100155
100148
100143
100139
100141
100146
100155
100162
100173
100180
100188
100196
100206
100218
100228
100238
100243
100245
100242
100233
100219
100200
100172
100141
100105
100093
100077
100119
100164
100204
100239
100265
100284
100295
100306
100306
100309
100305
100289
100259
100144
100092
100058
100075
100122
100181
100230
100246
100246
100240
100248
100262
100265
100266
100270
100271
100275
100274
100268
100258
100248
100229
100211
100196
100189
100183
100191
100196
100196
100195
100197
100186
100182
100174
100166
100151
100134
100107
100073
100031
99997
99966.4
99960.1
99952.9
100024
100037
100068
100067
100060
100056
100051
100036
100030
100007
100180
100177
100172
100167
100161
100155
100149
100143
100138
100135
100136
100139
100146
100153
100163
100172
100183
100195
100208
100221
100232
100240
100245
100246
100242
100232
100219
100201
100180
100154
100127
100114
100105
100129
100162
100203
100232
100257
100275
100284
100293
100292
100297
100292
100272
100250
100162
100111
100088
100091
100139
100187
100223
100234
100239
100240
100249
100258
100264
100264
100269
100271
100272
100273
100266
100258
100248
100231
100214
100200
100193
100188
100193
100195
100196
100195
100195
100186
100182
100173
100165
100150
100133
100106
100075
100035
100005
99981.1
99967.1
99967
100023
100033
100064
100064
100061
100058
100052
100036
100031
100007
100171
100168
100165
100160
100155
100150
100144
100139
100135
100132
100133
100136
100143
100150
100160
100171
100184
100197
100211
100223
100234
100241
100245
100246
100241
100232
100219
100202
100183
100162
100143
100132
100127
100147
100169
100199
100226
100247
100263
100270
100277
100277
100280
100276
100260
100241
100172
100133
100117
100116
100163
100204
100224
100227
100234
100242
100247
100254
100260
100264
100266
100271
100271
100272
100265
100258
100248
100232
100217
100204
100197
100191
100194
100195
100196
100195
100193
100186
100181
100172
100164
100148
100130
100105
100077
100040
100010
99988.3
99977.9
99976.7
100025
100029
100060
100063
100060
100061
100053
100036
100032
100005
100162
100160
100157
100154
100149
100144
100140
100136
100134
100133
100135
100139
100146
100154
100165
100176
100190
100203
100216
100227
100236
100242
100245
100245
100240
100231
100218
100203
100188
100170
100156
100146
100143
100156
100174
100197
100219
100237
100250
100256
100262
100261
100264
100258
100247
100222
100181
100142
100131
100126
100168
100208
100228
100222
100234
100238
100244
100252
100258
100262
100265
100269
100270
100270
100264
100258
100248
100234
100220
100207
100200
100194
100196
100196
100197
100194
100193
100185
100181
100171
100162
100147
100129
100105
100078
100047
100020
100002
99989.5
99990.2
100027
100029
100056
100064
100057
100059
100052
100036
100032
100004
100153
100151
100149
100147
100144
100141
100138
100136
100136
100137
100141
100146
100154
100163
100174
100186
100198
100210
100221
100230
100237
100242
100245
100243
100238
100229
100218
100205
100191
100177
100167
100159
100159
100167
100179
100196
100213
100228
100239
100244
100248
100247
100248
100243
100233
100213
100184
100154
100140
100141
100175
100198
100213
100220
100229
100234
100241
100249
100254
100260
100264
100268
100269
100269
100263
100258
100248
100235
100222
100210
100203
100197
100197
100196
100196
100194
100192
100185
100180
100171
100161
100145
100126
100103
100082
100051
100025
100011
99999.9
99998.2
100031
100030
100056
100063
100058
100058
100051
100035
100030
100004
100146
100145
100144
100143
100141
100140
100140
100140
100142
100146
100151
100158
100167
100177
100188
100198
100209
100218
100226
100233
100239
100243
100243
100241
100236
100228
100218
100206
100194
100183
100175
100169
100169
100175
100184
100197
100209
100221
100229
100234
100236
100236
100236
100230
100223
100206
100184
100162
100152
100150
100174
100195
100211
100215
100221
100231
100237
100245
100252
100258
100263
100267
100268
100268
100263
100258
100248
100236
100224
100213
100206
100199
100199
100197
100197
100194
100192
100185
100180
100171
100160
100144
100127
100102
100084
100058
100035
100021
100010
100008
100037
100036
100053
100065
100059
100055
100049
100035
100029
100006
100143
100143
100142
100142
100142
100143
100144
100147
100151
100157
100164
100173
100182
100192
100202
100211
100219
100226
100231
100236
100240
100242
100242
100238
100233
100226
100217
100207
100198
100189
100183
100178
100178
100181
100188
100197
100207
100216
100223
100226
100228
100228
100227
100222
100214
100201
100185
100168
100161
100163
100178
100188
100201
100211
100219
100226
100233
100242
100249
100256
100262
100266
100267
100267
100262
100257
100248
100237
100226
100216
100209
100202
100201
100198
100198
100195
100192
100185
100180
100170
100159
100143
100126
100104
100087
100062
100043
100030
100022
100019
100039
100033
100063
100055
100060
100054
100047
100033
100029
100004
100147
100147
100147
100148
100149
100151
100154
100159
100164
100171
100179
100188
100198
100207
100215
100222
100228
100232
100236
100239
100241
100241
100240
100236
100231
100225
100217
100208
100200
100193
100189
100185
100185
100187
100192
100198
100206
100213
100219
100221
100223
100222
100220
100215
100207
100196
100184
100172
100167
100166
100176
100187
100200
100207
100212
100223
100231
100240
100248
100255
100260
100265
100266
100266
100262
100256
100248
100238
100228
100219
100212
100205
100203
100200
100198
100195
100192
100185
100180
100170
100159
100143
100127
100106
100088
100067
100048
100035
100025
100023
100046
100047
100056
100056
100058
100051
100047
100033
100028
100004
100157
100157
100158
100159
100161
100164
100167
100172
100178
100185
100193
100202
100211
100219
100226
100231
100235
100237
100239
100240
100241
100240
100238
100234
100229
100223
100216
100209
100203
100198
100194
100191
100191
100192
100196
100200
100206
100212
100216
100219
100219
100218
100215
100210
100203
100193
100183
100175
100171
100171
100180
100187
100195
100204
100212
100221
100231
100240
100247
100254
100259
100263
100265
100264
100260
100255
100247
100238
100229
100221
100214
100208
100205
100201
100199
100196
100192
100185
100179
100169
100158
100143
100129
100109
100092
100071
100058
100045
100037
100031
100037
100046
100057
100056
100058
100050
100046
100031
100028
100001
100175
100175
100176
100176
100178
100180
100183
100187
100192
100198
100205
100212
100220
100226
100232
100236
100238
100239
100240
100240
100240
100239
100236
100232
100227
100222
100216
100210
100205
100201
100198
100196
100196
100197
100199
100203
100208
100213
100217
100218
100217
100215
100212
100207
100201
100193
100185
100179
100176
100177
100182
100189
100197
100204
100211
100221
100230
100240
100247
100253
100258
100261
100263
100262
100259
100254
100247
100238
100230
100223
100217
100211
100207
100203
100200
100196
100192
100185
100179
100169
100158
100144
100130
100112
100095
100078
100065
100053
100044
100039
100049
100050
100056
100054
100054
100048
100045
100031
100027
99999.5
100196
100196
100196
100196
100196
100197
100198
100200
100203
100207
100212
100218
100223
100228
100232
100235
100237
100238
100238
100238
100238
100236
100234
100230
100226
100222
100217
100212
100208
100205
100202
100201
100200
100201
100203
100206
100211
100215
100217
100218
100217
100214
100210
100205
100200
100193
100187
100183
100181
100182
100187
100192
100198
100206
100213
100222
100231
100240
100247
100252
100256
100259
100260
100260
100257
100252
100245
100237
100230
100224
100218
100213
100209
100205
100201
100197
100192
100185
100178
100168
100157
100144
100132
100115
100101
100084
100072
100060
100052
100045
100049
100052
100055
100054
100054
100048
100044
100028
100027
99996.2
100217
100217
100216
100215
100214
100213
100212
100212
100212
100214
100216
100219
100222
100225
100228
100230
100232
100234
100234
100235
100234
100233
100232
100229
100225
100222
100218
100214
100210
100208
100206
100205
100205
100205
100207
100210
100213
100216
100217
100217
100216
100213
100210
100205
100200
100195
100191
100187
100186
100187
100190
100195
100201
100208
100215
100223
100232
100240
100246
100251
100254
100256
100257
100257
100254
100250
100243
100237
100230
100224
100219
100214
100210
100206
100202
100197
100192
100185
100177
100167
100156
100144
100132
100117
100103
100088
100076
100065
100057
100052
100055
100053
100055
100051
100051
100044
100044
100029
100026
99994.9
100235
100234
100232
100230
100228
100225
100222
100220
100218
100217
100216
100217
100218
100219
100221
100223
100224
100226
100228
100229
100230
100230
100229
100227
100225
100222
100219
100216
100213
100211
100210
100208
100208
100209
100210
100212
100214
100215
100216
100215
100214
100212
100209
100204
100200
100196
100192
100190
100190
100191
100194
100198
100204
100211
100218
100225
100233
100240
100245
100249
100252
100253
100254
100254
100251
100247
100241
100235
100230
100224
100220
100215
100211
100207
100203
100198
100192
100184
100177
100167
100156
100145
100133
100119
100106
100092
100080
100070
100062
100056
100056
100055
100054
100051
100051
100043
100043
100025
100024
99992.6
100246
100245
100243
100241
100237
100234
100230
100226
100222
100219
100216
100215
100214
100213
100214
100215
100216
100218
100220
100222
100224
100225
100226
100226
100225
100223
100221
100218
100215
100214
100213
100212
100211
100212
100213
100214
100214
100215
100215
100214
100213
100210
100208
100204
100201
100198
100195
100194
100194
100195
100198
100203
100208
100214
100220
100227
100234
100240
100244
100247
100249
100250
100251
100250
100248
100244
100239
100234
100229
100225
100221
100216
100212
100208
100203
100198
100191
100185
100176
100167
100156
100145
100133
100120
100108
100095
100084
100074
100066
100061
100059
100056
100054
100049
100048
100041
100044
100027
100028
99989.9
100251
100250
100248
100246
100242
100238
100234
100230
100225
100221
100217
100214
100212
100210
100210
100210
100211
100212
100214
100217
100219
100221
100223
100224
100224
100223
100222
100220
100217
100216
100215
100214
100214
100214
100214
100214
100214
100214
100213
100212
100210
100208
100206
100203
100201
100198
100197
100197
100198
100201
100204
100209
100213
100219
100224
100230
100235
100239
100243
100245
100246
100247
100247
100246
100244
100240
100236
100232
100228
100224
100221
100217
100213
100208
100203
100197
100191
100184
100176
100167
100157
100146
100134
100122
100110
100098
100086
100077
100069
100063
100060
100056
100054
100049
100049
100040
100038
100021
100020
99988.6
100251
100251
100249
100247
100244
100241
100237
100233
100228
100224
100220
100217
100214
100212
100210
100209
100210
100210
100212
100214
100216
100218
100220
100221
100222
100223
100222
100221
100219
100217
100217
100216
100215
100215
100214
100213
100213
100212
100211
100210
100209
100207
100205
100203
100201
100200
100200
100201
100203
100205
100209
100213
100218
100223
100227
100231
100235
100238
100241
100242
100243
100244
100244
100242
100240
100237
100234
100230
100228
100224
100221
100217
100213
100208
100203
100198
100191
100184
100176
100167
100157
100146
100135
100123
100112
100100
100090
100080
100073
100067
100062
100057
100054
100048
100047
100039
100045
100021
100029
99983.4
100248
100248
100247
100245
100243
100241
100238
100235
100232
100228
100225
100222
100219
100216
100214
100213
100212
100212
100213
100214
100215
100216
100218
100220
100221
100221
100222
100221
100220
100218
100217
100216
100215
100214
100213
100212
100212
100211
100210
100208
100207
100205
100204
100203
100202
100203
100204
100205
100208
100211
100215
100219
100222
100226
100230
100233
100235
100238
100239
100240
100240
100240
100239
100238
100236
100234
100232
100228
100226
100223
100221
100216
100213
100208
100203
100198
100192
100185
100177
100167
100158
100147
100136
100125
100114
100103
100092
100083
100075
100068
100063
100057
100054
100048
100048
100039
100038
100019
100029
99981.6
100244
100244
100243
100243
100242
100240
100239
100237
100235
100232
100230
100228
100225
100223
100221
100219
100218
100217
100217
100216
100217
100217
100218
100219
100220
100220
100221
100220
100220
100219
100218
100217
100216
100214
100213
100211
100210
100209
100208
100207
100206
100205
100205
100205
100205
100206
100208
100210
100213
100216
100219
100222
100225
100228
100231
100233
100234
100236
100236
100237
100237
100237
100235
100234
100232
100231
100229
100227
100225
100222
100220
100216
100212
100208
100203
100198
100192
100185
100177
100167
100158
100147
100137
100126
100116
100105
100095
100086
100078
100070
100065
100058
100054
100047
100048
100037
100045
100018
100032
99979.2
100240
100240
100240
100239
100239
100239
100238
100237
100236
100235
100234
100232
100231
100229
100227
100225
100224
100223
100221
100221
100220
100220
100219
100219
100220
100220
100220
100219
100219
100218
100217
100216
100215
100213
100213
100211
100210
100209
100208
100208
100207
100207
100207
100208
100209
100211
100213
100215
100217
100220
100223
100225
100227
100229
100231
100232
100233
100234
100234
100234
100233
100233
100231
100231
100229
100228
100227
100225
100224
100221
100220
100215
100213
100209
100205
100199
100193
100185
100176
100167
100158
100148
100138
100127
100117
100107
100097
100087
100079
100071
100066
100059
100057
100046
100046
100033
100035
100017
100033
99976.6
100235
100235
100235
100235
100236
100236
100236
100236
100235
100235
100235
100234
100233
100232
100231
100229
100228
100227
100225
100224
100223
100222
100221
100220
100220
100219
100219
100219
100218
100217
100217
100216
100215
100215
100213
100212
100211
100211
100211
100210
100210
100211
100211
100212
100214
100215
100217
100219
100220
100222
100224
100226
100227
100228
100229
100230
100230
100231
100231
100231
100231
100230
100229
100228
100227
100226
100225
100223
100222
100220
100219
100215
100213
100209
100205
100199
100192
100185
100176
100167
100158
100148
100139
100128
100119
100108
100099
100089
100082
100073
100067
100060
100057
100052
100049
100033
100043
100010
100032
99974.4
100230
100230
100230
100230
100231
100231
100231
100232
100232
100232
100232
100232
100232
100231
100231
100230
100229
100228
100226
100225
100223
100222
100221
100220
100219
100218
100218
100217
100216
100216
100216
100215
100215
100214
100214
100214
100213
100214
100214
100214
100214
100215
100216
100217
100218
100219
100220
100221
100222
100223
100224
100225
100226
100227
100228
100228
100229
100229
100229
100230
100229
100229
100227
100227
100226
100225
100224
100222
100221
100219
100218
100215
100212
100209
100205
100199
100193
100185
100177
100168
100159
100149
100140
100129
100120
100109
100100
100090
100082
100073
100067
100059
100054
100045
100041
100030
100032
100010
100030
99972.5
100224
100224
100224
100225
100225
100226
100226
100227
100228
100228
100228
100229
100229
100228
100228
100228
100227
100226
100225
100224
100222
100221
100220
100219
100218
100217
100216
100216
100216
100215
100215
100215
100215
100215
100215
100216
100216
100216
100217
100217
100218
100218
100219
100220
100220
100221
100222
100222
100223
100223
100224
100225
100225
100226
100226
100227
100228
100228
100229
100229
100229
100229
100228
100227
100226
100225
100224
100222
100221
100219
100217
100214
100211
100209
100204
100199
100192
100185
100177
100168
100160
100150
100141
100130
100121
100110
100101
100091
100083
100074
100068
100060
100057
100050
100048
100030
100038
99999.7
100025
99970.3
100218
100219
100219
100219
100220
100221
100221
100222
100222
100223
100224
100224
100224
100224
100224
100224
100223
100223
100222
100221
100220
100219
100218
100217
100216
100216
100215
100215
100215
100215
100215
100215
100215
100216
100216
100217
100217
100218
100218
100219
100219
100220
100221
100221
100222
100222
100223
100223
100223
100224
100224
100225
100225
100226
100227
100227
100228
100229
100229
100230
100229
100229
100229
100228
100227
100226
100224
100222
100220
100218
100217
100214
100211
100209
100203
100198
100192
100185
100177
100169
100160
100151
100142
100131
100121
100110
100101
100090
100081
100071
100064
100056
100051
100045
100040
100028
100030
100010
100026
99966.3
100216
100216
100217
100217
100217
100218
100219
100219
100220
100220
100221
100221
100221
100221
100222
100221
100221
100221
100220
100220
100219
100218
100218
100217
100217
100217
100217
100216
100217
100216
100217
100217
100217
100218
100218
100218
100219
100219
100220
100220
100221
100221
100222
100222
100223
100223
100223
100223
100224
100224
100225
100225
100226
100226
100227
100228
100229
100229
100230
100230
100230
100229
100229
100228
100227
100225
100224
100222
100220
100218
100215
100213
100210
100207
100202
100197
100191
100184
100177
100169
100161
100151
100142
100132
100122
100111
100101
100091
100082
100073
100067
100059
100055
100046
100044
100027
100033
99996
100002
99969.1
100218
100218
100218
100218
100218
100219
100219
100220
100220
100220
100220
100221
100220
100221
100220
100221
100220
100221
100220
100220
100220
100220
100219
100220
100219
100219
100219
100220
100220
100220
100220
100220
100220
100221
100221
100221
100221
100222
100222
100222
100223
100223
100223
100224
100224
100224
100224
100225
100225
100225
100226
100226
100227
100227
100228
100228
100229
100229
100229
100229
100229
100228
100227
100226
100225
100224
100222
100220
100219
100217
100214
100212
100208
100205
100200
100196
100191
100184
100177
100169
100161
100152
100143
100132
100123
100111
100102
100090
100080
100069
100063
100055
100049
100041
100037
100024
100022
100005
100019
99965.9
100223
100223
100223
100223
100223
100223
100224
100223
100224
100223
100223
100223
100223
100223
100223
100223
100223
100223
100223
100223
100223
100223
100223
100223
100224
100224
100224
100225
100225
100225
100225
100225
100225
100225
100225
100225
100225
100225
100225
100225
100225
100225
100225
100225
100225
100225
100225
100225
100226
100226
100226
100227
100227
100227
100227
100227
100227
100227
100227
100227
100226
100225
100225
100224
100223
100222
100220
100218
100217
100214
100212
100210
100207
100203
100199
100194
100189
100183
100176
100169
100161
100151
100142
100132
100123
100112
100102
100091
100083
100073
100065
100057
100053
100042
100039
100027
100029
100001
100020
99968
100227
100227
100227
100228
100227
100228
100226
100228
100226
100227
100226
100227
100225
100227
100225
100227
100225
100227
100226
100227
100226
100228
100227
100228
100228
100229
100229
100230
100230
100230
100230
100231
100230
100230
100230
100230
100229
100229
100228
100228
100227
100227
100226
100226
100226
100226
100226
100226
100226
100227
100227
100227
100227
100227
100227
100226
100226
100225
100224
100224
100223
100223
100222
100222
100221
100220
100218
100217
100215
100213
100211
100208
100206
100202
100199
100194
100189
100183
100176
100168
100161
100152
100143
100133
100124
100113
100104
100093
100082
100071
100064
100054
100048
100039
100034
100024
100023
100013
100020
99969.1
100239
100238
100238
100237
100237
100236
100236
100235
100235
100233
100234
100232
100233
100231
100233
100231
100232
100231
100232
100231
100232
100231
100232
100232
100233
100233
100234
100234
100234
100234
100234
100234
100234
100234
100233
100233
100232
100231
100231
100230
100229
100228
100227
100227
100226
100226
100226
100226
100226
100226
100226
100226
100226
100226
100225
100225
100224
100223
100223
100222
100222
100221
100221
100220
100220
100219
100218
100216
100214
100212
100210
100208
100205
100201
100198
100193
100188
100182
100176
100168
100160
100151
100143
100133
100124
100113
100104
100093
100083
100072
100064
100057
100053
100044
100041
100019
100019
100007
100020
99970.9
)
;

boundaryField
{
    AXIS
    {
        type            empty;
    }
    OUTLET
    {
        type            fixedValue;
        value           uniform 100000;
    }
    COFLOW
    {
        type            zeroGradient;
    }
    PILOT
    {
        type            zeroGradient;
    }
    FUEL
    {
        type            zeroGradient;
    }
    WALL
    {
        type            zeroGradient;
    }
    front
    {
        type            wedge;
    }
    back
    {
        type            wedge;
    }
}


// ************************************************************************* //
