/*--------------------------------*- C++ -*----------------------------------*\
| =========                 |                                                 |
| \\      /  F ield         | OpenFOAM: The Open Source CFD Toolbox           |
|  \\    /   O peration     | Version:  2.3.0                                 |
|   \\  /    A nd           | Web:      www.OpenFOAM.org                      |
|    \\/     M anipulation  |                                                 |
\*---------------------------------------------------------------------------*/
FoamFile
{
    version     2.0;
    format      ascii;
    class       volScalarField;
    location    "0.03";
    object      thermo:psi;
}
// * * * * * * * * * * * * * * * * * * * * * * * * * * * * * * * * * * * * * //

dimensions      [0 -2 2 0 0 0 0];

internalField   nonuniform List<scalar> 
5000
(
1.04958e-05
1.04958e-05
1.04958e-05
1.04958e-05
1.04958e-05
1.04958e-05
1.04958e-05
1.04958e-05
1.04958e-05
1.04958e-05
1.04958e-05
1.04958e-05
1.04958e-05
1.04958e-05
1.04958e-05
1.04958e-05
1.04958e-05
1.04958e-05
1.04958e-05
1.04958e-05
1.04958e-05
1.04958e-05
1.04958e-05
1.04958e-05
1.04958e-05
1.04958e-05
1.04958e-05
1.04958e-05
1.04958e-05
1.04958e-05
1.04958e-05
1.04958e-05
1.04958e-05
1.04958e-05
1.04958e-05
1.04958e-05
1.04958e-05
1.04958e-05
1.04958e-05
1.04958e-05
1.04958e-05
1.04958e-05
1.04958e-05
1.04958e-05
1.04958e-05
1.04958e-05
1.04958e-05
1.04958e-05
1.04958e-05
1.04957e-05
1.04955e-05
1.04949e-05
1.04927e-05
1.04874e-05
1.04788e-05
1.047e-05
1.0458e-05
1.04413e-05
1.0419e-05
1.0389e-05
1.03477e-05
1.02877e-05
1.02055e-05
1.00931e-05
9.9468e-06
9.76506e-06
9.64434e-06
9.72562e-06
9.89551e-06
1.00824e-05
1.02572e-05
1.0372e-05
1.04188e-05
1.04041e-05
1.03479e-05
1.02193e-05
1.00163e-05
9.75178e-06
9.58194e-06
9.59199e-06
9.65925e-06
9.73919e-06
9.83131e-06
1.00164e-05
1.0226e-05
1.03393e-05
1.03572e-05
1.03594e-05
1.03591e-05
1.03565e-05
1.03503e-05
1.03373e-05
1.03154e-05
1.02829e-05
1.02328e-05
1.01578e-05
1.00504e-05
9.90718e-06
9.72715e-06
9.30622e-06
1.04958e-05
1.04958e-05
1.04958e-05
1.04958e-05
1.04958e-05
1.04958e-05
1.04958e-05
1.04958e-05
1.04958e-05
1.04958e-05
1.04958e-05
1.04958e-05
1.04958e-05
1.04958e-05
1.04958e-05
1.04958e-05
1.04958e-05
1.04958e-05
1.04958e-05
1.04958e-05
1.04958e-05
1.04958e-05
1.04958e-05
1.04958e-05
1.04958e-05
1.04958e-05
1.04958e-05
1.04958e-05
1.04958e-05
1.04958e-05
1.04958e-05
1.04958e-05
1.04958e-05
1.04958e-05
1.04958e-05
1.04958e-05
1.04957e-05
1.04956e-05
1.04954e-05
1.0495e-05
1.04946e-05
1.04942e-05
1.04942e-05
1.04939e-05
1.04932e-05
1.0493e-05
1.04938e-05
1.04947e-05
1.04951e-05
1.04951e-05
1.04941e-05
1.04908e-05
1.04807e-05
1.04467e-05
1.03795e-05
1.02811e-05
1.01535e-05
1.00071e-05
9.85154e-06
9.68169e-06
9.47564e-06
9.1995e-06
8.79591e-06
8.21994e-06
7.46128e-06
6.38658e-06
5.14949e-06
4.8151e-06
5.15265e-06
6.19766e-06
7.94797e-06
9.80177e-06
1.02546e-05
1.0228e-05
1.00873e-05
9.83373e-06
9.50621e-06
9.13087e-06
8.72582e-06
8.45488e-06
8.43359e-06
8.49107e-06
8.68784e-06
9.08589e-06
9.61516e-06
9.98172e-06
1.0061e-05
1.00569e-05
1.00557e-05
1.00677e-05
1.00904e-05
1.00811e-05
1.00235e-05
9.89854e-06
9.69979e-06
9.4339e-06
9.11599e-06
8.77004e-06
8.41998e-06
7.8122e-06
1.04958e-05
1.04958e-05
1.04958e-05
1.04958e-05
1.04958e-05
1.04958e-05
1.04958e-05
1.04958e-05
1.04958e-05
1.04958e-05
1.04958e-05
1.04958e-05
1.04958e-05
1.04958e-05
1.04958e-05
1.04958e-05
1.04958e-05
1.04958e-05
1.04958e-05
1.04958e-05
1.04958e-05
1.04958e-05
1.04958e-05
1.04958e-05
1.04958e-05
1.04958e-05
1.04958e-05
1.04958e-05
1.04958e-05
1.04958e-05
1.04958e-05
1.04958e-05
1.04958e-05
1.04958e-05
1.04957e-05
1.04953e-05
1.04943e-05
1.04918e-05
1.04864e-05
1.04766e-05
1.04639e-05
1.04537e-05
1.04502e-05
1.04426e-05
1.0419e-05
1.04008e-05
1.04249e-05
1.04554e-05
1.04741e-05
1.04839e-05
1.04861e-05
1.04781e-05
1.04511e-05
1.03525e-05
1.01289e-05
9.78024e-06
9.3033e-06
8.77067e-06
8.27168e-06
7.85601e-06
7.48761e-06
7.05547e-06
6.46047e-06
5.69219e-06
4.85854e-06
4.00722e-06
3.24306e-06
2.87795e-06
2.89056e-06
3.30905e-06
4.82896e-06
8.87123e-06
1.00208e-05
1.0046e-05
9.90793e-06
9.60457e-06
9.22284e-06
8.79867e-06
8.33317e-06
7.88167e-06
7.67078e-06
7.67648e-06
7.75978e-06
8.01608e-06
8.54233e-06
9.20046e-06
9.518e-06
9.54739e-06
9.55872e-06
9.59503e-06
9.60885e-06
9.55912e-06
9.38249e-06
9.04524e-06
8.54412e-06
7.93619e-06
7.29656e-06
6.70778e-06
6.26168e-06
5.49444e-06
1.04958e-05
1.04958e-05
1.04958e-05
1.04958e-05
1.04958e-05
1.04958e-05
1.04958e-05
1.04958e-05
1.04958e-05
1.04958e-05
1.04958e-05
1.04958e-05
1.04958e-05
1.04958e-05
1.04958e-05
1.04958e-05
1.04958e-05
1.04958e-05
1.04958e-05
1.04958e-05
1.04958e-05
1.04958e-05
1.04958e-05
1.04958e-05
1.04958e-05
1.04957e-05
1.04954e-05
1.04948e-05
1.04948e-05
1.04953e-05
1.04956e-05
1.04957e-05
1.04957e-05
1.04955e-05
1.04948e-05
1.0492e-05
1.04821e-05
1.04532e-05
1.03844e-05
1.02454e-05
1.00414e-05
9.849e-06
9.76615e-06
9.68562e-06
9.32998e-06
8.79246e-06
8.95659e-06
9.50432e-06
9.9384e-06
1.02145e-05
1.03576e-05
1.04081e-05
1.0366e-05
1.01069e-05
9.53157e-06
8.74009e-06
7.85005e-06
7.00596e-06
6.30158e-06
5.75659e-06
5.34511e-06
4.96974e-06
4.52889e-06
4.0062e-06
3.47887e-06
2.99578e-06
2.58399e-06
2.17777e-06
2.12297e-06
2.26937e-06
3.10728e-06
5.71697e-06
9.27348e-06
9.78535e-06
9.71957e-06
9.45134e-06
9.0407e-06
8.55275e-06
8.00808e-06
7.43578e-06
7.0551e-06
7.01953e-06
7.06766e-06
7.24141e-06
7.66084e-06
8.36171e-06
8.9179e-06
9.05426e-06
9.08924e-06
9.13439e-06
9.13395e-06
9.03935e-06
8.72916e-06
8.17411e-06
7.45676e-06
6.71579e-06
6.03506e-06
5.44148e-06
5.00078e-06
4.24928e-06
1.04958e-05
1.04958e-05
1.04958e-05
1.04958e-05
1.04958e-05
1.04958e-05
1.04958e-05
1.04958e-05
1.04958e-05
1.04958e-05
1.04958e-05
1.04958e-05
1.04958e-05
1.04956e-05
1.04955e-05
1.04956e-05
1.04957e-05
1.04958e-05
1.04958e-05
1.04958e-05
1.04958e-05
1.04958e-05
1.04958e-05
1.04956e-05
1.04951e-05
1.04928e-05
1.04855e-05
1.04719e-05
1.04663e-05
1.04806e-05
1.04887e-05
1.04926e-05
1.04943e-05
1.04942e-05
1.04916e-05
1.04821e-05
1.04477e-05
1.03404e-05
1.00702e-05
9.45371e-06
8.40367e-06
7.17501e-06
6.48235e-06
6.20113e-06
5.48089e-06
4.20139e-06
3.85606e-06
4.25441e-06
5.18523e-06
7.06551e-06
8.82088e-06
1.01077e-05
1.01364e-05
9.70569e-06
8.809e-06
7.73519e-06
6.70845e-06
5.82014e-06
5.10143e-06
4.53922e-06
4.1106e-06
3.7565e-06
3.39686e-06
3.03075e-06
2.72361e-06
2.48555e-06
2.10233e-06
1.80793e-06
1.7734e-06
1.81682e-06
2.15509e-06
3.54865e-06
6.97065e-06
9.20019e-06
9.37282e-06
9.21263e-06
8.81157e-06
8.25867e-06
7.62508e-06
6.95698e-06
6.40026e-06
6.24832e-06
6.28178e-06
6.419e-06
6.78085e-06
7.49153e-06
8.25648e-06
8.56868e-06
8.66022e-06
8.71976e-06
8.71294e-06
8.58539e-06
8.19845e-06
7.54008e-06
6.74788e-06
5.96237e-06
5.26729e-06
4.66419e-06
4.19699e-06
3.47382e-06
1.04958e-05
1.04958e-05
1.04958e-05
1.04958e-05
1.04958e-05
1.04958e-05
1.04958e-05
1.04958e-05
1.04958e-05
1.04958e-05
1.04957e-05
1.04954e-05
1.04938e-05
1.04895e-05
1.04856e-05
1.04894e-05
1.04928e-05
1.04945e-05
1.04952e-05
1.04955e-05
1.04955e-05
1.04952e-05
1.04943e-05
1.04914e-05
1.04819e-05
1.045e-05
1.03544e-05
1.01377e-05
9.93308e-06
1.01572e-05
1.03267e-05
1.04184e-05
1.04625e-05
1.04798e-05
1.04786e-05
1.04521e-05
1.03503e-05
1.00361e-05
9.31623e-06
8.11274e-06
6.59271e-06
5.15614e-06
4.19789e-06
3.70417e-06
3.24648e-06
2.82281e-06
2.28829e-06
2.09906e-06
2.29589e-06
3.24971e-06
6.02396e-06
9.53128e-06
9.79446e-06
9.27604e-06
8.19403e-06
7.01577e-06
5.98336e-06
5.12453e-06
4.42274e-06
3.86477e-06
3.4205e-06
3.06195e-06
2.74656e-06
2.48568e-06
2.31816e-06
2.01899e-06
1.76432e-06
1.6735e-06
1.67368e-06
1.68935e-06
1.76519e-06
2.271e-06
3.86175e-06
7.49289e-06
8.82012e-06
8.76811e-06
8.44896e-06
7.89926e-06
7.24241e-06
6.55307e-06
5.89518e-06
5.49373e-06
5.45628e-06
5.50907e-06
5.72117e-06
6.28668e-06
7.20698e-06
7.908e-06
8.20802e-06
8.33639e-06
8.33113e-06
8.1807e-06
7.72274e-06
6.98196e-06
6.13939e-06
5.34691e-06
4.66776e-06
4.08721e-06
3.63437e-06
2.97563e-06
1.04958e-05
1.04958e-05
1.04958e-05
1.04958e-05
1.04958e-05
1.04958e-05
1.04958e-05
1.04958e-05
1.04958e-05
1.04956e-05
1.04944e-05
1.04878e-05
1.04617e-05
1.03864e-05
1.02842e-05
1.03369e-05
1.04172e-05
1.04581e-05
1.0478e-05
1.0486e-05
1.04861e-05
1.04795e-05
1.04631e-05
1.04262e-05
1.03404e-05
1.01741e-05
9.74839e-06
8.45288e-06
6.18172e-06
6.60812e-06
7.99079e-06
9.14078e-06
9.81671e-06
1.02462e-05
1.04219e-05
1.03728e-05
1.01286e-05
9.48158e-06
8.38043e-06
6.94496e-06
5.47142e-06
4.20251e-06
3.33886e-06
2.84187e-06
2.51585e-06
2.173e-06
1.83222e-06
1.69719e-06
1.72186e-06
2.02132e-06
3.65034e-06
8.09286e-06
9.29184e-06
8.82518e-06
7.6871e-06
6.46995e-06
5.44425e-06
4.61022e-06
3.93147e-06
3.3805e-06
2.94566e-06
2.60723e-06
2.35615e-06
2.18482e-06
1.93161e-06
1.7173e-06
1.64434e-06
1.64561e-06
1.66187e-06
1.67369e-06
1.69284e-06
1.79024e-06
2.52288e-06
5.01367e-06
7.90187e-06
8.09661e-06
7.89202e-06
7.4087e-06
6.78953e-06
6.12974e-06
5.48007e-06
4.94814e-06
4.68042e-06
4.63596e-06
4.66974e-06
4.8749e-06
5.47686e-06
6.52203e-06
7.47049e-06
7.94488e-06
7.97134e-06
7.81175e-06
7.30628e-06
6.52102e-06
5.65938e-06
4.87466e-06
4.20038e-06
3.64276e-06
3.1818e-06
2.61054e-06
1.04957e-05
1.04957e-05
1.04956e-05
1.04949e-05
1.04935e-05
1.04924e-05
1.04932e-05
1.04944e-05
1.04945e-05
1.0492e-05
1.04778e-05
1.04287e-05
1.0241e-05
9.6307e-06
8.16974e-06
8.16078e-06
9.12661e-06
9.76895e-06
1.01366e-05
1.02995e-05
1.0345e-05
1.02936e-05
1.01771e-05
9.98154e-06
9.70875e-06
9.28059e-06
8.34139e-06
6.19797e-06
3.77864e-06
2.97855e-06
3.2907e-06
4.50074e-06
6.98198e-06
9.50771e-06
1.02707e-05
1.02089e-05
9.78696e-06
8.83674e-06
7.48441e-06
6.03021e-06
4.68749e-06
3.5852e-06
2.84911e-06
2.4587e-06
2.19655e-06
1.81836e-06
1.66743e-06
1.6313e-06
1.6415e-06
1.71685e-06
2.50364e-06
5.85807e-06
8.6127e-06
8.33372e-06
7.26558e-06
6.03598e-06
5.01745e-06
4.20036e-06
3.5468e-06
3.01323e-06
2.59583e-06
2.30817e-06
2.13116e-06
1.91291e-06
1.69106e-06
1.61829e-06
1.62767e-06
1.68852e-06
1.821e-06
1.81677e-06
1.78977e-06
1.79699e-06
1.95375e-06
3.73855e-06
6.9787e-06
7.38066e-06
7.22075e-06
6.78286e-06
6.19249e-06
5.56624e-06
4.95791e-06
4.43442e-06
4.07534e-06
3.83406e-06
3.74024e-06
3.77371e-06
3.95406e-06
4.55648e-06
5.92802e-06
7.36483e-06
7.61904e-06
7.4622e-06
6.93174e-06
6.11234e-06
5.24268e-06
4.46473e-06
3.81642e-06
3.27718e-06
2.81736e-06
2.36284e-06
1.04804e-05
1.04755e-05
1.04674e-05
1.04308e-05
1.03712e-05
1.0328e-05
1.03614e-05
1.04269e-05
1.04536e-05
1.04456e-05
1.0386e-05
1.02268e-05
9.57902e-06
7.9256e-06
5.19223e-06
3.61009e-06
4.17954e-06
5.24572e-06
7.2847e-06
8.84866e-06
9.62546e-06
9.53253e-06
9.10716e-06
8.43412e-06
7.79725e-06
7.18453e-06
6.1348e-06
4.4704e-06
3.07599e-06
2.10471e-06
1.95814e-06
2.29927e-06
3.84501e-06
7.5954e-06
9.88546e-06
9.90533e-06
9.33374e-06
8.12438e-06
6.66207e-06
5.26408e-06
4.04944e-06
3.07985e-06
2.49563e-06
2.23339e-06
1.84163e-06
1.6505e-06
1.6261e-06
1.63987e-06
1.64853e-06
1.68905e-06
1.95206e-06
3.99445e-06
7.7516e-06
7.77815e-06
6.87253e-06
5.64669e-06
4.63347e-06
3.84476e-06
3.21288e-06
2.70595e-06
2.33347e-06
2.12092e-06
1.93869e-06
1.70438e-06
1.59537e-06
1.59636e-06
1.65345e-06
1.90438e-06
2.26339e-06
2.2398e-06
2.11873e-06
2.09937e-06
2.25921e-06
3.93107e-06
6.44953e-06
6.66219e-06
6.4623e-06
5.9924e-06
5.41982e-06
4.84696e-06
4.30012e-06
3.84974e-06
3.51669e-06
3.25584e-06
3.08676e-06
3.08062e-06
3.12847e-06
3.35387e-06
4.19745e-06
6.17712e-06
7.21511e-06
7.11015e-06
6.58636e-06
5.7478e-06
4.87668e-06
4.10903e-06
3.4787e-06
2.96755e-06
2.52225e-06
2.21296e-06
9.77678e-06
9.33442e-06
9.24896e-06
8.67744e-06
7.66619e-06
6.54069e-06
6.25803e-06
7.47087e-06
8.76723e-06
9.4844e-06
9.76722e-06
9.60914e-06
8.61843e-06
6.48447e-06
3.97675e-06
2.65129e-06
2.16518e-06
2.41258e-06
3.43787e-06
5.81578e-06
8.10037e-06
7.91839e-06
6.9998e-06
5.8005e-06
5.02886e-06
4.59351e-06
4.05998e-06
3.41006e-06
2.37793e-06
1.75854e-06
1.68641e-06
1.74795e-06
2.2784e-06
4.42481e-06
8.91583e-06
9.39515e-06
8.7471e-06
7.34992e-06
5.86912e-06
4.56873e-06
3.48548e-06
2.66094e-06
2.26902e-06
1.87452e-06
1.63995e-06
1.61795e-06
1.66295e-06
1.84575e-06
1.85216e-06
1.79778e-06
1.85723e-06
3.04982e-06
6.89091e-06
7.2443e-06
6.47523e-06
5.27995e-06
4.2763e-06
3.51606e-06
2.91477e-06
2.44173e-06
2.1496e-06
1.96288e-06
1.74128e-06
1.59177e-06
1.5651e-06
1.59872e-06
1.7714e-06
2.32023e-06
2.774e-06
2.84307e-06
2.83151e-06
2.85442e-06
3.04091e-06
4.61128e-06
5.96676e-06
5.94245e-06
5.60547e-06
5.09018e-06
4.57011e-06
4.09484e-06
3.67335e-06
3.32859e-06
3.07821e-06
2.89062e-06
2.77125e-06
2.75933e-06
2.77447e-06
2.85385e-06
3.26415e-06
4.86435e-06
6.6828e-06
6.71924e-06
6.257e-06
5.41827e-06
4.54342e-06
3.79605e-06
3.1849e-06
2.70639e-06
2.30384e-06
2.10689e-06
1.67326e-06
1.95397e-06
2.10968e-06
2.04144e-06
1.88513e-06
1.78646e-06
1.76929e-06
1.87965e-06
2.57642e-06
4.38512e-06
7.88439e-06
8.12517e-06
7.12425e-06
5.02756e-06
3.26628e-06
2.12394e-06
1.77787e-06
1.79209e-06
2.01966e-06
3.04945e-06
5.51231e-06
5.53976e-06
4.69103e-06
3.75603e-06
3.3586e-06
3.17331e-06
2.852e-06
2.26464e-06
1.71773e-06
1.65259e-06
1.68964e-06
1.7091e-06
1.81611e-06
3.05529e-06
7.49333e-06
8.69995e-06
8.03787e-06
6.58408e-06
5.1428e-06
3.95137e-06
2.99953e-06
2.38457e-06
1.90549e-06
1.63364e-06
1.59024e-06
1.65712e-06
1.96686e-06
2.44946e-06
2.40233e-06
2.12612e-06
2.00988e-06
2.69509e-06
6.1458e-06
6.75718e-06
6.05497e-06
4.9043e-06
3.93234e-06
3.20112e-06
2.63542e-06
2.23766e-06
2.01085e-06
1.78473e-06
1.61104e-06
1.54597e-06
1.55214e-06
1.63604e-06
1.94747e-06
2.61136e-06
3.43936e-06
3.84523e-06
3.99161e-06
4.30264e-06
4.84989e-06
5.47082e-06
5.51903e-06
5.21091e-06
4.68438e-06
4.19753e-06
3.81001e-06
3.4901e-06
3.22917e-06
3.02655e-06
2.87347e-06
2.76308e-06
2.68847e-06
2.65876e-06
2.66133e-06
2.70303e-06
2.89461e-06
3.90636e-06
5.98395e-06
6.31531e-06
5.92638e-06
5.11063e-06
4.23531e-06
3.50741e-06
2.92368e-06
2.48557e-06
2.14992e-06
2.02762e-06
1.5591e-06
1.59217e-06
1.6025e-06
1.6044e-06
1.59823e-06
1.59139e-06
1.57705e-06
1.5896e-06
1.77871e-06
2.64487e-06
5.09206e-06
6.06397e-06
5.27293e-06
3.70256e-06
2.45695e-06
1.76156e-06
1.75636e-06
2.05448e-06
2.41277e-06
3.20303e-06
4.37079e-06
4.04416e-06
3.28049e-06
2.70036e-06
2.3446e-06
2.15853e-06
1.91305e-06
1.63443e-06
1.57775e-06
1.7368e-06
2.15621e-06
2.03602e-06
1.94059e-06
2.4227e-06
6.01956e-06
7.85139e-06
7.23862e-06
5.8314e-06
4.47781e-06
3.40565e-06
2.61744e-06
2.09131e-06
1.65958e-06
1.56059e-06
1.59715e-06
1.90005e-06
2.73486e-06
2.96403e-06
2.83173e-06
2.43121e-06
2.21704e-06
2.8329e-06
5.81407e-06
6.31373e-06
5.62436e-06
4.51524e-06
3.59132e-06
2.89907e-06
2.38447e-06
2.0896e-06
1.8486e-06
1.64125e-06
1.55237e-06
1.52884e-06
1.54695e-06
1.68322e-06
2.0253e-06
2.93484e-06
4.28089e-06
5.2381e-06
5.63295e-06
5.71027e-06
5.67157e-06
5.49204e-06
4.97075e-06
4.34256e-06
3.83862e-06
3.51483e-06
3.31291e-06
3.1742e-06
3.05799e-06
2.94736e-06
2.83805e-06
2.74551e-06
2.67776e-06
2.63174e-06
2.62743e-06
2.65322e-06
2.77176e-06
3.3772e-06
5.27564e-06
5.91163e-06
5.59219e-06
4.81638e-06
3.95571e-06
3.24615e-06
2.69445e-06
2.3094e-06
2.04279e-06
1.96294e-06
1.56495e-06
1.55879e-06
1.55423e-06
1.55235e-06
1.55069e-06
1.54827e-06
1.53331e-06
1.57865e-06
1.89526e-06
2.76245e-06
4.20887e-06
4.34933e-06
3.73758e-06
2.76162e-06
1.77991e-06
1.64216e-06
1.85218e-06
2.88322e-06
3.47097e-06
3.79664e-06
3.71298e-06
3.15488e-06
2.52016e-06
1.99789e-06
1.73753e-06
1.63866e-06
1.62947e-06
1.55544e-06
1.56901e-06
2.13174e-06
2.85291e-06
2.62468e-06
2.16817e-06
2.4306e-06
5.39167e-06
7.06161e-06
6.45108e-06
5.10841e-06
3.86885e-06
2.92924e-06
2.3688e-06
1.80138e-06
1.56337e-06
1.54897e-06
1.65578e-06
2.47388e-06
3.29667e-06
3.44389e-06
3.26124e-06
2.72482e-06
2.47206e-06
3.14769e-06
5.66058e-06
5.9108e-06
5.18987e-06
4.12112e-06
3.25301e-06
2.61204e-06
2.1963e-06
1.94429e-06
1.69387e-06
1.57633e-06
1.5271e-06
1.52071e-06
1.54982e-06
1.70762e-06
2.03645e-06
3.09763e-06
4.75893e-06
5.65676e-06
5.77935e-06
5.70954e-06
5.51978e-06
4.96872e-06
4.17791e-06
3.59934e-06
3.29428e-06
3.21095e-06
3.1726e-06
3.12909e-06
3.06461e-06
2.96917e-06
2.83616e-06
2.73049e-06
2.67563e-06
2.63499e-06
2.6227e-06
2.63516e-06
2.71666e-06
3.10282e-06
4.68751e-06
5.51712e-06
5.26347e-06
4.53098e-06
3.69297e-06
3.00959e-06
2.49401e-06
2.17404e-06
1.96858e-06
1.89342e-06
1.56788e-06
1.567e-06
1.5655e-06
1.56344e-06
1.56105e-06
1.55576e-06
1.54299e-06
1.57438e-06
1.7493e-06
2.55377e-06
3.23812e-06
3.28001e-06
2.73423e-06
1.88579e-06
1.59029e-06
1.5892e-06
1.91678e-06
2.76104e-06
3.30745e-06
3.36139e-06
3.05847e-06
2.47621e-06
1.90306e-06
1.63192e-06
1.64286e-06
1.6543e-06
1.60942e-06
1.5409e-06
1.61639e-06
2.6939e-06
3.58984e-06
3.2025e-06
2.54328e-06
2.73235e-06
5.31264e-06
6.40724e-06
5.6952e-06
4.40516e-06
3.31192e-06
2.56541e-06
2.06993e-06
1.62157e-06
1.52987e-06
1.55357e-06
1.81007e-06
2.91696e-06
3.83749e-06
3.85624e-06
3.61533e-06
3.01061e-06
2.77689e-06
3.54397e-06
5.55016e-06
5.54482e-06
4.7538e-06
3.73654e-06
2.92911e-06
2.36285e-06
2.0556e-06
1.77911e-06
1.59404e-06
1.54989e-06
1.52941e-06
1.51822e-06
1.55358e-06
1.71131e-06
2.04202e-06
3.08093e-06
4.54967e-06
5.25055e-06
5.40789e-06
5.34879e-06
4.99413e-06
4.24461e-06
3.56096e-06
3.2724e-06
3.23707e-06
3.22694e-06
3.20982e-06
3.16409e-06
3.05337e-06
2.87258e-06
2.70733e-06
2.68328e-06
2.74302e-06
2.78751e-06
2.75596e-06
2.69885e-06
2.73817e-06
2.96549e-06
4.21125e-06
5.14607e-06
4.94524e-06
4.25874e-06
3.44666e-06
2.79534e-06
2.32374e-06
2.06534e-06
1.89814e-06
1.82243e-06
1.56806e-06
1.56804e-06
1.56792e-06
1.56772e-06
1.56725e-06
1.56602e-06
1.55911e-06
1.55695e-06
1.61067e-06
1.85045e-06
2.34013e-06
2.22564e-06
1.84645e-06
1.61998e-06
1.54603e-06
1.5703e-06
1.76722e-06
2.47654e-06
2.91963e-06
2.84109e-06
2.38437e-06
1.87e-06
1.62251e-06
1.65946e-06
1.72834e-06
1.73338e-06
1.69173e-06
1.58037e-06
1.68024e-06
3.05115e-06
4.88896e-06
4.29378e-06
3.27896e-06
3.51122e-06
5.62066e-06
5.86755e-06
4.94584e-06
3.73063e-06
2.83274e-06
2.33509e-06
1.78972e-06
1.57613e-06
1.52108e-06
1.56332e-06
2.00331e-06
3.38447e-06
4.2394e-06
4.16736e-06
3.83802e-06
3.19725e-06
3.07614e-06
3.978e-06
5.41406e-06
5.19102e-06
4.31676e-06
3.35733e-06
2.62646e-06
2.17996e-06
1.89512e-06
1.64234e-06
1.58202e-06
1.56109e-06
1.54554e-06
1.51948e-06
1.55177e-06
1.67616e-06
1.93974e-06
2.58823e-06
3.74983e-06
4.55567e-06
4.72658e-06
4.65617e-06
4.26081e-06
3.62304e-06
3.28364e-06
3.26075e-06
3.26099e-06
3.24074e-06
3.18171e-06
3.05653e-06
2.8284e-06
2.65482e-06
2.6631e-06
2.78236e-06
3.06422e-06
3.1547e-06
3.10693e-06
2.9436e-06
2.84697e-06
2.99094e-06
3.85029e-06
4.79187e-06
4.63708e-06
4.00046e-06
3.21596e-06
2.59925e-06
2.18726e-06
1.98676e-06
1.83018e-06
1.74648e-06
1.56807e-06
1.56822e-06
1.56853e-06
1.56909e-06
1.57004e-06
1.57151e-06
1.57216e-06
1.56531e-06
1.58222e-06
1.6291e-06
1.66126e-06
1.63099e-06
1.63604e-06
1.59147e-06
1.56303e-06
1.56205e-06
1.61089e-06
1.88153e-06
2.1245e-06
2.0523e-06
1.76485e-06
1.62113e-06
1.68164e-06
1.82353e-06
1.92629e-06
1.93013e-06
1.83022e-06
1.62812e-06
1.71265e-06
3.2521e-06
5.90389e-06
5.89698e-06
5.15278e-06
5.32241e-06
5.80206e-06
5.29148e-06
4.12605e-06
3.10455e-06
2.51993e-06
1.97111e-06
1.61446e-06
1.5552e-06
1.52157e-06
1.5794e-06
2.12458e-06
3.81942e-06
4.53084e-06
4.36376e-06
3.8868e-06
3.31034e-06
3.36151e-06
4.46592e-06
5.23275e-06
4.82462e-06
3.88465e-06
2.99672e-06
2.37219e-06
2.03732e-06
1.72863e-06
1.58923e-06
1.59738e-06
1.59074e-06
1.56022e-06
1.51969e-06
1.54214e-06
1.62776e-06
1.81114e-06
2.26236e-06
3.06885e-06
3.78399e-06
3.97761e-06
3.92126e-06
3.61518e-06
3.29477e-06
3.26071e-06
3.25875e-06
3.2072e-06
3.11402e-06
2.96483e-06
2.70285e-06
2.56979e-06
2.60228e-06
2.79262e-06
3.15876e-06
3.41568e-06
3.435e-06
3.39444e-06
3.23358e-06
3.00729e-06
3.06576e-06
3.64916e-06
4.46825e-06
4.3434e-06
3.74749e-06
2.99666e-06
2.41852e-06
2.07239e-06
1.91199e-06
1.75753e-06
1.67453e-06
1.56823e-06
1.56891e-06
1.57001e-06
1.57184e-06
1.57485e-06
1.5798e-06
1.5858e-06
1.58756e-06
1.58607e-06
1.59181e-06
1.6229e-06
1.63079e-06
1.61633e-06
1.62145e-06
1.61872e-06
1.59574e-06
1.59876e-06
1.6158e-06
1.64042e-06
1.62701e-06
1.64149e-06
1.70043e-06
1.89643e-06
2.12282e-06
2.23308e-06
2.21946e-06
2.02249e-06
1.70074e-06
1.7028e-06
3.2418e-06
5.74438e-06
6.32581e-06
6.18486e-06
5.92753e-06
5.45625e-06
4.41884e-06
3.34666e-06
2.67073e-06
2.12165e-06
1.66699e-06
1.62741e-06
1.58199e-06
1.53875e-06
1.58625e-06
2.14493e-06
4.00272e-06
4.79752e-06
4.5232e-06
3.87557e-06
3.4686e-06
3.71262e-06
4.86223e-06
5.00103e-06
4.41855e-06
3.45768e-06
2.66155e-06
2.19052e-06
1.85061e-06
1.60839e-06
1.62566e-06
1.65035e-06
1.62637e-06
1.56592e-06
1.52207e-06
1.53241e-06
1.58047e-06
1.7068e-06
2.02012e-06
2.53619e-06
3.07053e-06
3.2947e-06
3.30236e-06
3.2269e-06
3.19082e-06
3.17694e-06
3.11825e-06
2.98155e-06
2.75434e-06
2.49468e-06
2.41897e-06
2.47318e-06
2.77431e-06
3.22151e-06
3.47211e-06
3.53717e-06
3.53245e-06
3.50149e-06
3.39408e-06
3.15569e-06
3.15439e-06
3.5637e-06
4.20079e-06
4.07522e-06
3.49687e-06
2.78449e-06
2.26357e-06
1.98842e-06
1.84018e-06
1.68501e-06
1.60917e-06
1.56927e-06
1.57306e-06
1.57853e-06
1.58555e-06
1.59452e-06
1.60659e-06
1.61836e-06
1.62318e-06
1.62664e-06
1.62691e-06
1.6356e-06
1.65823e-06
1.67886e-06
1.70442e-06
1.70522e-06
1.68521e-06
1.65215e-06
1.65103e-06
1.65233e-06
1.67674e-06
1.76908e-06
1.95085e-06
2.28669e-06
2.56964e-06
2.68051e-06
2.63134e-06
2.29808e-06
1.82893e-06
1.62278e-06
2.89244e-06
4.66272e-06
5.81945e-06
5.82212e-06
5.45917e-06
4.53433e-06
3.4965e-06
2.8038e-06
2.21779e-06
1.73194e-06
1.66655e-06
1.68526e-06
1.63796e-06
1.5542e-06
1.5789e-06
2.08344e-06
3.96415e-06
5.07426e-06
4.74162e-06
3.97072e-06
3.72235e-06
4.16297e-06
4.96068e-06
4.74549e-06
3.97998e-06
3.04755e-06
2.38735e-06
2.02591e-06
1.68091e-06
1.61978e-06
1.70613e-06
1.70299e-06
1.64759e-06
1.56914e-06
1.53172e-06
1.52693e-06
1.54884e-06
1.63061e-06
1.83626e-06
2.20142e-06
2.55783e-06
2.80732e-06
2.94239e-06
3.02896e-06
3.02887e-06
2.96079e-06
2.77513e-06
2.52056e-06
2.29651e-06
2.21687e-06
2.28012e-06
2.67656e-06
3.21643e-06
3.49257e-06
3.56136e-06
3.56556e-06
3.55922e-06
3.53509e-06
3.45546e-06
3.25358e-06
3.23667e-06
3.54687e-06
3.99246e-06
3.83081e-06
3.25178e-06
2.5794e-06
2.12838e-06
1.90745e-06
1.76319e-06
1.61744e-06
1.56361e-06
1.58001e-06
1.60338e-06
1.63213e-06
1.65941e-06
1.68202e-06
1.70258e-06
1.71984e-06
1.72699e-06
1.73666e-06
1.74126e-06
1.75873e-06
1.8004e-06
1.8265e-06
1.85001e-06
1.84374e-06
1.82439e-06
1.79725e-06
1.78635e-06
1.8031e-06
1.88569e-06
2.0851e-06
2.39317e-06
2.85412e-06
3.19488e-06
3.28404e-06
3.17548e-06
2.6953e-06
2.08994e-06
1.66654e-06
2.27333e-06
3.4783e-06
4.60025e-06
4.81604e-06
4.35918e-06
3.49383e-06
2.90017e-06
2.27399e-06
1.75448e-06
1.67786e-06
1.81132e-06
1.78029e-06
1.68379e-06
1.57199e-06
1.57266e-06
2.01356e-06
3.81751e-06
5.26142e-06
5.0863e-06
4.33001e-06
4.15871e-06
4.66886e-06
4.88366e-06
4.4305e-06
3.49968e-06
2.67531e-06
2.20151e-06
1.80875e-06
1.6123e-06
1.72544e-06
1.78505e-06
1.74316e-06
1.65356e-06
1.5847e-06
1.5558e-06
1.53685e-06
1.53292e-06
1.57757e-06
1.72126e-06
1.99661e-06
2.26626e-06
2.51523e-06
2.73101e-06
2.78449e-06
2.73813e-06
2.58525e-06
2.36968e-06
2.13592e-06
2.04598e-06
2.07278e-06
2.45017e-06
3.0995e-06
3.4647e-06
3.55647e-06
3.5645e-06
3.56153e-06
3.55509e-06
3.53393e-06
3.46087e-06
3.30439e-06
3.30451e-06
3.56494e-06
3.82344e-06
3.60239e-06
3.01319e-06
2.38376e-06
2.02731e-06
1.82862e-06
1.68549e-06
1.5684e-06
1.54245e-06
1.73452e-06
1.92642e-06
1.99568e-06
2.00252e-06
1.99942e-06
2.00432e-06
2.01682e-06
2.02579e-06
2.05061e-06
2.06534e-06
2.08964e-06
2.12687e-06
2.1245e-06
2.1218e-06
2.09647e-06
2.0853e-06
2.08069e-06
2.10306e-06
2.1681e-06
2.34172e-06
2.65356e-06
3.03392e-06
3.633e-06
4.00924e-06
4.02707e-06
3.8308e-06
3.24298e-06
2.54051e-06
1.82623e-06
1.74066e-06
2.76445e-06
3.42795e-06
3.55107e-06
3.2847e-06
2.81782e-06
2.23188e-06
1.73665e-06
1.7172e-06
1.94382e-06
1.9526e-06
1.86456e-06
1.73996e-06
1.61864e-06
1.57215e-06
1.90362e-06
3.45395e-06
5.26329e-06
5.37103e-06
5.06317e-06
4.85762e-06
4.92142e-06
4.68343e-06
3.96569e-06
3.03545e-06
2.39282e-06
1.98441e-06
1.63671e-06
1.71082e-06
1.86197e-06
1.84004e-06
1.75213e-06
1.66619e-06
1.62283e-06
1.59809e-06
1.56754e-06
1.53232e-06
1.54773e-06
1.64151e-06
1.83717e-06
2.11846e-06
2.33808e-06
2.47655e-06
2.49154e-06
2.42341e-06
2.25585e-06
2.03788e-06
1.93513e-06
1.93325e-06
2.14629e-06
2.80931e-06
3.34983e-06
3.51866e-06
3.51694e-06
3.50809e-06
3.51295e-06
3.51565e-06
3.50074e-06
3.43935e-06
3.34296e-06
3.36258e-06
3.59399e-06
3.67563e-06
3.38628e-06
2.7737e-06
2.22145e-06
1.93793e-06
1.74579e-06
1.61432e-06
1.54641e-06
1.54862e-06
6.62293e-06
4.7465e-06
3.89749e-06
3.4312e-06
3.16464e-06
3.01696e-06
2.97185e-06
2.97469e-06
3.02804e-06
2.98132e-06
2.92073e-06
2.85497e-06
2.7676e-06
2.71857e-06
2.71371e-06
2.74977e-06
2.80489e-06
2.89176e-06
3.00721e-06
3.24754e-06
3.60951e-06
4.04811e-06
4.70822e-06
4.90556e-06
4.78767e-06
4.49037e-06
3.92607e-06
3.22829e-06
2.34416e-06
1.71186e-06
1.87661e-06
2.55478e-06
2.68981e-06
2.46992e-06
2.02519e-06
1.66221e-06
1.81541e-06
2.14972e-06
2.17928e-06
2.08997e-06
1.9721e-06
1.86213e-06
1.71115e-06
1.58679e-06
1.7744e-06
3.0403e-06
4.8958e-06
5.32989e-06
5.26907e-06
5.08671e-06
4.85591e-06
4.29084e-06
3.38634e-06
2.61914e-06
2.19876e-06
1.75274e-06
1.66497e-06
1.90437e-06
1.93252e-06
1.85674e-06
1.75654e-06
1.70901e-06
1.69359e-06
1.67325e-06
1.62055e-06
1.55212e-06
1.53265e-06
1.57977e-06
1.69593e-06
1.88735e-06
2.10204e-06
2.23057e-06
2.21557e-06
2.09423e-06
1.92908e-06
1.84786e-06
1.83836e-06
1.92617e-06
2.34122e-06
3.04171e-06
3.39423e-06
3.40371e-06
3.3979e-06
3.41156e-06
3.45388e-06
3.48405e-06
3.48182e-06
3.4478e-06
3.4043e-06
3.43916e-06
3.59831e-06
3.53428e-06
3.14654e-06
2.53503e-06
2.08234e-06
1.84742e-06
1.66364e-06
1.56621e-06
1.55468e-06
1.59942e-06
1.11979e-05
9.8662e-06
8.62138e-06
7.61128e-06
6.87499e-06
6.43061e-06
6.21224e-06
6.00441e-06
5.74101e-06
5.34434e-06
5.00647e-06
4.72593e-06
4.56463e-06
4.51369e-06
4.5634e-06
4.64327e-06
4.68368e-06
4.69091e-06
4.71926e-06
4.91406e-06
5.26665e-06
5.59316e-06
5.76377e-06
5.60785e-06
5.29128e-06
4.98526e-06
4.6119e-06
4.13035e-06
3.40955e-06
2.39262e-06
1.7773e-06
1.69009e-06
1.76892e-06
1.67323e-06
1.73492e-06
2.12586e-06
2.50844e-06
2.53291e-06
2.41437e-06
2.30324e-06
2.20984e-06
2.08676e-06
1.87731e-06
1.64357e-06
1.63927e-06
2.59373e-06
3.98948e-06
4.89038e-06
4.99964e-06
4.83913e-06
4.41901e-06
3.61614e-06
2.82829e-06
2.3474e-06
1.88341e-06
1.63236e-06
1.89762e-06
2.02097e-06
1.95507e-06
1.85485e-06
1.8014e-06
1.80419e-06
1.80764e-06
1.78224e-06
1.69673e-06
1.58614e-06
1.53457e-06
1.54696e-06
1.59413e-06
1.67269e-06
1.76153e-06
1.82429e-06
1.81821e-06
1.78022e-06
1.74682e-06
1.74872e-06
1.80535e-06
1.98377e-06
2.47272e-06
3.02738e-06
3.17307e-06
3.19926e-06
3.21673e-06
3.27817e-06
3.38179e-06
3.45396e-06
3.48041e-06
3.48603e-06
3.48957e-06
3.52865e-06
3.55379e-06
3.36639e-06
2.87386e-06
2.30687e-06
1.96939e-06
1.74843e-06
1.59118e-06
1.55422e-06
1.61697e-06
1.71561e-06
1.17625e-05
1.15919e-05
1.1346e-05
1.10722e-05
1.07711e-05
1.04715e-05
1.0197e-05
9.89859e-06
9.54704e-06
9.13857e-06
8.79217e-06
8.51864e-06
8.33922e-06
8.21346e-06
8.13195e-06
7.99332e-06
7.78711e-06
7.54485e-06
7.33051e-06
7.16039e-06
6.95915e-06
6.69066e-06
6.26145e-06
5.79216e-06
5.43374e-06
5.23089e-06
5.03756e-06
4.78861e-06
4.41231e-06
3.7533e-06
3.0003e-06
2.42102e-06
2.26439e-06
2.46392e-06
2.86106e-06
3.07236e-06
3.0312e-06
2.89864e-06
2.75515e-06
2.70151e-06
2.62993e-06
2.46685e-06
2.16198e-06
1.80621e-06
1.60874e-06
2.04964e-06
3.0892e-06
3.9088e-06
4.25216e-06
4.13023e-06
3.60007e-06
2.91849e-06
2.46253e-06
1.97615e-06
1.62651e-06
1.87545e-06
2.09901e-06
2.04769e-06
1.95046e-06
1.90938e-06
1.9262e-06
1.96418e-06
1.97081e-06
1.92062e-06
1.78392e-06
1.6395e-06
1.56643e-06
1.54492e-06
1.55338e-06
1.57579e-06
1.60043e-06
1.6261e-06
1.63405e-06
1.63819e-06
1.65343e-06
1.70404e-06
1.81004e-06
2.00852e-06
2.40276e-06
2.73182e-06
2.85664e-06
2.898e-06
2.94427e-06
3.06986e-06
3.26171e-06
3.39963e-06
3.46047e-06
3.4934e-06
3.51428e-06
3.51983e-06
3.44349e-06
3.13369e-06
2.57206e-06
2.11805e-06
1.85059e-06
1.64987e-06
1.56325e-06
1.60473e-06
1.76011e-06
1.90628e-06
1.18e-05
1.17867e-05
1.17623e-05
1.17263e-05
1.16773e-05
1.16111e-05
1.15388e-05
1.14507e-05
1.13394e-05
1.11997e-05
1.10561e-05
1.09198e-05
1.07937e-05
1.06656e-05
1.05169e-05
1.02604e-05
9.91205e-06
9.58032e-06
9.06017e-06
8.30888e-06
7.49917e-06
6.72265e-06
6.05701e-06
5.63459e-06
5.42609e-06
5.31758e-06
5.2085e-06
5.06156e-06
4.88546e-06
4.66837e-06
4.43329e-06
4.15731e-06
3.96898e-06
3.83213e-06
3.72973e-06
3.6285e-06
3.49781e-06
3.37951e-06
3.30863e-06
3.31781e-06
3.23533e-06
2.99972e-06
2.60437e-06
2.13525e-06
1.71846e-06
1.65819e-06
2.42147e-06
2.96518e-06
3.19331e-06
3.1359e-06
2.82032e-06
2.441e-06
1.98657e-06
1.63018e-06
1.8816e-06
2.16924e-06
2.13411e-06
2.04943e-06
2.01617e-06
2.07273e-06
2.16737e-06
2.21195e-06
2.19199e-06
2.0739e-06
1.87395e-06
1.71157e-06
1.63938e-06
1.60086e-06
1.57308e-06
1.55858e-06
1.55728e-06
1.55948e-06
1.56029e-06
1.56724e-06
1.60052e-06
1.68446e-06
1.80493e-06
1.9731e-06
2.20475e-06
2.39504e-06
2.4802e-06
2.51814e-06
2.58061e-06
2.75758e-06
3.03957e-06
3.27331e-06
3.39097e-06
3.44752e-06
3.46611e-06
3.44316e-06
3.24516e-06
2.804e-06
2.28965e-06
1.96978e-06
1.72336e-06
1.58089e-06
1.61197e-06
1.76954e-06
1.99558e-06
2.17095e-06
1.18023e-05
1.18014e-05
1.17993e-05
1.17954e-05
1.17894e-05
1.17801e-05
1.17679e-05
1.17495e-05
1.17237e-05
1.16903e-05
1.16505e-05
1.16042e-05
1.15451e-05
1.14538e-05
1.13101e-05
1.10299e-05
1.03921e-05
9.52035e-06
8.53765e-06
7.49957e-06
6.56245e-06
5.91124e-06
5.56751e-06
5.47076e-06
5.41148e-06
5.34103e-06
5.23551e-06
5.08687e-06
4.90836e-06
4.74482e-06
4.58269e-06
4.41878e-06
4.26134e-06
4.12431e-06
4.01368e-06
3.93925e-06
3.88983e-06
3.89897e-06
3.94091e-06
3.96193e-06
3.85777e-06
3.58702e-06
3.14866e-06
2.64012e-06
2.07835e-06
1.68309e-06
1.72661e-06
2.21461e-06
2.45661e-06
2.42668e-06
2.18873e-06
1.81566e-06
1.6436e-06
1.94753e-06
2.23936e-06
2.21727e-06
2.15744e-06
2.14698e-06
2.25484e-06
2.4534e-06
2.55769e-06
2.55323e-06
2.45579e-06
2.23492e-06
1.96825e-06
1.82056e-06
1.77808e-06
1.74525e-06
1.69317e-06
1.64003e-06
1.60106e-06
1.56847e-06
1.54785e-06
1.53873e-06
1.56351e-06
1.64535e-06
1.74733e-06
1.88513e-06
2.04159e-06
2.15343e-06
2.19799e-06
2.21365e-06
2.25643e-06
2.39885e-06
2.68578e-06
2.99779e-06
3.18625e-06
3.28231e-06
3.29869e-06
3.21358e-06
2.89494e-06
2.44021e-06
2.07945e-06
1.81147e-06
1.60868e-06
1.60975e-06
1.82641e-06
2.07053e-06
2.32644e-06
2.49943e-06
1.18025e-05
1.18024e-05
1.18023e-05
1.18019e-05
1.18013e-05
1.18003e-05
1.17987e-05
1.17958e-05
1.17907e-05
1.17835e-05
1.17728e-05
1.17558e-05
1.17264e-05
1.16606e-05
1.14476e-05
1.09223e-05
9.97128e-06
8.66529e-06
7.29045e-06
6.15554e-06
5.50766e-06
5.36733e-06
5.38655e-06
5.44927e-06
5.41432e-06
5.2914e-06
5.08536e-06
4.86289e-06
4.63115e-06
4.47846e-06
4.34862e-06
4.23842e-06
4.11764e-06
4.02185e-06
3.9479e-06
3.95173e-06
4.03925e-06
4.17894e-06
4.2916e-06
4.29948e-06
4.2123e-06
3.98209e-06
3.59651e-06
3.17196e-06
2.69909e-06
2.14258e-06
1.76102e-06
1.63387e-06
1.69414e-06
1.67973e-06
1.6341e-06
1.78559e-06
2.12616e-06
2.31532e-06
2.30361e-06
2.28266e-06
2.31911e-06
2.5382e-06
2.84646e-06
3.05268e-06
3.06356e-06
2.95989e-06
2.72434e-06
2.39786e-06
2.08697e-06
1.99969e-06
2.0222e-06
2.02001e-06
1.96323e-06
1.88239e-06
1.80073e-06
1.70131e-06
1.62217e-06
1.55069e-06
1.54161e-06
1.57944e-06
1.63416e-06
1.7433e-06
1.81729e-06
1.81765e-06
1.82218e-06
1.86659e-06
1.9697e-06
2.13661e-06
2.32195e-06
2.5829e-06
2.79801e-06
2.91552e-06
2.92235e-06
2.79976e-06
2.47215e-06
2.15897e-06
1.88321e-06
1.65076e-06
1.6099e-06
1.8595e-06
2.24621e-06
2.4824e-06
2.72165e-06
2.85185e-06
1.18025e-05
1.18025e-05
1.18025e-05
1.18024e-05
1.18024e-05
1.18023e-05
1.18021e-05
1.18016e-05
1.18005e-05
1.17984e-05
1.17944e-05
1.17849e-05
1.17532e-05
1.16545e-05
1.13605e-05
1.06172e-05
9.3225e-06
7.71057e-06
6.22094e-06
5.31687e-06
5.14941e-06
5.30078e-06
5.54319e-06
5.52283e-06
5.36979e-06
5.10747e-06
4.85618e-06
4.61436e-06
4.35155e-06
4.12562e-06
3.94058e-06
3.81606e-06
3.70367e-06
3.65653e-06
3.66236e-06
3.71854e-06
3.90062e-06
4.19758e-06
4.40298e-06
4.40962e-06
4.32431e-06
4.0516e-06
3.68902e-06
3.36055e-06
3.06962e-06
2.77571e-06
2.47043e-06
2.20473e-06
2.02455e-06
2.02654e-06
2.19123e-06
2.36289e-06
2.40981e-06
2.40428e-06
2.41971e-06
2.58249e-06
3.0132e-06
3.48314e-06
3.74061e-06
3.77213e-06
3.64511e-06
3.37264e-06
3.00706e-06
2.59309e-06
2.29649e-06
2.3304e-06
2.46375e-06
2.52912e-06
2.47363e-06
2.36478e-06
2.22501e-06
2.00688e-06
1.82747e-06
1.64004e-06
1.56548e-06
1.56798e-06
1.57376e-06
1.60285e-06
1.60533e-06
1.59909e-06
1.5986e-06
1.61185e-06
1.65745e-06
1.7712e-06
2.01271e-06
2.24896e-06
2.37556e-06
2.45865e-06
2.46236e-06
2.37003e-06
2.16736e-06
1.92001e-06
1.66763e-06
1.62258e-06
1.96612e-06
2.44568e-06
2.75171e-06
2.92954e-06
3.12781e-06
3.18625e-06
1.18025e-05
1.18025e-05
1.18025e-05
1.18025e-05
1.18025e-05
1.18025e-05
1.18024e-05
1.18023e-05
1.18021e-05
1.18013e-05
1.17987e-05
1.17897e-05
1.176e-05
1.16641e-05
1.13728e-05
1.05762e-05
9.08575e-06
7.21502e-06
5.64005e-06
5.09927e-06
5.25137e-06
5.70747e-06
5.80117e-06
5.56358e-06
5.21961e-06
4.97936e-06
4.77004e-06
4.54807e-06
4.27536e-06
3.96113e-06
3.68244e-06
3.48328e-06
3.32098e-06
3.24997e-06
3.27075e-06
3.37989e-06
3.68089e-06
4.11571e-06
4.35763e-06
4.34476e-06
4.0202e-06
3.51936e-06
3.19736e-06
3.03858e-06
2.96817e-06
2.88805e-06
2.78374e-06
2.68987e-06
2.59817e-06
2.53924e-06
2.51694e-06
2.5152e-06
2.53906e-06
2.61285e-06
2.99735e-06
3.84369e-06
4.46727e-06
4.6846e-06
4.64264e-06
4.4362e-06
4.14583e-06
3.79389e-06
3.34752e-06
2.8822e-06
2.71971e-06
2.88953e-06
3.21973e-06
3.38368e-06
3.32033e-06
3.171e-06
2.93421e-06
2.52648e-06
2.21227e-06
1.87748e-06
1.743e-06
1.731e-06
1.67444e-06
1.61695e-06
1.66005e-06
1.72238e-06
1.70673e-06
1.65492e-06
1.62344e-06
1.6029e-06
1.65276e-06
1.84208e-06
2.00645e-06
2.12615e-06
2.1401e-06
2.04223e-06
1.83186e-06
1.64761e-06
1.67812e-06
2.17295e-06
2.78783e-06
3.05149e-06
3.23876e-06
3.36938e-06
3.48502e-06
3.45767e-06
1.18025e-05
1.18025e-05
1.18025e-05
1.18025e-05
1.18025e-05
1.18025e-05
1.18025e-05
1.18024e-05
1.18022e-05
1.18014e-05
1.17984e-05
1.17881e-05
1.1753e-05
1.16386e-05
1.12873e-05
1.03369e-05
8.64416e-06
6.66792e-06
5.31037e-06
5.19644e-06
5.78278e-06
6.28681e-06
6.01872e-06
5.46481e-06
5.13591e-06
5.03574e-06
4.95955e-06
4.74309e-06
4.34345e-06
3.88325e-06
3.5111e-06
3.26078e-06
3.07554e-06
3.00331e-06
3.03527e-06
3.20598e-06
3.63419e-06
4.12621e-06
4.37104e-06
4.29886e-06
3.54945e-06
3.05085e-06
2.88423e-06
2.83618e-06
2.80001e-06
2.76472e-06
2.73147e-06
2.6939e-06
2.6615e-06
2.6368e-06
2.647e-06
2.73019e-06
3.03231e-06
3.72887e-06
4.94365e-06
5.71324e-06
5.80169e-06
5.5853e-06
5.15394e-06
4.79036e-06
4.5327e-06
4.22845e-06
3.78599e-06
3.39357e-06
3.4395e-06
3.80331e-06
4.29104e-06
4.50126e-06
4.43988e-06
4.26097e-06
3.92418e-06
3.31956e-06
2.89117e-06
2.37229e-06
2.22644e-06
2.25269e-06
2.13588e-06
1.97798e-06
2.1568e-06
2.31548e-06
2.272e-06
2.14644e-06
2.05218e-06
1.90863e-06
1.71871e-06
1.63629e-06
1.62391e-06
1.67066e-06
1.67983e-06
1.6418e-06
1.64462e-06
1.84982e-06
2.66821e-06
3.24284e-06
3.47394e-06
3.58932e-06
3.71167e-06
3.75414e-06
3.74458e-06
3.58901e-06
1.18025e-05
1.18025e-05
1.18025e-05
1.18025e-05
1.18025e-05
1.18025e-05
1.18025e-05
1.18024e-05
1.18023e-05
1.18017e-05
1.17994e-05
1.17915e-05
1.17641e-05
1.16722e-05
1.13792e-05
1.05396e-05
8.85065e-06
6.73753e-06
5.38514e-06
5.46947e-06
6.56683e-06
6.78212e-06
6.13304e-06
5.4391e-06
5.37591e-06
5.48448e-06
5.46326e-06
5.1038e-06
4.42707e-06
3.78064e-06
3.32537e-06
3.06075e-06
2.89769e-06
2.86935e-06
2.94413e-06
3.24727e-06
3.81126e-06
4.42604e-06
4.7345e-06
4.19373e-06
3.22324e-06
2.88891e-06
2.81072e-06
2.8155e-06
2.84049e-06
2.84352e-06
2.8321e-06
2.81676e-06
2.81211e-06
2.87521e-06
3.1289e-06
3.7682e-06
4.74947e-06
5.70759e-06
6.46857e-06
6.67874e-06
6.50025e-06
5.92804e-06
5.23054e-06
4.89595e-06
4.77629e-06
4.61662e-06
4.31093e-06
4.21003e-06
4.41014e-06
4.85343e-06
5.20336e-06
5.31398e-06
5.26866e-06
5.14226e-06
4.89065e-06
4.34761e-06
3.929e-06
3.2809e-06
3.16105e-06
3.21646e-06
3.06575e-06
2.8969e-06
3.15087e-06
3.35144e-06
3.35274e-06
3.25168e-06
3.17855e-06
3.01897e-06
2.69356e-06
2.39316e-06
2.18926e-06
2.01496e-06
2.02243e-06
2.20665e-06
2.77826e-06
3.40298e-06
3.91882e-06
4.03211e-06
4.09038e-06
4.11502e-06
4.09532e-06
4.00412e-06
3.85414e-06
3.56228e-06
1.18025e-05
1.18025e-05
1.18025e-05
1.18025e-05
1.18025e-05
1.18025e-05
1.18025e-05
1.18025e-05
1.18023e-05
1.18019e-05
1.18001e-05
1.17939e-05
1.17719e-05
1.16971e-05
1.14543e-05
1.0737e-05
9.11879e-06
6.91416e-06
5.58494e-06
5.88956e-06
7.28407e-06
7.28071e-06
6.30226e-06
5.64103e-06
5.77794e-06
6.04443e-06
5.97365e-06
5.40971e-06
4.43874e-06
3.60261e-06
3.11446e-06
2.87899e-06
2.78393e-06
2.81173e-06
2.99843e-06
3.50791e-06
4.41461e-06
5.38013e-06
5.62295e-06
4.05379e-06
3.19014e-06
2.99861e-06
2.9773e-06
3.13248e-06
3.26548e-06
3.31117e-06
3.34646e-06
3.40363e-06
3.52757e-06
3.84519e-06
4.41914e-06
4.99198e-06
5.38285e-06
5.89306e-06
6.62247e-06
7.04733e-06
6.77293e-06
5.99632e-06
5.16035e-06
4.89907e-06
4.90421e-06
4.88764e-06
4.8343e-06
4.94474e-06
5.19332e-06
5.42891e-06
5.57708e-06
5.6176e-06
5.57788e-06
5.48791e-06
5.32665e-06
5.06994e-06
4.90109e-06
4.54969e-06
4.46701e-06
4.39191e-06
4.14358e-06
4.01548e-06
4.23725e-06
4.53914e-06
4.76902e-06
4.856e-06
4.93336e-06
4.92417e-06
4.74646e-06
4.55047e-06
4.48537e-06
4.37486e-06
4.38764e-06
4.50512e-06
4.70202e-06
4.79896e-06
4.83418e-06
4.7565e-06
4.63997e-06
4.44712e-06
4.22007e-06
3.98749e-06
3.74327e-06
3.35049e-06
1.18025e-05
1.18025e-05
1.18025e-05
1.18025e-05
1.18025e-05
1.18025e-05
1.18025e-05
1.18025e-05
1.18024e-05
1.18021e-05
1.18012e-05
1.17975e-05
1.17841e-05
1.17372e-05
1.1578e-05
1.1079e-05
9.75593e-06
7.52784e-06
6.03644e-06
6.21852e-06
7.51907e-06
7.75929e-06
6.7628e-06
5.99921e-06
6.13817e-06
6.49046e-06
6.41714e-06
5.69347e-06
4.38101e-06
3.40318e-06
2.93567e-06
2.76513e-06
2.74437e-06
2.86283e-06
3.29116e-06
4.3416e-06
6.08169e-06
7.353e-06
7.35293e-06
5.00603e-06
3.83514e-06
3.47426e-06
3.42613e-06
3.74704e-06
4.06264e-06
4.24977e-06
4.36996e-06
4.43957e-06
4.46371e-06
4.51612e-06
4.62158e-06
4.7613e-06
4.83542e-06
5.04739e-06
5.86531e-06
7.07741e-06
6.92475e-06
6.07246e-06
5.10161e-06
4.90256e-06
4.95893e-06
5.02326e-06
5.0859e-06
5.25516e-06
5.50034e-06
5.61609e-06
5.66748e-06
5.57686e-06
5.4422e-06
5.39691e-06
5.33793e-06
5.30416e-06
5.32447e-06
5.31784e-06
5.25042e-06
5.02862e-06
4.71617e-06
4.79032e-06
5.25868e-06
5.98698e-06
6.59022e-06
6.89689e-06
7.09372e-06
7.13153e-06
7.0009e-06
6.81438e-06
6.63448e-06
6.44629e-06
6.25331e-06
6.04604e-06
5.81677e-06
5.53747e-06
5.25293e-06
4.96968e-06
4.68645e-06
4.40543e-06
4.08761e-06
3.76592e-06
3.46036e-06
3.07848e-06
1.18025e-05
1.18025e-05
1.18025e-05
1.18025e-05
1.18025e-05
1.18025e-05
1.18025e-05
1.18025e-05
1.18025e-05
1.18023e-05
1.18018e-05
1.17998e-05
1.17924e-05
1.17655e-05
1.16713e-05
1.13601e-05
1.04491e-05
8.50341e-06
6.77999e-06
6.75601e-06
7.7985e-06
8.34507e-06
7.524e-06
6.44871e-06
6.42219e-06
6.80262e-06
6.82998e-06
5.98856e-06
4.31385e-06
3.21939e-06
2.82369e-06
2.72807e-06
2.79448e-06
3.10362e-06
4.14286e-06
6.36883e-06
8.45366e-06
9.27745e-06
9.12984e-06
7.69028e-06
6.19677e-06
4.92927e-06
4.26002e-06
4.12569e-06
4.39018e-06
4.61516e-06
4.70629e-06
4.69854e-06
4.56592e-06
4.45113e-06
4.35981e-06
4.26018e-06
4.26802e-06
4.41446e-06
5.07806e-06
6.91732e-06
7.21349e-06
6.38278e-06
5.16202e-06
4.89657e-06
4.97192e-06
5.03656e-06
5.0898e-06
5.28333e-06
5.55471e-06
5.55691e-06
5.37405e-06
4.93492e-06
4.45121e-06
4.30601e-06
4.34255e-06
4.56677e-06
4.92347e-06
5.18189e-06
5.02147e-06
4.7708e-06
4.84212e-06
5.83168e-06
7.2346e-06
8.57418e-06
9.21624e-06
9.27117e-06
9.13465e-06
8.82581e-06
8.43723e-06
8.06557e-06
7.61316e-06
7.12025e-06
6.67877e-06
6.27742e-06
5.89687e-06
5.54083e-06
5.1892e-06
4.85037e-06
4.49826e-06
4.13743e-06
3.77094e-06
3.46375e-06
3.21907e-06
2.91462e-06
1.18025e-05
1.18025e-05
1.18025e-05
1.18025e-05
1.18025e-05
1.18025e-05
1.18025e-05
1.18025e-05
1.18025e-05
1.18024e-05
1.18023e-05
1.18015e-05
1.17985e-05
1.17871e-05
1.17452e-05
1.15983e-05
1.11266e-05
9.84869e-06
8.11612e-06
7.82807e-06
8.52165e-06
9.19653e-06
8.66864e-06
7.32704e-06
6.85114e-06
7.17915e-06
7.3571e-06
6.3392e-06
4.27756e-06
3.0993e-06
2.78334e-06
2.76466e-06
2.96707e-06
3.81001e-06
5.94934e-06
8.06877e-06
8.85331e-06
8.88876e-06
8.73252e-06
8.75115e-06
8.92163e-06
8.50115e-06
6.92327e-06
5.55405e-06
4.90259e-06
4.77607e-06
4.76107e-06
4.7542e-06
4.70188e-06
4.61618e-06
4.51948e-06
4.43651e-06
4.39463e-06
4.49936e-06
4.94292e-06
6.74289e-06
7.66031e-06
6.93516e-06
5.40936e-06
4.83241e-06
4.82781e-06
4.80496e-06
4.89516e-06
5.26669e-06
5.60941e-06
5.49836e-06
5.04288e-06
4.30931e-06
3.6442e-06
3.43277e-06
3.53245e-06
3.88075e-06
4.46984e-06
4.69194e-06
4.55464e-06
4.73314e-06
6.36975e-06
8.53209e-06
9.87849e-06
1.05241e-05
1.06403e-05
1.04547e-05
1.00593e-05
9.49035e-06
8.83087e-06
8.1871e-06
7.59699e-06
7.07392e-06
6.60566e-06
6.17253e-06
5.76331e-06
5.36192e-06
4.94805e-06
4.57873e-06
4.22526e-06
3.89419e-06
3.58477e-06
3.32475e-06
3.12578e-06
2.85286e-06
1.18025e-05
1.18025e-05
1.18025e-05
1.18025e-05
1.18025e-05
1.18025e-05
1.18025e-05
1.18025e-05
1.18025e-05
1.18025e-05
1.18024e-05
1.18022e-05
1.18014e-05
1.17979e-05
1.17843e-05
1.17333e-05
1.1553e-05
1.09702e-05
9.87711e-06
9.63868e-06
1.00291e-05
1.04033e-05
1.00297e-05
8.70797e-06
7.79781e-06
8.03152e-06
8.16454e-06
6.75527e-06
4.19771e-06
3.02835e-06
2.82141e-06
2.91471e-06
3.50168e-06
5.15343e-06
7.21084e-06
8.0576e-06
8.12304e-06
7.25297e-06
6.93487e-06
7.24687e-06
8.23595e-06
9.20548e-06
9.69124e-06
9.63247e-06
8.28896e-06
6.94568e-06
6.2503e-06
5.89015e-06
5.8415e-06
5.83885e-06
5.81141e-06
5.73711e-06
5.50072e-06
5.34869e-06
5.59193e-06
6.95711e-06
8.21286e-06
7.65405e-06
5.93799e-06
4.84024e-06
4.5513e-06
4.55925e-06
4.79693e-06
5.54965e-06
5.75788e-06
5.42147e-06
4.60253e-06
3.71038e-06
3.05292e-06
2.89e-06
3.05945e-06
3.50769e-06
4.00391e-06
4.2953e-06
4.66107e-06
5.98527e-06
8.93197e-06
1.03943e-05
1.10541e-05
1.12256e-05
1.11871e-05
1.09e-05
1.03471e-05
9.61737e-06
8.85959e-06
8.20466e-06
7.64797e-06
7.12593e-06
6.63996e-06
6.15859e-06
5.65489e-06
5.16736e-06
4.7427e-06
4.39143e-06
4.0738e-06
3.74019e-06
3.49242e-06
3.28011e-06
3.20434e-06
3.06883e-06
1.18025e-05
1.18025e-05
1.18025e-05
1.18025e-05
1.18025e-05
1.18025e-05
1.18025e-05
1.18025e-05
1.18025e-05
1.18025e-05
1.18025e-05
1.18025e-05
1.18023e-05
1.18014e-05
1.17981e-05
1.17851e-05
1.17377e-05
1.15909e-05
1.13354e-05
1.128e-05
1.13547e-05
1.13723e-05
1.11925e-05
1.04733e-05
9.56672e-06
9.54692e-06
9.33764e-06
7.41711e-06
4.33007e-06
3.08924e-06
2.93199e-06
3.23965e-06
4.33488e-06
6.28817e-06
7.36369e-06
7.5339e-06
6.69129e-06
6.31034e-06
6.2121e-06
6.3872e-06
6.76576e-06
7.49784e-06
8.67607e-06
1.00921e-05
1.09624e-05
1.06912e-05
1.00745e-05
9.48613e-06
9.23624e-06
9.08654e-06
8.82136e-06
8.39236e-06
7.76763e-06
7.1406e-06
7.20845e-06
8.06819e-06
8.90627e-06
8.45216e-06
6.72347e-06
5.0623e-06
4.43024e-06
4.48819e-06
5.03375e-06
5.97361e-06
5.85841e-06
5.21318e-06
4.17878e-06
3.24209e-06
2.71853e-06
2.64423e-06
2.90619e-06
3.45596e-06
4.05607e-06
4.77883e-06
6.36355e-06
8.74306e-06
1.02339e-05
1.08217e-05
1.12378e-05
1.14235e-05
1.13902e-05
1.11142e-05
1.05527e-05
9.8577e-06
9.24305e-06
8.78943e-06
8.3539e-06
7.81731e-06
7.26454e-06
6.59107e-06
5.89827e-06
5.37123e-06
5.0591e-06
4.71933e-06
4.34246e-06
3.83214e-06
3.8006e-06
3.98923e-06
4.39945e-06
4.08943e-06
1.18025e-05
1.18025e-05
1.18025e-05
1.18025e-05
1.18025e-05
1.18025e-05
1.18025e-05
1.18025e-05
1.18025e-05
1.18025e-05
1.18025e-05
1.18025e-05
1.18025e-05
1.18023e-05
1.18017e-05
1.17991e-05
1.17906e-05
1.17704e-05
1.17452e-05
1.17355e-05
1.17347e-05
1.17143e-05
1.16453e-05
1.14467e-05
1.11751e-05
1.10126e-05
1.02893e-05
8.01108e-06
4.38464e-06
3.21146e-06
3.21441e-06
3.88402e-06
5.42618e-06
6.79944e-06
7.27167e-06
6.99996e-06
6.4918e-06
6.3641e-06
6.34838e-06
6.33189e-06
6.51107e-06
7.02022e-06
7.96767e-06
9.28749e-06
1.06186e-05
1.14393e-05
1.15306e-05
1.14354e-05
1.12887e-05
1.11064e-05
1.08717e-05
1.05552e-05
1.0071e-05
9.33478e-06
9.1216e-06
9.39273e-06
9.63714e-06
9.25697e-06
7.78194e-06
5.79676e-06
4.6887e-06
4.76858e-06
5.73827e-06
6.37692e-06
5.94326e-06
4.98257e-06
3.91254e-06
2.97008e-06
2.5912e-06
2.58024e-06
2.98381e-06
3.61828e-06
4.62656e-06
6.59123e-06
8.90924e-06
9.83012e-06
9.96968e-06
1.0332e-05
1.09904e-05
1.14648e-05
1.15126e-05
1.13227e-05
1.09047e-05
1.04384e-05
1.00741e-05
9.81262e-06
9.4748e-06
8.94727e-06
8.35655e-06
7.59425e-06
6.85807e-06
6.43845e-06
6.14295e-06
5.60211e-06
4.70916e-06
4.10289e-06
4.64463e-06
6.30963e-06
6.92094e-06
5.72258e-06
1.18025e-05
1.18025e-05
1.18025e-05
1.18025e-05
1.18025e-05
1.18025e-05
1.18025e-05
1.18025e-05
1.18025e-05
1.18025e-05
1.18025e-05
1.18025e-05
1.18025e-05
1.18025e-05
1.18024e-05
1.18021e-05
1.18012e-05
1.17992e-05
1.17969e-05
1.17956e-05
1.1794e-05
1.17875e-05
1.177e-05
1.17323e-05
1.16768e-05
1.15861e-05
1.1075e-05
9.18741e-06
5.39582e-06
3.44896e-06
3.46335e-06
4.49085e-06
5.92986e-06
6.86423e-06
7.18506e-06
7.16709e-06
6.94214e-06
6.85574e-06
6.68346e-06
6.67011e-06
6.89431e-06
7.4627e-06
8.33842e-06
9.38955e-06
1.04759e-05
1.1321e-05
1.16809e-05
1.17227e-05
1.17006e-05
1.16488e-05
1.1562e-05
1.14273e-05
1.11975e-05
1.08198e-05
1.05039e-05
1.04441e-05
1.03632e-05
9.92701e-06
8.72571e-06
6.66305e-06
5.22706e-06
5.45652e-06
6.68816e-06
6.71914e-06
5.90601e-06
4.87745e-06
3.82579e-06
2.87698e-06
2.5379e-06
2.6451e-06
3.24587e-06
4.24195e-06
6.10711e-06
8.3607e-06
9.31556e-06
9.26012e-06
9.40365e-06
9.86196e-06
1.06001e-05
1.13666e-05
1.15933e-05
1.15082e-05
1.12804e-05
1.10394e-05
1.08612e-05
1.07084e-05
1.0428e-05
9.95696e-06
9.42925e-06
8.80609e-06
8.18411e-06
7.58159e-06
6.92487e-06
6.09391e-06
4.82569e-06
4.69927e-06
6.38803e-06
8.43698e-06
8.75012e-06
7.65735e-06
1.18025e-05
1.18025e-05
1.18025e-05
1.18025e-05
1.18025e-05
1.18025e-05
1.18025e-05
1.18025e-05
1.18025e-05
1.18025e-05
1.18025e-05
1.18025e-05
1.18025e-05
1.18025e-05
1.18025e-05
1.18025e-05
1.18024e-05
1.18022e-05
1.1802e-05
1.18019e-05
1.18016e-05
1.18005e-05
1.17976e-05
1.17917e-05
1.17815e-05
1.17508e-05
1.15288e-05
1.05804e-05
7.97879e-06
4.47384e-06
3.71607e-06
4.25842e-06
5.53548e-06
6.52993e-06
6.86503e-06
6.78403e-06
6.55956e-06
6.4471e-06
6.53203e-06
6.8505e-06
7.57839e-06
8.6174e-06
9.6954e-06
1.05989e-05
1.11989e-05
1.15365e-05
1.17106e-05
1.17734e-05
1.17747e-05
1.17648e-05
1.17403e-05
1.16925e-05
1.1592e-05
1.14045e-05
1.11859e-05
1.10316e-05
1.08362e-05
1.03427e-05
9.14785e-06
7.04985e-06
5.81646e-06
6.4398e-06
7.57576e-06
7.13284e-06
5.96588e-06
5.00092e-06
4.02949e-06
2.93887e-06
2.56317e-06
2.7907e-06
3.7937e-06
5.51804e-06
7.61693e-06
8.61795e-06
8.83293e-06
8.98852e-06
9.30506e-06
9.7669e-06
1.04426e-05
1.11865e-05
1.16228e-05
1.16326e-05
1.15475e-05
1.14554e-05
1.13657e-05
1.11976e-05
1.08341e-05
1.03684e-05
9.93526e-06
9.46015e-06
8.77189e-06
7.57395e-06
6.29194e-06
5.37429e-06
4.79932e-06
6.9114e-06
8.7688e-06
8.28832e-06
8.29268e-06
7.58633e-06
1.18025e-05
1.18025e-05
1.18025e-05
1.18025e-05
1.18025e-05
1.18025e-05
1.18025e-05
1.18025e-05
1.18025e-05
1.18025e-05
1.18025e-05
1.18025e-05
1.18025e-05
1.18025e-05
1.18025e-05
1.18025e-05
1.18025e-05
1.18025e-05
1.18025e-05
1.18024e-05
1.18024e-05
1.18023e-05
1.1802e-05
1.18012e-05
1.17997e-05
1.17926e-05
1.17396e-05
1.14909e-05
1.05851e-05
7.98617e-06
5.14882e-06
4.50742e-06
4.87698e-06
5.51242e-06
5.84108e-06
5.85575e-06
5.97438e-06
6.32588e-06
7.108e-06
8.23854e-06
9.39347e-06
1.03031e-05
1.09144e-05
1.13187e-05
1.1564e-05
1.16934e-05
1.17578e-05
1.17891e-05
1.17944e-05
1.17924e-05
1.17857e-05
1.17689e-05
1.17201e-05
1.1614e-05
1.14894e-05
1.13412e-05
1.10742e-05
1.04804e-05
9.11517e-06
7.00135e-06
6.4531e-06
7.62706e-06
8.47859e-06
7.60777e-06
6.18561e-06
5.32068e-06
4.51727e-06
3.2473e-06
2.64495e-06
2.85901e-06
4.19735e-06
6.17416e-06
7.63239e-06
8.29102e-06
8.6906e-06
9.36537e-06
9.92363e-06
1.01793e-05
1.04864e-05
1.11051e-05
1.16101e-05
1.17102e-05
1.1694e-05
1.16612e-05
1.15767e-05
1.13447e-05
1.07981e-05
1.01731e-05
9.79174e-06
9.42794e-06
8.65453e-06
6.89509e-06
5.01419e-06
4.65383e-06
5.74494e-06
8.91608e-06
8.66089e-06
7.58011e-06
7.45355e-06
7.13553e-06
1.18025e-05
1.18025e-05
1.18025e-05
1.18025e-05
1.18025e-05
1.18025e-05
1.18025e-05
1.18025e-05
1.18025e-05
1.18025e-05
1.18025e-05
1.18025e-05
1.18025e-05
1.18025e-05
1.18025e-05
1.18025e-05
1.18025e-05
1.18025e-05
1.18025e-05
1.18025e-05
1.18025e-05
1.18025e-05
1.18024e-05
1.18024e-05
1.18022e-05
1.18013e-05
1.17952e-05
1.17629e-05
1.16188e-05
1.10831e-05
9.40229e-06
7.17353e-06
6.21307e-06
6.10817e-06
6.32633e-06
6.72902e-06
7.53323e-06
8.75426e-06
9.92109e-06
1.06544e-05
1.10848e-05
1.13694e-05
1.15519e-05
1.16673e-05
1.17365e-05
1.17725e-05
1.17897e-05
1.17981e-05
1.18002e-05
1.17998e-05
1.17979e-05
1.1792e-05
1.17728e-05
1.17332e-05
1.16567e-05
1.14676e-05
1.09726e-05
1.00101e-05
8.39172e-06
6.83827e-06
6.91851e-06
8.58129e-06
9.67746e-06
8.88964e-06
7.12651e-06
6.01657e-06
5.20614e-06
3.87936e-06
2.83026e-06
2.83761e-06
4.08263e-06
6.062e-06
7.43174e-06
8.66868e-06
9.84327e-06
1.06104e-05
1.08834e-05
1.09152e-05
1.09519e-05
1.11501e-05
1.15762e-05
1.17461e-05
1.17588e-05
1.1736e-05
1.16416e-05
1.13575e-05
1.05736e-05
9.65971e-06
9.30685e-06
9.0385e-06
8.53665e-06
7.16122e-06
5.26061e-06
5.02465e-06
7.22031e-06
8.76345e-06
8.52765e-06
7.4413e-06
6.94224e-06
6.79668e-06
1.18025e-05
1.18025e-05
1.18025e-05
1.18025e-05
1.18025e-05
1.18025e-05
1.18025e-05
1.18025e-05
1.18025e-05
1.18025e-05
1.18025e-05
1.18025e-05
1.18025e-05
1.18025e-05
1.18025e-05
1.18025e-05
1.18025e-05
1.18025e-05
1.18025e-05
1.18025e-05
1.18025e-05
1.18025e-05
1.18025e-05
1.18025e-05
1.18025e-05
1.18024e-05
1.18019e-05
1.17992e-05
1.17864e-05
1.17371e-05
1.15687e-05
1.11598e-05
1.06048e-05
1.009e-05
1.02534e-05
1.07776e-05
1.12239e-05
1.14706e-05
1.16053e-05
1.16824e-05
1.1728e-05
1.17562e-05
1.17739e-05
1.17852e-05
1.17924e-05
1.1797e-05
1.17997e-05
1.18013e-05
1.18019e-05
1.18018e-05
1.18013e-05
1.17995e-05
1.17934e-05
1.17733e-05
1.17041e-05
1.14686e-05
1.07483e-05
9.26269e-06
7.61821e-06
7.05495e-06
7.64873e-06
9.71925e-06
1.08093e-05
1.05522e-05
9.45683e-06
8.03807e-06
6.49384e-06
4.65062e-06
3.19469e-06
2.93001e-06
4.0874e-06
6.53924e-06
8.93058e-06
1.02805e-05
1.09359e-05
1.13e-05
1.14117e-05
1.13753e-05
1.13403e-05
1.13962e-05
1.15994e-05
1.17646e-05
1.17859e-05
1.17632e-05
1.1676e-05
1.13842e-05
1.055e-05
9.58742e-06
9.35641e-06
8.95902e-06
8.20856e-06
7.24626e-06
6.57719e-06
7.27604e-06
8.32407e-06
8.66559e-06
8.4881e-06
7.62626e-06
6.47899e-06
6.46914e-06
1.18025e-05
1.18025e-05
1.18025e-05
1.18025e-05
1.18025e-05
1.18025e-05
1.18025e-05
1.18025e-05
1.18025e-05
1.18025e-05
1.18025e-05
1.18025e-05
1.18025e-05
1.18025e-05
1.18025e-05
1.18025e-05
1.18025e-05
1.18025e-05
1.18025e-05
1.18025e-05
1.18025e-05
1.18025e-05
1.18025e-05
1.18025e-05
1.18025e-05
1.18025e-05
1.18025e-05
1.18023e-05
1.18016e-05
1.17988e-05
1.17895e-05
1.17685e-05
1.1744e-05
1.17167e-05
1.17331e-05
1.17591e-05
1.17787e-05
1.17893e-05
1.17948e-05
1.17978e-05
1.17996e-05
1.18008e-05
1.18014e-05
1.18019e-05
1.18021e-05
1.18023e-05
1.18024e-05
1.18024e-05
1.18024e-05
1.18024e-05
1.18023e-05
1.18018e-05
1.17995e-05
1.17891e-05
1.17473e-05
1.1588e-05
1.10504e-05
9.59894e-06
7.97739e-06
7.91059e-06
8.92086e-06
1.07568e-05
1.13631e-05
1.12628e-05
1.08705e-05
9.9846e-06
7.97326e-06
5.50397e-06
3.74081e-06
3.30547e-06
4.76195e-06
8.11082e-06
9.60591e-06
1.05392e-05
1.12389e-05
1.15129e-05
1.16043e-05
1.16016e-05
1.15716e-05
1.15947e-05
1.16995e-05
1.17832e-05
1.17964e-05
1.17837e-05
1.17366e-05
1.15882e-05
1.11565e-05
1.06645e-05
1.05511e-05
1.02759e-05
9.43052e-06
8.08115e-06
7.93143e-06
8.19664e-06
8.4398e-06
8.58632e-06
8.46231e-06
7.8669e-06
6.44881e-06
6.18836e-06
1.18025e-05
1.18025e-05
1.18025e-05
1.18025e-05
1.18025e-05
1.18025e-05
1.18025e-05
1.18025e-05
1.18025e-05
1.18025e-05
1.18025e-05
1.18025e-05
1.18025e-05
1.18025e-05
1.18025e-05
1.18025e-05
1.18025e-05
1.18025e-05
1.18025e-05
1.18025e-05
1.18025e-05
1.18025e-05
1.18025e-05
1.18025e-05
1.18025e-05
1.18025e-05
1.18025e-05
1.18025e-05
1.18025e-05
1.18023e-05
1.1802e-05
1.18013e-05
1.18008e-05
1.18002e-05
1.18006e-05
1.18013e-05
1.18018e-05
1.18021e-05
1.18023e-05
1.18024e-05
1.18024e-05
1.18024e-05
1.18025e-05
1.18025e-05
1.18025e-05
1.18025e-05
1.18025e-05
1.18025e-05
1.18025e-05
1.18025e-05
1.18025e-05
1.18024e-05
1.18021e-05
1.17998e-05
1.17896e-05
1.17433e-05
1.15458e-05
1.07778e-05
9.88535e-06
1.01455e-05
1.09178e-05
1.15277e-05
1.1598e-05
1.14902e-05
1.11716e-05
1.05362e-05
9.16784e-06
6.83156e-06
4.56422e-06
4.01115e-06
4.9228e-06
6.69974e-06
7.87689e-06
9.59859e-06
1.10765e-05
1.15242e-05
1.16566e-05
1.17014e-05
1.16979e-05
1.17098e-05
1.17595e-05
1.17958e-05
1.18006e-05
1.17953e-05
1.17763e-05
1.17179e-05
1.15834e-05
1.13891e-05
1.11331e-05
1.06912e-05
1.03535e-05
9.76265e-06
9.48519e-06
9.39374e-06
9.121e-06
8.73258e-06
8.22563e-06
6.93066e-06
5.77883e-06
5.86711e-06
1.18025e-05
1.18025e-05
1.18025e-05
1.18025e-05
1.18025e-05
1.18025e-05
1.18025e-05
1.18025e-05
1.18025e-05
1.18025e-05
1.18025e-05
1.18025e-05
1.18025e-05
1.18025e-05
1.18025e-05
1.18025e-05
1.18025e-05
1.18025e-05
1.18025e-05
1.18025e-05
1.18025e-05
1.18025e-05
1.18025e-05
1.18025e-05
1.18025e-05
1.18025e-05
1.18025e-05
1.18025e-05
1.18025e-05
1.18025e-05
1.18025e-05
1.18025e-05
1.18025e-05
1.18024e-05
1.18025e-05
1.18025e-05
1.18025e-05
1.18025e-05
1.18025e-05
1.18025e-05
1.18025e-05
1.18025e-05
1.18025e-05
1.18025e-05
1.18025e-05
1.18025e-05
1.18025e-05
1.18025e-05
1.18025e-05
1.18025e-05
1.18025e-05
1.18025e-05
1.18025e-05
1.18023e-05
1.18014e-05
1.17961e-05
1.17725e-05
1.16893e-05
1.16246e-05
1.16821e-05
1.17392e-05
1.17644e-05
1.17566e-05
1.1696e-05
1.15402e-05
1.12741e-05
1.07266e-05
9.24495e-06
6.49703e-06
5.12559e-06
5.40487e-06
5.98783e-06
6.94469e-06
9.0841e-06
1.07418e-05
1.12323e-05
1.15635e-05
1.17302e-05
1.176e-05
1.17702e-05
1.17887e-05
1.18004e-05
1.1802e-05
1.18004e-05
1.17949e-05
1.17773e-05
1.17321e-05
1.1599e-05
1.11558e-05
9.87669e-06
9.47695e-06
9.50533e-06
9.44769e-06
9.14219e-06
8.68843e-06
8.46448e-06
8.02754e-06
6.91571e-06
5.47488e-06
5.57607e-06
1.18025e-05
1.18025e-05
1.18025e-05
1.18025e-05
1.18025e-05
1.18025e-05
1.18025e-05
1.18025e-05
1.18025e-05
1.18025e-05
1.18025e-05
1.18025e-05
1.18025e-05
1.18025e-05
1.18025e-05
1.18025e-05
1.18025e-05
1.18025e-05
1.18025e-05
1.18025e-05
1.18025e-05
1.18025e-05
1.18025e-05
1.18025e-05
1.18025e-05
1.18025e-05
1.18025e-05
1.18025e-05
1.18025e-05
1.18025e-05
1.18025e-05
1.18025e-05
1.18025e-05
1.18025e-05
1.18025e-05
1.18025e-05
1.18025e-05
1.18025e-05
1.18025e-05
1.18025e-05
1.18025e-05
1.18025e-05
1.18025e-05
1.18025e-05
1.18025e-05
1.18025e-05
1.18025e-05
1.18025e-05
1.18025e-05
1.18025e-05
1.18025e-05
1.18025e-05
1.18025e-05
1.18025e-05
1.18025e-05
1.18023e-05
1.18015e-05
1.17988e-05
1.17972e-05
1.1799e-05
1.18005e-05
1.18009e-05
1.17993e-05
1.17926e-05
1.17742e-05
1.17196e-05
1.15519e-05
1.10498e-05
9.75413e-06
8.43243e-06
7.86587e-06
8.08678e-06
8.91715e-06
1.01795e-05
1.05408e-05
1.07552e-05
1.12636e-05
1.17053e-05
1.1783e-05
1.17936e-05
1.17992e-05
1.18021e-05
1.18023e-05
1.1802e-05
1.18004e-05
1.17935e-05
1.17581e-05
1.1538e-05
1.0831e-05
9.05355e-06
8.38962e-06
9.05532e-06
9.63672e-06
9.90979e-06
1.01255e-05
8.37204e-06
6.65734e-06
5.31103e-06
5.02047e-06
5.18815e-06
1.18025e-05
1.18025e-05
1.18025e-05
1.18025e-05
1.18025e-05
1.18025e-05
1.18025e-05
1.18025e-05
1.18025e-05
1.18025e-05
1.18025e-05
1.18025e-05
1.18025e-05
1.18025e-05
1.18025e-05
1.18025e-05
1.18025e-05
1.18025e-05
1.18025e-05
1.18025e-05
1.18025e-05
1.18025e-05
1.18025e-05
1.18025e-05
1.18025e-05
1.18025e-05
1.18025e-05
1.18025e-05
1.18025e-05
1.18025e-05
1.18025e-05
1.18025e-05
1.18025e-05
1.18025e-05
1.18025e-05
1.18025e-05
1.18025e-05
1.18025e-05
1.18025e-05
1.18025e-05
1.18025e-05
1.18025e-05
1.18025e-05
1.18025e-05
1.18025e-05
1.18025e-05
1.18025e-05
1.18025e-05
1.18025e-05
1.18025e-05
1.18025e-05
1.18025e-05
1.18025e-05
1.18025e-05
1.18025e-05
1.18025e-05
1.18025e-05
1.18024e-05
1.18024e-05
1.18024e-05
1.18025e-05
1.18025e-05
1.18024e-05
1.1802e-05
1.18001e-05
1.17913e-05
1.17587e-05
1.16525e-05
1.14344e-05
1.1156e-05
1.0797e-05
1.04634e-05
1.03165e-05
1.02716e-05
1.02601e-05
1.04273e-05
1.10464e-05
1.16657e-05
1.17903e-05
1.18004e-05
1.18019e-05
1.18024e-05
1.18025e-05
1.18024e-05
1.18022e-05
1.17989e-05
1.17112e-05
1.13119e-05
1.08536e-05
1.012e-05
8.5435e-06
7.82323e-06
7.91179e-06
7.65196e-06
8.48972e-06
5.87666e-06
3.94625e-06
3.57505e-06
4.12031e-06
4.92827e-06
1.18025e-05
1.18025e-05
1.18025e-05
1.18025e-05
1.18025e-05
1.18025e-05
1.18025e-05
1.18025e-05
1.18025e-05
1.18025e-05
1.18025e-05
1.18025e-05
1.18025e-05
1.18025e-05
1.18025e-05
1.18025e-05
1.18025e-05
1.18025e-05
1.18025e-05
1.18025e-05
1.18025e-05
1.18025e-05
1.18025e-05
1.18025e-05
1.18025e-05
1.18025e-05
1.18025e-05
1.18025e-05
1.18025e-05
1.18025e-05
1.18025e-05
1.18025e-05
1.18025e-05
1.18025e-05
1.18025e-05
1.18025e-05
1.18025e-05
1.18025e-05
1.18025e-05
1.18025e-05
1.18025e-05
1.18025e-05
1.18025e-05
1.18025e-05
1.18025e-05
1.18025e-05
1.18025e-05
1.18025e-05
1.18025e-05
1.18025e-05
1.18025e-05
1.18025e-05
1.18025e-05
1.18025e-05
1.18025e-05
1.18025e-05
1.18025e-05
1.18025e-05
1.18025e-05
1.18025e-05
1.18025e-05
1.18025e-05
1.18025e-05
1.18024e-05
1.1802e-05
1.18008e-05
1.17969e-05
1.17849e-05
1.17548e-05
1.16826e-05
1.14712e-05
1.10648e-05
1.05256e-05
1.01527e-05
1.01695e-05
1.03635e-05
1.10227e-05
1.1656e-05
1.17915e-05
1.18019e-05
1.18024e-05
1.18025e-05
1.18025e-05
1.18025e-05
1.18022e-05
1.17915e-05
1.15964e-05
1.11129e-05
1.07694e-05
1.01751e-05
9.66008e-06
9.89375e-06
1.01778e-05
8.29173e-06
5.86168e-06
4.44676e-06
3.77336e-06
3.50321e-06
4.14775e-06
5.88479e-06
1.18025e-05
1.18025e-05
1.18025e-05
1.18025e-05
1.18025e-05
1.18025e-05
1.18025e-05
1.18025e-05
1.18025e-05
1.18025e-05
1.18025e-05
1.18025e-05
1.18025e-05
1.18025e-05
1.18025e-05
1.18025e-05
1.18025e-05
1.18025e-05
1.18025e-05
1.18025e-05
1.18025e-05
1.18025e-05
1.18025e-05
1.18025e-05
1.18025e-05
1.18025e-05
1.18025e-05
1.18025e-05
1.18025e-05
1.18025e-05
1.18025e-05
1.18025e-05
1.18025e-05
1.18025e-05
1.18025e-05
1.18025e-05
1.18025e-05
1.18025e-05
1.18025e-05
1.18025e-05
1.18025e-05
1.18025e-05
1.18025e-05
1.18025e-05
1.18025e-05
1.18025e-05
1.18025e-05
1.18025e-05
1.18025e-05
1.18025e-05
1.18025e-05
1.18025e-05
1.18025e-05
1.18025e-05
1.18025e-05
1.18025e-05
1.18025e-05
1.18025e-05
1.18025e-05
1.18025e-05
1.18025e-05
1.18025e-05
1.18025e-05
1.18021e-05
1.18005e-05
1.17942e-05
1.17725e-05
1.17056e-05
1.15572e-05
1.13446e-05
1.10866e-05
1.06596e-05
1.03591e-05
1.04233e-05
1.06202e-05
1.1034e-05
1.15579e-05
1.17752e-05
1.18005e-05
1.18024e-05
1.18025e-05
1.18025e-05
1.18025e-05
1.18025e-05
1.18025e-05
1.18024e-05
1.18012e-05
1.17959e-05
1.17862e-05
1.17625e-05
1.14297e-05
1.13134e-05
1.13852e-05
1.14307e-05
1.16663e-05
1.15042e-05
1.03384e-05
5.64379e-06
4.4402e-06
6.94075e-06
1.18025e-05
1.18025e-05
1.18025e-05
1.18025e-05
1.18025e-05
1.18025e-05
1.18025e-05
1.18025e-05
1.18025e-05
1.18025e-05
1.18025e-05
1.18025e-05
1.18025e-05
1.18025e-05
1.18025e-05
1.18025e-05
1.18025e-05
1.18025e-05
1.18025e-05
1.18025e-05
1.18025e-05
1.18025e-05
1.18025e-05
1.18025e-05
1.18025e-05
1.18025e-05
1.18025e-05
1.18025e-05
1.18025e-05
1.18025e-05
1.18025e-05
1.18025e-05
1.18025e-05
1.18025e-05
1.18025e-05
1.18025e-05
1.18025e-05
1.18025e-05
1.18025e-05
1.18025e-05
1.18025e-05
1.18025e-05
1.18025e-05
1.18025e-05
1.18025e-05
1.18025e-05
1.18025e-05
1.18025e-05
1.18025e-05
1.18025e-05
1.18025e-05
1.18025e-05
1.18025e-05
1.18025e-05
1.18025e-05
1.18025e-05
1.18025e-05
1.18025e-05
1.18025e-05
1.18025e-05
1.18025e-05
1.18025e-05
1.18025e-05
1.18025e-05
1.18023e-05
1.18004e-05
1.17924e-05
1.17619e-05
1.16554e-05
1.13458e-05
1.10149e-05
1.09773e-05
1.11312e-05
1.14757e-05
1.16676e-05
1.17437e-05
1.17827e-05
1.17988e-05
1.18023e-05
1.18025e-05
1.18025e-05
1.18025e-05
1.18025e-05
1.18025e-05
1.18025e-05
1.18024e-05
1.18018e-05
1.17979e-05
1.17849e-05
1.17672e-05
1.17549e-05
1.17426e-05
1.17587e-05
1.17846e-05
1.17852e-05
1.17049e-05
1.12993e-05
1.02205e-05
8.36006e-06
1.04835e-05
)
;

boundaryField
{
    AXIS
    {
        type            empty;
    }
    OUTLET
    {
        type            calculated;
        value           nonuniform List<scalar> 
50
(
9.30622e-06
7.8122e-06
5.49444e-06
4.24928e-06
3.47382e-06
2.97563e-06
2.61054e-06
2.36284e-06
2.21296e-06
2.10689e-06
2.02762e-06
1.96294e-06
1.89342e-06
1.82243e-06
1.74648e-06
1.67453e-06
1.60917e-06
1.56361e-06
1.54245e-06
1.54862e-06
1.59942e-06
1.71561e-06
1.90628e-06
2.17095e-06
2.49943e-06
2.85185e-06
3.18625e-06
3.45767e-06
3.58901e-06
3.56228e-06
3.35049e-06
3.07848e-06
2.91462e-06
2.85286e-06
3.06883e-06
4.08943e-06
5.72258e-06
7.65735e-06
7.58633e-06
1.18025e-05
1.18025e-05
1.18025e-05
1.18025e-05
1.18025e-05
1.18025e-05
1.18025e-05
1.18025e-05
1.18025e-05
1.18025e-05
1.18025e-05
)
;
    }
    COFLOW
    {
        type            calculated;
        value           nonuniform List<scalar> 
30
(
1.18025e-05
1.18025e-05
1.18025e-05
1.18025e-05
1.18025e-05
1.18025e-05
1.18025e-05
1.18025e-05
1.18025e-05
1.18025e-05
1.18025e-05
1.18025e-05
1.18025e-05
1.18025e-05
1.18025e-05
1.18025e-05
1.18025e-05
1.18025e-05
1.18025e-05
1.18025e-05
1.18025e-05
1.18025e-05
1.18025e-05
1.18025e-05
1.18025e-05
1.18025e-05
1.18025e-05
1.18025e-05
1.18025e-05
1.18025e-05
)
;
    }
    PILOT
    {
        type            calculated;
        value           nonuniform List<scalar> 10(1.86031e-06 1.59356e-06 1.56831e-06 1.56801e-06 1.56801e-06 1.56801e-06 1.56801e-06 1.56802e-06 1.56928e-06 1.65605e-06);
    }
    FUEL
    {
        type            calculated;
        value           nonuniform List<scalar> 10(1.04958e-05 1.04958e-05 1.04958e-05 1.04958e-05 1.04958e-05 1.04958e-05 1.04958e-05 1.04958e-05 1.04958e-05 1.04958e-05);
    }
    WALL
    {
        type            calculated;
        value           nonuniform List<scalar> 
100
(
1.18025e-05
1.18025e-05
1.18025e-05
1.18025e-05
1.18025e-05
1.18025e-05
1.18025e-05
1.18025e-05
1.18025e-05
1.18025e-05
1.18025e-05
1.18025e-05
1.18025e-05
1.18025e-05
1.18025e-05
1.18025e-05
1.18025e-05
1.18025e-05
1.18025e-05
1.18025e-05
1.18025e-05
1.18025e-05
1.18025e-05
1.18025e-05
1.18025e-05
1.18025e-05
1.18025e-05
1.18025e-05
1.18025e-05
1.18025e-05
1.18025e-05
1.18025e-05
1.18025e-05
1.18025e-05
1.18025e-05
1.18025e-05
1.18025e-05
1.18025e-05
1.18025e-05
1.18025e-05
1.18025e-05
1.18025e-05
1.18025e-05
1.18025e-05
1.18025e-05
1.18025e-05
1.18025e-05
1.18025e-05
1.18025e-05
1.18025e-05
1.18025e-05
1.18025e-05
1.18025e-05
1.18025e-05
1.18025e-05
1.18025e-05
1.18025e-05
1.18025e-05
1.18025e-05
1.18025e-05
1.18025e-05
1.18025e-05
1.18025e-05
1.18025e-05
1.18023e-05
1.18004e-05
1.17924e-05
1.17619e-05
1.16554e-05
1.13458e-05
1.10149e-05
1.09773e-05
1.11312e-05
1.14757e-05
1.16676e-05
1.17437e-05
1.17827e-05
1.17988e-05
1.18023e-05
1.18025e-05
1.18025e-05
1.18025e-05
1.18025e-05
1.18025e-05
1.18025e-05
1.18024e-05
1.18018e-05
1.17979e-05
1.17849e-05
1.17672e-05
1.17549e-05
1.17426e-05
1.17587e-05
1.17846e-05
1.17852e-05
1.17049e-05
1.12993e-05
1.02205e-05
8.36006e-06
1.04835e-05
)
;
    }
    front
    {
        type            wedge;
    }
    back
    {
        type            wedge;
    }
}


// ************************************************************************* //
