/*--------------------------------*- C++ -*----------------------------------*\
| =========                 |                                                 |
| \\      /  F ield         | OpenFOAM: The Open Source CFD Toolbox           |
|  \\    /   O peration     | Version:  2.3.0                                 |
|   \\  /    A nd           | Web:      www.OpenFOAM.org                      |
|    \\/     M anipulation  |                                                 |
\*---------------------------------------------------------------------------*/
FoamFile
{
    version     2.0;
    format      ascii;
    class       volScalarField;
    location    "0.03";
    object      thermo:alpha;
}
// * * * * * * * * * * * * * * * * * * * * * * * * * * * * * * * * * * * * * //

dimensions      [1 -1 -1 0 0 0 0];

internalField   nonuniform List<scalar> 
5000
(
2.61542e-05
2.61542e-05
2.61542e-05
2.61542e-05
2.61542e-05
2.61542e-05
2.61542e-05
2.61542e-05
2.61542e-05
2.61542e-05
2.61542e-05
2.61542e-05
2.61542e-05
2.61542e-05
2.61542e-05
2.61542e-05
2.61542e-05
2.61542e-05
2.61542e-05
2.61542e-05
2.61542e-05
2.61542e-05
2.61542e-05
2.61542e-05
2.61542e-05
2.61542e-05
2.61542e-05
2.61542e-05
2.61542e-05
2.61542e-05
2.61542e-05
2.61542e-05
2.61542e-05
2.61542e-05
2.61542e-05
2.61542e-05
2.61542e-05
2.61542e-05
2.61542e-05
2.61542e-05
2.61542e-05
2.61542e-05
2.61542e-05
2.61542e-05
2.61543e-05
2.61543e-05
2.61542e-05
2.61542e-05
2.61542e-05
2.61543e-05
2.61547e-05
2.61561e-05
2.61604e-05
2.61709e-05
2.6188e-05
2.62058e-05
2.62297e-05
2.62632e-05
2.6308e-05
2.63685e-05
2.64523e-05
2.65746e-05
2.67441e-05
2.6979e-05
2.72916e-05
2.7706e-05
2.79877e-05
2.77975e-05
2.74073e-05
2.70013e-05
2.66371e-05
2.64028e-05
2.63083e-05
2.63378e-05
2.64512e-05
2.67147e-05
2.71402e-05
2.77355e-05
2.81342e-05
2.81103e-05
2.79513e-05
2.77644e-05
2.75521e-05
2.71401e-05
2.6701e-05
2.64687e-05
2.64323e-05
2.64278e-05
2.64285e-05
2.64337e-05
2.64464e-05
2.64728e-05
2.65174e-05
2.65839e-05
2.66868e-05
2.68424e-05
2.70684e-05
2.73802e-05
2.77934e-05
2.88098e-05
2.61542e-05
2.61542e-05
2.61542e-05
2.61542e-05
2.61542e-05
2.61542e-05
2.61542e-05
2.61542e-05
2.61542e-05
2.61542e-05
2.61542e-05
2.61542e-05
2.61542e-05
2.61542e-05
2.61542e-05
2.61542e-05
2.61542e-05
2.61542e-05
2.61542e-05
2.61542e-05
2.61542e-05
2.61542e-05
2.61542e-05
2.61542e-05
2.61542e-05
2.61542e-05
2.61542e-05
2.61542e-05
2.61542e-05
2.61542e-05
2.61542e-05
2.61542e-05
2.61542e-05
2.61542e-05
2.61542e-05
2.61542e-05
2.61543e-05
2.61545e-05
2.6155e-05
2.61557e-05
2.61567e-05
2.61573e-05
2.61575e-05
2.61579e-05
2.61593e-05
2.61599e-05
2.61581e-05
2.61564e-05
2.61556e-05
2.61557e-05
2.61577e-05
2.61641e-05
2.61843e-05
2.62522e-05
2.63877e-05
2.65884e-05
2.68527e-05
2.71618e-05
2.75082e-05
2.79009e-05
2.83915e-05
2.90809e-05
3.0151e-05
3.18175e-05
3.43021e-05
3.85587e-05
4.49906e-05
4.71804e-05
4.49959e-05
3.94191e-05
3.26675e-05
2.7623e-05
2.66423e-05
2.66969e-05
2.699e-05
2.75469e-05
2.83158e-05
2.92558e-05
3.03437e-05
3.11162e-05
3.11785e-05
3.10109e-05
3.04496e-05
2.93722e-05
2.80555e-05
2.72139e-05
2.70451e-05
2.70537e-05
2.70562e-05
2.70307e-05
2.6983e-05
2.70028e-05
2.71249e-05
2.73994e-05
2.7857e-05
2.84925e-05
2.92946e-05
3.02215e-05
3.12188e-05
3.31074e-05
2.61542e-05
2.61542e-05
2.61542e-05
2.61542e-05
2.61542e-05
2.61542e-05
2.61542e-05
2.61542e-05
2.61542e-05
2.61542e-05
2.61542e-05
2.61542e-05
2.61542e-05
2.61542e-05
2.61542e-05
2.61542e-05
2.61542e-05
2.61542e-05
2.61542e-05
2.61542e-05
2.61542e-05
2.61542e-05
2.61542e-05
2.61542e-05
2.61542e-05
2.61542e-05
2.61542e-05
2.61542e-05
2.61542e-05
2.61542e-05
2.61542e-05
2.61542e-05
2.61542e-05
2.61542e-05
2.61545e-05
2.61552e-05
2.61573e-05
2.61623e-05
2.6173e-05
2.61925e-05
2.6218e-05
2.62384e-05
2.62456e-05
2.62608e-05
2.63085e-05
2.63454e-05
2.62967e-05
2.62352e-05
2.61976e-05
2.6178e-05
2.61736e-05
2.61896e-05
2.62435e-05
2.64425e-05
2.69039e-05
2.76716e-05
2.88182e-05
3.02207e-05
3.1661e-05
3.29644e-05
3.42093e-05
3.57952e-05
3.82308e-05
4.19016e-05
4.68214e-05
5.33285e-05
6.13005e-05
6.65685e-05
6.64174e-05
6.08521e-05
4.70591e-05
2.99462e-05
2.71319e-05
2.70776e-05
2.73782e-05
2.80808e-05
2.90201e-05
3.01425e-05
3.14756e-05
3.28799e-05
3.35782e-05
3.3559e-05
3.32801e-05
3.24489e-05
3.08629e-05
2.90769e-05
2.82868e-05
2.82161e-05
2.81889e-05
2.81025e-05
2.80698e-05
2.81883e-05
2.86189e-05
2.9479e-05
3.08579e-05
3.27039e-05
3.48922e-05
3.7179e-05
3.91165e-05
4.29642e-05
2.61542e-05
2.61542e-05
2.61542e-05
2.61542e-05
2.61542e-05
2.61542e-05
2.61542e-05
2.61542e-05
2.61542e-05
2.61542e-05
2.61542e-05
2.61542e-05
2.61542e-05
2.61542e-05
2.61542e-05
2.61542e-05
2.61542e-05
2.61542e-05
2.61542e-05
2.61542e-05
2.61542e-05
2.61542e-05
2.61542e-05
2.61542e-05
2.61542e-05
2.61544e-05
2.6155e-05
2.61561e-05
2.61563e-05
2.61552e-05
2.61546e-05
2.61544e-05
2.61544e-05
2.61548e-05
2.61562e-05
2.61618e-05
2.61814e-05
2.62393e-05
2.63781e-05
2.66625e-05
2.70906e-05
2.75165e-05
2.77072e-05
2.78948e-05
2.87547e-05
3.01636e-05
2.97194e-05
2.83266e-05
2.73156e-05
2.67279e-05
2.64331e-05
2.63303e-05
2.64151e-05
2.69501e-05
2.82562e-05
3.0305e-05
3.29834e-05
3.59851e-05
3.89352e-05
4.15645e-05
4.38081e-05
4.60908e-05
4.91112e-05
5.33186e-05
5.84939e-05
6.44653e-05
7.10887e-05
7.94148e-05
8.07269e-05
7.74591e-05
6.34018e-05
4.17815e-05
2.88938e-05
2.76589e-05
2.7811e-05
2.84495e-05
2.94911e-05
3.08332e-05
3.24745e-05
3.43911e-05
3.57953e-05
3.59322e-05
3.57472e-05
3.50945e-05
3.36119e-05
3.13905e-05
2.98178e-05
2.94545e-05
2.93628e-05
2.92458e-05
2.9247e-05
2.94939e-05
3.03342e-05
3.19568e-05
3.43165e-05
3.71454e-05
4.01771e-05
4.32565e-05
4.58873e-05
5.12451e-05
2.61542e-05
2.61542e-05
2.61542e-05
2.61542e-05
2.61542e-05
2.61542e-05
2.61542e-05
2.61542e-05
2.61542e-05
2.61542e-05
2.61542e-05
2.61542e-05
2.61543e-05
2.61546e-05
2.61548e-05
2.61545e-05
2.61543e-05
2.61542e-05
2.61542e-05
2.61542e-05
2.61542e-05
2.61542e-05
2.61543e-05
2.61546e-05
2.61557e-05
2.61601e-05
2.61748e-05
2.6202e-05
2.62132e-05
2.61845e-05
2.61685e-05
2.61605e-05
2.61573e-05
2.61574e-05
2.61625e-05
2.61816e-05
2.62504e-05
2.64674e-05
2.70285e-05
2.84462e-05
3.12682e-05
3.53431e-05
3.81373e-05
3.94011e-05
4.30588e-05
5.17533e-05
5.50397e-05
5.15874e-05
4.48076e-05
3.57598e-05
3.00839e-05
2.69504e-05
2.68887e-05
2.78442e-05
3.01148e-05
3.33624e-05
3.71759e-05
4.12382e-05
4.52571e-05
4.90249e-05
5.23916e-05
5.56057e-05
5.93608e-05
6.38987e-05
6.8519e-05
7.29354e-05
8.12255e-05
8.93542e-05
9.04037e-05
8.90475e-05
8.00554e-05
5.81213e-05
3.61252e-05
2.90796e-05
2.86438e-05
2.90465e-05
3.01073e-05
3.16995e-05
3.37336e-05
3.61756e-05
3.84931e-05
3.91767e-05
3.90242e-05
3.84106e-05
3.68791e-05
3.41945e-05
3.17057e-05
3.07868e-05
3.05267e-05
3.03598e-05
3.03789e-05
3.0739e-05
3.1882e-05
3.40252e-05
3.70133e-05
4.05295e-05
4.42569e-05
4.81295e-05
5.16637e-05
5.84814e-05
2.61542e-05
2.61542e-05
2.61542e-05
2.61542e-05
2.61542e-05
2.61542e-05
2.61542e-05
2.61542e-05
2.61542e-05
2.61542e-05
2.61543e-05
2.6155e-05
2.61581e-05
2.61668e-05
2.61745e-05
2.6167e-05
2.61601e-05
2.61569e-05
2.61554e-05
2.61548e-05
2.61548e-05
2.61554e-05
2.61573e-05
2.6163e-05
2.61819e-05
2.62459e-05
2.64394e-05
2.68876e-05
2.73274e-05
2.68474e-05
2.64962e-05
2.63098e-05
2.62209e-05
2.61863e-05
2.61886e-05
2.62415e-05
2.64473e-05
2.71007e-05
2.87865e-05
3.21474e-05
3.76611e-05
4.49258e-05
5.16758e-05
5.61602e-05
6.1273e-05
6.73552e-05
7.71607e-05
8.17302e-05
7.72462e-05
6.1687e-05
4.02394e-05
2.82603e-05
2.76394e-05
2.88863e-05
3.18961e-05
3.59467e-05
4.04271e-05
4.51141e-05
4.98867e-05
5.45639e-05
5.90633e-05
6.34027e-05
6.79613e-05
7.25403e-05
7.6245e-05
8.33628e-05
9.0839e-05
9.38043e-05
9.3724e-05
9.31136e-05
9.05872e-05
7.74919e-05
5.48227e-05
3.41919e-05
3.00846e-05
3.02272e-05
3.1134e-05
3.28232e-05
3.50909e-05
3.78289e-05
4.08612e-05
4.29649e-05
4.31738e-05
4.28809e-05
4.17467e-05
3.90027e-05
3.52225e-05
3.27946e-05
3.18525e-05
3.14652e-05
3.14809e-05
3.19361e-05
3.34033e-05
3.60775e-05
3.96811e-05
4.37929e-05
4.81036e-05
5.25813e-05
5.67947e-05
6.4534e-05
2.61542e-05
2.61542e-05
2.61542e-05
2.61542e-05
2.61542e-05
2.61543e-05
2.61542e-05
2.61542e-05
2.61543e-05
2.61547e-05
2.6157e-05
2.61701e-05
2.62223e-05
2.63736e-05
2.65816e-05
2.6474e-05
2.63115e-05
2.62294e-05
2.61896e-05
2.61738e-05
2.61736e-05
2.61867e-05
2.62196e-05
2.62939e-05
2.64678e-05
2.68108e-05
2.7747e-05
3.11243e-05
3.94912e-05
3.76025e-05
3.25329e-05
2.92352e-05
2.75925e-05
2.66618e-05
2.63023e-05
2.64015e-05
2.6905e-05
2.83775e-05
3.13363e-05
3.62234e-05
4.30901e-05
5.16232e-05
6.00012e-05
6.6542e-05
7.21513e-05
7.95427e-05
8.86443e-05
9.3164e-05
9.23397e-05
8.35681e-05
5.69578e-05
3.22108e-05
2.88475e-05
3.00706e-05
3.35234e-05
3.81872e-05
4.324e-05
4.85098e-05
5.39499e-05
5.95e-05
6.49515e-05
7.0164e-05
7.49063e-05
7.89945e-05
8.57202e-05
9.25218e-05
9.49277e-05
9.48245e-05
9.42034e-05
9.37216e-05
9.29312e-05
8.956e-05
7.23686e-05
4.58115e-05
3.28154e-05
3.21969e-05
3.28468e-05
3.44876e-05
3.68437e-05
3.97268e-05
4.30405e-05
4.6222e-05
4.80168e-05
4.83308e-05
4.80949e-05
4.67045e-05
4.30636e-05
3.79637e-05
3.42682e-05
3.26754e-05
3.25906e-05
3.31079e-05
3.48562e-05
3.7966e-05
4.20684e-05
4.66995e-05
5.1632e-05
5.67057e-05
6.18471e-05
7.00407e-05
2.61544e-05
2.61544e-05
2.61546e-05
2.61559e-05
2.61588e-05
2.6161e-05
2.61593e-05
2.61569e-05
2.61568e-05
2.61618e-05
2.619e-05
2.62883e-05
2.66701e-05
2.80191e-05
3.19709e-05
3.19994e-05
2.92685e-05
2.7698e-05
2.68881e-05
2.65507e-05
2.6458e-05
2.65631e-05
2.68045e-05
2.72183e-05
2.78397e-05
2.88772e-05
3.14531e-05
3.94122e-05
5.54693e-05
6.52049e-05
6.12065e-05
4.95722e-05
3.60831e-05
2.83164e-05
2.66104e-05
2.67377e-05
2.76566e-05
3.00395e-05
3.42201e-05
4.0201e-05
4.79688e-05
5.73078e-05
6.63888e-05
7.30344e-05
7.89615e-05
8.91032e-05
9.41571e-05
9.54257e-05
9.50026e-05
9.22032e-05
7.28073e-05
4.10497e-05
3.06632e-05
3.14745e-05
3.50055e-05
4.01723e-05
4.57794e-05
5.16322e-05
5.76918e-05
6.40141e-05
7.03191e-05
7.57871e-05
8.00581e-05
8.61921e-05
9.35109e-05
9.60314e-05
9.55792e-05
9.33764e-05
8.90155e-05
8.91029e-05
8.97829e-05
8.91867e-05
8.42115e-05
5.57816e-05
3.60911e-05
3.45882e-05
3.51713e-05
3.68709e-05
3.9434e-05
4.25675e-05
4.61596e-05
4.97992e-05
5.26857e-05
5.48543e-05
5.57564e-05
5.54366e-05
5.37692e-05
4.89119e-05
4.07016e-05
3.46445e-05
3.37534e-05
3.42968e-05
3.62743e-05
3.98083e-05
4.44016e-05
4.95696e-05
5.50109e-05
6.06864e-05
6.67836e-05
7.44947e-05
2.61847e-05
2.61945e-05
2.62107e-05
2.62839e-05
2.64039e-05
2.64919e-05
2.6424e-05
2.62918e-05
2.62384e-05
2.62543e-05
2.63744e-05
2.66998e-05
2.81415e-05
3.27379e-05
4.47148e-05
5.72803e-05
5.21878e-05
4.44399e-05
3.49382e-05
3.00069e-05
2.80348e-05
2.82566e-05
2.93208e-05
3.118e-05
3.3159e-05
3.53089e-05
3.97084e-05
4.95694e-05
6.36598e-05
8.12945e-05
8.5274e-05
7.71412e-05
5.51825e-05
3.38385e-05
2.74339e-05
2.73869e-05
2.87423e-05
3.2111e-05
3.73688e-05
4.42771e-05
5.29132e-05
6.31819e-05
7.23419e-05
7.81324e-05
8.84447e-05
9.47769e-05
9.56413e-05
9.50952e-05
9.47208e-05
9.31337e-05
8.49079e-05
5.34495e-05
3.33079e-05
3.32196e-05
3.65094e-05
4.21356e-05
4.83445e-05
5.47455e-05
6.14597e-05
6.84988e-05
7.52084e-05
8.01636e-05
8.53863e-05
9.30441e-05
9.70939e-05
9.68821e-05
9.46712e-05
8.64813e-05
7.75375e-05
7.80468e-05
8.08062e-05
8.12152e-05
7.7202e-05
5.39681e-05
3.82766e-05
3.73682e-05
3.8221e-05
4.03838e-05
4.33789e-05
4.68846e-05
5.08357e-05
5.47038e-05
5.80143e-05
6.09482e-05
6.30505e-05
6.31323e-05
6.25257e-05
5.98283e-05
5.16781e-05
3.95061e-05
3.51914e-05
3.55849e-05
3.76867e-05
4.16071e-05
4.6686e-05
5.23934e-05
5.84131e-05
6.46258e-05
7.1554e-05
7.75761e-05
2.76725e-05
2.87356e-05
2.89515e-05
3.04782e-05
3.35947e-05
3.7889e-05
3.91431e-05
3.42687e-05
3.02292e-05
2.83686e-05
2.7701e-05
2.80718e-05
3.0646e-05
3.81259e-05
5.36205e-05
7.01573e-05
7.99431e-05
7.4751e-05
5.9426e-05
4.12776e-05
3.21873e-05
3.27639e-05
3.60119e-05
4.13478e-05
4.57372e-05
4.86811e-05
5.2938e-05
5.96775e-05
7.54525e-05
9.10296e-05
9.31882e-05
9.11383e-05
7.74135e-05
4.99445e-05
2.9827e-05
2.85903e-05
3.0286e-05
3.46989e-05
4.09918e-05
4.88105e-05
5.83635e-05
6.93985e-05
7.73544e-05
8.75136e-05
9.53685e-05
9.59765e-05
9.43625e-05
8.84047e-05
8.8145e-05
8.95783e-05
8.71973e-05
6.36697e-05
3.64364e-05
3.50839e-05
3.81642e-05
4.41821e-05
5.10203e-05
5.80155e-05
6.537e-05
7.30658e-05
7.93615e-05
8.4573e-05
9.17107e-05
9.74683e-05
9.8321e-05
9.6816e-05
9.05444e-05
7.62565e-05
6.78031e-05
6.68551e-05
6.72192e-05
6.69326e-05
6.40351e-05
4.8507e-05
4.05085e-05
4.06279e-05
4.23564e-05
4.53275e-05
4.88009e-05
5.25209e-05
5.64035e-05
6.00879e-05
6.31465e-05
6.56937e-05
6.74463e-05
6.76305e-05
6.74016e-05
6.62314e-05
6.08626e-05
4.67731e-05
3.72818e-05
3.71308e-05
3.91365e-05
4.33857e-05
4.89897e-05
5.52028e-05
6.17974e-05
6.84688e-05
7.56919e-05
8.00005e-05
9.53104e-05
8.59346e-05
8.18033e-05
8.35357e-05
8.79113e-05
9.10146e-05
9.15242e-05
8.79458e-05
7.18261e-05
5.03697e-05
3.28736e-05
3.21093e-05
3.55335e-05
4.57343e-05
6.12606e-05
8.07798e-05
8.9808e-05
8.92335e-05
8.29951e-05
6.37403e-05
4.287e-05
4.27189e-05
4.79724e-05
5.57564e-05
6.01796e-05
6.25614e-05
6.71061e-05
7.79382e-05
9.28452e-05
9.45398e-05
9.32122e-05
9.23908e-05
8.86894e-05
6.38352e-05
3.41896e-05
3.04175e-05
3.23811e-05
3.76972e-05
4.50038e-05
5.3779e-05
6.42669e-05
7.47083e-05
8.6599e-05
9.58339e-05
9.71466e-05
9.46866e-05
8.49986e-05
7.38165e-05
7.46883e-05
8.05686e-05
8.29512e-05
6.87325e-05
3.96512e-05
3.69753e-05
4.00812e-05
4.65056e-05
5.39413e-05
6.16047e-05
6.96469e-05
7.72729e-05
8.31313e-05
9.01797e-05
9.68305e-05
9.9408e-05
9.89347e-05
9.53794e-05
8.4987e-05
7.02951e-05
5.8906e-05
5.48122e-05
5.35031e-05
5.08787e-05
4.68732e-05
4.30922e-05
4.28255e-05
4.45929e-05
4.79914e-05
5.16628e-05
5.50782e-05
5.82947e-05
6.12561e-05
6.38152e-05
6.59308e-05
6.75635e-05
6.87246e-05
6.92013e-05
6.91602e-05
6.84962e-05
6.5636e-05
5.41871e-05
4.04242e-05
3.88719e-05
4.0706e-05
4.51984e-05
5.13475e-05
5.81044e-05
6.52312e-05
7.21904e-05
7.90287e-05
8.20167e-05
0.000100295
9.90246e-05
9.85236e-05
9.84027e-05
9.85997e-05
9.88088e-05
9.90967e-05
9.79333e-05
9.05125e-05
7.02459e-05
4.53282e-05
4.0042e-05
4.42369e-05
5.63295e-05
7.39218e-05
9.09902e-05
9.05788e-05
8.24063e-05
7.44909e-05
6.1657e-05
5.02906e-05
5.29947e-05
6.0956e-05
6.94213e-05
7.614e-05
8.03213e-05
8.67857e-05
9.6302e-05
9.78861e-05
9.18602e-05
8.01058e-05
8.29216e-05
8.49681e-05
7.36503e-05
4.02527e-05
3.29794e-05
3.51054e-05
4.11816e-05
4.94766e-05
5.92407e-05
7.01664e-05
8.15113e-05
9.48775e-05
9.85509e-05
9.69145e-05
8.6834e-05
6.88237e-05
6.48839e-05
6.67812e-05
7.3594e-05
7.78071e-05
6.65893e-05
4.12684e-05
3.88792e-05
4.2254e-05
4.91966e-05
5.72305e-05
6.55982e-05
7.41877e-05
8.09452e-05
8.80631e-05
9.55742e-05
9.95117e-05
0.000100303
9.9235e-05
9.35052e-05
8.2484e-05
6.51356e-05
5.0994e-05
4.44318e-05
4.22099e-05
4.1803e-05
4.20052e-05
4.29743e-05
4.60779e-05
5.05057e-05
5.48108e-05
5.80312e-05
6.02633e-05
6.19222e-05
6.33973e-05
6.48855e-05
6.64421e-05
6.78316e-05
6.88947e-05
6.96403e-05
6.97112e-05
6.929e-05
6.74326e-05
5.95366e-05
4.42077e-05
4.0779e-05
4.24257e-05
4.70857e-05
5.3729e-05
6.10515e-05
6.86534e-05
7.55633e-05
8.16553e-05
8.38636e-05
0.000100213
0.000100391
0.000100515
0.000100549
0.000100576
0.000100617
0.000100924
9.85629e-05
8.68386e-05
6.7955e-05
5.16009e-05
5.04903e-05
5.5959e-05
6.85814e-05
9.08145e-05
9.5268e-05
8.79025e-05
6.63394e-05
5.85218e-05
5.51957e-05
5.60431e-05
6.24909e-05
7.25729e-05
8.43209e-05
9.22928e-05
9.62055e-05
9.73206e-05
9.98143e-05
9.8524e-05
8.07087e-05
6.6831e-05
7.04915e-05
7.91007e-05
7.33657e-05
4.35392e-05
3.57709e-05
3.827e-05
4.52146e-05
5.45336e-05
6.52545e-05
7.50977e-05
8.9856e-05
9.88256e-05
9.90662e-05
9.4876e-05
7.33682e-05
6.05549e-05
5.88083e-05
6.08973e-05
6.82496e-05
7.25342e-05
6.22888e-05
4.20622e-05
4.07833e-05
4.47171e-05
5.2293e-05
6.09799e-05
7.00503e-05
7.82685e-05
8.51008e-05
9.34735e-05
9.87503e-05
0.000100789
0.000100842
9.91441e-05
9.25146e-05
8.20186e-05
6.29187e-05
4.74752e-05
4.20832e-05
4.14459e-05
4.18063e-05
4.28212e-05
4.60907e-05
5.18234e-05
5.71505e-05
6.04767e-05
6.14692e-05
6.19394e-05
6.24833e-05
6.33102e-05
6.45855e-05
6.64713e-05
6.80642e-05
6.89291e-05
6.95873e-05
6.97892e-05
6.95842e-05
6.82799e-05
6.28262e-05
4.79663e-05
4.28349e-05
4.42786e-05
4.90803e-05
5.62016e-05
6.40486e-05
7.2034e-05
7.84745e-05
8.37173e-05
8.60213e-05
0.000100128
0.000100152
0.000100195
0.000100254
0.000100323
0.000100476
0.000100776
9.92134e-05
9.17894e-05
7.19866e-05
6.15836e-05
6.11924e-05
6.902e-05
8.7594e-05
9.81872e-05
9.77911e-05
8.6133e-05
6.777e-05
6.0328e-05
5.97718e-05
6.37882e-05
7.34117e-05
8.69835e-05
9.64403e-05
9.71434e-05
9.7188e-05
9.86548e-05
0.000100642
9.67677e-05
6.94646e-05
5.73386e-05
6.17533e-05
7.14709e-05
6.81757e-05
4.39927e-05
3.84624e-05
4.18816e-05
5.00242e-05
6.03221e-05
7.11272e-05
8.20749e-05
9.65429e-05
0.000100304
9.89628e-05
8.94464e-05
6.56328e-05
5.48179e-05
5.4639e-05
5.69819e-05
6.40423e-05
6.73978e-05
5.77312e-05
4.26539e-05
4.26831e-05
4.75092e-05
5.57798e-05
6.51801e-05
7.46534e-05
8.19392e-05
9.03797e-05
9.77905e-05
0.000100239
0.000100991
0.000101125
9.8974e-05
9.23628e-05
8.19971e-05
6.31669e-05
4.89474e-05
4.43565e-05
4.34458e-05
4.37831e-05
4.59286e-05
5.12784e-05
5.75448e-05
6.0732e-05
6.11528e-05
6.12749e-05
6.14824e-05
6.20451e-05
6.34603e-05
6.59485e-05
6.84286e-05
6.88066e-05
6.78758e-05
6.72099e-05
6.76879e-05
6.85654e-05
6.79455e-05
6.46385e-05
5.15445e-05
4.49818e-05
4.62395e-05
5.11593e-05
5.87588e-05
6.70926e-05
7.52722e-05
8.10911e-05
8.58743e-05
8.83977e-05
0.000100124
0.000100123
0.000100125
0.00010013
0.000100141
0.000100174
0.000100367
0.000100254
9.77566e-05
8.86426e-05
7.63018e-05
7.87963e-05
8.88038e-05
9.75358e-05
0.000100353
9.90821e-05
9.10479e-05
7.33571e-05
6.59377e-05
6.71519e-05
7.52805e-05
8.7979e-05
9.70473e-05
9.69733e-05
9.51812e-05
9.50345e-05
9.62518e-05
9.94933e-05
9.41905e-05
6.38693e-05
4.66168e-05
5.09124e-05
6.08161e-05
5.81438e-05
4.22746e-05
4.09994e-05
4.62392e-05
5.58573e-05
6.67226e-05
7.59849e-05
9.03577e-05
9.90566e-05
0.00010089
9.86739e-05
8.37076e-05
5.94713e-05
5.13169e-05
5.19045e-05
5.48062e-05
6.16406e-05
6.31776e-05
5.35367e-05
4.34096e-05
4.47099e-05
5.0702e-05
5.97647e-05
6.98259e-05
7.87328e-05
8.66555e-05
9.55895e-05
9.91202e-05
0.000100144
0.00010061
0.000101157
9.90513e-05
9.37695e-05
8.5057e-05
7.06703e-05
5.5668e-05
4.89054e-05
4.76978e-05
4.81873e-05
5.11487e-05
5.69071e-05
6.0599e-05
6.08698e-05
6.08669e-05
6.1109e-05
6.18284e-05
6.34261e-05
6.66028e-05
6.92691e-05
6.91303e-05
6.72847e-05
6.33332e-05
6.21765e-05
6.27804e-05
6.49525e-05
6.63162e-05
6.42897e-05
5.46929e-05
4.72505e-05
4.83183e-05
5.33312e-05
6.14153e-05
7.02081e-05
7.81857e-05
8.32313e-05
8.81383e-05
9.11002e-05
0.000100124
0.000100119
0.000100109
0.00010009
0.000100059
0.000100011
9.99848e-05
0.000100169
9.94723e-05
9.73997e-05
9.52137e-05
9.65985e-05
9.72855e-05
9.92189e-05
0.000100146
9.99021e-05
9.71794e-05
8.76084e-05
8.11045e-05
8.2915e-05
9.13617e-05
9.73039e-05
9.64022e-05
9.25182e-05
8.97811e-05
8.96771e-05
9.23051e-05
9.80727e-05
9.29815e-05
6.11987e-05
4.08198e-05
4.08546e-05
4.49514e-05
4.39387e-05
4.133e-05
4.41165e-05
5.22665e-05
6.2929e-05
7.22632e-05
8.48859e-05
9.72534e-05
0.000100227
0.000101141
9.81539e-05
8.05392e-05
5.49858e-05
4.90824e-05
5.03354e-05
5.43535e-05
6.0289e-05
5.97101e-05
4.95631e-05
4.44604e-05
4.7031e-05
5.43791e-05
6.42549e-05
7.45174e-05
8.25639e-05
9.22368e-05
9.85029e-05
9.90445e-05
9.93018e-05
0.00010021
0.000101176
9.95657e-05
9.57513e-05
8.90538e-05
7.70655e-05
6.33641e-05
5.53368e-05
5.35445e-05
5.40492e-05
5.69888e-05
6.04718e-05
6.08706e-05
6.08936e-05
6.15156e-05
6.26836e-05
6.46862e-05
6.85412e-05
7.06918e-05
7.01298e-05
6.71358e-05
6.21282e-05
5.90984e-05
5.8884e-05
5.93334e-05
6.1201e-05
6.4072e-05
6.32956e-05
5.66365e-05
4.9543e-05
5.04922e-05
5.56682e-05
6.42236e-05
7.34298e-05
8.09375e-05
8.54807e-05
9.07121e-05
9.3859e-05
0.000100119
0.000100097
0.000100062
0.000100004
9.99079e-05
9.97505e-05
9.95602e-05
9.95e-05
9.95332e-05
9.92784e-05
9.81136e-05
9.79713e-05
9.85374e-05
9.84262e-05
9.85059e-05
9.91613e-05
9.87006e-05
9.73878e-05
9.60481e-05
9.67385e-05
9.71291e-05
9.59051e-05
9.05777e-05
8.50782e-05
8.26784e-05
8.29638e-05
8.73966e-05
9.59501e-05
9.34583e-05
6.1356e-05
4.16273e-05
3.88257e-05
3.94698e-05
4.07015e-05
4.31743e-05
4.99258e-05
5.99729e-05
6.95965e-05
8.09606e-05
9.49068e-05
9.79516e-05
9.95582e-05
0.000100751
9.78976e-05
8.00086e-05
5.33162e-05
4.7213e-05
4.91379e-05
5.44566e-05
5.85188e-05
5.60125e-05
4.67811e-05
4.58827e-05
4.99175e-05
5.86518e-05
6.92717e-05
7.86211e-05
8.80964e-05
9.72613e-05
9.80964e-05
9.74914e-05
9.82221e-05
0.00010005
0.000101152
0.000100196
9.7822e-05
9.27246e-05
8.29648e-05
7.15603e-05
6.33089e-05
6.05015e-05
6.03987e-05
6.12833e-05
6.17169e-05
6.18889e-05
6.26321e-05
6.44683e-05
6.78119e-05
7.21055e-05
7.34088e-05
7.23743e-05
6.74197e-05
6.13573e-05
5.84799e-05
5.77853e-05
5.78348e-05
5.81629e-05
5.93353e-05
6.21511e-05
6.21666e-05
5.75087e-05
5.16271e-05
5.26809e-05
5.82165e-05
6.72591e-05
7.65355e-05
8.32276e-05
8.78405e-05
9.34646e-05
9.65554e-05
0.000100086
9.99663e-05
9.97915e-05
9.9569e-05
9.92862e-05
9.89079e-05
9.854e-05
9.839e-05
9.82815e-05
9.82677e-05
9.79865e-05
9.72994e-05
9.66673e-05
9.58968e-05
9.5872e-05
9.64712e-05
9.74502e-05
9.73636e-05
9.72012e-05
9.6549e-05
9.40256e-05
8.9185e-05
8.1582e-05
7.62825e-05
7.44228e-05
7.52332e-05
8.13433e-05
9.23644e-05
9.70597e-05
6.6423e-05
4.81473e-05
4.12431e-05
4.1229e-05
4.31584e-05
4.90683e-05
5.83112e-05
6.74993e-05
7.87461e-05
9.24949e-05
9.66106e-05
9.64383e-05
9.78687e-05
0.000100317
9.83025e-05
8.16007e-05
5.36618e-05
4.54238e-05
4.75924e-05
5.35951e-05
5.59141e-05
5.19437e-05
4.61401e-05
4.7565e-05
5.35175e-05
6.35838e-05
7.42885e-05
8.30534e-05
9.41515e-05
9.80443e-05
9.58144e-05
9.59052e-05
9.75812e-05
9.99585e-05
0.000100959
0.000100751
9.94096e-05
9.57092e-05
8.82739e-05
7.83403e-05
7.10487e-05
6.69468e-05
6.49723e-05
6.37893e-05
6.37943e-05
6.47411e-05
6.75075e-05
7.18064e-05
7.60281e-05
7.75299e-05
7.61068e-05
6.89563e-05
6.14199e-05
5.8259e-05
5.75322e-05
5.74885e-05
5.75544e-05
5.7807e-05
5.86584e-05
6.09554e-05
6.11581e-05
5.76839e-05
5.34008e-05
5.48733e-05
6.09844e-05
7.05523e-05
7.95915e-05
8.56701e-05
9.05428e-05
9.62365e-05
9.86994e-05
9.97457e-05
9.90107e-05
9.81117e-05
9.7268e-05
9.65758e-05
9.59566e-05
9.54449e-05
9.5235e-05
9.49537e-05
9.4821e-05
9.43205e-05
9.31439e-05
9.24203e-05
9.17779e-05
9.19464e-05
9.24757e-05
9.32312e-05
9.35439e-05
9.30851e-05
9.08603e-05
8.59504e-05
7.94887e-05
7.17224e-05
6.70285e-05
6.59154e-05
6.72769e-05
7.41848e-05
8.58399e-05
9.65567e-05
7.77083e-05
5.86068e-05
4.85992e-05
4.70989e-05
5.03957e-05
5.83744e-05
6.61753e-05
7.75943e-05
9.17654e-05
9.61978e-05
9.28395e-05
9.36797e-05
9.64794e-05
9.98146e-05
9.87857e-05
8.34163e-05
5.50154e-05
4.42912e-05
4.53494e-05
5.05996e-05
5.19798e-05
4.8096e-05
4.66398e-05
4.98269e-05
5.82026e-05
6.90801e-05
7.85321e-05
8.95613e-05
9.7769e-05
9.52518e-05
9.35424e-05
9.47317e-05
9.73979e-05
9.94875e-05
0.000100305
0.000100751
0.00010041
9.79856e-05
9.21875e-05
8.35123e-05
7.67216e-05
7.17261e-05
6.81065e-05
6.72961e-05
6.80487e-05
7.06619e-05
7.47828e-05
7.97166e-05
8.16346e-05
8.0775e-05
7.28623e-05
6.28841e-05
5.8559e-05
5.75831e-05
5.74995e-05
5.75304e-05
5.75975e-05
5.78192e-05
5.85996e-05
6.03556e-05
6.03546e-05
5.74953e-05
5.49415e-05
5.71109e-05
6.40033e-05
7.41139e-05
8.22024e-05
8.82637e-05
9.348e-05
9.85158e-05
0.000100018
9.50313e-05
8.98292e-05
8.8115e-05
8.79343e-05
8.79971e-05
8.78694e-05
8.75631e-05
8.73471e-05
8.67584e-05
8.64114e-05
8.58453e-05
8.49941e-05
8.50422e-05
8.50995e-05
8.56741e-05
8.59328e-05
8.60437e-05
8.55361e-05
8.40891e-05
8.04911e-05
7.48704e-05
6.91547e-05
6.19406e-05
5.82234e-05
5.80596e-05
5.99223e-05
6.64235e-05
7.67988e-05
9.24048e-05
9.23042e-05
6.84925e-05
5.92278e-05
5.7806e-05
6.09174e-05
6.75313e-05
7.8624e-05
9.24825e-05
9.51427e-05
8.93672e-05
8.90987e-05
9.13684e-05
9.48255e-05
9.84322e-05
9.91838e-05
8.65462e-05
5.87366e-05
4.42801e-05
4.36546e-05
4.54935e-05
4.68125e-05
4.63935e-05
4.79932e-05
5.36469e-05
6.37636e-05
7.42943e-05
8.42484e-05
9.61212e-05
9.56147e-05
9.14384e-05
9.20233e-05
9.44747e-05
9.70107e-05
9.83257e-05
9.90684e-05
9.99539e-05
0.000100801
9.94729e-05
9.52872e-05
8.83144e-05
8.04277e-05
7.53487e-05
7.26154e-05
7.23752e-05
7.37773e-05
7.73363e-05
8.23387e-05
8.47949e-05
8.45721e-05
7.91059e-05
6.69122e-05
5.98344e-05
5.79803e-05
5.79988e-05
5.80927e-05
5.80409e-05
5.80122e-05
5.81707e-05
5.8834e-05
5.9911e-05
5.96884e-05
5.71951e-05
5.6371e-05
5.94258e-05
6.74296e-05
7.74893e-05
8.47997e-05
9.1197e-05
9.64183e-05
9.98861e-05
0.00010032
4.14223e-05
5.21894e-05
5.92833e-05
6.41812e-05
6.74324e-05
6.94036e-05
7.00321e-05
6.9991e-05
6.92472e-05
6.98942e-05
7.07547e-05
7.17169e-05
7.30466e-05
7.38187e-05
7.38975e-05
7.3327e-05
7.24737e-05
7.1174e-05
6.95276e-05
6.6369e-05
6.21916e-05
5.78675e-05
5.24669e-05
5.10554e-05
5.18892e-05
5.41263e-05
5.90024e-05
6.66087e-05
8.04744e-05
9.5234e-05
8.79747e-05
7.21662e-05
6.97144e-05
7.37343e-05
8.37241e-05
9.5476e-05
9.25658e-05
8.45073e-05
8.38183e-05
8.58046e-05
8.86117e-05
9.14367e-05
9.56662e-05
9.91033e-05
9.07193e-05
6.39426e-05
4.65611e-05
4.38909e-05
4.42458e-05
4.5346e-05
4.68228e-05
5.09075e-05
5.94584e-05
7.01009e-05
7.88921e-05
9.16524e-05
9.66946e-05
9.03268e-05
8.95994e-05
9.15741e-05
9.43486e-05
9.57268e-05
9.61837e-05
9.67934e-05
9.83846e-05
0.000100384
0.000100427
9.79655e-05
9.32895e-05
8.69428e-05
8.11809e-05
7.81795e-05
7.85148e-05
8.13391e-05
8.55151e-05
8.76384e-05
8.76636e-05
8.47985e-05
7.49611e-05
6.36171e-05
5.93326e-05
5.92285e-05
5.92929e-05
5.91405e-05
5.86756e-05
5.83493e-05
5.83733e-05
5.87417e-05
5.92207e-05
5.88365e-05
5.71507e-05
5.78167e-05
6.22736e-05
7.13367e-05
8.08162e-05
8.76928e-05
9.43806e-05
9.87602e-05
0.000100146
9.89745e-05
2.7473e-05
3.05024e-05
3.39598e-05
3.73711e-05
4.031e-05
4.23165e-05
4.33769e-05
4.44369e-05
4.58591e-05
4.81837e-05
5.03646e-05
5.23381e-05
5.35491e-05
5.39443e-05
5.35585e-05
5.29509e-05
5.26492e-05
5.25955e-05
5.23864e-05
5.09967e-05
4.86666e-05
4.66977e-05
4.57321e-05
4.66132e-05
4.85125e-05
5.05078e-05
5.31869e-05
5.71302e-05
6.4423e-05
7.95661e-05
9.34714e-05
9.43751e-05
9.14871e-05
9.50672e-05
9.449e-05
8.50624e-05
7.73724e-05
7.69196e-05
7.90735e-05
8.12325e-05
8.31633e-05
8.58843e-05
9.10405e-05
9.76185e-05
9.58731e-05
7.11487e-05
5.34429e-05
4.65978e-05
4.58921e-05
4.69344e-05
4.99161e-05
5.69983e-05
6.67699e-05
7.55872e-05
8.73981e-05
9.72019e-05
9.05148e-05
8.74179e-05
8.90309e-05
9.16245e-05
9.30847e-05
9.30083e-05
9.29134e-05
9.36217e-05
9.60887e-05
9.94244e-05
0.000100758
9.9747e-05
9.75082e-05
9.42753e-05
9.10574e-05
8.89634e-05
8.9117e-05
9.02755e-05
9.11825e-05
9.09147e-05
8.87435e-05
8.32135e-05
7.24096e-05
6.38019e-05
6.19415e-05
6.16177e-05
6.14031e-05
6.06653e-05
5.94721e-05
5.86746e-05
5.83884e-05
5.83281e-05
5.82903e-05
5.78749e-05
5.76113e-05
5.96472e-05
6.59478e-05
7.56999e-05
8.39613e-05
9.11507e-05
9.75517e-05
9.99014e-05
9.84496e-05
9.5525e-05
2.63517e-05
2.66816e-05
2.71707e-05
2.77349e-05
2.83809e-05
2.90522e-05
2.96938e-05
3.04218e-05
3.13236e-05
3.24368e-05
3.34421e-05
3.42799e-05
3.48517e-05
3.52634e-05
3.55352e-05
3.6007e-05
3.67315e-05
3.76196e-05
3.84407e-05
3.91182e-05
3.99516e-05
4.11195e-05
4.31334e-05
4.55755e-05
4.76387e-05
4.88932e-05
5.01551e-05
5.1883e-05
5.47491e-05
6.06975e-05
6.9641e-05
7.90332e-05
8.21035e-05
7.82351e-05
7.16325e-05
6.86353e-05
6.91905e-05
7.10635e-05
7.32307e-05
7.40827e-05
7.52565e-05
7.81053e-05
8.42004e-05
9.29733e-05
9.80401e-05
8.28519e-05
6.32994e-05
5.41863e-05
5.1223e-05
5.22279e-05
5.71767e-05
6.54934e-05
7.33751e-05
8.47619e-05
9.69017e-05
9.11256e-05
8.55946e-05
8.67828e-05
8.91464e-05
9.01924e-05
8.97637e-05
8.88083e-05
8.86431e-05
8.9905e-05
9.35727e-05
9.78137e-05
9.99769e-05
0.00010042
9.97298e-05
9.85517e-05
9.73363e-05
9.61619e-05
9.57576e-05
9.54269e-05
9.46449e-05
9.25278e-05
8.86043e-05
8.24962e-05
7.37301e-05
6.80912e-05
6.62086e-05
6.56086e-05
6.49501e-05
6.32511e-05
6.08603e-05
5.92726e-05
5.86039e-05
5.82491e-05
5.80267e-05
5.79679e-05
5.87899e-05
6.24355e-05
7.07092e-05
8.00028e-05
8.76793e-05
9.50189e-05
9.93943e-05
9.87736e-05
9.42438e-05
9.02765e-05
2.62803e-05
2.63056e-05
2.63522e-05
2.64212e-05
2.65155e-05
2.66441e-05
2.67858e-05
2.69603e-05
2.7184e-05
2.74695e-05
2.77689e-05
2.80584e-05
2.83315e-05
2.86141e-05
2.89487e-05
2.95433e-05
3.03883e-05
3.12362e-05
3.26592e-05
3.49503e-05
3.7792e-05
4.09772e-05
4.41639e-05
4.64602e-05
4.76851e-05
4.83492e-05
4.90363e-05
4.99951e-05
5.11966e-05
5.27632e-05
5.45805e-05
5.68929e-05
5.85983e-05
5.99098e-05
6.09353e-05
6.19892e-05
6.34128e-05
6.477e-05
6.56166e-05
6.55059e-05
6.6519e-05
6.96255e-05
7.56872e-05
8.4798e-05
9.54055e-05
9.52587e-05
7.44444e-05
6.50265e-05
6.1856e-05
6.25854e-05
6.71126e-05
7.39385e-05
8.45996e-05
9.67272e-05
9.0959e-05
8.40299e-05
8.48033e-05
8.67421e-05
8.75348e-05
8.62032e-05
8.40762e-05
8.31163e-05
8.3541e-05
8.61731e-05
9.11167e-05
9.56489e-05
9.78101e-05
9.89504e-05
9.96971e-05
9.99403e-05
9.97094e-05
9.93356e-05
9.90595e-05
9.84699e-05
9.68082e-05
9.33217e-05
8.88438e-05
8.3618e-05
7.79253e-05
7.40289e-05
7.2438e-05
7.17308e-05
7.05978e-05
6.76919e-05
6.36506e-05
6.07234e-05
5.93696e-05
5.87449e-05
5.8543e-05
5.87931e-05
6.1062e-05
6.69841e-05
7.61143e-05
8.40814e-05
9.21793e-05
9.8362e-05
9.85134e-05
9.39795e-05
8.80381e-05
8.3998e-05
2.62758e-05
2.62776e-05
2.62816e-05
2.62891e-05
2.63004e-05
2.63181e-05
2.63415e-05
2.63767e-05
2.64261e-05
2.64905e-05
2.65674e-05
2.66575e-05
2.67735e-05
2.69543e-05
2.72434e-05
2.78242e-05
2.92353e-05
3.13944e-05
3.42208e-05
3.77907e-05
4.17019e-05
4.49302e-05
4.68476e-05
4.74175e-05
4.77739e-05
4.82045e-05
4.88646e-05
4.98277e-05
5.10375e-05
5.22005e-05
5.34105e-05
5.46973e-05
5.59971e-05
5.7184e-05
5.81836e-05
5.88779e-05
5.93491e-05
5.92614e-05
5.88625e-05
5.86648e-05
5.96596e-05
6.24336e-05
6.76237e-05
7.50878e-05
8.61035e-05
9.62397e-05
9.26967e-05
7.89544e-05
7.37288e-05
7.43174e-05
7.95185e-05
8.96794e-05
9.68507e-05
8.92796e-05
8.25353e-05
8.29985e-05
8.42875e-05
8.45204e-05
8.22195e-05
7.83509e-05
7.6486e-05
7.65623e-05
7.83034e-05
8.26292e-05
8.8703e-05
9.25554e-05
9.37391e-05
9.46714e-05
9.61902e-05
9.7762e-05
9.88909e-05
9.97776e-05
0.000100245
0.000100114
9.85358e-05
9.49618e-05
9.11039e-05
8.64936e-05
8.21928e-05
7.96227e-05
7.8644e-05
7.81822e-05
7.70584e-05
7.39804e-05
6.88396e-05
6.42157e-05
6.17784e-05
6.0619e-05
6.04267e-05
6.14452e-05
6.5655e-05
7.31239e-05
8.11501e-05
8.91239e-05
9.6977e-05
9.84486e-05
9.24086e-05
8.62591e-05
8.07718e-05
7.75134e-05
2.62756e-05
2.62757e-05
2.6276e-05
2.62767e-05
2.62777e-05
2.62797e-05
2.62828e-05
2.62884e-05
2.62979e-05
2.63118e-05
2.63321e-05
2.63647e-05
2.64209e-05
2.65479e-05
2.69665e-05
2.80532e-05
3.02417e-05
3.38263e-05
3.85988e-05
4.36617e-05
4.71985e-05
4.80428e-05
4.79254e-05
4.75464e-05
4.77571e-05
4.85131e-05
4.98382e-05
5.13558e-05
5.30427e-05
5.42217e-05
5.52689e-05
5.61922e-05
5.72435e-05
5.81087e-05
5.87963e-05
5.87603e-05
5.79492e-05
5.67044e-05
5.57424e-05
5.56766e-05
5.64161e-05
5.84766e-05
6.23313e-05
6.7322e-05
7.41232e-05
8.46601e-05
9.40867e-05
9.6876e-05
9.39434e-05
9.45033e-05
9.69318e-05
9.34038e-05
8.49974e-05
8.09876e-05
8.12208e-05
8.16438e-05
8.09153e-05
7.68282e-05
7.18366e-05
6.88988e-05
6.87509e-05
7.01836e-05
7.37158e-05
7.93839e-05
8.5871e-05
8.79347e-05
8.73956e-05
8.74509e-05
8.88392e-05
9.09066e-05
9.3111e-05
9.59449e-05
9.82936e-05
0.000100308
9.99282e-05
9.80174e-05
9.56951e-05
9.14355e-05
8.90988e-05
8.91967e-05
8.90638e-05
8.76185e-05
8.45807e-05
8.01218e-05
7.56419e-05
7.05795e-05
6.709e-05
6.5364e-05
6.52676e-05
6.70628e-05
7.25609e-05
7.92343e-05
8.69346e-05
9.51967e-05
9.83088e-05
9.15285e-05
8.2404e-05
7.78216e-05
7.37605e-05
7.17546e-05
2.62756e-05
2.62756e-05
2.62756e-05
2.62756e-05
2.62757e-05
2.62759e-05
2.62763e-05
2.62773e-05
2.62794e-05
2.62833e-05
2.62909e-05
2.6309e-05
2.63695e-05
2.65597e-05
2.71414e-05
2.87224e-05
3.19268e-05
3.70083e-05
4.33344e-05
4.83539e-05
4.94176e-05
4.84542e-05
4.699e-05
4.71097e-05
4.80285e-05
4.96925e-05
5.14032e-05
5.31698e-05
5.5245e-05
5.7173e-05
5.88658e-05
6.00686e-05
6.1203e-05
6.16935e-05
6.16324e-05
6.105e-05
5.92456e-05
5.65428e-05
5.48252e-05
5.47716e-05
5.54699e-05
5.78374e-05
6.13547e-05
6.49939e-05
6.86679e-05
7.2911e-05
7.80397e-05
8.32932e-05
8.7396e-05
8.7337e-05
8.35682e-05
8.00547e-05
7.91575e-05
7.9261e-05
7.89715e-05
7.6059e-05
6.94408e-05
6.35794e-05
6.08257e-05
6.05067e-05
6.18143e-05
6.48516e-05
6.95227e-05
7.58748e-05
8.13668e-05
8.06934e-05
7.81625e-05
7.69898e-05
7.79846e-05
8.00275e-05
8.28486e-05
8.77684e-05
9.23712e-05
9.77656e-05
9.98682e-05
9.95547e-05
9.9041e-05
9.72435e-05
9.72875e-05
9.78116e-05
9.78046e-05
9.70055e-05
9.50112e-05
9.07808e-05
8.34511e-05
7.74413e-05
7.45701e-05
7.28757e-05
7.27972e-05
7.46286e-05
7.92464e-05
8.59568e-05
9.46191e-05
9.78472e-05
8.88017e-05
7.84995e-05
7.32867e-05
7.06181e-05
6.78971e-05
6.71405e-05
2.62756e-05
2.62756e-05
2.62756e-05
2.62756e-05
2.62756e-05
2.62756e-05
2.62757e-05
2.62759e-05
2.62764e-05
2.62778e-05
2.62828e-05
2.62998e-05
2.63566e-05
2.65411e-05
2.71167e-05
2.88145e-05
3.25866e-05
3.88986e-05
4.64294e-05
4.97457e-05
4.87641e-05
4.60477e-05
4.55274e-05
4.68714e-05
4.89666e-05
5.05497e-05
5.20182e-05
5.36776e-05
5.58794e-05
5.86725e-05
6.1423e-05
6.35761e-05
6.54669e-05
6.63355e-05
6.60785e-05
6.47654e-05
6.14388e-05
5.72607e-05
5.51951e-05
5.53011e-05
5.81245e-05
6.31737e-05
6.69969e-05
6.90886e-05
7.00653e-05
7.12169e-05
7.27847e-05
7.42668e-05
7.57869e-05
7.68042e-05
7.71979e-05
7.72283e-05
7.68078e-05
7.55406e-05
6.96601e-05
5.97987e-05
5.43112e-05
5.2644e-05
5.29568e-05
5.45582e-05
5.69947e-05
6.0289e-05
6.51497e-05
7.13047e-05
7.37916e-05
7.11994e-05
6.67168e-05
6.47242e-05
6.54782e-05
6.73379e-05
7.05535e-05
7.70362e-05
8.31152e-05
9.10315e-05
9.47332e-05
9.50781e-05
9.67093e-05
9.8246e-05
9.70536e-05
9.53033e-05
9.57465e-05
9.71874e-05
9.79643e-05
9.81081e-05
9.53255e-05
8.85433e-05
8.36903e-05
8.05964e-05
8.02545e-05
8.26998e-05
8.88358e-05
9.55944e-05
9.63858e-05
8.4004e-05
7.27305e-05
6.89158e-05
6.64774e-05
6.48917e-05
6.35588e-05
6.38682e-05
2.62756e-05
2.62756e-05
2.62756e-05
2.62756e-05
2.62756e-05
2.62756e-05
2.62756e-05
2.62757e-05
2.62761e-05
2.62777e-05
2.62833e-05
2.6303e-05
2.63699e-05
2.65906e-05
2.72899e-05
2.93637e-05
3.3891e-05
4.12222e-05
4.83943e-05
4.91139e-05
4.56283e-05
4.30104e-05
4.43637e-05
4.74541e-05
4.95064e-05
5.01688e-05
5.06851e-05
5.2214e-05
5.53119e-05
5.94131e-05
6.3265e-05
6.62017e-05
6.85884e-05
6.95736e-05
6.91335e-05
6.68869e-05
6.1929e-05
5.71678e-05
5.50855e-05
5.56824e-05
6.28421e-05
6.89217e-05
7.12732e-05
7.19864e-05
7.25347e-05
7.30791e-05
7.36011e-05
7.42015e-05
7.47285e-05
7.51371e-05
7.49681e-05
7.3623e-05
6.91763e-05
6.0946e-05
5.07947e-05
4.6016e-05
4.55249e-05
4.67453e-05
4.9389e-05
5.18717e-05
5.37969e-05
5.62781e-05
6.03682e-05
6.46067e-05
6.40754e-05
6.01968e-05
5.57492e-05
5.40441e-05
5.45305e-05
5.60028e-05
5.90236e-05
6.54873e-05
7.11768e-05
7.98816e-05
8.28208e-05
8.22752e-05
8.47856e-05
8.84927e-05
8.43304e-05
8.10051e-05
8.18844e-05
8.45611e-05
8.67168e-05
9.02605e-05
9.53367e-05
9.72654e-05
9.68784e-05
9.47367e-05
9.43685e-05
9.59733e-05
9.70199e-05
9.17665e-05
7.46473e-05
6.64294e-05
6.36838e-05
6.24109e-05
6.1123e-05
6.06899e-05
6.07869e-05
6.24145e-05
2.62756e-05
2.62756e-05
2.62756e-05
2.62756e-05
2.62756e-05
2.62756e-05
2.62756e-05
2.62757e-05
2.6276e-05
2.62771e-05
2.62814e-05
2.62965e-05
2.63487e-05
2.65254e-05
2.71036e-05
2.88972e-05
3.32685e-05
4.09115e-05
4.7934e-05
4.74254e-05
4.16822e-05
4.07155e-05
4.37763e-05
4.76082e-05
4.79912e-05
4.7337e-05
4.74635e-05
4.9717e-05
5.46316e-05
6.04211e-05
6.54142e-05
6.87875e-05
7.10762e-05
7.14922e-05
7.04062e-05
6.6369e-05
6.0116e-05
5.46399e-05
5.2277e-05
5.65769e-05
6.66695e-05
7.12045e-05
7.23712e-05
7.22986e-05
7.19217e-05
7.18764e-05
7.20479e-05
7.22797e-05
7.23504e-05
7.14066e-05
6.78816e-05
6.05464e-05
5.21678e-05
4.60479e-05
4.21395e-05
4.11746e-05
4.1991e-05
4.48414e-05
4.88968e-05
5.11243e-05
5.19732e-05
5.31531e-05
5.55821e-05
5.6437e-05
5.47689e-05
5.14238e-05
4.90713e-05
4.83739e-05
4.86572e-05
4.94664e-05
5.11632e-05
5.52794e-05
5.89778e-05
6.5958e-05
6.74669e-05
6.67591e-05
6.87251e-05
7.1095e-05
6.75989e-05
6.5106e-05
6.5091e-05
6.632e-05
6.7244e-05
6.93678e-05
7.42312e-05
7.95261e-05
8.36771e-05
8.76217e-05
8.74439e-05
8.33055e-05
7.29003e-05
6.45026e-05
5.90751e-05
5.80172e-05
5.74893e-05
5.72693e-05
5.74452e-05
5.82748e-05
5.96976e-05
6.27044e-05
2.62756e-05
2.62756e-05
2.62756e-05
2.62756e-05
2.62756e-05
2.62756e-05
2.62756e-05
2.62756e-05
2.62758e-05
2.62767e-05
2.628e-05
2.62919e-05
2.63338e-05
2.64773e-05
2.69533e-05
2.84561e-05
3.2493e-05
4.01435e-05
4.67465e-05
4.50466e-05
3.86244e-05
3.86379e-05
4.29352e-05
4.64248e-05
4.56558e-05
4.42303e-05
4.46002e-05
4.77858e-05
5.45381e-05
6.22661e-05
6.80706e-05
7.13502e-05
7.27817e-05
7.23559e-05
6.96416e-05
6.33007e-05
5.4732e-05
4.7966e-05
4.65287e-05
5.78177e-05
6.70886e-05
6.9639e-05
6.99369e-05
6.78338e-05
6.61438e-05
6.55857e-05
6.51618e-05
6.44881e-05
6.30827e-05
5.97827e-05
5.46955e-05
5.04645e-05
4.79493e-05
4.50291e-05
4.14289e-05
3.95839e-05
4.07562e-05
4.44806e-05
4.93473e-05
5.11025e-05
5.10669e-05
5.11827e-05
5.15587e-05
5.07873e-05
4.91353e-05
4.767e-05
4.67936e-05
4.65597e-05
4.67893e-05
4.73176e-05
4.82955e-05
4.99421e-05
5.10903e-05
5.36672e-05
5.43147e-05
5.49172e-05
5.70161e-05
5.81696e-05
5.62045e-05
5.3749e-05
5.20279e-05
5.1407e-05
5.08675e-05
5.09312e-05
5.21925e-05
5.36627e-05
5.41711e-05
5.5058e-05
5.49537e-05
5.40155e-05
5.25177e-05
5.18126e-05
5.15613e-05
5.21189e-05
5.29794e-05
5.44735e-05
5.63521e-05
5.8429e-05
6.08006e-05
6.51164e-05
2.62756e-05
2.62756e-05
2.62756e-05
2.62756e-05
2.62756e-05
2.62756e-05
2.62756e-05
2.62756e-05
2.62757e-05
2.62762e-05
2.62781e-05
2.62851e-05
2.63105e-05
2.64002e-05
2.67088e-05
2.77208e-05
3.07821e-05
3.76841e-05
4.42707e-05
4.33465e-05
3.77174e-05
3.68325e-05
4.08008e-05
4.44659e-05
4.37506e-05
4.20371e-05
4.23826e-05
4.61274e-05
5.50043e-05
6.44934e-05
7.05276e-05
7.3073e-05
7.33976e-05
7.15889e-05
6.5829e-05
5.53276e-05
4.40387e-05
3.8355e-05
3.83551e-05
5.03691e-05
5.98814e-05
6.36782e-05
6.42273e-05
6.07597e-05
5.77373e-05
5.60961e-05
5.50943e-05
5.45315e-05
5.43392e-05
5.39265e-05
5.31158e-05
5.20823e-05
5.15509e-05
5.00916e-05
4.51789e-05
3.94596e-05
4.00993e-05
4.40854e-05
4.97309e-05
5.10783e-05
5.06892e-05
5.02527e-05
4.9835e-05
4.87412e-05
4.72431e-05
4.6568e-05
4.62746e-05
4.6795e-05
4.75904e-05
4.78642e-05
4.82256e-05
4.84352e-05
4.83091e-05
4.83503e-05
4.87725e-05
5.02182e-05
5.24125e-05
5.1874e-05
4.87206e-05
4.45314e-05
4.1577e-05
4.02197e-05
3.93936e-05
3.92388e-05
3.97791e-05
4.05765e-05
4.13759e-05
4.22461e-05
4.31772e-05
4.42239e-05
4.54445e-05
4.70264e-05
4.87576e-05
5.06184e-05
5.26329e-05
5.48085e-05
5.75147e-05
6.05716e-05
6.38383e-05
6.85515e-05
2.62756e-05
2.62756e-05
2.62756e-05
2.62756e-05
2.62756e-05
2.62756e-05
2.62756e-05
2.62756e-05
2.62756e-05
2.62759e-05
2.62769e-05
2.62807e-05
2.62948e-05
2.6346e-05
2.65271e-05
2.71423e-05
2.91038e-05
3.43282e-05
4.07243e-05
4.08299e-05
3.66915e-05
3.48336e-05
3.76994e-05
4.2233e-05
4.23586e-05
4.06264e-05
4.05071e-05
4.45219e-05
5.55574e-05
6.67182e-05
7.21747e-05
7.3655e-05
7.26195e-05
6.82142e-05
5.70213e-05
4.26136e-05
3.44864e-05
3.20512e-05
3.24625e-05
3.7083e-05
4.3456e-05
5.08938e-05
5.60094e-05
5.71727e-05
5.49296e-05
5.31642e-05
5.24839e-05
5.25411e-05
5.35405e-05
5.44394e-05
5.51779e-05
5.60083e-05
5.5942e-05
5.47336e-05
4.98876e-05
4.01314e-05
3.89057e-05
4.25461e-05
4.93365e-05
5.112e-05
5.06004e-05
5.01633e-05
4.9809e-05
4.8564e-05
4.69235e-05
4.69108e-05
4.80033e-05
5.08554e-05
5.44397e-05
5.56237e-05
5.53206e-05
5.35348e-05
5.09347e-05
4.92097e-05
5.02661e-05
5.20145e-05
5.15043e-05
4.53623e-05
3.88226e-05
3.41087e-05
3.22212e-05
3.20691e-05
3.24497e-05
3.33439e-05
3.45395e-05
3.57623e-05
3.73681e-05
3.92852e-05
4.11765e-05
4.30589e-05
4.50106e-05
4.70069e-05
4.9164e-05
5.14473e-05
5.4069e-05
5.70713e-05
6.05211e-05
6.37997e-05
6.67245e-05
7.08328e-05
2.62756e-05
2.62756e-05
2.62756e-05
2.62756e-05
2.62756e-05
2.62756e-05
2.62756e-05
2.62756e-05
2.62756e-05
2.62756e-05
2.6276e-05
2.62775e-05
2.62832e-05
2.63048e-05
2.63848e-05
2.66692e-05
2.76212e-05
3.05472e-05
3.5589e-05
3.6586e-05
3.42711e-05
3.2275e-05
3.38166e-05
3.8456e-05
4.04154e-05
3.90441e-05
3.83388e-05
4.27561e-05
5.58613e-05
6.82715e-05
7.27907e-05
7.30802e-05
7.00813e-05
6.01292e-05
4.47289e-05
3.57502e-05
3.32613e-05
3.31566e-05
3.36225e-05
3.35663e-05
3.30601e-05
3.43361e-05
4.01057e-05
4.69274e-05
5.10786e-05
5.19751e-05
5.20837e-05
5.21336e-05
5.25164e-05
5.31568e-05
5.39004e-05
5.45563e-05
5.48939e-05
5.40581e-05
5.08001e-05
4.08893e-05
3.71928e-05
4.00549e-05
4.77874e-05
5.15713e-05
5.1604e-05
5.1767e-05
5.11298e-05
4.86684e-05
4.66064e-05
4.72551e-05
5.01222e-05
5.55962e-05
6.18252e-05
6.41524e-05
6.30303e-05
5.94385e-05
5.42916e-05
5.25909e-05
5.36286e-05
5.22883e-05
4.26101e-05
3.42398e-05
3.04732e-05
2.8933e-05
2.86712e-05
2.90917e-05
3.00269e-05
3.14755e-05
3.33291e-05
3.53536e-05
3.74282e-05
3.94758e-05
4.15073e-05
4.35795e-05
4.57392e-05
4.80797e-05
5.0767e-05
5.34448e-05
5.63079e-05
5.93107e-05
6.24607e-05
6.54243e-05
6.79241e-05
7.17394e-05
2.62756e-05
2.62756e-05
2.62756e-05
2.62756e-05
2.62756e-05
2.62756e-05
2.62756e-05
2.62756e-05
2.62756e-05
2.62756e-05
2.62756e-05
2.6276e-05
2.62776e-05
2.62843e-05
2.63102e-05
2.64077e-05
2.67579e-05
2.79508e-05
3.04759e-05
3.10841e-05
3.00998e-05
2.92095e-05
3.00984e-05
3.36969e-05
3.66948e-05
3.58773e-05
3.54275e-05
4.08342e-05
5.65427e-05
6.92286e-05
7.2209e-05
7.08292e-05
6.33705e-05
4.93928e-05
3.89164e-05
3.57881e-05
3.55665e-05
3.8748e-05
4.00561e-05
3.87723e-05
3.51902e-05
3.22503e-05
3.09484e-05
3.11007e-05
3.50164e-05
4.00106e-05
4.31904e-05
4.50447e-05
4.53077e-05
4.53222e-05
4.5472e-05
4.58829e-05
4.72413e-05
4.81591e-05
4.67078e-05
3.99626e-05
3.52668e-05
3.72156e-05
4.47884e-05
5.15157e-05
5.36524e-05
5.35911e-05
5.18245e-05
4.69529e-05
4.57672e-05
4.77153e-05
5.32613e-05
6.11357e-05
6.88953e-05
7.11904e-05
6.88067e-05
6.33045e-05
5.82758e-05
5.57134e-05
5.28206e-05
4.45404e-05
3.30306e-05
2.92309e-05
2.77733e-05
2.74164e-05
2.74958e-05
2.81016e-05
2.93407e-05
3.11409e-05
3.3244e-05
3.52953e-05
3.72399e-05
3.92623e-05
4.13516e-05
4.36498e-05
4.63485e-05
4.93051e-05
5.22199e-05
5.49222e-05
5.76391e-05
6.0832e-05
6.34763e-05
6.59662e-05
6.69104e-05
6.86811e-05
2.62756e-05
2.62756e-05
2.62756e-05
2.62756e-05
2.62756e-05
2.62756e-05
2.62756e-05
2.62756e-05
2.62756e-05
2.62756e-05
2.62756e-05
2.62756e-05
2.62759e-05
2.62775e-05
2.62839e-05
2.63087e-05
2.63993e-05
2.66835e-05
2.71921e-05
2.73047e-05
2.71532e-05
2.71176e-05
2.74845e-05
2.90486e-05
3.12727e-05
3.13249e-05
3.18861e-05
3.81065e-05
5.54229e-05
6.8405e-05
7.05801e-05
6.64644e-05
5.53831e-05
4.30043e-05
3.83131e-05
3.76623e-05
4.11183e-05
4.28958e-05
4.33793e-05
4.25251e-05
4.07878e-05
3.77982e-05
3.3794e-05
2.99464e-05
2.79677e-05
2.85576e-05
2.99892e-05
3.1486e-05
3.21649e-05
3.25852e-05
3.33563e-05
3.46819e-05
3.68033e-05
3.9201e-05
3.89266e-05
3.57526e-05
3.31054e-05
3.44909e-05
4.09746e-05
4.99912e-05
5.46056e-05
5.41449e-05
5.0182e-05
4.46005e-05
4.52161e-05
4.90088e-05
5.67077e-05
6.64355e-05
7.38087e-05
7.50153e-05
7.09543e-05
6.38871e-05
5.77984e-05
5.19567e-05
4.264e-05
3.35916e-05
2.96068e-05
2.82709e-05
2.73914e-05
2.70149e-05
2.70817e-05
2.76474e-05
2.88683e-05
3.05257e-05
3.21471e-05
3.34528e-05
3.4807e-05
3.66269e-05
3.87045e-05
4.15742e-05
4.50035e-05
4.80228e-05
5.00157e-05
5.23907e-05
5.53227e-05
5.99128e-05
6.02243e-05
5.84128e-05
5.48569e-05
5.74984e-05
2.62756e-05
2.62756e-05
2.62756e-05
2.62756e-05
2.62756e-05
2.62756e-05
2.62756e-05
2.62756e-05
2.62756e-05
2.62756e-05
2.62756e-05
2.62756e-05
2.62756e-05
2.62758e-05
2.6277e-05
2.62819e-05
2.62982e-05
2.63366e-05
2.63849e-05
2.64035e-05
2.6405e-05
2.64442e-05
2.65776e-05
2.69684e-05
2.75205e-05
2.78608e-05
2.94757e-05
3.59473e-05
5.4975e-05
6.68178e-05
6.67805e-05
5.94059e-05
4.76864e-05
4.06402e-05
3.86741e-05
3.97814e-05
4.20305e-05
4.26359e-05
4.27117e-05
4.27914e-05
4.19408e-05
3.96967e-05
3.60969e-05
3.20233e-05
2.87195e-05
2.69833e-05
2.6802e-05
2.6991e-05
2.72872e-05
2.76636e-05
2.81625e-05
2.88623e-05
2.9998e-05
3.18942e-05
3.24861e-05
3.17368e-05
3.10887e-05
3.21075e-05
3.67513e-05
4.55518e-05
5.26131e-05
5.20287e-05
4.58758e-05
4.25747e-05
4.47614e-05
5.05293e-05
5.91338e-05
7.00404e-05
7.59069e-05
7.60943e-05
6.98475e-05
6.21002e-05
5.30797e-05
4.15724e-05
3.30971e-05
3.05947e-05
3.02462e-05
2.93756e-05
2.79079e-05
2.69325e-05
2.68378e-05
2.7218e-05
2.80916e-05
2.91293e-05
2.99909e-05
3.06393e-05
3.15171e-05
3.29867e-05
3.47984e-05
3.74386e-05
4.03875e-05
4.22837e-05
4.37285e-05
4.66505e-05
5.2465e-05
5.73775e-05
5.29442e-05
4.29009e-05
4.01169e-05
4.59657e-05
2.62756e-05
2.62756e-05
2.62756e-05
2.62756e-05
2.62756e-05
2.62756e-05
2.62756e-05
2.62756e-05
2.62756e-05
2.62756e-05
2.62756e-05
2.62756e-05
2.62756e-05
2.62756e-05
2.62757e-05
2.62762e-05
2.62779e-05
2.62818e-05
2.62862e-05
2.62886e-05
2.62917e-05
2.63042e-05
2.63375e-05
2.64097e-05
2.65167e-05
2.6693e-05
2.77293e-05
3.23008e-05
4.78704e-05
6.39655e-05
6.38015e-05
5.41249e-05
4.48325e-05
4.03589e-05
3.90202e-05
3.90928e-05
4.00254e-05
4.03954e-05
4.11536e-05
4.12135e-05
4.02295e-05
3.79319e-05
3.48555e-05
3.1745e-05
2.90426e-05
2.72214e-05
2.65086e-05
2.64281e-05
2.64706e-05
2.65708e-05
2.67403e-05
2.70073e-05
2.74743e-05
2.82752e-05
2.89788e-05
2.91156e-05
2.93029e-05
3.03518e-05
3.36432e-05
4.12449e-05
4.8919e-05
4.75035e-05
4.11325e-05
4.09945e-05
4.49601e-05
5.12553e-05
5.99745e-05
7.13818e-05
7.68287e-05
7.5001e-05
6.63887e-05
5.61644e-05
4.39098e-05
3.47843e-05
3.19469e-05
3.20993e-05
3.17074e-05
3.05144e-05
2.87611e-05
2.71291e-05
2.66789e-05
2.68465e-05
2.73042e-05
2.78045e-05
2.81855e-05
2.85199e-05
2.91531e-05
3.02781e-05
3.16389e-05
3.34028e-05
3.53634e-05
3.74852e-05
4.01004e-05
4.39775e-05
5.16216e-05
5.25376e-05
4.25225e-05
3.45396e-05
3.357e-05
3.72048e-05
2.62756e-05
2.62756e-05
2.62756e-05
2.62756e-05
2.62756e-05
2.62756e-05
2.62756e-05
2.62756e-05
2.62756e-05
2.62756e-05
2.62756e-05
2.62756e-05
2.62756e-05
2.62756e-05
2.62756e-05
2.62756e-05
2.62758e-05
2.62761e-05
2.62764e-05
2.62767e-05
2.62773e-05
2.62794e-05
2.62849e-05
2.62962e-05
2.63156e-05
2.63741e-05
2.68056e-05
2.88054e-05
3.60586e-05
5.42593e-05
6.10758e-05
5.60231e-05
4.70365e-05
4.18535e-05
4.03555e-05
4.07079e-05
4.17166e-05
4.22409e-05
4.18438e-05
4.04182e-05
3.74958e-05
3.3974e-05
3.09378e-05
2.87636e-05
2.74713e-05
2.67905e-05
2.64514e-05
2.6331e-05
2.63285e-05
2.63474e-05
2.63944e-05
2.64862e-05
2.66816e-05
2.7053e-05
2.74983e-05
2.78208e-05
2.82394e-05
2.93506e-05
3.24117e-05
3.95733e-05
4.54439e-05
4.22749e-05
3.75056e-05
3.92323e-05
4.46419e-05
5.04048e-05
5.80407e-05
7.04837e-05
7.63884e-05
7.26797e-05
6.02926e-05
4.71401e-05
3.73536e-05
3.39732e-05
3.33225e-05
3.28665e-05
3.19757e-05
3.07549e-05
2.91191e-05
2.7497e-05
2.66214e-05
2.66024e-05
2.67688e-05
2.69512e-05
2.71311e-05
2.74742e-05
2.8244e-05
2.92908e-05
3.03316e-05
3.15558e-05
3.35048e-05
3.75134e-05
4.29874e-05
4.80032e-05
5.18098e-05
4.01575e-05
3.35136e-05
3.50185e-05
3.50045e-05
3.74671e-05
2.62756e-05
2.62756e-05
2.62756e-05
2.62756e-05
2.62756e-05
2.62756e-05
2.62756e-05
2.62756e-05
2.62756e-05
2.62756e-05
2.62756e-05
2.62756e-05
2.62756e-05
2.62756e-05
2.62756e-05
2.62756e-05
2.62756e-05
2.62756e-05
2.62756e-05
2.62756e-05
2.62757e-05
2.62759e-05
2.62766e-05
2.62779e-05
2.6281e-05
2.62944e-05
2.63956e-05
2.68806e-05
2.87947e-05
3.60331e-05
4.94229e-05
5.39947e-05
5.12578e-05
4.71721e-05
4.53103e-05
4.52306e-05
4.45967e-05
4.28209e-05
3.93338e-05
3.51819e-05
3.17345e-05
2.94432e-05
2.80703e-05
2.72262e-05
2.67364e-05
2.64844e-05
2.63608e-05
2.63011e-05
2.62909e-05
2.62947e-05
2.63075e-05
2.63396e-05
2.64331e-05
2.66384e-05
2.68836e-05
2.71804e-05
2.77309e-05
2.90324e-05
3.25039e-05
3.97756e-05
4.22121e-05
3.7315e-05
3.44073e-05
3.73869e-05
4.35124e-05
4.83325e-05
5.39188e-05
6.63709e-05
7.50035e-05
7.16477e-05
5.65472e-05
4.35707e-05
3.72966e-05
3.50106e-05
3.37507e-05
3.18113e-05
3.03606e-05
2.97369e-05
2.90187e-05
2.76661e-05
2.6646e-05
2.64521e-05
2.64833e-05
2.65468e-05
2.67115e-05
2.71735e-05
2.83223e-05
2.97516e-05
3.06916e-05
3.16419e-05
3.38606e-05
4.02274e-05
5.0316e-05
5.28752e-05
4.58404e-05
3.30767e-05
3.38407e-05
3.74895e-05
3.79671e-05
3.92223e-05
2.62756e-05
2.62756e-05
2.62756e-05
2.62756e-05
2.62756e-05
2.62756e-05
2.62756e-05
2.62756e-05
2.62756e-05
2.62756e-05
2.62756e-05
2.62756e-05
2.62756e-05
2.62756e-05
2.62756e-05
2.62756e-05
2.62756e-05
2.62756e-05
2.62756e-05
2.62756e-05
2.62756e-05
2.62756e-05
2.62757e-05
2.62758e-05
2.62761e-05
2.62778e-05
2.62894e-05
2.63511e-05
2.66291e-05
2.77123e-05
3.17107e-05
3.90668e-05
4.33748e-05
4.39033e-05
4.28187e-05
4.09506e-05
3.7665e-05
3.35571e-05
3.03665e-05
2.86394e-05
2.77087e-05
2.71235e-05
2.67602e-05
2.65349e-05
2.64016e-05
2.63327e-05
2.63e-05
2.62839e-05
2.628e-05
2.62807e-05
2.62843e-05
2.62956e-05
2.63322e-05
2.64079e-05
2.65555e-05
2.69269e-05
2.79459e-05
3.01465e-05
3.46838e-05
4.0471e-05
4.01259e-05
3.40857e-05
3.09841e-05
3.31542e-05
3.92584e-05
4.4376e-05
4.90541e-05
5.94526e-05
7.20776e-05
7.19669e-05
5.7559e-05
4.41413e-05
3.80517e-05
3.38177e-05
3.05618e-05
2.87382e-05
2.81373e-05
2.80687e-05
2.799e-05
2.75723e-05
2.67124e-05
2.63833e-05
2.63589e-05
2.64026e-05
2.65848e-05
2.71476e-05
2.88207e-05
3.10299e-05
3.19702e-05
3.27223e-05
3.42253e-05
3.91179e-05
4.87089e-05
5.02455e-05
3.88795e-05
3.35296e-05
3.42531e-05
3.80139e-05
4.00254e-05
4.06536e-05
2.62756e-05
2.62756e-05
2.62756e-05
2.62756e-05
2.62756e-05
2.62756e-05
2.62756e-05
2.62756e-05
2.62756e-05
2.62756e-05
2.62756e-05
2.62756e-05
2.62756e-05
2.62756e-05
2.62756e-05
2.62756e-05
2.62756e-05
2.62756e-05
2.62756e-05
2.62756e-05
2.62756e-05
2.62756e-05
2.62756e-05
2.62756e-05
2.62756e-05
2.62757e-05
2.62766e-05
2.62818e-05
2.63063e-05
2.64004e-05
2.6727e-05
2.75522e-05
2.87505e-05
2.99516e-05
2.95605e-05
2.83673e-05
2.74198e-05
2.69209e-05
2.66556e-05
2.65058e-05
2.64179e-05
2.63638e-05
2.633e-05
2.63085e-05
2.62948e-05
2.62861e-05
2.62809e-05
2.62777e-05
2.62767e-05
2.62768e-05
2.62778e-05
2.62812e-05
2.62928e-05
2.63312e-05
2.64638e-05
2.69248e-05
2.84316e-05
3.20918e-05
3.7348e-05
3.95524e-05
3.72353e-05
3.08765e-05
2.82979e-05
2.8869e-05
3.15643e-05
3.58552e-05
4.2022e-05
5.28988e-05
6.70328e-05
7.06105e-05
5.75163e-05
4.18119e-05
3.3035e-05
2.94967e-05
2.80244e-05
2.72642e-05
2.70386e-05
2.71117e-05
2.71824e-05
2.70695e-05
2.6667e-05
2.63478e-05
2.63072e-05
2.63504e-05
2.6518e-05
2.70937e-05
2.88739e-05
3.12183e-05
3.18349e-05
3.29514e-05
3.52814e-05
3.87762e-05
4.16369e-05
3.86579e-05
3.49024e-05
3.38263e-05
3.43774e-05
3.73183e-05
4.20909e-05
4.21382e-05
2.62756e-05
2.62756e-05
2.62756e-05
2.62756e-05
2.62756e-05
2.62756e-05
2.62756e-05
2.62756e-05
2.62756e-05
2.62756e-05
2.62756e-05
2.62756e-05
2.62756e-05
2.62756e-05
2.62756e-05
2.62756e-05
2.62756e-05
2.62756e-05
2.62756e-05
2.62756e-05
2.62756e-05
2.62756e-05
2.62756e-05
2.62756e-05
2.62756e-05
2.62756e-05
2.62756e-05
2.62759e-05
2.62773e-05
2.62826e-05
2.63003e-05
2.63404e-05
2.63871e-05
2.64395e-05
2.64081e-05
2.63582e-05
2.63209e-05
2.63006e-05
2.62903e-05
2.62844e-05
2.6281e-05
2.62789e-05
2.62776e-05
2.62768e-05
2.62763e-05
2.6276e-05
2.62758e-05
2.62757e-05
2.62757e-05
2.62757e-05
2.6276e-05
2.62769e-05
2.62813e-05
2.6301e-05
2.63808e-05
2.66894e-05
2.77812e-05
3.11883e-05
3.60635e-05
3.62959e-05
3.30626e-05
2.84128e-05
2.71361e-05
2.73399e-05
2.8165e-05
3.02093e-05
3.60781e-05
4.72229e-05
6.08251e-05
6.56567e-05
5.20795e-05
3.5609e-05
3.11704e-05
2.88985e-05
2.73891e-05
2.6837e-05
2.66574e-05
2.66628e-05
2.67215e-05
2.66762e-05
2.64727e-05
2.63122e-05
2.62871e-05
2.63113e-05
2.64014e-05
2.66889e-05
2.75591e-05
2.8617e-05
2.88715e-05
2.95072e-05
3.16348e-05
3.57088e-05
3.62237e-05
3.53211e-05
3.45306e-05
3.40704e-05
3.44589e-05
3.64495e-05
4.22327e-05
4.34994e-05
2.62756e-05
2.62756e-05
2.62756e-05
2.62756e-05
2.62756e-05
2.62756e-05
2.62756e-05
2.62756e-05
2.62756e-05
2.62756e-05
2.62756e-05
2.62756e-05
2.62756e-05
2.62756e-05
2.62756e-05
2.62756e-05
2.62756e-05
2.62756e-05
2.62756e-05
2.62756e-05
2.62756e-05
2.62756e-05
2.62756e-05
2.62756e-05
2.62756e-05
2.62756e-05
2.62756e-05
2.62756e-05
2.62756e-05
2.62758e-05
2.62765e-05
2.62778e-05
2.62788e-05
2.62799e-05
2.62791e-05
2.62778e-05
2.62768e-05
2.62762e-05
2.62759e-05
2.62758e-05
2.62757e-05
2.62756e-05
2.62756e-05
2.62756e-05
2.62756e-05
2.62756e-05
2.62756e-05
2.62756e-05
2.62756e-05
2.62756e-05
2.62756e-05
2.62757e-05
2.62763e-05
2.62808e-05
2.63e-05
2.63885e-05
2.67721e-05
2.83668e-05
3.04557e-05
2.98178e-05
2.80632e-05
2.68077e-05
2.66697e-05
2.6882e-05
2.75278e-05
2.89052e-05
3.23557e-05
4.05009e-05
5.35552e-05
5.82098e-05
5.09405e-05
4.10824e-05
3.64151e-05
3.11895e-05
2.77262e-05
2.68147e-05
2.65557e-05
2.64691e-05
2.64757e-05
2.64528e-05
2.63575e-05
2.62883e-05
2.62791e-05
2.62892e-05
2.63255e-05
2.64374e-05
2.66984e-05
2.70838e-05
2.76077e-05
2.85577e-05
2.93254e-05
3.07656e-05
3.14886e-05
3.17339e-05
3.24875e-05
3.36225e-05
3.52245e-05
4.00744e-05
4.56515e-05
4.51704e-05
2.62756e-05
2.62756e-05
2.62756e-05
2.62756e-05
2.62756e-05
2.62756e-05
2.62756e-05
2.62756e-05
2.62756e-05
2.62756e-05
2.62756e-05
2.62756e-05
2.62756e-05
2.62756e-05
2.62756e-05
2.62756e-05
2.62756e-05
2.62756e-05
2.62756e-05
2.62756e-05
2.62756e-05
2.62756e-05
2.62756e-05
2.62756e-05
2.62756e-05
2.62756e-05
2.62756e-05
2.62756e-05
2.62756e-05
2.62756e-05
2.62756e-05
2.62756e-05
2.62756e-05
2.62757e-05
2.62756e-05
2.62756e-05
2.62756e-05
2.62756e-05
2.62756e-05
2.62756e-05
2.62756e-05
2.62756e-05
2.62756e-05
2.62756e-05
2.62756e-05
2.62756e-05
2.62756e-05
2.62756e-05
2.62756e-05
2.62756e-05
2.62756e-05
2.62756e-05
2.62756e-05
2.62759e-05
2.62776e-05
2.62878e-05
2.63327e-05
2.64924e-05
2.66179e-05
2.65063e-05
2.63965e-05
2.63482e-05
2.63631e-05
2.64794e-05
2.67831e-05
2.73168e-05
2.84793e-05
3.2141e-05
4.20074e-05
4.9576e-05
4.7817e-05
4.45273e-05
4.0016e-05
3.25925e-05
2.84459e-05
2.74027e-05
2.67374e-05
2.64137e-05
2.63566e-05
2.6337e-05
2.63018e-05
2.62796e-05
2.62766e-05
2.62795e-05
2.629e-05
2.63236e-05
2.64101e-05
2.66679e-05
2.75606e-05
3.04773e-05
3.15104e-05
3.14349e-05
3.15886e-05
3.24277e-05
3.37564e-05
3.4452e-05
3.58912e-05
4.01384e-05
4.7395e-05
4.68015e-05
2.62756e-05
2.62756e-05
2.62756e-05
2.62756e-05
2.62756e-05
2.62756e-05
2.62756e-05
2.62756e-05
2.62756e-05
2.62756e-05
2.62756e-05
2.62756e-05
2.62756e-05
2.62756e-05
2.62756e-05
2.62756e-05
2.62756e-05
2.62756e-05
2.62756e-05
2.62756e-05
2.62756e-05
2.62756e-05
2.62756e-05
2.62756e-05
2.62756e-05
2.62756e-05
2.62756e-05
2.62756e-05
2.62756e-05
2.62756e-05
2.62756e-05
2.62756e-05
2.62756e-05
2.62756e-05
2.62756e-05
2.62756e-05
2.62756e-05
2.62756e-05
2.62756e-05
2.62756e-05
2.62756e-05
2.62756e-05
2.62756e-05
2.62756e-05
2.62756e-05
2.62756e-05
2.62756e-05
2.62756e-05
2.62756e-05
2.62756e-05
2.62756e-05
2.62756e-05
2.62756e-05
2.62756e-05
2.62756e-05
2.6276e-05
2.62775e-05
2.62825e-05
2.62855e-05
2.62821e-05
2.62793e-05
2.62785e-05
2.62817e-05
2.62944e-05
2.63294e-05
2.64341e-05
2.67602e-05
2.77824e-05
3.07875e-05
3.45544e-05
3.64539e-05
3.56899e-05
3.30739e-05
2.97363e-05
2.88949e-05
2.84165e-05
2.73384e-05
2.64615e-05
2.63127e-05
2.62925e-05
2.62817e-05
2.62763e-05
2.62758e-05
2.62766e-05
2.62795e-05
2.62927e-05
2.63602e-05
2.67876e-05
2.82506e-05
3.2679e-05
3.46905e-05
3.2674e-05
3.10897e-05
3.03946e-05
2.98659e-05
3.47478e-05
4.12722e-05
4.83925e-05
5.02728e-05
4.91718e-05
2.62756e-05
2.62756e-05
2.62756e-05
2.62756e-05
2.62756e-05
2.62756e-05
2.62756e-05
2.62756e-05
2.62756e-05
2.62756e-05
2.62756e-05
2.62756e-05
2.62756e-05
2.62756e-05
2.62756e-05
2.62756e-05
2.62756e-05
2.62756e-05
2.62756e-05
2.62756e-05
2.62756e-05
2.62756e-05
2.62756e-05
2.62756e-05
2.62756e-05
2.62756e-05
2.62756e-05
2.62756e-05
2.62756e-05
2.62756e-05
2.62756e-05
2.62756e-05
2.62756e-05
2.62756e-05
2.62756e-05
2.62756e-05
2.62756e-05
2.62756e-05
2.62756e-05
2.62756e-05
2.62756e-05
2.62756e-05
2.62756e-05
2.62756e-05
2.62756e-05
2.62756e-05
2.62756e-05
2.62756e-05
2.62756e-05
2.62756e-05
2.62756e-05
2.62756e-05
2.62756e-05
2.62756e-05
2.62756e-05
2.62756e-05
2.62756e-05
2.62757e-05
2.62757e-05
2.62757e-05
2.62756e-05
2.62756e-05
2.62758e-05
2.62765e-05
2.62802e-05
2.62968e-05
2.6359e-05
2.65636e-05
2.69931e-05
2.75602e-05
2.83249e-05
2.90716e-05
2.94119e-05
2.95176e-05
2.95446e-05
2.91544e-05
2.77895e-05
2.6538e-05
2.62988e-05
2.62795e-05
2.62767e-05
2.62758e-05
2.62756e-05
2.62757e-05
2.6276e-05
2.62825e-05
2.64502e-05
2.724e-05
2.82016e-05
2.98791e-05
3.42034e-05
3.66041e-05
3.62916e-05
3.72234e-05
3.43723e-05
4.51187e-05
5.88144e-05
6.25644e-05
5.72216e-05
5.09054e-05
2.62756e-05
2.62756e-05
2.62756e-05
2.62756e-05
2.62756e-05
2.62756e-05
2.62756e-05
2.62756e-05
2.62756e-05
2.62756e-05
2.62756e-05
2.62756e-05
2.62756e-05
2.62756e-05
2.62756e-05
2.62756e-05
2.62756e-05
2.62756e-05
2.62756e-05
2.62756e-05
2.62756e-05
2.62756e-05
2.62756e-05
2.62756e-05
2.62756e-05
2.62756e-05
2.62756e-05
2.62756e-05
2.62756e-05
2.62756e-05
2.62756e-05
2.62756e-05
2.62756e-05
2.62756e-05
2.62756e-05
2.62756e-05
2.62756e-05
2.62756e-05
2.62756e-05
2.62756e-05
2.62756e-05
2.62756e-05
2.62756e-05
2.62756e-05
2.62756e-05
2.62756e-05
2.62756e-05
2.62756e-05
2.62756e-05
2.62756e-05
2.62756e-05
2.62756e-05
2.62756e-05
2.62756e-05
2.62756e-05
2.62756e-05
2.62756e-05
2.62756e-05
2.62756e-05
2.62756e-05
2.62756e-05
2.62756e-05
2.62756e-05
2.62758e-05
2.62764e-05
2.62788e-05
2.62862e-05
2.63091e-05
2.63666e-05
2.65054e-05
2.69197e-05
2.77507e-05
2.89294e-05
2.98004e-05
2.976e-05
2.9302e-05
2.78395e-05
2.65569e-05
2.62965e-05
2.62767e-05
2.62757e-05
2.62756e-05
2.62756e-05
2.62756e-05
2.62761e-05
2.62964e-05
2.66729e-05
2.76499e-05
2.83851e-05
2.97468e-05
3.1029e-05
3.04346e-05
2.97403e-05
3.50082e-05
4.51997e-05
5.4476e-05
6.0496e-05
6.33549e-05
5.69803e-05
4.50794e-05
2.62756e-05
2.62756e-05
2.62756e-05
2.62756e-05
2.62756e-05
2.62756e-05
2.62756e-05
2.62756e-05
2.62756e-05
2.62756e-05
2.62756e-05
2.62756e-05
2.62756e-05
2.62756e-05
2.62756e-05
2.62756e-05
2.62756e-05
2.62756e-05
2.62756e-05
2.62756e-05
2.62756e-05
2.62756e-05
2.62756e-05
2.62756e-05
2.62756e-05
2.62756e-05
2.62756e-05
2.62756e-05
2.62756e-05
2.62756e-05
2.62756e-05
2.62756e-05
2.62756e-05
2.62756e-05
2.62756e-05
2.62756e-05
2.62756e-05
2.62756e-05
2.62756e-05
2.62756e-05
2.62756e-05
2.62756e-05
2.62756e-05
2.62756e-05
2.62756e-05
2.62756e-05
2.62756e-05
2.62756e-05
2.62756e-05
2.62756e-05
2.62756e-05
2.62756e-05
2.62756e-05
2.62756e-05
2.62756e-05
2.62756e-05
2.62756e-05
2.62756e-05
2.62756e-05
2.62756e-05
2.62756e-05
2.62756e-05
2.62756e-05
2.62764e-05
2.62793e-05
2.62913e-05
2.63326e-05
2.6461e-05
2.67498e-05
2.71736e-05
2.77049e-05
2.8628e-05
2.93124e-05
2.91635e-05
2.87159e-05
2.78156e-05
2.67484e-05
2.63276e-05
2.62793e-05
2.62758e-05
2.62756e-05
2.62756e-05
2.62756e-05
2.62756e-05
2.62756e-05
2.62757e-05
2.6278e-05
2.62881e-05
2.63067e-05
2.63518e-05
2.70024e-05
2.72369e-05
2.70918e-05
2.70005e-05
2.6537e-05
2.68542e-05
2.93611e-05
4.64113e-05
5.4529e-05
4.00354e-05
2.62756e-05
2.62756e-05
2.62756e-05
2.62756e-05
2.62756e-05
2.62756e-05
2.62756e-05
2.62756e-05
2.62756e-05
2.62756e-05
2.62756e-05
2.62756e-05
2.62756e-05
2.62756e-05
2.62756e-05
2.62756e-05
2.62756e-05
2.62756e-05
2.62756e-05
2.62756e-05
2.62756e-05
2.62756e-05
2.62756e-05
2.62756e-05
2.62756e-05
2.62756e-05
2.62756e-05
2.62756e-05
2.62756e-05
2.62756e-05
2.62756e-05
2.62756e-05
2.62756e-05
2.62756e-05
2.62756e-05
2.62756e-05
2.62756e-05
2.62756e-05
2.62756e-05
2.62756e-05
2.62756e-05
2.62756e-05
2.62756e-05
2.62756e-05
2.62756e-05
2.62756e-05
2.62756e-05
2.62756e-05
2.62756e-05
2.62756e-05
2.62756e-05
2.62756e-05
2.62756e-05
2.62756e-05
2.62756e-05
2.62756e-05
2.62756e-05
2.62756e-05
2.62756e-05
2.62756e-05
2.62756e-05
2.62756e-05
2.62756e-05
2.62756e-05
2.6276e-05
2.62795e-05
2.62948e-05
2.6353e-05
2.6558e-05
2.71712e-05
2.7856e-05
2.79358e-05
2.76117e-05
2.69108e-05
2.65345e-05
2.63877e-05
2.63132e-05
2.62825e-05
2.62759e-05
2.62756e-05
2.62756e-05
2.62756e-05
2.62756e-05
2.62756e-05
2.62756e-05
2.62757e-05
2.62769e-05
2.62843e-05
2.63091e-05
2.63429e-05
2.63663e-05
2.63898e-05
2.6359e-05
2.63097e-05
2.63085e-05
2.64624e-05
2.72656e-05
2.9639e-05
3.47872e-05
2.90257e-05
)
;

boundaryField
{
    AXIS
    {
        type            empty;
    }
    OUTLET
    {
        type            calculated;
        value           nonuniform List<scalar> 
50
(
2.88098e-05
3.31074e-05
4.29642e-05
5.12451e-05
5.84814e-05
6.4534e-05
7.00407e-05
7.44947e-05
7.75761e-05
8.00005e-05
8.20167e-05
8.38636e-05
8.60213e-05
8.83977e-05
9.11002e-05
9.3859e-05
9.65554e-05
9.86994e-05
0.000100018
0.00010032
9.89745e-05
9.5525e-05
9.02765e-05
8.3998e-05
7.75134e-05
7.17546e-05
6.71405e-05
6.38682e-05
6.24145e-05
6.27044e-05
6.51164e-05
6.85515e-05
7.08328e-05
7.17394e-05
6.86811e-05
5.74984e-05
4.59657e-05
3.72048e-05
3.74671e-05
2.62756e-05
2.62756e-05
2.62756e-05
2.62756e-05
2.62756e-05
2.62756e-05
2.62756e-05
2.62756e-05
2.62756e-05
2.62756e-05
2.62756e-05
)
;
    }
    COFLOW
    {
        type            calculated;
        value           nonuniform List<scalar> 
30
(
2.62756e-05
2.62756e-05
2.62756e-05
2.62756e-05
2.62756e-05
2.62756e-05
2.62756e-05
2.62756e-05
2.62756e-05
2.62756e-05
2.62756e-05
2.62756e-05
2.62756e-05
2.62756e-05
2.62756e-05
2.62756e-05
2.62756e-05
2.62756e-05
2.62756e-05
2.62756e-05
2.62756e-05
2.62756e-05
2.62756e-05
2.62756e-05
2.62756e-05
2.62756e-05
2.62756e-05
2.62756e-05
2.62756e-05
2.62756e-05
)
;
    }
    PILOT
    {
        type            calculated;
        value           nonuniform List<scalar> 10(9.10724e-05 9.92821e-05 0.000100116 0.000100126 0.000100126 0.000100126 0.000100126 0.000100126 0.000100084 9.72894e-05);
    }
    FUEL
    {
        type            calculated;
        value           nonuniform List<scalar> 10(2.61542e-05 2.61542e-05 2.61542e-05 2.61542e-05 2.61542e-05 2.61542e-05 2.61542e-05 2.61542e-05 2.61542e-05 2.61542e-05);
    }
    WALL
    {
        type            calculated;
        value           nonuniform List<scalar> 
100
(
2.62756e-05
2.62756e-05
2.62756e-05
2.62756e-05
2.62756e-05
2.62756e-05
2.62756e-05
2.62756e-05
2.62756e-05
2.62756e-05
2.62756e-05
2.62756e-05
2.62756e-05
2.62756e-05
2.62756e-05
2.62756e-05
2.62756e-05
2.62756e-05
2.62756e-05
2.62756e-05
2.62756e-05
2.62756e-05
2.62756e-05
2.62756e-05
2.62756e-05
2.62756e-05
2.62756e-05
2.62756e-05
2.62756e-05
2.62756e-05
2.62756e-05
2.62756e-05
2.62756e-05
2.62756e-05
2.62756e-05
2.62756e-05
2.62756e-05
2.62756e-05
2.62756e-05
2.62756e-05
2.62756e-05
2.62756e-05
2.62756e-05
2.62756e-05
2.62756e-05
2.62756e-05
2.62756e-05
2.62756e-05
2.62756e-05
2.62756e-05
2.62756e-05
2.62756e-05
2.62756e-05
2.62756e-05
2.62756e-05
2.62756e-05
2.62756e-05
2.62756e-05
2.62756e-05
2.62756e-05
2.62756e-05
2.62756e-05
2.62756e-05
2.62756e-05
2.6276e-05
2.62795e-05
2.62948e-05
2.6353e-05
2.6558e-05
2.71712e-05
2.7856e-05
2.79358e-05
2.76117e-05
2.69108e-05
2.65345e-05
2.63877e-05
2.63132e-05
2.62825e-05
2.62759e-05
2.62756e-05
2.62756e-05
2.62756e-05
2.62756e-05
2.62756e-05
2.62756e-05
2.62757e-05
2.62769e-05
2.62843e-05
2.63091e-05
2.63429e-05
2.63663e-05
2.63898e-05
2.6359e-05
2.63097e-05
2.63085e-05
2.64624e-05
2.72656e-05
2.9639e-05
3.47872e-05
2.90257e-05
)
;
    }
    front
    {
        type            wedge;
    }
    back
    {
        type            wedge;
    }
}


// ************************************************************************* //
