/*--------------------------------*- C++ -*----------------------------------*\
| =========                 |                                                 |
| \\      /  F ield         | OpenFOAM: The Open Source CFD Toolbox           |
|  \\    /   O peration     | Version:  2.3.0                                 |
|   \\  /    A nd           | Web:      www.OpenFOAM.org                      |
|    \\/     M anipulation  |                                                 |
\*---------------------------------------------------------------------------*/
FoamFile
{
    version     2.0;
    format      ascii;
    class       volScalarField;
    location    "0.03";
    object      thermo:mu;
}
// * * * * * * * * * * * * * * * * * * * * * * * * * * * * * * * * * * * * * //

dimensions      [1 -1 -1 0 0 0 0];

internalField   nonuniform List<scalar> 
5000
(
1.81402e-05
1.81402e-05
1.81402e-05
1.81402e-05
1.81402e-05
1.81402e-05
1.81402e-05
1.81402e-05
1.81402e-05
1.81402e-05
1.81402e-05
1.81402e-05
1.81402e-05
1.81402e-05
1.81402e-05
1.81402e-05
1.81402e-05
1.81402e-05
1.81402e-05
1.81402e-05
1.81402e-05
1.81402e-05
1.81402e-05
1.81402e-05
1.81402e-05
1.81402e-05
1.81402e-05
1.81402e-05
1.81402e-05
1.81402e-05
1.81402e-05
1.81402e-05
1.81402e-05
1.81402e-05
1.81402e-05
1.81402e-05
1.81402e-05
1.81402e-05
1.81402e-05
1.81402e-05
1.81402e-05
1.81402e-05
1.81402e-05
1.81403e-05
1.81403e-05
1.81403e-05
1.81402e-05
1.81402e-05
1.81402e-05
1.81403e-05
1.81406e-05
1.81415e-05
1.81446e-05
1.81519e-05
1.81639e-05
1.81764e-05
1.81931e-05
1.82166e-05
1.82479e-05
1.82903e-05
1.83491e-05
1.84348e-05
1.85537e-05
1.87184e-05
1.89378e-05
1.92288e-05
1.94268e-05
1.92931e-05
1.9019e-05
1.8734e-05
1.84786e-05
1.83144e-05
1.82482e-05
1.82689e-05
1.83483e-05
1.8533e-05
1.88315e-05
1.92495e-05
1.95297e-05
1.95129e-05
1.94012e-05
1.92698e-05
1.91207e-05
1.88314e-05
1.85234e-05
1.83606e-05
1.83351e-05
1.83319e-05
1.83324e-05
1.83361e-05
1.8345e-05
1.83635e-05
1.83947e-05
1.84413e-05
1.85135e-05
1.86226e-05
1.87811e-05
1.9e-05
1.92902e-05
2.0005e-05
1.81402e-05
1.81402e-05
1.81402e-05
1.81402e-05
1.81402e-05
1.81402e-05
1.81402e-05
1.81402e-05
1.81402e-05
1.81402e-05
1.81402e-05
1.81402e-05
1.81402e-05
1.81402e-05
1.81402e-05
1.81402e-05
1.81402e-05
1.81402e-05
1.81402e-05
1.81402e-05
1.81402e-05
1.81402e-05
1.81402e-05
1.81402e-05
1.81402e-05
1.81402e-05
1.81402e-05
1.81402e-05
1.81402e-05
1.81402e-05
1.81402e-05
1.81402e-05
1.81402e-05
1.81402e-05
1.81402e-05
1.81402e-05
1.81403e-05
1.81404e-05
1.81407e-05
1.81413e-05
1.81419e-05
1.81424e-05
1.81425e-05
1.81428e-05
1.81438e-05
1.81442e-05
1.8143e-05
1.81418e-05
1.81412e-05
1.81412e-05
1.81427e-05
1.81471e-05
1.81613e-05
1.82089e-05
1.83038e-05
1.84445e-05
1.86298e-05
1.88466e-05
1.90899e-05
1.93658e-05
1.97107e-05
2.01958e-05
2.095e-05
2.21273e-05
2.3889e-05
2.69234e-05
3.1542e-05
3.31211e-05
3.15458e-05
2.75392e-05
2.27292e-05
1.91705e-05
1.84823e-05
1.85205e-05
1.87262e-05
1.9117e-05
1.96574e-05
2.03189e-05
2.10859e-05
2.16315e-05
2.16755e-05
2.1557e-05
2.11607e-05
2.04009e-05
1.94744e-05
1.88832e-05
1.87648e-05
1.87708e-05
1.87726e-05
1.87546e-05
1.87212e-05
1.87351e-05
1.88208e-05
1.90135e-05
1.93349e-05
1.97817e-05
2.03462e-05
2.09997e-05
2.1704e-05
2.3041e-05
1.81402e-05
1.81402e-05
1.81402e-05
1.81402e-05
1.81402e-05
1.81402e-05
1.81402e-05
1.81402e-05
1.81402e-05
1.81402e-05
1.81402e-05
1.81402e-05
1.81402e-05
1.81402e-05
1.81402e-05
1.81402e-05
1.81402e-05
1.81402e-05
1.81402e-05
1.81402e-05
1.81402e-05
1.81402e-05
1.81402e-05
1.81402e-05
1.81402e-05
1.81402e-05
1.81402e-05
1.81402e-05
1.81402e-05
1.81402e-05
1.81402e-05
1.81402e-05
1.81402e-05
1.81402e-05
1.81404e-05
1.81409e-05
1.81424e-05
1.81459e-05
1.81534e-05
1.81671e-05
1.81849e-05
1.81992e-05
1.82043e-05
1.82149e-05
1.82484e-05
1.82742e-05
1.82401e-05
1.81969e-05
1.81706e-05
1.81569e-05
1.81538e-05
1.8165e-05
1.82028e-05
1.83422e-05
1.86658e-05
1.92046e-05
2.00109e-05
2.09991e-05
2.20166e-05
2.29396e-05
2.38231e-05
2.49512e-05
2.6689e-05
2.93199e-05
3.28618e-05
3.75635e-05
4.33282e-05
4.71238e-05
4.70156e-05
4.30035e-05
3.30335e-05
2.08055e-05
1.88257e-05
1.87876e-05
1.89986e-05
1.94922e-05
2.0153e-05
2.0944e-05
2.18855e-05
2.28797e-05
2.3375e-05
2.33613e-05
2.31635e-05
2.25743e-05
2.14525e-05
2.0193e-05
1.9637e-05
1.95873e-05
1.95682e-05
1.95074e-05
1.94844e-05
1.95678e-05
1.98706e-05
2.04762e-05
2.1449e-05
2.2755e-05
2.43085e-05
2.59377e-05
2.73225e-05
3.00837e-05
1.81402e-05
1.81402e-05
1.81402e-05
1.81402e-05
1.81402e-05
1.81402e-05
1.81402e-05
1.81402e-05
1.81402e-05
1.81402e-05
1.81402e-05
1.81402e-05
1.81402e-05
1.81402e-05
1.81402e-05
1.81402e-05
1.81402e-05
1.81402e-05
1.81402e-05
1.81402e-05
1.81402e-05
1.81402e-05
1.81402e-05
1.81402e-05
1.81402e-05
1.81404e-05
1.81408e-05
1.81415e-05
1.81417e-05
1.81409e-05
1.81405e-05
1.81403e-05
1.81403e-05
1.81406e-05
1.81416e-05
1.81455e-05
1.81593e-05
1.81999e-05
1.82971e-05
1.84965e-05
1.87967e-05
1.90957e-05
1.92296e-05
1.93615e-05
1.99662e-05
2.09589e-05
2.06457e-05
1.9665e-05
1.89547e-05
1.85423e-05
1.83356e-05
1.82636e-05
1.8323e-05
1.86981e-05
1.96155e-05
2.10586e-05
2.29531e-05
2.50864e-05
2.71928e-05
2.90778e-05
3.06907e-05
3.23348e-05
3.45153e-05
3.75565e-05
4.12997e-05
4.56119e-05
5.03643e-05
5.62979e-05
5.72272e-05
5.49114e-05
4.48452e-05
2.92337e-05
2.00641e-05
1.91957e-05
1.93026e-05
1.97515e-05
2.04847e-05
2.14315e-05
2.25925e-05
2.39523e-05
2.49512e-05
2.50487e-05
2.4917e-05
2.44524e-05
2.33989e-05
2.18254e-05
2.0715e-05
2.04589e-05
2.03943e-05
2.03119e-05
2.03127e-05
2.04867e-05
2.10793e-05
2.22259e-05
2.38993e-05
2.59137e-05
2.80823e-05
3.02938e-05
3.21882e-05
3.60578e-05
1.81402e-05
1.81402e-05
1.81402e-05
1.81402e-05
1.81402e-05
1.81402e-05
1.81402e-05
1.81402e-05
1.81402e-05
1.81402e-05
1.81402e-05
1.81402e-05
1.81403e-05
1.81405e-05
1.81406e-05
1.81404e-05
1.81403e-05
1.81402e-05
1.81402e-05
1.81402e-05
1.81402e-05
1.81402e-05
1.81403e-05
1.81405e-05
1.81412e-05
1.81444e-05
1.81546e-05
1.81737e-05
1.81816e-05
1.81615e-05
1.81502e-05
1.81447e-05
1.81424e-05
1.81425e-05
1.8146e-05
1.81594e-05
1.82076e-05
1.83597e-05
1.87531e-05
1.97492e-05
2.17389e-05
2.46293e-05
2.66222e-05
2.75264e-05
3.01517e-05
3.64246e-05
3.88008e-05
3.63042e-05
3.14103e-05
2.4926e-05
2.09027e-05
1.86983e-05
1.86551e-05
1.93259e-05
2.09244e-05
2.32219e-05
2.59355e-05
2.88435e-05
3.17341e-05
3.44529e-05
3.68865e-05
3.92101e-05
4.19267e-05
4.52044e-05
4.85243e-05
5.1685e-05
5.75796e-05
6.32821e-05
6.40088e-05
6.30665e-05
5.67543e-05
4.10295e-05
2.51863e-05
2.01949e-05
1.98881e-05
2.01716e-05
2.09192e-05
2.20439e-05
2.34853e-05
2.52222e-05
2.68765e-05
2.73656e-05
2.72565e-05
2.68175e-05
2.57237e-05
2.38126e-05
2.20483e-05
2.13988e-05
2.12151e-05
2.10973e-05
2.11108e-05
2.1365e-05
2.2173e-05
2.36924e-05
2.58194e-05
2.8335e-05
3.10137e-05
3.3806e-05
3.63604e-05
4.12906e-05
1.81402e-05
1.81402e-05
1.81402e-05
1.81402e-05
1.81402e-05
1.81402e-05
1.81402e-05
1.81402e-05
1.81402e-05
1.81402e-05
1.81403e-05
1.81408e-05
1.81429e-05
1.8149e-05
1.81544e-05
1.81492e-05
1.81444e-05
1.81421e-05
1.8141e-05
1.81406e-05
1.81406e-05
1.81411e-05
1.81424e-05
1.81464e-05
1.81596e-05
1.82045e-05
1.83401e-05
1.86543e-05
1.89629e-05
1.86261e-05
1.83799e-05
1.82492e-05
1.8187e-05
1.81627e-05
1.81643e-05
1.82014e-05
1.83456e-05
1.88038e-05
1.99885e-05
2.23608e-05
2.62819e-05
3.14954e-05
3.6369e-05
3.96115e-05
4.33084e-05
4.76889e-05
5.47017e-05
5.79463e-05
5.47683e-05
4.36078e-05
2.81271e-05
1.96184e-05
1.9182e-05
2.00588e-05
2.2183e-05
2.50591e-05
2.82616e-05
3.1631e-05
3.50757e-05
3.84568e-05
4.17114e-05
4.48468e-05
4.81247e-05
5.14022e-05
5.40446e-05
5.90872e-05
6.43215e-05
6.63786e-05
6.63172e-05
6.5887e-05
6.41303e-05
5.49361e-05
3.86442e-05
2.38108e-05
2.09031e-05
2.10037e-05
2.16441e-05
2.28395e-05
2.44499e-05
2.64017e-05
2.8573e-05
3.00842e-05
3.02344e-05
3.00238e-05
2.92087e-05
2.72411e-05
2.45435e-05
2.28193e-05
2.21521e-05
2.18782e-05
2.18893e-05
2.22112e-05
2.32509e-05
2.51523e-05
2.77268e-05
3.06797e-05
3.37873e-05
3.70237e-05
4.00703e-05
4.56619e-05
1.81402e-05
1.81402e-05
1.81402e-05
1.81402e-05
1.81402e-05
1.81403e-05
1.81402e-05
1.81402e-05
1.81403e-05
1.81405e-05
1.81422e-05
1.81513e-05
1.81879e-05
1.8294e-05
1.84397e-05
1.83643e-05
1.82504e-05
1.81929e-05
1.8165e-05
1.81539e-05
1.81538e-05
1.8163e-05
1.81861e-05
1.82381e-05
1.83599e-05
1.86004e-05
1.92576e-05
2.16372e-05
2.75909e-05
2.62401e-05
2.26339e-05
2.03044e-05
1.91491e-05
1.8496e-05
1.8244e-05
1.83135e-05
1.86665e-05
1.97008e-05
2.1787e-05
2.52562e-05
3.01742e-05
3.63311e-05
4.23897e-05
4.71054e-05
5.11237e-05
5.63892e-05
6.27885e-05
6.59443e-05
6.53717e-05
5.92393e-05
4.01883e-05
2.24058e-05
2.00315e-05
2.08932e-05
2.33361e-05
2.66578e-05
3.0282e-05
3.40807e-05
3.8013e-05
4.20273e-05
4.59623e-05
4.97042e-05
5.30887e-05
5.59928e-05
6.07429e-05
6.55009e-05
6.71738e-05
6.70976e-05
6.66578e-05
6.63152e-05
6.57556e-05
6.34004e-05
5.12813e-05
3.21336e-05
2.2834e-05
2.23959e-05
2.28562e-05
2.40209e-05
2.56985e-05
2.77596e-05
3.01385e-05
3.24295e-05
3.37246e-05
3.39514e-05
3.37811e-05
3.27775e-05
3.01552e-05
2.6498e-05
2.3865e-05
2.27348e-05
2.26747e-05
2.30413e-05
2.42829e-05
2.64997e-05
2.94398e-05
3.27738e-05
3.63375e-05
4.00059e-05
4.37236e-05
4.96161e-05
1.81404e-05
1.81404e-05
1.81405e-05
1.81414e-05
1.81435e-05
1.8145e-05
1.81438e-05
1.81421e-05
1.8142e-05
1.81456e-05
1.81653e-05
1.82342e-05
1.85018e-05
1.94488e-05
2.22359e-05
2.22561e-05
2.03279e-05
1.92232e-05
1.86547e-05
1.84181e-05
1.83531e-05
1.84268e-05
1.85961e-05
1.88864e-05
1.93227e-05
2.00524e-05
2.18697e-05
2.75343e-05
3.91117e-05
4.61445e-05
4.32609e-05
3.48479e-05
2.51563e-05
1.96578e-05
1.84599e-05
1.85492e-05
1.91941e-05
2.08714e-05
2.38308e-05
2.80995e-05
3.369e-05
4.04415e-05
4.69955e-05
5.17547e-05
5.59765e-05
6.31099e-05
6.66345e-05
6.75246e-05
6.72239e-05
6.52552e-05
5.15962e-05
2.87083e-05
2.13115e-05
2.18847e-05
2.43891e-05
2.80789e-05
3.21104e-05
3.63376e-05
4.07193e-05
4.52878e-05
4.98155e-05
5.37157e-05
5.67411e-05
6.1072e-05
6.6196e-05
6.79615e-05
6.76353e-05
6.60867e-05
6.30488e-05
6.31078e-05
6.35697e-05
6.31318e-05
5.96543e-05
3.93374e-05
2.5162e-05
2.40924e-05
2.4507e-05
2.57179e-05
2.75498e-05
2.97985e-05
3.23845e-05
3.50124e-05
3.70992e-05
3.86669e-05
3.93191e-05
3.90879e-05
3.78823e-05
3.43713e-05
2.84585e-05
2.41324e-05
2.34993e-05
2.38853e-05
2.52925e-05
2.78179e-05
3.11179e-05
3.48465e-05
3.878e-05
4.2885e-05
4.72794e-05
5.27995e-05
1.81616e-05
1.81684e-05
1.81798e-05
1.82311e-05
1.83152e-05
1.83768e-05
1.83293e-05
1.82366e-05
1.81992e-05
1.82103e-05
1.82945e-05
1.85226e-05
1.95349e-05
2.2779e-05
3.13434e-05
4.04218e-05
3.67382e-05
3.11455e-05
2.43413e-05
2.08484e-05
1.94599e-05
1.96158e-05
2.03648e-05
2.16766e-05
2.30776e-05
2.4605e-05
2.77465e-05
3.48465e-05
4.50313e-05
5.76314e-05
6.04401e-05
5.46932e-05
3.89039e-05
2.35598e-05
1.90377e-05
1.90047e-05
1.99574e-05
2.2335e-05
2.60732e-05
3.10283e-05
3.72636e-05
4.46874e-05
5.12609e-05
5.53882e-05
6.2653e-05
6.70706e-05
6.76786e-05
6.72909e-05
6.70237e-05
6.59006e-05
6.01642e-05
3.7651e-05
2.31832e-05
2.31206e-05
2.546e-05
2.9488e-05
3.39613e-05
3.85881e-05
4.34438e-05
4.85107e-05
5.33052e-05
5.68141e-05
6.05051e-05
6.58697e-05
6.87244e-05
6.8569e-05
6.69973e-05
6.12759e-05
5.49663e-05
5.53279e-05
5.72828e-05
5.75706e-05
5.47203e-05
3.80262e-05
2.67217e-05
2.60728e-05
2.66819e-05
2.82305e-05
3.03819e-05
3.29074e-05
3.57618e-05
3.8558e-05
4.09527e-05
4.30742e-05
4.45926e-05
4.46516e-05
4.42137e-05
4.22647e-05
3.63707e-05
2.76015e-05
2.45213e-05
2.48014e-05
2.63001e-05
2.91084e-05
3.2764e-05
3.68878e-05
4.12411e-05
4.5728e-05
5.06994e-05
5.49873e-05
1.92052e-05
1.99527e-05
2.01047e-05
2.11808e-05
2.33867e-05
2.64447e-05
2.73416e-05
2.38653e-05
2.10052e-05
1.96946e-05
1.92253e-05
1.94859e-05
2.12993e-05
2.6614e-05
3.77745e-05
4.96993e-05
5.6678e-05
5.29878e-05
4.1973e-05
2.88719e-05
2.23891e-05
2.27976e-05
2.51056e-05
2.89223e-05
3.20801e-05
3.42047e-05
3.7281e-05
4.21545e-05
5.34884e-05
6.44539e-05
6.59359e-05
6.45124e-05
5.48823e-05
3.51176e-05
2.07215e-05
1.98505e-05
2.10452e-05
2.41711e-05
2.86667e-05
3.4298e-05
4.12053e-05
4.91553e-05
5.48356e-05
6.2005e-05
6.74972e-05
6.79185e-05
6.67817e-05
6.26289e-05
6.24447e-05
6.34308e-05
6.17426e-05
4.50391e-05
2.5408e-05
2.44448e-05
2.66413e-05
3.09598e-05
3.58952e-05
4.09535e-05
4.62633e-05
5.17798e-05
5.62485e-05
5.99273e-05
6.49349e-05
6.89961e-05
6.96057e-05
6.85223e-05
6.41122e-05
5.4054e-05
4.80103e-05
4.73295e-05
4.75911e-05
4.73855e-05
4.53018e-05
3.40788e-05
2.832e-05
2.84056e-05
2.96467e-05
3.17847e-05
3.42911e-05
3.698e-05
3.97873e-05
4.24524e-05
4.46619e-05
4.64961e-05
4.77554e-05
4.78876e-05
4.77233e-05
4.68826e-05
4.30122e-05
3.28269e-05
2.60111e-05
2.59033e-05
2.73368e-05
3.03868e-05
3.44274e-05
3.89188e-05
4.36877e-05
4.84892e-05
5.36505e-05
5.67022e-05
6.74419e-05
6.09133e-05
5.80043e-05
5.92264e-05
6.22976e-05
6.44639e-05
6.48215e-05
6.2324e-05
5.08996e-05
3.54243e-05
2.28753e-05
2.23339e-05
2.47648e-05
3.20779e-05
4.32988e-05
5.72669e-05
6.3562e-05
6.31573e-05
5.88165e-05
4.50898e-05
3.0016e-05
2.99073e-05
3.36928e-05
3.93197e-05
4.25176e-05
4.42385e-05
4.75122e-05
5.52604e-05
6.57429e-05
6.68942e-05
6.59625e-05
6.53804e-05
6.27922e-05
4.51579e-05
2.38092e-05
2.11381e-05
2.25263e-05
2.63076e-05
3.15515e-05
3.78894e-05
4.54695e-05
5.29484e-05
6.13638e-05
6.7834e-05
6.87579e-05
6.70158e-05
6.02451e-05
5.23169e-05
5.29383e-05
5.71138e-05
5.87757e-05
4.86781e-05
2.77054e-05
2.57923e-05
2.80135e-05
3.26339e-05
3.80068e-05
4.35485e-05
4.93339e-05
5.47708e-05
5.89086e-05
6.38618e-05
6.85432e-05
7.0398e-05
7.00512e-05
6.74993e-05
6.0217e-05
4.97971e-05
4.15978e-05
3.86364e-05
3.76898e-05
3.57927e-05
3.28993e-05
3.01757e-05
2.99839e-05
3.12556e-05
3.37063e-05
3.63597e-05
3.88288e-05
4.11555e-05
4.32966e-05
4.51446e-05
4.66666e-05
4.78396e-05
4.86728e-05
4.90147e-05
4.89852e-05
4.85089e-05
4.64546e-05
3.81845e-05
2.82595e-05
2.71474e-05
2.84616e-05
3.16917e-05
3.61318e-05
4.10178e-05
4.61635e-05
5.11546e-05
5.60155e-05
5.81194e-05
7.10467e-05
7.01266e-05
6.97643e-05
6.9677e-05
6.98203e-05
6.99724e-05
7.01817e-05
6.93304e-05
6.41004e-05
4.97625e-05
3.17853e-05
2.79855e-05
3.09993e-05
3.97341e-05
5.23965e-05
6.44292e-05
6.41001e-05
5.8413e-05
5.27978e-05
4.35861e-05
3.53676e-05
3.73223e-05
4.3079e-05
4.91728e-05
5.39784e-05
5.695e-05
6.15086e-05
6.81663e-05
6.92927e-05
6.50386e-05
5.67918e-05
5.87767e-05
6.0195e-05
5.21941e-05
2.81366e-05
2.29503e-05
2.44602e-05
2.88029e-05
3.47793e-05
4.18398e-05
4.97054e-05
5.77823e-05
6.71612e-05
6.97715e-05
6.85929e-05
6.15322e-05
4.87437e-05
4.5913e-05
4.72769e-05
5.21533e-05
5.51492e-05
4.71396e-05
2.88652e-05
2.71527e-05
2.95731e-05
3.45769e-05
4.03856e-05
4.64274e-05
5.25796e-05
5.7365e-05
6.23797e-05
6.76523e-05
7.04779e-05
7.10524e-05
7.02705e-05
6.61725e-05
5.84463e-05
4.60945e-05
3.58762e-05
3.11397e-05
2.95415e-05
2.92491e-05
2.93944e-05
3.00909e-05
3.23256e-05
3.55231e-05
3.86354e-05
4.09649e-05
4.25792e-05
4.37779e-05
4.4843e-05
4.59149e-05
4.70341e-05
4.8032e-05
4.87948e-05
4.93294e-05
4.93801e-05
4.90782e-05
4.77456e-05
4.20537e-05
3.09783e-05
2.8514e-05
2.96966e-05
3.30525e-05
3.78533e-05
4.31488e-05
4.86216e-05
5.35594e-05
5.78655e-05
5.94103e-05
7.09824e-05
7.11128e-05
7.12046e-05
7.12301e-05
7.12509e-05
7.12821e-05
7.15089e-05
6.9788e-05
6.15293e-05
4.81194e-05
3.63148e-05
3.55121e-05
3.94662e-05
4.85727e-05
6.43241e-05
6.74251e-05
6.22645e-05
4.6959e-05
4.13199e-05
3.89138e-05
3.95267e-05
4.41877e-05
5.14296e-05
5.97741e-05
6.53599e-05
6.80969e-05
6.88907e-05
7.0702e-05
6.97564e-05
5.72188e-05
4.73122e-05
4.99374e-05
5.60642e-05
5.1993e-05
3.04972e-05
2.49339e-05
2.6717e-05
3.17034e-05
3.8435e-05
4.618e-05
5.32264e-05
6.36459e-05
6.99757e-05
7.01462e-05
6.71561e-05
5.1997e-05
4.27898e-05
4.1527e-05
4.30373e-05
4.83316e-05
5.13998e-05
4.40426e-05
2.94353e-05
2.8517e-05
3.13451e-05
3.68153e-05
4.30971e-05
4.96229e-05
5.54761e-05
6.02981e-05
6.61729e-05
6.99265e-05
7.14096e-05
7.14471e-05
7.02048e-05
6.54723e-05
5.81182e-05
4.44974e-05
3.33337e-05
2.94504e-05
2.89926e-05
2.92515e-05
2.99808e-05
3.23348e-05
3.64758e-05
4.03277e-05
4.27334e-05
4.34507e-05
4.37903e-05
4.41831e-05
4.47802e-05
4.5699e-05
4.70551e-05
4.8199e-05
4.88194e-05
4.92914e-05
4.9436e-05
4.92892e-05
4.83538e-05
4.44307e-05
3.36881e-05
2.99907e-05
3.10293e-05
3.44929e-05
3.96411e-05
4.53126e-05
5.10428e-05
5.56233e-05
5.93079e-05
6.09213e-05
7.09202e-05
7.09379e-05
7.09691e-05
7.10127e-05
7.10628e-05
7.11754e-05
7.13981e-05
7.02667e-05
6.50056e-05
5.10107e-05
4.35322e-05
4.32494e-05
4.88873e-05
6.20755e-05
6.95164e-05
6.92278e-05
6.10321e-05
4.79871e-05
4.26259e-05
4.22238e-05
4.5124e-05
5.20294e-05
6.16457e-05
6.82636e-05
6.87607e-05
6.87832e-05
6.98491e-05
7.13021e-05
6.84982e-05
4.9203e-05
4.04642e-05
4.36554e-05
5.06386e-05
4.82785e-05
3.08235e-05
2.68546e-05
2.93056e-05
3.51751e-05
4.26216e-05
5.0393e-05
5.81807e-05
6.83382e-05
7.10537e-05
7.00724e-05
6.33533e-05
4.64514e-05
3.86405e-05
3.85113e-05
4.02057e-05
4.53081e-05
4.77204e-05
4.07478e-05
2.98606e-05
2.98815e-05
3.33581e-05
3.93359e-05
4.61267e-05
5.29102e-05
5.80683e-05
6.40021e-05
6.92301e-05
7.1009e-05
7.15551e-05
7.1654e-05
7.00811e-05
6.5365e-05
5.81034e-05
4.46765e-05
3.43969e-05
3.10854e-05
3.043e-05
3.06727e-05
3.22179e-05
3.60818e-05
4.0613e-05
4.29179e-05
4.32221e-05
4.33102e-05
4.34602e-05
4.38666e-05
4.48885e-05
4.66793e-05
4.84605e-05
4.87316e-05
4.80637e-05
4.75856e-05
4.79288e-05
4.85586e-05
4.81138e-05
4.57372e-05
3.62743e-05
3.15357e-05
3.24421e-05
3.59958e-05
4.14911e-05
4.75013e-05
5.33527e-05
5.74693e-05
6.08185e-05
6.25847e-05
7.0917e-05
7.09167e-05
7.09182e-05
7.09213e-05
7.093e-05
7.09536e-05
7.10957e-05
7.10197e-05
6.92058e-05
6.28086e-05
5.40957e-05
5.58699e-05
6.29222e-05
6.90461e-05
7.10941e-05
7.01685e-05
6.44812e-05
5.19896e-05
4.66704e-05
4.75433e-05
5.33648e-05
6.23432e-05
6.8693e-05
6.86288e-05
6.73102e-05
6.72008e-05
6.80889e-05
7.04625e-05
6.6681e-05
4.51825e-05
3.27143e-05
3.58172e-05
4.29784e-05
4.10466e-05
2.9588e-05
2.86722e-05
3.24418e-05
3.93921e-05
4.7235e-05
5.38617e-05
6.40029e-05
7.01516e-05
7.14829e-05
6.98642e-05
5.93285e-05
4.20066e-05
3.61097e-05
3.65345e-05
3.86321e-05
4.35745e-05
4.46844e-05
3.77143e-05
3.04039e-05
3.13399e-05
3.56651e-05
4.22187e-05
4.94621e-05
5.58042e-05
6.13951e-05
6.76639e-05
7.01969e-05
7.0935e-05
7.12762e-05
7.16767e-05
7.01374e-05
6.63586e-05
6.02595e-05
5.00657e-05
3.92552e-05
3.43666e-05
3.34943e-05
3.38478e-05
3.5988e-05
4.01516e-05
4.28218e-05
4.30175e-05
4.30154e-05
4.31904e-05
4.37101e-05
4.48638e-05
4.71495e-05
4.90632e-05
4.89637e-05
4.76393e-05
4.47967e-05
4.39615e-05
4.43976e-05
4.59631e-05
4.69436e-05
4.54862e-05
3.85502e-05
3.31714e-05
3.39424e-05
3.75658e-05
4.34117e-05
4.97361e-05
5.54188e-05
5.89678e-05
6.24033e-05
6.44806e-05
7.09171e-05
7.09134e-05
7.09058e-05
7.08924e-05
7.08699e-05
7.08347e-05
7.08154e-05
7.09508e-05
7.04488e-05
6.89486e-05
6.73989e-05
6.83713e-05
6.88655e-05
7.02622e-05
7.09376e-05
7.07655e-05
6.87896e-05
6.20831e-05
5.75039e-05
5.87836e-05
6.47092e-05
6.88777e-05
6.82089e-05
6.53665e-05
6.33727e-05
6.32969e-05
6.52102e-05
6.94242e-05
6.58365e-05
4.32547e-05
2.85433e-05
2.85683e-05
3.15139e-05
3.07847e-05
2.89095e-05
3.09126e-05
3.6796e-05
4.45046e-05
5.12044e-05
6.0166e-05
6.88417e-05
7.09992e-05
7.16651e-05
6.94897e-05
5.70902e-05
3.8762e-05
3.44944e-05
3.54e-05
3.83048e-05
4.25978e-05
4.21792e-05
3.48418e-05
3.11602e-05
3.3013e-05
3.83232e-05
4.5461e-05
5.28128e-05
5.85139e-05
6.53065e-05
6.97485e-05
7.01315e-05
7.03169e-05
7.09819e-05
7.16906e-05
7.05127e-05
6.77659e-05
6.30591e-05
5.46229e-05
4.48187e-05
3.90157e-05
3.77199e-05
3.80848e-05
4.02108e-05
4.27299e-05
4.30181e-05
4.30347e-05
4.34841e-05
4.43278e-05
4.57713e-05
4.85411e-05
5.00825e-05
4.968e-05
4.75324e-05
4.39266e-05
4.17368e-05
4.15817e-05
4.19068e-05
4.32569e-05
4.53295e-05
4.47696e-05
3.99558e-05
3.48273e-05
3.55134e-05
3.92553e-05
4.54386e-05
5.20399e-05
5.73611e-05
6.0544e-05
6.42082e-05
6.64246e-05
7.09134e-05
7.08976e-05
7.0872e-05
7.08294e-05
7.0759e-05
7.06438e-05
7.05047e-05
7.04608e-05
7.04856e-05
7.03029e-05
6.94608e-05
6.93538e-05
6.97608e-05
6.96762e-05
6.97347e-05
7.02164e-05
6.98918e-05
6.89384e-05
6.7986e-05
6.84725e-05
6.87512e-05
6.78438e-05
6.39531e-05
5.99552e-05
5.82152e-05
5.84221e-05
6.16386e-05
6.7873e-05
6.61712e-05
4.33682e-05
2.91229e-05
2.71145e-05
2.75756e-05
2.84584e-05
3.02347e-05
3.5104e-05
4.23691e-05
4.92963e-05
5.73974e-05
6.71846e-05
6.93417e-05
7.05052e-05
7.13804e-05
6.93058e-05
5.67131e-05
3.7555e-05
3.31443e-05
3.45345e-05
3.83794e-05
4.13175e-05
3.95043e-05
3.28326e-05
3.21849e-05
3.50979e-05
4.14138e-05
4.90648e-05
5.57254e-05
6.24066e-05
6.88501e-05
6.94437e-05
6.89933e-05
6.95269e-05
7.08643e-05
7.16732e-05
7.09748e-05
6.92485e-05
6.56316e-05
5.8794e-05
5.07026e-05
4.4779e-05
4.27513e-05
4.26771e-05
4.33163e-05
4.36296e-05
4.37538e-05
4.42905e-05
4.56145e-05
4.80174e-05
5.10934e-05
5.20249e-05
5.12862e-05
4.77362e-05
4.33697e-05
4.12894e-05
4.07869e-05
4.08227e-05
4.10601e-05
4.19081e-05
4.39432e-05
4.39544e-05
4.05869e-05
3.6334e-05
3.70957e-05
4.10989e-05
4.76209e-05
5.4249e-05
5.89654e-05
6.21965e-05
6.61471e-05
6.83416e-05
7.08895e-05
7.08017e-05
7.06738e-05
7.05111e-05
7.03043e-05
7.00277e-05
6.97587e-05
6.96491e-05
6.95699e-05
6.95601e-05
6.93557e-05
6.88532e-05
6.83915e-05
6.7829e-05
6.78109e-05
6.82485e-05
6.89657e-05
6.89093e-05
6.87951e-05
6.83162e-05
6.64678e-05
6.29393e-05
5.74209e-05
5.35885e-05
5.22462e-05
5.28309e-05
5.72482e-05
6.52548e-05
6.87031e-05
4.70201e-05
3.38189e-05
2.88471e-05
2.88369e-05
3.02233e-05
3.44843e-05
4.11676e-05
4.77922e-05
5.58297e-05
6.55006e-05
6.83689e-05
6.82253e-05
6.92689e-05
7.10628e-05
6.95985e-05
5.78427e-05
3.78048e-05
3.18542e-05
3.34182e-05
3.77566e-05
3.94332e-05
3.65628e-05
3.23704e-05
3.33984e-05
3.77004e-05
4.49774e-05
5.26492e-05
5.88671e-05
6.66534e-05
6.94123e-05
6.77696e-05
6.7835e-05
6.90584e-05
7.07973e-05
7.15314e-05
7.13817e-05
7.04007e-05
6.77389e-05
6.25161e-05
5.55262e-05
5.03372e-05
4.73965e-05
4.59773e-05
4.51259e-05
4.51294e-05
4.58109e-05
4.77989e-05
5.08788e-05
5.38867e-05
5.49541e-05
5.39463e-05
4.88388e-05
4.3415e-05
4.11297e-05
4.06038e-05
4.05722e-05
4.06199e-05
4.08026e-05
4.14186e-05
4.30794e-05
4.32259e-05
4.07135e-05
3.76161e-05
3.86806e-05
4.31003e-05
4.99826e-05
5.64126e-05
6.06777e-05
6.40914e-05
6.81148e-05
6.98847e-05
7.06403e-05
7.0103e-05
6.94462e-05
6.88302e-05
6.8325e-05
6.7873e-05
6.74995e-05
6.73464e-05
6.71411e-05
6.70443e-05
6.66791e-05
6.58212e-05
6.52939e-05
6.4826e-05
6.49487e-05
6.53342e-05
6.58848e-05
6.61134e-05
6.57796e-05
6.41588e-05
6.05883e-05
5.59059e-05
5.02994e-05
4.69233e-05
4.61242e-05
4.71018e-05
5.20745e-05
6.05084e-05
6.83301e-05
5.50969e-05
4.13812e-05
3.41454e-05
3.30621e-05
3.54437e-05
4.12133e-05
4.68411e-05
5.50133e-05
6.49925e-05
6.80692e-05
6.56007e-05
6.62115e-05
6.82543e-05
7.06944e-05
6.9951e-05
5.91231e-05
3.87834e-05
3.10384e-05
3.18006e-05
3.55911e-05
3.65889e-05
3.37818e-05
3.27307e-05
3.50325e-05
4.10889e-05
4.89273e-05
5.56639e-05
6.34371e-05
6.92157e-05
6.73602e-05
6.61114e-05
6.69786e-05
6.89245e-05
7.04526e-05
7.10529e-05
7.13808e-05
7.11328e-05
6.93667e-05
6.52547e-05
5.91763e-05
5.43789e-05
5.08222e-05
4.82291e-05
4.76473e-05
4.81874e-05
5.00601e-05
5.30003e-05
5.64988e-05
5.78505e-05
5.72489e-05
5.16344e-05
4.44725e-05
4.13466e-05
4.06406e-05
4.05802e-05
4.06025e-05
4.0651e-05
4.08114e-05
4.1376e-05
4.26459e-05
4.26452e-05
4.05771e-05
3.87299e-05
4.0299e-05
4.528e-05
5.25278e-05
5.82473e-05
6.24945e-05
6.61601e-05
6.97519e-05
7.08475e-05
6.71998e-05
6.34094e-05
6.21618e-05
6.20301e-05
6.20755e-05
6.19825e-05
6.17598e-05
6.16028e-05
6.11751e-05
6.0923e-05
6.05119e-05
5.98941e-05
5.99289e-05
5.99705e-05
6.03874e-05
6.05753e-05
6.06558e-05
6.02874e-05
5.92377e-05
5.66312e-05
5.25691e-05
4.84514e-05
4.32712e-05
4.0604e-05
4.04867e-05
4.18224e-05
4.64889e-05
5.39614e-05
6.52875e-05
6.53679e-05
4.85082e-05
4.18301e-05
4.08022e-05
4.30512e-05
4.78162e-05
5.57474e-05
6.54908e-05
6.7297e-05
6.30725e-05
6.28759e-05
6.45279e-05
6.70473e-05
6.96822e-05
7.02436e-05
6.13226e-05
4.14752e-05
3.10304e-05
3.05803e-05
3.19044e-05
3.28553e-05
3.25531e-05
3.37076e-05
3.7794e-05
4.51072e-05
5.26526e-05
5.97095e-05
6.804e-05
6.76304e-05
6.45789e-05
6.50046e-05
6.67911e-05
6.86419e-05
6.96029e-05
7.01466e-05
7.07958e-05
7.14173e-05
7.0447e-05
6.74403e-05
6.25487e-05
5.70031e-05
5.3403e-05
5.14564e-05
5.12847e-05
5.22838e-05
5.48161e-05
5.83479e-05
6.00639e-05
5.99046e-05
5.60701e-05
4.73717e-05
4.22691e-05
4.0928e-05
4.09413e-05
4.10093e-05
4.09718e-05
4.09511e-05
4.10657e-05
4.15455e-05
4.23245e-05
4.21635e-05
4.036e-05
3.97637e-05
4.19736e-05
4.77434e-05
5.49248e-05
6.00693e-05
6.45535e-05
6.82457e-05
7.07516e-05
7.10667e-05
2.86894e-05
3.6294e-05
4.13639e-05
4.48798e-05
4.72134e-05
4.86303e-05
4.90825e-05
4.90529e-05
4.85178e-05
4.89833e-05
4.96026e-05
5.02954e-05
5.12536e-05
5.18104e-05
5.18671e-05
5.14557e-05
5.08407e-05
4.99045e-05
4.87196e-05
4.64497e-05
4.34514e-05
4.0349e-05
3.64915e-05
3.54877e-05
3.60805e-05
3.76741e-05
4.11625e-05
4.66219e-05
5.66191e-05
6.73655e-05
6.23432e-05
5.11425e-05
4.93847e-05
5.22636e-05
5.93566e-05
6.75759e-05
6.54109e-05
5.95414e-05
5.90414e-05
6.04824e-05
6.25218e-05
6.45777e-05
6.76614e-05
7.01828e-05
6.42488e-05
4.52354e-05
3.26739e-05
3.07503e-05
3.10057e-05
3.17981e-05
3.28628e-05
3.58137e-05
4.19972e-05
4.96586e-05
5.59268e-05
6.49093e-05
6.84287e-05
6.37697e-05
6.32401e-05
6.46775e-05
6.66991e-05
6.77048e-05
6.80386e-05
6.84836e-05
6.96465e-05
7.11115e-05
7.1145e-05
6.93533e-05
6.60387e-05
6.15978e-05
5.75468e-05
5.54208e-05
5.56589e-05
5.7658e-05
6.05875e-05
6.20572e-05
6.20631e-05
6.00627e-05
5.31306e-05
4.50016e-05
4.19061e-05
4.18309e-05
4.18775e-05
4.17672e-05
4.14309e-05
4.1195e-05
4.12123e-05
4.14788e-05
4.18253e-05
4.15474e-05
4.03278e-05
4.08096e-05
4.40317e-05
5.05439e-05
5.72744e-05
6.20974e-05
6.67988e-05
6.99304e-05
7.09398e-05
7.00797e-05
1.89702e-05
2.10723e-05
2.34763e-05
2.58547e-05
2.79099e-05
2.93168e-05
3.00618e-05
3.08075e-05
3.18096e-05
3.34516e-05
3.49972e-05
3.63999e-05
3.72624e-05
3.75443e-05
3.72692e-05
3.68361e-05
3.66213e-05
3.65831e-05
3.64342e-05
3.5446e-05
3.37935e-05
3.24013e-05
3.172e-05
3.23417e-05
3.36844e-05
3.50989e-05
3.70043e-05
3.9821e-05
4.50534e-05
5.59617e-05
6.60768e-05
6.68067e-05
6.47984e-05
6.72879e-05
6.68253e-05
5.99455e-05
5.43758e-05
5.40487e-05
5.56057e-05
5.7168e-05
5.85667e-05
6.05403e-05
6.42894e-05
6.90917e-05
6.7866e-05
5.04092e-05
3.76465e-05
3.27004e-05
3.21916e-05
3.29433e-05
3.5097e-05
4.02176e-05
4.7269e-05
5.35756e-05
6.19309e-05
6.88042e-05
6.39069e-05
6.1654e-05
6.28265e-05
6.47143e-05
6.57778e-05
6.57223e-05
6.56532e-05
6.61693e-05
6.79692e-05
7.04071e-05
7.13859e-05
7.06493e-05
6.90267e-05
6.67361e-05
6.44806e-05
6.30148e-05
6.31204e-05
6.39265e-05
6.45445e-05
6.4342e-05
6.2815e-05
5.89558e-05
5.1311e-05
4.51349e-05
4.37918e-05
4.35579e-05
4.34029e-05
4.28697e-05
4.2007e-05
4.14302e-05
4.12232e-05
4.11796e-05
4.11523e-05
4.08517e-05
4.06611e-05
4.21337e-05
4.66788e-05
5.36549e-05
5.94828e-05
6.45242e-05
6.90576e-05
7.0764e-05
6.96959e-05
6.75584e-05
1.81929e-05
1.84216e-05
1.87606e-05
1.91518e-05
1.95998e-05
2.00656e-05
2.05109e-05
2.10163e-05
2.16428e-05
2.24166e-05
2.3116e-05
2.36992e-05
2.40975e-05
2.43844e-05
2.45738e-05
2.49028e-05
2.54082e-05
2.60282e-05
2.6602e-05
2.70757e-05
2.76589e-05
2.84771e-05
2.98907e-05
3.16096e-05
3.30662e-05
3.39539e-05
3.48485e-05
3.6076e-05
3.81186e-05
4.23787e-05
4.88011e-05
5.55763e-05
5.77993e-05
5.49991e-05
5.02347e-05
4.8078e-05
4.84772e-05
4.9825e-05
5.13864e-05
5.20008e-05
5.28477e-05
5.49056e-05
5.93186e-05
6.56979e-05
6.94129e-05
5.87347e-05
4.47715e-05
3.81837e-05
3.60418e-05
3.67682e-05
4.03468e-05
4.63515e-05
5.19991e-05
6.00792e-05
6.85891e-05
6.43526e-05
6.03299e-05
6.11926e-05
6.29105e-05
6.36717e-05
6.33598e-05
6.26648e-05
6.25447e-05
6.34627e-05
6.61335e-05
6.92288e-05
7.0813e-05
7.11404e-05
7.06391e-05
6.97804e-05
6.89047e-05
6.80684e-05
6.77802e-05
6.75398e-05
6.69781e-05
6.54744e-05
6.2719e-05
5.84553e-05
5.22537e-05
4.82181e-05
4.68661e-05
4.64348e-05
4.59613e-05
4.47374e-05
4.30107e-05
4.18628e-05
4.13791e-05
4.11225e-05
4.09616e-05
4.0919e-05
4.15136e-05
4.41486e-05
5.00948e-05
5.67012e-05
6.20924e-05
6.72543e-05
7.03953e-05
6.99347e-05
6.66236e-05
6.37332e-05
1.81435e-05
1.8161e-05
1.81933e-05
1.82411e-05
1.83064e-05
1.83956e-05
1.84938e-05
1.86148e-05
1.87698e-05
1.89678e-05
1.91754e-05
1.93762e-05
1.95656e-05
1.97616e-05
1.99938e-05
2.04064e-05
2.09931e-05
2.15821e-05
2.25713e-05
2.41662e-05
2.61487e-05
2.83774e-05
3.06153e-05
3.22337e-05
3.3099e-05
3.35688e-05
3.40553e-05
3.4735e-05
3.5588e-05
3.67025e-05
3.79982e-05
3.96512e-05
4.08728e-05
4.18134e-05
4.25494e-05
4.33061e-05
4.43283e-05
4.53024e-05
4.59097e-05
4.58303e-05
4.65575e-05
4.87901e-05
5.31587e-05
5.97521e-05
6.7477e-05
6.74333e-05
5.27664e-05
4.60152e-05
4.37296e-05
4.42564e-05
4.75147e-05
5.24035e-05
5.99698e-05
6.84643e-05
6.42328e-05
5.91949e-05
5.97558e-05
6.1163e-05
6.17389e-05
6.07718e-05
5.92285e-05
5.85326e-05
5.88404e-05
6.07499e-05
6.43447e-05
6.76481e-05
6.92267e-05
7.00617e-05
7.06112e-05
7.07917e-05
7.06249e-05
7.0351e-05
7.01479e-05
6.97173e-05
6.85195e-05
6.60356e-05
6.28893e-05
5.92387e-05
5.5233e-05
5.24651e-05
5.13303e-05
5.0825e-05
5.00146e-05
4.79315e-05
4.50258e-05
4.29117e-05
4.19329e-05
4.14811e-05
4.1335e-05
4.1516e-05
4.31564e-05
4.74233e-05
5.39484e-05
5.95707e-05
6.52538e-05
6.96437e-05
6.97468e-05
6.64312e-05
6.2105e-05
5.91719e-05
1.81404e-05
1.81416e-05
1.81444e-05
1.81495e-05
1.81574e-05
1.81697e-05
1.81859e-05
1.82103e-05
1.82445e-05
1.82891e-05
1.83424e-05
1.84049e-05
1.84853e-05
1.86106e-05
1.8811e-05
1.92137e-05
2.01926e-05
2.1692e-05
2.3658e-05
2.61478e-05
2.88855e-05
3.11549e-05
3.25072e-05
3.29099e-05
3.31618e-05
3.34664e-05
3.39337e-05
3.46163e-05
3.5475e-05
3.63019e-05
3.71636e-05
3.80816e-05
3.90103e-05
3.98596e-05
4.05755e-05
4.10732e-05
4.14112e-05
4.13483e-05
4.10622e-05
4.09204e-05
4.16339e-05
4.36252e-05
4.73509e-05
5.2726e-05
6.06998e-05
6.80937e-05
6.56415e-05
5.59808e-05
5.2255e-05
5.26754e-05
5.638e-05
6.35334e-05
6.8549e-05
6.3009e-05
5.81116e-05
5.84472e-05
5.93817e-05
5.95506e-05
5.78828e-05
5.50831e-05
5.37355e-05
5.37906e-05
5.50488e-05
5.81796e-05
6.25882e-05
6.53923e-05
6.62551e-05
6.69354e-05
6.80443e-05
6.91934e-05
7.00205e-05
7.0671e-05
7.10131e-05
7.09167e-05
6.97641e-05
6.72029e-05
6.44857e-05
6.1258e-05
5.82439e-05
5.64347e-05
5.5743e-05
5.54147e-05
5.46175e-05
5.24303e-05
4.8755e-05
4.54329e-05
4.3674e-05
4.28363e-05
4.26973e-05
4.34333e-05
4.64682e-05
5.18209e-05
5.75087e-05
6.31134e-05
6.86487e-05
6.97042e-05
6.52863e-05
6.08127e-05
5.68345e-05
5.44777e-05
1.81402e-05
1.81403e-05
1.81405e-05
1.81409e-05
1.81417e-05
1.8143e-05
1.81452e-05
1.81491e-05
1.81557e-05
1.81653e-05
1.81794e-05
1.82019e-05
1.82409e-05
1.83289e-05
1.86191e-05
1.93725e-05
2.08913e-05
2.33834e-05
2.67125e-05
3.02621e-05
3.27551e-05
3.3352e-05
3.3269e-05
3.3001e-05
3.31499e-05
3.36848e-05
3.46237e-05
3.57012e-05
3.69016e-05
3.77421e-05
3.84898e-05
3.91498e-05
3.99021e-05
4.05218e-05
4.10148e-05
4.09889e-05
4.04076e-05
3.95162e-05
3.88282e-05
3.87812e-05
3.931e-05
4.07856e-05
4.35518e-05
4.71341e-05
5.203e-05
5.96523e-05
6.65197e-05
6.85685e-05
6.65107e-05
6.69019e-05
6.86081e-05
6.60214e-05
5.98967e-05
5.69907e-05
5.71595e-05
5.74658e-05
5.69384e-05
5.39827e-05
5.03818e-05
4.82674e-05
4.81611e-05
4.91917e-05
5.17362e-05
5.58302e-05
6.05306e-05
6.20297e-05
6.1638e-05
6.16782e-05
6.26876e-05
6.41921e-05
6.57978e-05
6.78655e-05
6.95818e-05
7.10576e-05
7.07808e-05
6.9392e-05
6.77346e-05
6.4731e-05
6.3106e-05
6.3179e-05
6.30866e-05
6.20728e-05
5.9941e-05
5.67901e-05
5.36114e-05
5.00016e-05
4.74994e-05
4.6259e-05
4.61896e-05
4.74799e-05
5.14186e-05
5.61583e-05
6.15859e-05
6.73872e-05
6.96049e-05
6.46456e-05
5.80165e-05
5.47005e-05
5.17685e-05
5.03228e-05
1.81402e-05
1.81402e-05
1.81402e-05
1.81402e-05
1.81403e-05
1.81405e-05
1.81407e-05
1.81414e-05
1.81428e-05
1.81456e-05
1.81508e-05
1.81633e-05
1.82053e-05
1.83371e-05
1.87403e-05
1.98367e-05
2.20621e-05
2.56014e-05
3.0032e-05
3.35721e-05
3.43255e-05
3.36431e-05
3.26078e-05
3.26923e-05
3.33419e-05
3.45204e-05
3.57349e-05
3.69922e-05
3.84727e-05
3.98516e-05
4.10646e-05
4.19273e-05
4.27416e-05
4.30938e-05
4.30499e-05
4.26318e-05
4.13369e-05
3.94006e-05
3.81729e-05
3.81347e-05
3.86335e-05
4.03274e-05
4.28506e-05
4.5463e-05
4.81014e-05
5.1156e-05
5.48581e-05
5.86609e-05
6.16393e-05
6.15962e-05
5.88602e-05
5.63155e-05
5.56664e-05
5.57413e-05
5.55319e-05
5.34272e-05
4.86572e-05
4.4448e-05
4.24707e-05
4.22418e-05
4.31805e-05
4.53609e-05
4.87162e-05
5.32941e-05
5.72653e-05
5.67778e-05
5.49469e-05
5.40994e-05
5.48183e-05
5.62958e-05
5.83387e-05
6.19091e-05
6.52585e-05
6.91952e-05
7.07367e-05
7.05117e-05
7.0139e-05
6.88393e-05
6.8871e-05
6.92471e-05
6.9242e-05
6.86698e-05
6.72583e-05
6.42899e-05
5.91474e-05
5.489e-05
5.2849e-05
5.16432e-05
5.15871e-05
5.2891e-05
5.61681e-05
6.09063e-05
6.69826e-05
6.92699e-05
6.26612e-05
5.51905e-05
5.14268e-05
4.95044e-05
4.75474e-05
4.70038e-05
1.81402e-05
1.81402e-05
1.81402e-05
1.81402e-05
1.81402e-05
1.81402e-05
1.81403e-05
1.81404e-05
1.81408e-05
1.81417e-05
1.81452e-05
1.8157e-05
1.81963e-05
1.83242e-05
1.87232e-05
1.99007e-05
2.25208e-05
2.69221e-05
3.22119e-05
3.45581e-05
3.38625e-05
3.19426e-05
3.15757e-05
3.2524e-05
3.40059e-05
3.51286e-05
3.61722e-05
3.73541e-05
3.89261e-05
4.0926e-05
4.28995e-05
4.44455e-05
4.58023e-05
4.64257e-05
4.62413e-05
4.52991e-05
4.29109e-05
3.99145e-05
3.84371e-05
3.85128e-05
4.05332e-05
4.41566e-05
4.69006e-05
4.84039e-05
4.91066e-05
4.99355e-05
5.10649e-05
5.21336e-05
5.32307e-05
5.39653e-05
5.42498e-05
5.42718e-05
5.39679e-05
5.30528e-05
4.8815e-05
4.17337e-05
3.7806e-05
3.66176e-05
3.68404e-05
3.79823e-05
3.9724e-05
4.20855e-05
4.55748e-05
4.99987e-05
5.17909e-05
4.99229e-05
4.66995e-05
4.52696e-05
4.58104e-05
4.71456e-05
4.94579e-05
5.4133e-05
5.85319e-05
6.4283e-05
6.69813e-05
6.72337e-05
6.84264e-05
6.95559e-05
6.86824e-05
6.74016e-05
6.77255e-05
6.87808e-05
6.93525e-05
6.94619e-05
6.74809e-05
6.2727e-05
5.93174e-05
5.71335e-05
5.68915e-05
5.86189e-05
6.29304e-05
6.76709e-05
6.81997e-05
5.91766e-05
5.10259e-05
4.82797e-05
4.65276e-05
4.53897e-05
4.44331e-05
4.46553e-05
1.81402e-05
1.81402e-05
1.81402e-05
1.81402e-05
1.81402e-05
1.81402e-05
1.81402e-05
1.81403e-05
1.81406e-05
1.81417e-05
1.81456e-05
1.81592e-05
1.82055e-05
1.83585e-05
1.88432e-05
2.02818e-05
2.34284e-05
2.85491e-05
3.36007e-05
3.41103e-05
3.16468e-05
2.98042e-05
3.07559e-05
3.29357e-05
3.43885e-05
3.48583e-05
3.52247e-05
3.63115e-05
3.85206e-05
4.14571e-05
4.42222e-05
4.63297e-05
4.80442e-05
4.87528e-05
4.84362e-05
4.68217e-05
4.32629e-05
3.98479e-05
3.83588e-05
3.87853e-05
4.39186e-05
4.82839e-05
4.9976e-05
5.04897e-05
5.08848e-05
5.12772e-05
5.16535e-05
5.20865e-05
5.24667e-05
5.27616e-05
5.26397e-05
5.16693e-05
4.8467e-05
4.25571e-05
3.53026e-05
3.19203e-05
3.15739e-05
3.2435e-05
3.43052e-05
3.6068e-05
3.74391e-05
3.92112e-05
4.21424e-05
4.51853e-05
4.4804e-05
4.20193e-05
3.8833e-05
3.76155e-05
3.79625e-05
3.90144e-05
4.11777e-05
4.5817e-05
4.99066e-05
5.61902e-05
5.83186e-05
5.79232e-05
5.97433e-05
6.2436e-05
5.94131e-05
5.70034e-05
5.76401e-05
5.95805e-05
6.11455e-05
6.37232e-05
6.7429e-05
6.88489e-05
6.85761e-05
6.70676e-05
6.68102e-05
6.79371e-05
6.86703e-05
6.48224e-05
5.24081e-05
4.64931e-05
4.45229e-05
4.36089e-05
4.26842e-05
4.23733e-05
4.24429e-05
4.36116e-05
1.81402e-05
1.81402e-05
1.81402e-05
1.81402e-05
1.81402e-05
1.81402e-05
1.81402e-05
1.81403e-05
1.81405e-05
1.81413e-05
1.81442e-05
1.81547e-05
1.81908e-05
1.83133e-05
1.87141e-05
1.9958e-05
2.29951e-05
2.83313e-05
3.3275e-05
3.29154e-05
2.88717e-05
2.8194e-05
3.03427e-05
3.30446e-05
3.33155e-05
3.28529e-05
3.29424e-05
3.45378e-05
3.80347e-05
4.21803e-05
4.57645e-05
4.81874e-05
4.98342e-05
5.01337e-05
4.93519e-05
4.64497e-05
4.19614e-05
3.80406e-05
3.63564e-05
3.9425e-05
4.66655e-05
4.99265e-05
5.0767e-05
5.07147e-05
5.04431e-05
5.04105e-05
5.0534e-05
5.07011e-05
5.0752e-05
5.00721e-05
4.75362e-05
4.22703e-05
3.62787e-05
3.19427e-05
2.91927e-05
2.85157e-05
2.90884e-05
3.10923e-05
3.39565e-05
3.55367e-05
3.61402e-05
3.69803e-05
3.87136e-05
3.93249e-05
3.81327e-05
3.57495e-05
3.40801e-05
3.35863e-05
3.37868e-05
3.43601e-05
3.55643e-05
3.84973e-05
4.11449e-05
4.61548e-05
4.72383e-05
4.67299e-05
4.81426e-05
4.98477e-05
4.73331e-05
4.55434e-05
4.55327e-05
4.64146e-05
4.70781e-05
4.86047e-05
5.21079e-05
5.5933e-05
5.894e-05
6.18045e-05
6.16752e-05
5.86705e-05
5.11482e-05
4.51106e-05
4.12146e-05
4.04563e-05
4.00782e-05
3.99206e-05
4.00465e-05
4.06409e-05
4.16612e-05
4.38197e-05
1.81402e-05
1.81402e-05
1.81402e-05
1.81402e-05
1.81402e-05
1.81402e-05
1.81402e-05
1.81402e-05
1.81404e-05
1.8141e-05
1.81433e-05
1.81515e-05
1.81805e-05
1.828e-05
1.86099e-05
1.9652e-05
2.24557e-05
2.77933e-05
3.24358e-05
3.12369e-05
2.67304e-05
2.67398e-05
2.97514e-05
3.22087e-05
3.16662e-05
3.06621e-05
3.09225e-05
3.31702e-05
3.7968e-05
4.35049e-05
4.76721e-05
5.00315e-05
5.10628e-05
5.0756e-05
4.88016e-05
4.42478e-05
3.81063e-05
3.32977e-05
3.2282e-05
4.03133e-05
4.69665e-05
4.87998e-05
4.90142e-05
4.75019e-05
4.62881e-05
4.58875e-05
4.55834e-05
4.51002e-05
4.40913e-05
4.17222e-05
3.80803e-05
3.50681e-05
3.32859e-05
3.12245e-05
2.86941e-05
2.74016e-05
2.82225e-05
3.08383e-05
3.42757e-05
3.55212e-05
3.54959e-05
3.55782e-05
3.58454e-05
3.52973e-05
3.41255e-05
3.30884e-05
3.24691e-05
3.23039e-05
3.2466e-05
3.28392e-05
3.35308e-05
3.46974e-05
3.55125e-05
3.73466e-05
3.78085e-05
3.82386e-05
3.97393e-05
4.05655e-05
3.91586e-05
3.7405e-05
3.61791e-05
3.57376e-05
3.53543e-05
3.53995e-05
3.62962e-05
3.73434e-05
3.7706e-05
3.83392e-05
3.82647e-05
3.7595e-05
3.65277e-05
3.60259e-05
3.58473e-05
3.62438e-05
3.68565e-05
3.79218e-05
3.92642e-05
4.07514e-05
4.24528e-05
4.55509e-05
1.81402e-05
1.81402e-05
1.81402e-05
1.81402e-05
1.81402e-05
1.81402e-05
1.81402e-05
1.81402e-05
1.81403e-05
1.81406e-05
1.8142e-05
1.81468e-05
1.81644e-05
1.82266e-05
1.84405e-05
1.9142e-05
2.12666e-05
2.60733e-05
3.06905e-05
3.00405e-05
2.60966e-05
2.54787e-05
2.82537e-05
3.08279e-05
3.03246e-05
2.91207e-05
2.93633e-05
3.19988e-05
3.83008e-05
4.5104e-05
4.94392e-05
5.12728e-05
5.15068e-05
5.02034e-05
4.60621e-05
3.85317e-05
3.05272e-05
2.6542e-05
2.65421e-05
3.50004e-05
4.1793e-05
4.45188e-05
4.4913e-05
4.24234e-05
4.02558e-05
3.90811e-05
3.83651e-05
3.79632e-05
3.7826e-05
3.75316e-05
3.69537e-05
3.62178e-05
3.58399e-05
3.48035e-05
3.13301e-05
2.73145e-05
2.77623e-05
3.05601e-05
3.45476e-05
3.5504e-05
3.52276e-05
3.49178e-05
3.46215e-05
3.38463e-05
3.27866e-05
3.23098e-05
3.21027e-05
3.247e-05
3.30321e-05
3.32257e-05
3.34814e-05
3.36297e-05
3.35404e-05
3.35696e-05
3.38685e-05
3.48933e-05
3.64528e-05
3.60696e-05
3.38317e-05
3.0874e-05
2.87979e-05
2.78467e-05
2.72684e-05
2.716e-05
2.75382e-05
2.80965e-05
2.86569e-05
2.92675e-05
2.99214e-05
3.06576e-05
3.15172e-05
3.26335e-05
3.38579e-05
3.51774e-05
3.66097e-05
3.8161e-05
4.00964e-05
4.22884e-05
4.46338e-05
4.80178e-05
1.81402e-05
1.81402e-05
1.81402e-05
1.81402e-05
1.81402e-05
1.81402e-05
1.81402e-05
1.81402e-05
1.81402e-05
1.81404e-05
1.81411e-05
1.81437e-05
1.81535e-05
1.8189e-05
1.83145e-05
1.87409e-05
2.01014e-05
2.37329e-05
2.82001e-05
2.82741e-05
2.53803e-05
2.40849e-05
2.60839e-05
2.92583e-05
2.93464e-05
2.81315e-05
2.8048e-05
3.08673e-05
3.8696e-05
4.67005e-05
5.06254e-05
5.16924e-05
5.09459e-05
4.77753e-05
3.9743e-05
2.95255e-05
2.3843e-05
2.21485e-05
2.24345e-05
2.56535e-05
3.01174e-05
3.53729e-05
3.90191e-05
3.98514e-05
3.82474e-05
3.69882e-05
3.65036e-05
3.65443e-05
3.72563e-05
3.78975e-05
3.84248e-05
3.90183e-05
3.89709e-05
3.81075e-05
3.46588e-05
2.77848e-05
2.69271e-05
2.94781e-05
3.4268e-05
3.55337e-05
3.51646e-05
3.48543e-05
3.4603e-05
3.37209e-05
3.25608e-05
3.25518e-05
3.33241e-05
3.53457e-05
3.78977e-05
3.87434e-05
3.85268e-05
3.72523e-05
3.5402e-05
3.41782e-05
3.49273e-05
3.61696e-05
3.58068e-05
3.14593e-05
2.68689e-05
2.358e-05
2.22667e-05
2.21609e-05
2.24256e-05
2.30477e-05
2.388e-05
2.47321e-05
2.58526e-05
2.71925e-05
2.85171e-05
2.98383e-05
3.12115e-05
3.26197e-05
3.41458e-05
3.57662e-05
3.76332e-05
3.97789e-05
4.22522e-05
4.46061e-05
4.6705e-05
4.9659e-05
1.81402e-05
1.81402e-05
1.81402e-05
1.81402e-05
1.81402e-05
1.81402e-05
1.81402e-05
1.81402e-05
1.81402e-05
1.81402e-05
1.81405e-05
1.81415e-05
1.81454e-05
1.81604e-05
1.82159e-05
1.8413e-05
1.9073e-05
2.11034e-05
2.46113e-05
2.53067e-05
2.36931e-05
2.23041e-05
2.33766e-05
2.66126e-05
2.79837e-05
2.70239e-05
2.65307e-05
2.96256e-05
3.89132e-05
4.78164e-05
5.10693e-05
5.1278e-05
4.9118e-05
4.19708e-05
3.10131e-05
2.47237e-05
2.29902e-05
2.29173e-05
2.32415e-05
2.32024e-05
2.28502e-05
2.37383e-05
2.77668e-05
3.25636e-05
3.55042e-05
3.61416e-05
3.62188e-05
3.62543e-05
3.65268e-05
3.69828e-05
3.7513e-05
3.79809e-05
3.8222e-05
3.76254e-05
3.53064e-05
2.83158e-05
2.57302e-05
2.77312e-05
3.31714e-05
3.58544e-05
3.58777e-05
3.59935e-05
3.55406e-05
3.37948e-05
3.23369e-05
3.27951e-05
3.48252e-05
3.87237e-05
4.31884e-05
4.48593e-05
4.40537e-05
4.14753e-05
3.77921e-05
3.65798e-05
3.73191e-05
3.63644e-05
2.95231e-05
2.36713e-05
2.1052e-05
1.99829e-05
1.98012e-05
2.00929e-05
2.07421e-05
2.17484e-05
2.30373e-05
2.44472e-05
2.58945e-05
2.73258e-05
2.8749e-05
3.02043e-05
3.1725e-05
3.33781e-05
3.52829e-05
3.71881e-05
3.92326e-05
4.13836e-05
4.36447e-05
4.57718e-05
4.75668e-05
5.03118e-05
1.81402e-05
1.81402e-05
1.81402e-05
1.81402e-05
1.81402e-05
1.81402e-05
1.81402e-05
1.81402e-05
1.81402e-05
1.81402e-05
1.81403e-05
1.81405e-05
1.81416e-05
1.81463e-05
1.81642e-05
1.82317e-05
1.84745e-05
1.93015e-05
2.10539e-05
2.14764e-05
2.07927e-05
2.01747e-05
2.07918e-05
2.32933e-05
2.53826e-05
2.48123e-05
2.44987e-05
2.82771e-05
3.94005e-05
4.85046e-05
5.06501e-05
4.96564e-05
4.4298e-05
3.43079e-05
2.69345e-05
2.47501e-05
2.45956e-05
2.68168e-05
2.77321e-05
2.68338e-05
2.43333e-05
2.22869e-05
2.13821e-05
2.14879e-05
2.42122e-05
2.77002e-05
2.99307e-05
3.12355e-05
3.14208e-05
3.1431e-05
3.15366e-05
3.18263e-05
3.27853e-05
3.34343e-05
3.24085e-05
2.76666e-05
2.43867e-05
2.57461e-05
3.1055e-05
3.58149e-05
3.73361e-05
3.72924e-05
3.60344e-05
3.25816e-05
3.17448e-05
3.31204e-05
3.70573e-05
4.26933e-05
4.8265e-05
4.99165e-05
4.82012e-05
4.42506e-05
4.06416e-05
3.88075e-05
3.67434e-05
3.08803e-05
2.28297e-05
2.01896e-05
1.91784e-05
1.89309e-05
1.8986e-05
1.94061e-05
2.02658e-05
2.15158e-05
2.29781e-05
2.44066e-05
2.5763e-05
2.71765e-05
2.86399e-05
3.02537e-05
3.21548e-05
3.42458e-05
3.63157e-05
3.82422e-05
4.01855e-05
4.24753e-05
4.4374e-05
4.61606e-05
4.68385e-05
4.8111e-05
1.81402e-05
1.81402e-05
1.81402e-05
1.81402e-05
1.81402e-05
1.81402e-05
1.81402e-05
1.81402e-05
1.81402e-05
1.81402e-05
1.81402e-05
1.81402e-05
1.81405e-05
1.81416e-05
1.8146e-05
1.81632e-05
1.82259e-05
1.84229e-05
1.87755e-05
1.88535e-05
1.87485e-05
1.87238e-05
1.89782e-05
2.00631e-05
2.16074e-05
2.16437e-05
2.20338e-05
2.63683e-05
3.85999e-05
4.79124e-05
4.9477e-05
4.65182e-05
3.85714e-05
2.98e-05
2.65128e-05
2.6058e-05
2.84763e-05
2.97237e-05
3.00635e-05
2.94634e-05
2.82446e-05
2.6153e-05
2.33609e-05
2.06863e-05
1.93132e-05
1.97224e-05
2.0716e-05
2.17556e-05
2.22276e-05
2.25198e-05
2.30563e-05
2.39792e-05
2.54583e-05
2.71336e-05
2.69417e-05
2.47254e-05
2.28817e-05
2.38462e-05
2.83756e-05
3.47323e-05
3.80161e-05
3.76873e-05
3.48676e-05
3.09226e-05
3.13563e-05
3.40358e-05
3.95186e-05
4.64975e-05
5.18032e-05
5.26737e-05
4.97464e-05
4.46689e-05
4.02996e-05
3.61285e-05
2.9544e-05
2.322e-05
2.04504e-05
1.95235e-05
1.89136e-05
1.86526e-05
1.86989e-05
1.90911e-05
1.9938e-05
2.10885e-05
2.22152e-05
2.31234e-05
2.40663e-05
2.53352e-05
2.67863e-05
2.87959e-05
3.12065e-05
3.33379e-05
3.47496e-05
3.64373e-05
3.85283e-05
4.18156e-05
4.20391e-05
4.07398e-05
3.81955e-05
4.00847e-05
1.81402e-05
1.81402e-05
1.81402e-05
1.81402e-05
1.81402e-05
1.81402e-05
1.81402e-05
1.81402e-05
1.81402e-05
1.81402e-05
1.81402e-05
1.81402e-05
1.81402e-05
1.81404e-05
1.81412e-05
1.81446e-05
1.81559e-05
1.81825e-05
1.8216e-05
1.82288e-05
1.82299e-05
1.8257e-05
1.83495e-05
1.86204e-05
1.90031e-05
1.92391e-05
2.03595e-05
2.48611e-05
3.82799e-05
4.6772e-05
4.67453e-05
4.14519e-05
3.30999e-05
2.81412e-05
2.67651e-05
2.75397e-05
2.91161e-05
2.95411e-05
2.95944e-05
2.96503e-05
2.90531e-05
2.74805e-05
2.49655e-05
2.21291e-05
1.98347e-05
1.86307e-05
1.8505e-05
1.86361e-05
1.88414e-05
1.91023e-05
1.94484e-05
1.99338e-05
2.07221e-05
2.20394e-05
2.24509e-05
2.193e-05
2.14796e-05
2.21877e-05
2.5422e-05
3.15929e-05
3.65956e-05
3.61797e-05
3.18213e-05
2.94982e-05
3.1036e-05
3.51141e-05
4.12568e-05
4.90886e-05
5.33173e-05
5.34526e-05
4.89498e-05
4.33858e-05
3.69279e-05
2.87947e-05
2.28759e-05
2.11364e-05
2.08944e-05
2.029e-05
1.92718e-05
1.85955e-05
1.85298e-05
1.87934e-05
1.93992e-05
2.01191e-05
2.07171e-05
2.11674e-05
2.17773e-05
2.27991e-05
2.40604e-05
2.59018e-05
2.79642e-05
2.92939e-05
3.0309e-05
3.2368e-05
3.64902e-05
3.99981e-05
3.68314e-05
2.97273e-05
2.77747e-05
3.18847e-05
1.81402e-05
1.81402e-05
1.81402e-05
1.81402e-05
1.81402e-05
1.81402e-05
1.81402e-05
1.81402e-05
1.81402e-05
1.81402e-05
1.81402e-05
1.81402e-05
1.81402e-05
1.81402e-05
1.81403e-05
1.81406e-05
1.81418e-05
1.81445e-05
1.81476e-05
1.81492e-05
1.81514e-05
1.816e-05
1.81831e-05
1.82332e-05
1.83073e-05
1.84295e-05
1.91479e-05
2.2322e-05
3.323e-05
4.47251e-05
4.46074e-05
3.76731e-05
3.1086e-05
2.79441e-05
2.70071e-05
2.70579e-05
2.77106e-05
2.79697e-05
2.8501e-05
2.8543e-05
2.78535e-05
2.62464e-05
2.41002e-05
2.19357e-05
2.00589e-05
1.87957e-05
1.83017e-05
1.82459e-05
1.82753e-05
1.83448e-05
1.84623e-05
1.86473e-05
1.89711e-05
1.95265e-05
2.00146e-05
2.01096e-05
2.02396e-05
2.09677e-05
2.32559e-05
2.8565e-05
3.39722e-05
3.29707e-05
2.84862e-05
2.83895e-05
3.11759e-05
3.56298e-05
4.18598e-05
5.00542e-05
5.3983e-05
5.26634e-05
4.64639e-05
3.91299e-05
3.04365e-05
2.40505e-05
2.2076e-05
2.2182e-05
2.19096e-05
2.10807e-05
1.98636e-05
1.87317e-05
1.84197e-05
1.85359e-05
1.88531e-05
1.92001e-05
1.94643e-05
1.96962e-05
2.01356e-05
2.09165e-05
2.18619e-05
2.30886e-05
2.4454e-05
2.59344e-05
2.77631e-05
3.04842e-05
3.58902e-05
3.65418e-05
2.94615e-05
2.38801e-05
2.3205e-05
2.57385e-05
1.81402e-05
1.81402e-05
1.81402e-05
1.81402e-05
1.81402e-05
1.81402e-05
1.81402e-05
1.81402e-05
1.81402e-05
1.81402e-05
1.81402e-05
1.81402e-05
1.81402e-05
1.81402e-05
1.81402e-05
1.81402e-05
1.81403e-05
1.81405e-05
1.81408e-05
1.8141e-05
1.81414e-05
1.81428e-05
1.81467e-05
1.81545e-05
1.81679e-05
1.82085e-05
1.85075e-05
1.98943e-05
2.49388e-05
3.7769e-05
4.26503e-05
3.90289e-05
3.26406e-05
2.89919e-05
2.79418e-05
2.81886e-05
2.88959e-05
2.92638e-05
2.89851e-05
2.79857e-05
2.59417e-05
2.34862e-05
2.13747e-05
1.98653e-05
1.8969e-05
1.8497e-05
1.82621e-05
1.81786e-05
1.81769e-05
1.81899e-05
1.82225e-05
1.82861e-05
1.84216e-05
1.8679e-05
1.89877e-05
1.92113e-05
1.95017e-05
2.02727e-05
2.23992e-05
2.73941e-05
3.15168e-05
2.92876e-05
2.59486e-05
2.71555e-05
3.09518e-05
3.50257e-05
4.04732e-05
4.94077e-05
5.3665e-05
5.09893e-05
4.20881e-05
3.27138e-05
2.58425e-05
2.34856e-05
2.30327e-05
2.27155e-05
2.2096e-05
2.12477e-05
2.0112e-05
1.89868e-05
1.83799e-05
1.83667e-05
1.8482e-05
1.86084e-05
1.87332e-05
1.8971e-05
1.95049e-05
2.02312e-05
2.09537e-05
2.18041e-05
2.31596e-05
2.59541e-05
2.9788e-05
3.3324e-05
3.6024e-05
2.78031e-05
2.31657e-05
2.42137e-05
2.4204e-05
2.59217e-05
1.81402e-05
1.81402e-05
1.81402e-05
1.81402e-05
1.81402e-05
1.81402e-05
1.81402e-05
1.81402e-05
1.81402e-05
1.81402e-05
1.81402e-05
1.81402e-05
1.81402e-05
1.81402e-05
1.81402e-05
1.81402e-05
1.81402e-05
1.81402e-05
1.81402e-05
1.81402e-05
1.81403e-05
1.81405e-05
1.81409e-05
1.81418e-05
1.81439e-05
1.81532e-05
1.82234e-05
1.85595e-05
1.98869e-05
2.4921e-05
3.43293e-05
3.75802e-05
3.56315e-05
3.27364e-05
3.14227e-05
3.13665e-05
3.092e-05
2.96711e-05
2.72265e-05
2.43275e-05
2.19284e-05
2.03369e-05
1.93844e-05
1.87991e-05
1.84596e-05
1.82849e-05
1.81993e-05
1.81579e-05
1.81509e-05
1.81534e-05
1.81623e-05
1.81846e-05
1.82493e-05
1.83917e-05
1.85616e-05
1.87674e-05
1.9149e-05
2.00518e-05
2.24633e-05
2.75357e-05
2.92436e-05
2.58155e-05
2.3788e-05
2.58657e-05
3.01571e-05
3.3557e-05
3.75261e-05
4.64512e-05
5.26652e-05
5.02457e-05
3.94038e-05
3.0198e-05
2.58026e-05
2.42082e-05
2.33308e-05
2.19818e-05
2.09738e-05
2.05408e-05
2.00423e-05
1.91041e-05
1.83969e-05
1.82625e-05
1.82842e-05
1.83281e-05
1.84423e-05
1.87626e-05
1.95592e-05
2.0551e-05
2.12037e-05
2.1864e-05
2.34073e-05
2.7852e-05
3.49627e-05
3.67822e-05
3.17964e-05
2.28617e-05
2.33934e-05
2.59374e-05
2.6271e-05
2.71485e-05
1.81402e-05
1.81402e-05
1.81402e-05
1.81402e-05
1.81402e-05
1.81402e-05
1.81402e-05
1.81402e-05
1.81402e-05
1.81402e-05
1.81402e-05
1.81402e-05
1.81402e-05
1.81402e-05
1.81402e-05
1.81402e-05
1.81402e-05
1.81402e-05
1.81402e-05
1.81402e-05
1.81402e-05
1.81402e-05
1.81403e-05
1.81403e-05
1.81406e-05
1.81418e-05
1.81498e-05
1.81925e-05
1.83852e-05
1.91361e-05
2.19118e-05
2.70397e-05
3.00604e-05
3.0432e-05
2.96696e-05
2.83587e-05
2.60599e-05
2.3196e-05
2.09779e-05
1.97792e-05
1.91336e-05
1.87279e-05
1.8476e-05
1.83199e-05
1.82275e-05
1.81798e-05
1.81571e-05
1.8146e-05
1.81432e-05
1.81438e-05
1.81462e-05
1.81541e-05
1.81794e-05
1.82319e-05
1.83342e-05
1.85916e-05
1.92981e-05
2.08252e-05
2.39805e-05
2.80226e-05
2.7781e-05
2.3564e-05
2.14069e-05
2.29157e-05
2.71738e-05
3.07646e-05
3.40679e-05
4.14854e-05
5.05554e-05
5.04757e-05
4.01281e-05
3.05994e-05
2.633e-05
2.33774e-05
2.11136e-05
1.98477e-05
1.94308e-05
1.93833e-05
1.93287e-05
1.9039e-05
1.84429e-05
1.82148e-05
1.81979e-05
1.82283e-05
1.83545e-05
1.87446e-05
1.9905e-05
2.14387e-05
2.20922e-05
2.26152e-05
2.36612e-05
2.70755e-05
3.38234e-05
3.49126e-05
2.69087e-05
2.31769e-05
2.36806e-05
2.63036e-05
2.77106e-05
2.81506e-05
1.81402e-05
1.81402e-05
1.81402e-05
1.81402e-05
1.81402e-05
1.81402e-05
1.81402e-05
1.81402e-05
1.81402e-05
1.81402e-05
1.81402e-05
1.81402e-05
1.81402e-05
1.81402e-05
1.81402e-05
1.81402e-05
1.81402e-05
1.81402e-05
1.81402e-05
1.81402e-05
1.81402e-05
1.81402e-05
1.81402e-05
1.81402e-05
1.81402e-05
1.81403e-05
1.81409e-05
1.81445e-05
1.81615e-05
1.82267e-05
1.84531e-05
1.90251e-05
1.98562e-05
2.06898e-05
2.04183e-05
1.95904e-05
1.89333e-05
1.85875e-05
1.84035e-05
1.82997e-05
1.82389e-05
1.82013e-05
1.81779e-05
1.8163e-05
1.81535e-05
1.81475e-05
1.81439e-05
1.81417e-05
1.81409e-05
1.81411e-05
1.81417e-05
1.81441e-05
1.81522e-05
1.81787e-05
1.82707e-05
1.85902e-05
1.9635e-05
2.21767e-05
2.58385e-05
2.73795e-05
2.57599e-05
2.13321e-05
1.95423e-05
1.99385e-05
2.18101e-05
2.47969e-05
2.91102e-05
3.67991e-05
4.69265e-05
4.94989e-05
4.00975e-05
2.89627e-05
2.28327e-05
2.0374e-05
1.93526e-05
1.88254e-05
1.8669e-05
1.87197e-05
1.87687e-05
1.86905e-05
1.84115e-05
1.81902e-05
1.81621e-05
1.81921e-05
1.83082e-05
1.87073e-05
1.99418e-05
2.15696e-05
2.19982e-05
2.27746e-05
2.43969e-05
2.68365e-05
2.884e-05
2.67538e-05
2.41328e-05
2.33834e-05
2.37671e-05
2.58178e-05
2.91585e-05
2.91917e-05
1.81402e-05
1.81402e-05
1.81402e-05
1.81402e-05
1.81402e-05
1.81402e-05
1.81402e-05
1.81402e-05
1.81402e-05
1.81402e-05
1.81402e-05
1.81402e-05
1.81402e-05
1.81402e-05
1.81402e-05
1.81402e-05
1.81402e-05
1.81402e-05
1.81402e-05
1.81402e-05
1.81402e-05
1.81402e-05
1.81402e-05
1.81402e-05
1.81402e-05
1.81402e-05
1.81402e-05
1.81404e-05
1.81414e-05
1.8145e-05
1.81573e-05
1.81851e-05
1.82175e-05
1.82538e-05
1.8232e-05
1.81975e-05
1.81716e-05
1.81576e-05
1.81504e-05
1.81463e-05
1.81439e-05
1.81425e-05
1.81416e-05
1.8141e-05
1.81407e-05
1.81405e-05
1.81404e-05
1.81403e-05
1.81403e-05
1.81403e-05
1.81405e-05
1.81411e-05
1.81441e-05
1.81578e-05
1.82131e-05
1.8427e-05
1.91839e-05
2.15488e-05
2.49422e-05
2.51043e-05
2.28519e-05
1.96219e-05
1.87367e-05
1.88779e-05
1.94501e-05
2.08688e-05
2.49524e-05
3.27723e-05
4.24703e-05
4.59386e-05
3.62158e-05
2.46252e-05
2.15364e-05
1.9959e-05
1.8912e-05
1.85293e-05
1.84048e-05
1.84085e-05
1.84492e-05
1.84179e-05
1.82768e-05
1.81656e-05
1.81482e-05
1.8165e-05
1.82274e-05
1.84267e-05
1.90299e-05
1.97636e-05
1.99402e-05
2.03814e-05
2.18591e-05
2.46948e-05
2.50539e-05
2.44246e-05
2.38738e-05
2.35533e-05
2.38239e-05
2.52114e-05
2.92581e-05
3.01479e-05
1.81402e-05
1.81402e-05
1.81402e-05
1.81402e-05
1.81402e-05
1.81402e-05
1.81402e-05
1.81402e-05
1.81402e-05
1.81402e-05
1.81402e-05
1.81402e-05
1.81402e-05
1.81402e-05
1.81402e-05
1.81402e-05
1.81402e-05
1.81402e-05
1.81402e-05
1.81402e-05
1.81402e-05
1.81402e-05
1.81402e-05
1.81402e-05
1.81402e-05
1.81402e-05
1.81402e-05
1.81402e-05
1.81402e-05
1.81404e-05
1.81408e-05
1.81417e-05
1.81424e-05
1.81432e-05
1.81427e-05
1.81418e-05
1.81411e-05
1.81407e-05
1.81405e-05
1.81403e-05
1.81403e-05
1.81403e-05
1.81402e-05
1.81402e-05
1.81402e-05
1.81402e-05
1.81402e-05
1.81402e-05
1.81402e-05
1.81402e-05
1.81402e-05
1.81403e-05
1.81407e-05
1.81438e-05
1.81572e-05
1.82184e-05
1.84843e-05
1.959e-05
2.10399e-05
2.0597e-05
1.93795e-05
1.8509e-05
1.84133e-05
1.85605e-05
1.90082e-05
1.99636e-05
2.23602e-05
2.80436e-05
3.72668e-05
4.05944e-05
3.54061e-05
2.84511e-05
2.51875e-05
2.15496e-05
1.91458e-05
1.85138e-05
1.83343e-05
1.82743e-05
1.82789e-05
1.8263e-05
1.8197e-05
1.8149e-05
1.81426e-05
1.81497e-05
1.81748e-05
1.82523e-05
1.84332e-05
1.87003e-05
1.90636e-05
1.97224e-05
2.02552e-05
2.12551e-05
2.17575e-05
2.1928e-05
2.24519e-05
2.32415e-05
2.43573e-05
2.77449e-05
3.16631e-05
3.13241e-05
1.81402e-05
1.81402e-05
1.81402e-05
1.81402e-05
1.81402e-05
1.81402e-05
1.81402e-05
1.81402e-05
1.81402e-05
1.81402e-05
1.81402e-05
1.81402e-05
1.81402e-05
1.81402e-05
1.81402e-05
1.81402e-05
1.81402e-05
1.81402e-05
1.81402e-05
1.81402e-05
1.81402e-05
1.81402e-05
1.81402e-05
1.81402e-05
1.81402e-05
1.81402e-05
1.81402e-05
1.81402e-05
1.81402e-05
1.81402e-05
1.81402e-05
1.81402e-05
1.81402e-05
1.81403e-05
1.81402e-05
1.81402e-05
1.81402e-05
1.81402e-05
1.81402e-05
1.81402e-05
1.81402e-05
1.81402e-05
1.81402e-05
1.81402e-05
1.81402e-05
1.81402e-05
1.81402e-05
1.81402e-05
1.81402e-05
1.81402e-05
1.81402e-05
1.81402e-05
1.81402e-05
1.81404e-05
1.81416e-05
1.81487e-05
1.81798e-05
1.82905e-05
1.83774e-05
1.83001e-05
1.8224e-05
1.81906e-05
1.82009e-05
1.82815e-05
1.84919e-05
1.88619e-05
1.96681e-05
2.22109e-05
2.90999e-05
3.44378e-05
3.31923e-05
3.08711e-05
2.7704e-05
2.25249e-05
1.96449e-05
1.89214e-05
1.84603e-05
1.82359e-05
1.81964e-05
1.81828e-05
1.81584e-05
1.8143e-05
1.81409e-05
1.81429e-05
1.81502e-05
1.81735e-05
1.82334e-05
1.84121e-05
1.9031e-05
2.10549e-05
2.17726e-05
2.17201e-05
2.1827e-05
2.24103e-05
2.33347e-05
2.3819e-05
2.4822e-05
2.77897e-05
3.28939e-05
3.24747e-05
1.81402e-05
1.81402e-05
1.81402e-05
1.81402e-05
1.81402e-05
1.81402e-05
1.81402e-05
1.81402e-05
1.81402e-05
1.81402e-05
1.81402e-05
1.81402e-05
1.81402e-05
1.81402e-05
1.81402e-05
1.81402e-05
1.81402e-05
1.81402e-05
1.81402e-05
1.81402e-05
1.81402e-05
1.81402e-05
1.81402e-05
1.81402e-05
1.81402e-05
1.81402e-05
1.81402e-05
1.81402e-05
1.81402e-05
1.81402e-05
1.81402e-05
1.81402e-05
1.81402e-05
1.81402e-05
1.81402e-05
1.81402e-05
1.81402e-05
1.81402e-05
1.81402e-05
1.81402e-05
1.81402e-05
1.81402e-05
1.81402e-05
1.81402e-05
1.81402e-05
1.81402e-05
1.81402e-05
1.81402e-05
1.81402e-05
1.81402e-05
1.81402e-05
1.81402e-05
1.81402e-05
1.81402e-05
1.81402e-05
1.81405e-05
1.81416e-05
1.8145e-05
1.81471e-05
1.81447e-05
1.81428e-05
1.81422e-05
1.81444e-05
1.81533e-05
1.81775e-05
1.82501e-05
1.8476e-05
1.91847e-05
2.12704e-05
2.38904e-05
2.52145e-05
2.46816e-05
2.28598e-05
2.05404e-05
1.99564e-05
1.96245e-05
1.88769e-05
1.82691e-05
1.81659e-05
1.81519e-05
1.81445e-05
1.81407e-05
1.81404e-05
1.81409e-05
1.81429e-05
1.8152e-05
1.81989e-05
1.8495e-05
1.95095e-05
2.25851e-05
2.39852e-05
2.25816e-05
2.14803e-05
2.09975e-05
2.06304e-05
2.40251e-05
2.85842e-05
3.35994e-05
3.4932e-05
3.41513e-05
1.81402e-05
1.81402e-05
1.81402e-05
1.81402e-05
1.81402e-05
1.81402e-05
1.81402e-05
1.81402e-05
1.81402e-05
1.81402e-05
1.81402e-05
1.81402e-05
1.81402e-05
1.81402e-05
1.81402e-05
1.81402e-05
1.81402e-05
1.81402e-05
1.81402e-05
1.81402e-05
1.81402e-05
1.81402e-05
1.81402e-05
1.81402e-05
1.81402e-05
1.81402e-05
1.81402e-05
1.81402e-05
1.81402e-05
1.81402e-05
1.81402e-05
1.81402e-05
1.81402e-05
1.81402e-05
1.81402e-05
1.81402e-05
1.81402e-05
1.81402e-05
1.81402e-05
1.81402e-05
1.81402e-05
1.81402e-05
1.81402e-05
1.81402e-05
1.81402e-05
1.81402e-05
1.81402e-05
1.81402e-05
1.81402e-05
1.81402e-05
1.81402e-05
1.81402e-05
1.81402e-05
1.81402e-05
1.81402e-05
1.81402e-05
1.81402e-05
1.81403e-05
1.81403e-05
1.81403e-05
1.81402e-05
1.81402e-05
1.81403e-05
1.81408e-05
1.81434e-05
1.81549e-05
1.8198e-05
1.83398e-05
1.86375e-05
1.90307e-05
1.9561e-05
2.0079e-05
2.03152e-05
2.03885e-05
2.04073e-05
2.01365e-05
1.91897e-05
1.83221e-05
1.81563e-05
1.81429e-05
1.8141e-05
1.81403e-05
1.81402e-05
1.81403e-05
1.81405e-05
1.8145e-05
1.82612e-05
1.88086e-05
1.94755e-05
2.06395e-05
2.36459e-05
2.53193e-05
2.51013e-05
2.57516e-05
2.37636e-05
3.12876e-05
4.10277e-05
4.37192e-05
3.98864e-05
3.53811e-05
1.81402e-05
1.81402e-05
1.81402e-05
1.81402e-05
1.81402e-05
1.81402e-05
1.81402e-05
1.81402e-05
1.81402e-05
1.81402e-05
1.81402e-05
1.81402e-05
1.81402e-05
1.81402e-05
1.81402e-05
1.81402e-05
1.81402e-05
1.81402e-05
1.81402e-05
1.81402e-05
1.81402e-05
1.81402e-05
1.81402e-05
1.81402e-05
1.81402e-05
1.81402e-05
1.81402e-05
1.81402e-05
1.81402e-05
1.81402e-05
1.81402e-05
1.81402e-05
1.81402e-05
1.81402e-05
1.81402e-05
1.81402e-05
1.81402e-05
1.81402e-05
1.81402e-05
1.81402e-05
1.81402e-05
1.81402e-05
1.81402e-05
1.81402e-05
1.81402e-05
1.81402e-05
1.81402e-05
1.81402e-05
1.81402e-05
1.81402e-05
1.81402e-05
1.81402e-05
1.81402e-05
1.81402e-05
1.81402e-05
1.81402e-05
1.81402e-05
1.81402e-05
1.81402e-05
1.81402e-05
1.81402e-05
1.81402e-05
1.81402e-05
1.81403e-05
1.81408e-05
1.81424e-05
1.81476e-05
1.81634e-05
1.82033e-05
1.82995e-05
1.85866e-05
1.91628e-05
1.99803e-05
2.05848e-05
2.05569e-05
2.02389e-05
1.92243e-05
1.83352e-05
1.81547e-05
1.8141e-05
1.81403e-05
1.81402e-05
1.81402e-05
1.81402e-05
1.81406e-05
1.81546e-05
1.84155e-05
1.90929e-05
1.96027e-05
2.05476e-05
2.14381e-05
2.10252e-05
2.05432e-05
2.42065e-05
3.13447e-05
3.79236e-05
4.22341e-05
4.42868e-05
3.97137e-05
3.12599e-05
1.81402e-05
1.81402e-05
1.81402e-05
1.81402e-05
1.81402e-05
1.81402e-05
1.81402e-05
1.81402e-05
1.81402e-05
1.81402e-05
1.81402e-05
1.81402e-05
1.81402e-05
1.81402e-05
1.81402e-05
1.81402e-05
1.81402e-05
1.81402e-05
1.81402e-05
1.81402e-05
1.81402e-05
1.81402e-05
1.81402e-05
1.81402e-05
1.81402e-05
1.81402e-05
1.81402e-05
1.81402e-05
1.81402e-05
1.81402e-05
1.81402e-05
1.81402e-05
1.81402e-05
1.81402e-05
1.81402e-05
1.81402e-05
1.81402e-05
1.81402e-05
1.81402e-05
1.81402e-05
1.81402e-05
1.81402e-05
1.81402e-05
1.81402e-05
1.81402e-05
1.81402e-05
1.81402e-05
1.81402e-05
1.81402e-05
1.81402e-05
1.81402e-05
1.81402e-05
1.81402e-05
1.81402e-05
1.81402e-05
1.81402e-05
1.81402e-05
1.81402e-05
1.81402e-05
1.81402e-05
1.81402e-05
1.81402e-05
1.81402e-05
1.81408e-05
1.81428e-05
1.81511e-05
1.81797e-05
1.82687e-05
1.84688e-05
1.87626e-05
1.9131e-05
1.97712e-05
2.02462e-05
2.01428e-05
1.98322e-05
1.92078e-05
1.84679e-05
1.81762e-05
1.81428e-05
1.81403e-05
1.81402e-05
1.81402e-05
1.81402e-05
1.81402e-05
1.81402e-05
1.81403e-05
1.81419e-05
1.81489e-05
1.81617e-05
1.8193e-05
1.86439e-05
1.88065e-05
1.87059e-05
1.86427e-05
1.83214e-05
1.85412e-05
2.02799e-05
3.21992e-05
3.79614e-05
2.77175e-05
1.81402e-05
1.81402e-05
1.81402e-05
1.81402e-05
1.81402e-05
1.81402e-05
1.81402e-05
1.81402e-05
1.81402e-05
1.81402e-05
1.81402e-05
1.81402e-05
1.81402e-05
1.81402e-05
1.81402e-05
1.81402e-05
1.81402e-05
1.81402e-05
1.81402e-05
1.81402e-05
1.81402e-05
1.81402e-05
1.81402e-05
1.81402e-05
1.81402e-05
1.81402e-05
1.81402e-05
1.81402e-05
1.81402e-05
1.81402e-05
1.81402e-05
1.81402e-05
1.81402e-05
1.81402e-05
1.81402e-05
1.81402e-05
1.81402e-05
1.81402e-05
1.81402e-05
1.81402e-05
1.81402e-05
1.81402e-05
1.81402e-05
1.81402e-05
1.81402e-05
1.81402e-05
1.81402e-05
1.81402e-05
1.81402e-05
1.81402e-05
1.81402e-05
1.81402e-05
1.81402e-05
1.81402e-05
1.81402e-05
1.81402e-05
1.81402e-05
1.81402e-05
1.81402e-05
1.81402e-05
1.81402e-05
1.81402e-05
1.81402e-05
1.81402e-05
1.81405e-05
1.81429e-05
1.81535e-05
1.81939e-05
1.83359e-05
1.8761e-05
1.92358e-05
1.92911e-05
1.90663e-05
1.85805e-05
1.83196e-05
1.82179e-05
1.81663e-05
1.8145e-05
1.81404e-05
1.81402e-05
1.81402e-05
1.81402e-05
1.81402e-05
1.81402e-05
1.81402e-05
1.81403e-05
1.81411e-05
1.81463e-05
1.81634e-05
1.81868e-05
1.82031e-05
1.82194e-05
1.8198e-05
1.81639e-05
1.8163e-05
1.82697e-05
1.88264e-05
2.04729e-05
2.40526e-05
2.00472e-05
)
;

boundaryField
{
    AXIS
    {
        type            empty;
    }
    OUTLET
    {
        type            calculated;
        value           nonuniform List<scalar> 
50
(
2.0005e-05
2.3041e-05
3.00837e-05
3.60578e-05
4.12906e-05
4.56619e-05
4.96161e-05
5.27995e-05
5.49873e-05
5.67022e-05
5.81194e-05
5.94103e-05
6.09213e-05
6.25847e-05
6.44806e-05
6.64246e-05
6.83416e-05
6.98847e-05
7.08475e-05
7.10667e-05
7.00797e-05
6.75584e-05
6.37332e-05
5.91719e-05
5.44777e-05
5.03228e-05
4.70038e-05
4.46553e-05
4.36116e-05
4.38197e-05
4.55509e-05
4.80178e-05
4.9659e-05
5.03118e-05
4.8111e-05
4.00847e-05
3.18847e-05
2.57385e-05
2.59217e-05
1.81402e-05
1.81402e-05
1.81402e-05
1.81402e-05
1.81402e-05
1.81402e-05
1.81402e-05
1.81402e-05
1.81402e-05
1.81402e-05
1.81402e-05
)
;
    }
    COFLOW
    {
        type            calculated;
        value           nonuniform List<scalar> 
30
(
1.81402e-05
1.81402e-05
1.81402e-05
1.81402e-05
1.81402e-05
1.81402e-05
1.81402e-05
1.81402e-05
1.81402e-05
1.81402e-05
1.81402e-05
1.81402e-05
1.81402e-05
1.81402e-05
1.81402e-05
1.81402e-05
1.81402e-05
1.81402e-05
1.81402e-05
1.81402e-05
1.81402e-05
1.81402e-05
1.81402e-05
1.81402e-05
1.81402e-05
1.81402e-05
1.81402e-05
1.81402e-05
1.81402e-05
1.81402e-05
)
;
    }
    PILOT
    {
        type            calculated;
        value           nonuniform List<scalar> 10(6.43339e-05 7.03038e-05 7.09114e-05 7.09187e-05 7.09187e-05 7.09187e-05 7.09187e-05 7.09183e-05 7.08878e-05 6.88532e-05);
    }
    FUEL
    {
        type            calculated;
        value           nonuniform List<scalar> 10(1.81402e-05 1.81402e-05 1.81402e-05 1.81402e-05 1.81402e-05 1.81402e-05 1.81402e-05 1.81402e-05 1.81402e-05 1.81402e-05);
    }
    WALL
    {
        type            calculated;
        value           nonuniform List<scalar> 
100
(
1.81402e-05
1.81402e-05
1.81402e-05
1.81402e-05
1.81402e-05
1.81402e-05
1.81402e-05
1.81402e-05
1.81402e-05
1.81402e-05
1.81402e-05
1.81402e-05
1.81402e-05
1.81402e-05
1.81402e-05
1.81402e-05
1.81402e-05
1.81402e-05
1.81402e-05
1.81402e-05
1.81402e-05
1.81402e-05
1.81402e-05
1.81402e-05
1.81402e-05
1.81402e-05
1.81402e-05
1.81402e-05
1.81402e-05
1.81402e-05
1.81402e-05
1.81402e-05
1.81402e-05
1.81402e-05
1.81402e-05
1.81402e-05
1.81402e-05
1.81402e-05
1.81402e-05
1.81402e-05
1.81402e-05
1.81402e-05
1.81402e-05
1.81402e-05
1.81402e-05
1.81402e-05
1.81402e-05
1.81402e-05
1.81402e-05
1.81402e-05
1.81402e-05
1.81402e-05
1.81402e-05
1.81402e-05
1.81402e-05
1.81402e-05
1.81402e-05
1.81402e-05
1.81402e-05
1.81402e-05
1.81402e-05
1.81402e-05
1.81402e-05
1.81402e-05
1.81405e-05
1.81429e-05
1.81535e-05
1.81939e-05
1.83359e-05
1.8761e-05
1.92358e-05
1.92911e-05
1.90663e-05
1.85805e-05
1.83196e-05
1.82179e-05
1.81663e-05
1.8145e-05
1.81404e-05
1.81402e-05
1.81402e-05
1.81402e-05
1.81402e-05
1.81402e-05
1.81402e-05
1.81403e-05
1.81411e-05
1.81463e-05
1.81634e-05
1.81868e-05
1.82031e-05
1.82194e-05
1.8198e-05
1.81639e-05
1.8163e-05
1.82697e-05
1.88264e-05
2.04729e-05
2.40526e-05
2.00472e-05
)
;
    }
    front
    {
        type            wedge;
    }
    back
    {
        type            wedge;
    }
}


// ************************************************************************* //
