/*--------------------------------*- C++ -*----------------------------------*\
| =========                 |                                                 |
| \\      /  F ield         | OpenFOAM: The Open Source CFD Toolbox           |
|  \\    /   O peration     | Version:  2.3.0                                 |
|   \\  /    A nd           | Web:      www.OpenFOAM.org                      |
|    \\/     M anipulation  |                                                 |
\*---------------------------------------------------------------------------*/
FoamFile
{
    version     2.0;
    format      ascii;
    class       volScalarField;
    location    "0.03";
    object      varZ;
}
// * * * * * * * * * * * * * * * * * * * * * * * * * * * * * * * * * * * * * //

dimensions      [0 0 0 0 0 0 0];

internalField   nonuniform List<scalar> 
5000
(
5.50156e-27
6.02145e-26
4.03484e-25
1.99837e-24
8.21323e-24
2.98235e-23
1.04828e-22
4.00395e-22
2.24574e-21
1.84328e-20
1.70874e-19
1.18764e-18
5.80197e-18
1.53927e-17
1.58521e-17
7.84651e-18
3.60322e-18
1.62123e-18
9.29502e-19
1.24189e-18
3.25737e-18
1.01874e-17
3.36167e-17
1.21906e-16
5.27566e-16
2.62034e-15
1.05974e-14
2.40146e-14
2.44108e-14
1.24948e-14
9.0766e-15
2.32272e-14
1.10918e-13
5.01207e-13
1.90032e-12
6.16638e-12
1.76164e-11
4.44927e-11
9.74694e-11
1.81945e-10
2.75885e-10
3.37965e-10
3.55282e-10
4.09874e-10
5.38163e-10
5.48627e-10
3.86196e-10
2.66656e-10
2.77586e-10
5.89054e-10
1.73668e-09
5.99155e-09
1.97677e-08
5.26446e-08
1.12232e-07
1.79778e-07
2.56689e-07
3.64473e-07
5.05201e-07
6.88658e-07
9.32572e-07
1.27327e-06
1.72938e-06
2.35005e-06
3.17578e-06
4.21384e-06
4.90727e-06
4.42557e-06
3.40059e-06
2.31653e-06
1.3202e-06
6.80251e-07
3.72747e-07
4.10963e-07
6.12485e-07
1.15322e-06
2.07068e-06
3.31987e-06
4.07003e-06
3.98148e-06
3.61321e-06
3.16211e-06
2.7809e-06
2.08526e-06
1.19241e-06
6.28315e-07
5.11809e-07
4.9881e-07
4.98399e-07
5.10779e-07
5.43912e-07
6.09448e-07
7.13249e-07
8.79519e-07
1.14528e-06
1.54878e-06
2.13569e-06
2.93931e-06
3.98499e-06
6.64701e-06
3.72458e-25
2.77078e-24
2.02542e-23
1.18174e-22
5.53442e-22
2.35724e-21
9.90734e-21
4.17958e-20
2.22987e-19
1.75716e-18
2.00956e-17
1.74978e-16
1.01425e-15
3.40895e-15
4.24708e-15
1.84597e-15
7.5196e-16
2.97841e-16
1.27929e-16
1.02016e-16
2.37143e-16
8.09038e-16
2.99612e-15
1.1811e-14
5.31565e-14
2.80182e-13
1.25321e-12
3.03386e-12
3.08006e-12
1.4018e-12
6.81089e-13
7.81409e-13
3.07053e-12
1.44229e-11
5.80351e-11
1.97138e-10
5.82656e-10
1.54183e-09
3.60553e-09
7.24569e-09
1.17744e-08
1.5228e-08
1.64507e-08
1.95387e-08
2.79728e-08
3.17209e-08
2.227e-08
1.26821e-08
7.43545e-09
6.2151e-09
1.20408e-08
3.25716e-08
9.19615e-08
2.91431e-07
7.12989e-07
1.36563e-06
2.23126e-06
3.24454e-06
4.34466e-06
5.53851e-06
6.96279e-06
8.93246e-06
1.18751e-05
1.63952e-05
2.35062e-05
3.70781e-05
6.36655e-05
8.29601e-05
6.89096e-05
4.3851e-05
2.19361e-05
5.33436e-06
1.2393e-06
1.24369e-06
1.80549e-06
3.02158e-06
4.79077e-06
7.13277e-06
9.9107e-06
1.17672e-05
1.18443e-05
1.1348e-05
9.83956e-06
7.12995e-06
4.03315e-06
2.18649e-06
1.68131e-06
1.64335e-06
1.61992e-06
1.54877e-06
1.51697e-06
1.61305e-06
2.00205e-06
2.77055e-06
3.96996e-06
5.62005e-06
7.7698e-06
1.03041e-05
1.31304e-05
1.88222e-05
1.87641e-22
3.67194e-22
1.07512e-21
4.70799e-21
1.84313e-20
7.42489e-20
3.74928e-19
2.23869e-18
1.90803e-17
2.11351e-16
2.42948e-15
2.30223e-14
1.39549e-13
4.71439e-13
5.9474e-13
2.63983e-13
1.03754e-13
3.98726e-14
1.58312e-14
9.69867e-15
1.93922e-14
6.99033e-14
2.8152e-13
1.20556e-12
5.62483e-12
2.74543e-11
1.09819e-10
2.50911e-10
2.55046e-10
1.16283e-10
5.16212e-11
3.15148e-11
7.09685e-11
3.18808e-10
1.3356e-09
4.59157e-09
1.34477e-08
3.54293e-08
8.38695e-08
1.73512e-07
2.96101e-07
4.04463e-07
4.53276e-07
5.50324e-07
8.32955e-07
1.07722e-06
8.2584e-07
4.70154e-07
2.49955e-07
1.29825e-07
8.604e-08
1.23029e-07
2.79077e-07
8.50153e-07
2.21875e-06
4.6239e-06
8.26014e-06
1.28401e-05
1.76694e-05
2.2149e-05
2.63632e-05
3.15568e-05
3.94226e-05
5.16698e-05
6.99166e-05
0.000100987
0.000163352
0.000275988
0.000294599
0.000241404
0.000100795
1.3896e-05
2.70517e-06
2.20105e-06
2.76244e-06
4.29659e-06
6.6298e-06
9.69979e-06
1.36459e-05
1.78654e-05
1.95657e-05
1.9391e-05
1.83765e-05
1.5776e-05
1.12238e-05
6.35087e-06
4.12236e-06
3.76829e-06
3.63496e-06
3.46391e-06
3.48699e-06
3.91637e-06
5.25857e-06
7.81231e-06
1.17463e-05
1.70339e-05
2.35585e-05
3.09433e-05
3.77483e-05
5.34797e-05
4.83022e-20
1.44912e-19
3.38019e-19
1.22611e-18
4.07553e-18
8.76251e-18
2.94595e-17
1.6333e-16
1.35063e-15
1.45051e-14
1.60735e-13
1.49331e-12
8.4682e-12
2.82559e-11
3.83491e-11
1.88949e-11
7.87075e-12
3.18834e-12
1.28821e-12
6.66857e-13
9.55122e-13
3.28269e-12
1.36971e-11
5.93089e-11
2.70939e-10
1.23658e-09
4.61652e-09
1.05345e-08
1.15359e-08
5.5307e-09
2.49301e-09
1.16284e-09
9.44744e-10
2.36277e-09
7.86257e-09
2.78592e-08
9.9368e-08
3.14823e-07
8.70847e-07
2.09246e-06
4.12192e-06
6.43605e-06
7.73092e-06
8.99946e-06
1.40714e-05
2.28823e-05
2.27112e-05
1.36336e-05
7.08798e-06
3.38031e-06
1.57675e-06
7.76045e-07
8.67548e-07
2.35253e-06
6.157e-06
1.2407e-05
2.08743e-05
3.0969e-05
4.16697e-05
5.18259e-05
6.07749e-05
6.97663e-05
8.17225e-05
0.000100491
0.000130623
0.000186171
0.000291049
0.000431603
0.000479342
0.000453406
0.000300257
7.59746e-05
9.53643e-06
3.85169e-06
4.00836e-06
5.38217e-06
8.09518e-06
1.20405e-05
1.74327e-05
2.41349e-05
2.86648e-05
2.88026e-05
2.78789e-05
2.51982e-05
1.98694e-05
1.26622e-05
7.71186e-06
6.33384e-06
5.91782e-06
5.66549e-06
5.76028e-06
6.66665e-06
9.39364e-06
1.44019e-05
2.15234e-05
3.03135e-05
4.03367e-05
5.16173e-05
6.25184e-05
8.98417e-05
4.30129e-17
1.48784e-16
2.1782e-16
6.75238e-16
2.91535e-15
3.94535e-15
3.44182e-15
9.83854e-15
6.78262e-14
6.34802e-13
6.37533e-12
5.69741e-11
3.16323e-10
1.09531e-09
1.68369e-09
9.40044e-10
4.13595e-10
1.77183e-10
7.51734e-11
3.86384e-11
4.62146e-11
1.29706e-10
4.71926e-10
1.82773e-09
7.51178e-09
3.06602e-08
1.06887e-07
2.56636e-07
3.30411e-07
1.707e-07
8.05365e-08
3.56903e-08
1.6622e-08
1.37811e-08
3.15692e-08
9.85286e-08
3.43205e-07
1.11892e-06
3.23632e-06
8.58118e-06
1.955e-05
3.69164e-05
5.20625e-05
6.16516e-05
8.41616e-05
0.00013645
0.000215366
0.000217781
0.000136328
4.53728e-05
1.58204e-05
3.66013e-06
2.49029e-06
4.85697e-06
1.13326e-05
2.12519e-05
3.37811e-05
4.82533e-05
6.37911e-05
7.94031e-05
9.4386e-05
0.000109987
0.00013099
0.000166018
0.000225965
0.000325637
0.000451911
0.000542542
0.000558968
0.00054771
0.00048533
0.000269995
5.26039e-05
9.95493e-06
6.55593e-06
7.4185e-06
1.02503e-05
1.51562e-05
2.21638e-05
3.14498e-05
4.08069e-05
4.33617e-05
4.25432e-05
3.96093e-05
3.29168e-05
2.23149e-05
1.31999e-05
9.57396e-06
8.41085e-06
7.97422e-06
8.11825e-06
9.42155e-06
1.32508e-05
2.01518e-05
2.97578e-05
4.14849e-05
5.5051e-05
7.12353e-05
8.85696e-05
0.000133191
4.40398e-15
2.78841e-14
9.69546e-14
3.85809e-13
1.09365e-12
1.53954e-12
9.87302e-13
9.42007e-13
4.25272e-12
3.31543e-11
2.75126e-10
1.93007e-09
9.79444e-09
3.25379e-08
5.50505e-08
3.50927e-08
1.61384e-08
7.22955e-09
3.21316e-09
1.72391e-09
1.92068e-09
4.37824e-09
1.28568e-08
4.0473e-08
1.34842e-07
4.50586e-07
1.37774e-06
3.69997e-06
6.9904e-06
4.03582e-06
1.98072e-06
9.01817e-07
3.84458e-07
1.73432e-07
1.40505e-07
3.13212e-07
1.04059e-06
3.37088e-06
9.34585e-06
2.16129e-05
4.28773e-05
7.42388e-05
0.000110096
0.000143779
0.000189276
0.000249494
0.000305258
0.000401375
0.000396811
0.000297503
8.77718e-05
1.08405e-05
4.99365e-06
7.8193e-06
1.62265e-05
2.88894e-05
4.42388e-05
6.16779e-05
8.08395e-05
0.000101529
0.000123866
0.00015027
0.000189629
0.000259836
0.000370291
0.000486657
0.000559228
0.000576651
0.00057626
0.000570987
0.000549848
0.000475148
0.000233014
4.03734e-05
1.19522e-05
1.15653e-05
1.39153e-05
1.93258e-05
2.74855e-05
3.84704e-05
5.18741e-05
6.20488e-05
6.32493e-05
6.18877e-05
5.65124e-05
4.36445e-05
2.6669e-05
1.65912e-05
1.20847e-05
1.0504e-05
1.06166e-05
1.22552e-05
1.72354e-05
2.61772e-05
3.8437e-05
5.3321e-05
7.08716e-05
9.26325e-05
0.000117668
0.000181316
3.87772e-13
2.22588e-12
7.60625e-12
3.31369e-11
9.92182e-11
1.5964e-10
1.16749e-10
6.68135e-11
1.4443e-10
8.88871e-10
6.32339e-09
3.80751e-08
1.67733e-07
5.51324e-07
1.1768e-06
9.27597e-07
4.53697e-07
2.14641e-07
1.00053e-07
5.6229e-08
6.15921e-08
1.18393e-07
2.67435e-07
6.19204e-07
1.38275e-06
2.83734e-06
6.54169e-06
2.02601e-05
6.42707e-05
6.71633e-05
3.77253e-05
1.82289e-05
9.06622e-06
2.74674e-06
5.86033e-07
8.76041e-07
2.57682e-06
7.54972e-06
1.79464e-05
3.59117e-05
6.34561e-05
0.000101462
0.000145909
0.000191906
0.000246162
0.000306472
0.000347982
0.000380951
0.000413987
0.000394335
0.000217465
3.34844e-05
9.29573e-06
1.14712e-05
2.07637e-05
3.56779e-05
5.36491e-05
7.39777e-05
9.69785e-05
0.000123511
0.000155512
0.000198715
0.00026864
0.000383363
0.000510809
0.000577877
0.000580602
0.000568734
0.000558011
0.000556856
0.000548803
0.00051671
0.000401858
0.000115494
2.38323e-05
1.84759e-05
2.02853e-05
2.5838e-05
3.49607e-05
4.73059e-05
6.28662e-05
7.92755e-05
8.99913e-05
9.38979e-05
9.37914e-05
8.81962e-05
6.95602e-05
4.13652e-05
2.19767e-05
1.40695e-05
1.34885e-05
1.52499e-05
2.12388e-05
3.20183e-05
4.67805e-05
6.5059e-05
8.75629e-05
0.000116478
0.000152639
0.000237802
1.0089e-10
1.84181e-10
4.66513e-10
2.50841e-09
7.88196e-09
1.24091e-08
9.19416e-09
4.48565e-09
3.95558e-09
1.43029e-08
8.07678e-08
3.39415e-07
1.16751e-06
4.21192e-06
1.53552e-05
2.06641e-05
1.05038e-05
5.03259e-06
2.35462e-06
1.24024e-06
1.04851e-06
1.58813e-06
2.7849e-06
4.67765e-06
7.44318e-06
1.19694e-05
2.23326e-05
5.40407e-05
0.000126032
0.000272345
0.000298958
0.000200352
5.87174e-05
1.02374e-05
1.90994e-06
2.10204e-06
5.00812e-06
1.30111e-05
2.77752e-05
5.0647e-05
8.30489e-05
0.000126047
0.000175601
0.00022618
0.000284318
0.000342151
0.000378003
0.000397297
0.000406018
0.000392631
0.00030422
7.28719e-05
1.55874e-05
1.59316e-05
2.50593e-05
4.18302e-05
6.24257e-05
8.58196e-05
0.000113196
0.000147356
0.0001937
0.000262812
0.000370245
0.000504934
0.000583285
0.00058518
0.000569427
0.000524802
0.000513701
0.000520721
0.000524144
0.000503267
0.000426118
0.000160806
3.67725e-05
2.77655e-05
2.96032e-05
3.6017e-05
4.69471e-05
6.17128e-05
8.01873e-05
0.000100346
0.000118148
0.000134283
0.000147071
0.00014719
0.000140113
0.000110543
5.68565e-05
2.23168e-05
1.67711e-05
1.85261e-05
2.53707e-05
3.80364e-05
5.56382e-05
7.78958e-05
0.000106207
0.000143224
0.000194154
0.000298587
1.21838e-08
2.93499e-08
6.25848e-08
2.01809e-07
4.73756e-07
7.05321e-07
5.71407e-07
2.74388e-07
1.52118e-07
2.0924e-07
5.83102e-07
1.51701e-06
4.43479e-06
1.52768e-05
4.85021e-05
0.000132476
0.000152668
9.20489e-05
2.99806e-05
1.2109e-05
7.87559e-06
9.64007e-06
1.55251e-05
2.49449e-05
3.51582e-05
4.59663e-05
6.5444e-05
0.000114379
0.000212306
0.000313955
0.000423497
0.000405028
0.000242915
4.92626e-05
6.44074e-06
4.65128e-06
8.57459e-06
1.98893e-05
3.90775e-05
6.65836e-05
0.000103786
0.00015334
0.000211428
0.000267315
0.000327833
0.000378378
0.000397432
0.000403325
0.000402547
0.000388956
0.000334492
0.000121848
2.31632e-05
2.09445e-05
2.96557e-05
4.81791e-05
7.1611e-05
9.86408e-05
0.000131754
0.000176754
0.000244256
0.000347187
0.000481517
0.000580966
0.00059076
0.000576598
0.000537709
0.000468048
0.0004596
0.000476324
0.000497107
0.000480585
0.00040642
0.000151278
4.61074e-05
3.98743e-05
4.30413e-05
5.23741e-05
6.6944e-05
8.56915e-05
0.000108412
0.000132762
0.0001554
0.000177238
0.000196262
0.00019946
0.000196999
0.000182403
0.00012608
4.69028e-05
2.18973e-05
2.26201e-05
2.97275e-05
4.42653e-05
6.50982e-05
9.2097e-05
0.000127416
0.000174154
0.000244502
0.000363559
5.74103e-07
2.35309e-06
3.36989e-06
7.55384e-06
1.71445e-05
3.23618e-05
3.74764e-05
2.15614e-05
9.86921e-06
5.08043e-06
4.19225e-06
6.09062e-06
1.20455e-05
3.29951e-05
8.57218e-05
0.000180749
0.0003051
0.00029426
0.000218219
7.7029e-05
2.99987e-05
3.48443e-05
5.78553e-05
9.77925e-05
0.000132577
0.000152829
0.000181226
0.000247571
0.000343578
0.000396314
0.000409828
0.000407179
0.00035784
0.000142526
1.78215e-05
9.11125e-06
1.39529e-05
2.87635e-05
5.26992e-05
8.50322e-05
0.000127788
0.000186869
0.000254469
0.000312558
0.000372817
0.000402236
0.000402893
0.000401305
0.000398873
0.000387561
0.000342879
0.000167832
3.24485e-05
2.60676e-05
3.48382e-05
5.51094e-05
8.16918e-05
0.000113337
0.000154431
0.000215328
0.000312227
0.000446626
0.000567779
0.000596044
0.000585995
0.000552618
0.00049746
0.00040042
0.000358278
0.000383395
0.000441982
0.000440093
0.000358722
0.000128228
5.72343e-05
5.57674e-05
6.28792e-05
7.79426e-05
9.74811e-05
0.000120074
0.0001453
0.000170526
0.000193094
0.00021198
0.00022421
0.000226507
0.000225341
0.000217531
0.0001827
8.67901e-05
3.09852e-05
2.79741e-05
3.45709e-05
5.08541e-05
7.54134e-05
0.000107939
0.000151392
0.000209645
0.000303993
0.000433678
6.67503e-05
0.000223967
0.000319669
0.000425687
0.000454823
0.000433473
0.000392734
0.000400907
0.000341709
0.000157274
3.27916e-05
2.34756e-05
3.43613e-05
7.10915e-05
0.000147214
0.000237561
0.000300641
0.000303713
0.000275742
0.000165919
8.82335e-05
0.000104978
0.000181421
0.000317314
0.000413282
0.000420277
0.000430125
0.000447588
0.000437076
0.000422732
0.000421158
0.000411081
0.000371753
0.000217138
3.45885e-05
1.56778e-05
2.13187e-05
3.9691e-05
6.85794e-05
0.000106136
0.000155928
0.00022623
0.000300564
0.000363105
0.000408413
0.00040899
0.000394152
0.000358988
0.000358593
0.000362129
0.00033013
0.000194391
4.22059e-05
3.16649e-05
4.08976e-05
6.32933e-05
9.36835e-05
0.000131583
0.00018436
0.00026818
0.000397116
0.00053769
0.000596852
0.000593334
0.000571401
0.000532345
0.000458195
0.000330156
0.000232185
0.000232231
0.000252614
0.000234555
0.000151537
7.58192e-05
6.75401e-05
7.50054e-05
9.30947e-05
0.000115081
0.000137009
0.000158143
0.000178094
0.000196135
0.000211857
0.000223852
0.000231501
0.000234842
0.000234593
0.000229252
0.000208287
0.00012977
4.5095e-05
3.42446e-05
4.03434e-05
5.81634e-05
8.69456e-05
0.000125958
0.000179182
0.000251761
0.000374582
0.000511756
8.77192e-06
3.82696e-05
7.18009e-05
8.77367e-05
9.36138e-05
0.000104203
0.000128883
0.000216865
0.000290446
0.000243495
0.000104224
6.92066e-05
8.40182e-05
0.00013931
0.000217919
0.000280932
0.000328864
0.000329285
0.000301108
0.000187301
0.000150913
0.00020343
0.000353557
0.000498775
0.000525493
0.000513729
0.00047513
0.000426439
0.000414109
0.000415461
0.000425512
0.000419758
0.000387488
0.000266456
5.31891e-05
2.4219e-05
3.09793e-05
5.31305e-05
8.70705e-05
0.000130576
0.000188972
0.000267672
0.000349536
0.000410801
0.000421223
0.000400844
0.000325867
0.000257311
0.000268396
0.000307831
0.000298934
0.000187931
4.85768e-05
3.77023e-05
4.80045e-05
7.31459e-05
0.000108414
0.000155124
0.000225043
0.000337582
0.000485982
0.000586299
0.000595743
0.000582642
0.000557253
0.000523853
0.000440306
0.000274668
0.000151439
0.000102266
8.0439e-05
7.42168e-05
6.98396e-05
7.11273e-05
8.3032e-05
0.000107601
0.000134857
0.000155593
0.000169854
0.000180863
0.000191212
0.00020222
0.000213938
0.000224027
0.000231366
0.000236873
0.00023738
0.000233912
0.000219061
0.000162085
6.30308e-05
4.17042e-05
4.71594e-05
6.64145e-05
9.98349e-05
0.00014634
0.000211336
0.000301893
0.000455459
0.000594581
1.02131e-06
4.95976e-06
1.0159e-05
1.50196e-05
2.12369e-05
3.1467e-05
6.13965e-05
0.000164096
0.000290072
0.000272617
0.000183748
0.000151715
0.000172644
0.000223549
0.000251494
0.000289382
0.00034704
0.000313916
0.000229201
0.000188061
0.000213558
0.000327308
0.000465457
0.000494471
0.000478621
0.000427238
0.000371497
0.000383435
0.000431039
0.000392993
0.00037397
0.000391049
0.000373358
0.000281091
6.91584e-05
3.4529e-05
4.29732e-05
6.94487e-05
0.000108993
0.000160091
0.000227183
0.000311699
0.000398803
0.000439055
0.00042836
0.000343491
0.000213317
0.000180404
0.000196616
0.000249704
0.000260134
0.00016905
5.18265e-05
4.40437e-05
5.6353e-05
8.53e-05
0.00012718
0.000186602
0.000279923
0.000417887
0.000552372
0.000589874
0.000584639
0.00056758
0.000552502
0.000528202
0.000441454
0.000254053
0.000113354
6.8598e-05
6.32335e-05
6.44519e-05
6.92613e-05
8.46392e-05
0.000116306
0.000150002
0.000169801
0.000175394
0.000178553
0.000182427
0.000188819
0.000198906
0.000213448
0.000225333
0.000231366
0.000236361
0.000237911
0.000236088
0.000225229
0.000183613
8.22555e-05
5.02076e-05
5.50367e-05
7.57846e-05
0.000114421
0.000169821
0.00024947
0.000362096
0.000543654
0.000674678
1.11625e-07
6.41447e-07
1.68945e-06
3.23178e-06
5.77756e-06
1.18338e-05
3.39218e-05
0.00011009
0.000260213
0.000294762
0.000258082
0.000233933
0.00022863
0.00021919
0.000204618
0.000262984
0.000364333
0.000336597
0.000263686
0.000260349
0.000329636
0.000425109
0.000446544
0.000403493
0.000314113
0.000282509
0.000307595
0.000415157
0.000452475
0.000340812
0.000270412
0.000318151
0.000340683
0.000261937
7.35259e-05
4.55957e-05
5.74198e-05
8.95609e-05
0.000135731
0.000195936
0.000267842
0.000355544
0.000439992
0.000457567
0.000421212
0.000267861
0.000150329
0.000143017
0.000158429
0.000208455
0.00022226
0.000144337
5.39192e-05
5.06743e-05
6.61682e-05
0.00010033
0.000151589
0.000229631
0.000349976
0.000495133
0.000572822
0.000574938
0.000562299
0.000559569
0.000566779
0.000560319
0.000491314
0.000276059
0.000112321
7.70224e-05
7.15208e-05
7.30219e-05
8.35944e-05
0.000113444
0.000152007
0.00016949
0.000171353
0.000172375
0.000174028
0.000178805
0.000190987
0.000211046
0.000229947
0.000231184
0.000223852
0.000219784
0.000223435
0.000228414
0.000222136
0.000195601
0.000102867
5.98518e-05
6.3981e-05
8.63634e-05
0.000130956
0.000197219
0.000295457
0.000433727
0.000632918
0.000744158
1.5431e-08
1.0637e-07
3.47044e-07
8.23983e-07
1.80714e-06
4.70066e-06
1.47163e-05
4.95816e-05
0.00013833
0.000244277
0.000244081
0.000229545
0.000209219
0.000156008
0.000135387
0.000213742
0.000363203
0.000380621
0.000359797
0.000363228
0.000391106
0.000401199
0.000343443
0.000235344
0.000206742
0.000233561
0.000322516
0.000457536
0.000459046
0.000299506
0.000164392
0.000211602
0.000280205
0.000210426
6.82676e-05
5.69579e-05
7.53405e-05
0.000115554
0.000171184
0.000241023
0.000314751
0.000399783
0.000471979
0.000476142
0.000417614
0.000209771
0.00012312
0.000123357
0.000140025
0.000184884
0.000191537
0.000120093
5.60038e-05
5.75779e-05
7.8111e-05
0.000119426
0.000184319
0.000287187
0.00042814
0.000542721
0.000561441
0.000551821
0.000548498
0.000561735
0.000591798
0.000593199
0.000547908
0.000378868
0.000169768
0.000103234
9.41768e-05
9.65779e-05
0.000113159
0.000147709
0.00016749
0.000168404
0.000168789
0.000171515
0.000178743
0.000193786
0.000221318
0.000240105
0.000236694
0.000221316
0.000185719
0.000175157
0.000180891
0.000199705
0.000209178
0.000192118
0.000122076
7.092e-05
7.4064e-05
9.84724e-05
0.000150258
0.000230303
0.000351906
0.000516114
0.000714368
0.000797579
3.67045e-09
2.27899e-08
8.74824e-08
2.7655e-07
7.6445e-07
2.03084e-06
5.61532e-06
1.68131e-05
4.50764e-05
0.000119538
0.000190142
0.000164145
0.000120441
7.11404e-05
8.19957e-05
0.000143856
0.000260838
0.000345893
0.00035385
0.000356267
0.000350234
0.000289805
0.000187352
0.000161177
0.000186156
0.00024691
0.000342865
0.000469001
0.000473948
0.000277782
0.000101272
0.000101991
0.000134384
0.000105254
6.32281e-05
7.01524e-05
0.000101099
0.000152744
0.000220888
0.000295767
0.000366493
0.000436636
0.000498988
0.000498586
0.0004173
0.00017889
0.000107588
0.000111598
0.000133363
0.000171463
0.00016707
9.6812e-05
5.89282e-05
6.5728e-05
9.29753e-05
0.000144802
0.000229748
0.000359283
0.000496736
0.000545177
0.000538135
0.000527829
0.000535214
0.000564911
0.000608826
0.000618259
0.00058867
0.000472331
0.000255367
0.000149173
0.000130829
0.000132937
0.000149277
0.000167244
0.000168545
0.000169828
0.00017687
0.000189526
0.000212988
0.000246998
0.000258516
0.000250667
0.000223647
0.000175481
0.000143075
0.00014081
0.000145507
0.000163245
0.000189054
0.000183049
0.00013403
8.27633e-05
8.53185e-05
0.000112624
0.000173509
0.000271233
0.000420376
0.000604429
0.000780601
0.000832813
9.77362e-09
6.90945e-08
2.42504e-07
5.75611e-07
1.15091e-06
2.08397e-06
3.73578e-06
7.84865e-06
1.45088e-05
2.97233e-05
6.32958e-05
5.14027e-05
3.89365e-05
3.91693e-05
5.42935e-05
8.68076e-05
0.000155243
0.000239832
0.000280538
0.000274563
0.000218647
0.000150399
0.00013009
0.000147003
0.000187605
0.000238586
0.000317459
0.000448734
0.000506697
0.000281408
9.33472e-05
6.67917e-05
6.76088e-05
6.71534e-05
7.0561e-05
9.40541e-05
0.000140697
0.000209309
0.0002873
0.000357253
0.000404292
0.000458212
0.000522848
0.000521879
0.000432803
0.000165893
9.47054e-05
0.000103095
0.000132316
0.000158899
0.000142291
7.84397e-05
6.36157e-05
7.5694e-05
0.000112727
0.000180136
0.000292573
0.000438383
0.000524872
0.00052582
0.000508186
0.000507827
0.000527212
0.000570546
0.00061663
0.000633114
0.000617652
0.000549602
0.000364078
0.000222773
0.000181587
0.000174777
0.000175894
0.000177057
0.000179901
0.000190496
0.000218033
0.000258465
0.000293113
0.000293895
0.000277766
0.000231009
0.000169407
0.000137406
0.000129472
0.000129811
0.000132688
0.000143586
0.000170102
0.000172764
0.000138579
9.4047e-05
9.7527e-05
0.000129498
0.000202415
0.000322744
0.000500614
0.000691541
0.00082509
0.000851367
7.14386e-08
4.26889e-07
1.26845e-06
2.58059e-06
4.65308e-06
7.79109e-06
1.09904e-05
1.27747e-05
1.44317e-05
1.79058e-05
2.50559e-05
2.8951e-05
3.3218e-05
3.91809e-05
4.62872e-05
5.91952e-05
8.1714e-05
0.000110896
0.000137348
0.000131096
0.000110356
0.000107929
0.000118604
0.00013921
0.000169978
0.000209745
0.000279587
0.000395149
0.000531791
0.0003853
0.000130636
7.63967e-05
7.1776e-05
7.53613e-05
9.48606e-05
0.000137028
0.000205657
0.000292182
0.000367467
0.000399389
0.000416701
0.000467928
0.000538609
0.000543981
0.000459314
0.000167101
8.20305e-05
9.3844e-05
0.000128255
0.00014272
0.000116442
7.00689e-05
6.96556e-05
8.95973e-05
0.000139802
0.000230767
0.000371374
0.000496555
0.000514612
0.000494348
0.000483158
0.000493849
0.000527987
0.000574855
0.000618306
0.000638512
0.000636449
0.000601282
0.000470404
0.000315353
0.000240064
0.000209415
0.000198692
0.000201324
0.000219221
0.000262994
0.00032199
0.000353976
0.000351713
0.000323768
0.000254158
0.000172756
0.000135826
0.00012691
0.000126189
0.00012682
0.000128947
0.000136282
0.000157648
0.000162882
0.00013753
0.0001039
0.00011063
0.000149943
0.000239116
0.000386898
0.000588809
0.000768205
0.000846369
0.000856421
6.66561e-07
3.02533e-06
7.06869e-06
1.23293e-05
1.90543e-05
2.64656e-05
3.14467e-05
3.34774e-05
3.5668e-05
3.64644e-05
3.94543e-05
4.59401e-05
5.05437e-05
5.49489e-05
5.69914e-05
5.97351e-05
6.4697e-05
7.34788e-05
8.27748e-05
8.9411e-05
9.48187e-05
0.000102587
0.000108961
0.000118419
0.000137131
0.000167989
0.000231175
0.0003349
0.000520066
0.000482912
0.000223722
0.000112871
9.68906e-05
0.000106831
0.000145877
0.000215126
0.000308526
0.000388229
0.000399407
0.000397024
0.000417749
0.000477638
0.000545788
0.000563465
0.000487855
0.000181164
7.21769e-05
8.02928e-05
0.000113312
0.000119953
9.06124e-05
6.90615e-05
7.74524e-05
0.000109834
0.000179229
0.000301238
0.000451183
0.00050327
0.000485304
0.000461946
0.000466123
0.000490234
0.000531355
0.000573365
0.00061076
0.000637437
0.000645585
0.000633116
0.000558387
0.00041732
0.000307064
0.0002554
0.0002498
0.000266249
0.000312272
0.000376077
0.000420842
0.000421525
0.000392443
0.000306696
0.000193501
0.000139411
0.000127328
0.000125508
0.000125555
0.000126118
0.000128109
0.000134567
0.000151265
0.000154699
0.000134423
0.000112589
0.000125178
0.000175
0.000286128
0.000464241
0.000677642
0.000821057
0.000849278
0.000848631
4.6488e-06
1.75066e-05
3.2608e-05
4.49794e-05
5.56703e-05
6.41576e-05
6.83568e-05
7.06882e-05
7.41818e-05
7.56868e-05
7.69569e-05
7.86092e-05
7.88223e-05
7.92822e-05
7.88434e-05
7.91872e-05
8.01035e-05
8.28639e-05
8.74488e-05
9.11602e-05
9.29061e-05
9.44312e-05
9.03573e-05
9.14359e-05
0.000103134
0.000127035
0.000177738
0.000261541
0.000418649
0.000533694
0.000355413
0.000193971
0.0001629
0.000184503
0.000249728
0.00034681
0.000407945
0.000401683
0.000377092
0.000383858
0.000421025
0.000477678
0.000537438
0.00057583
0.000522851
0.000223655
6.9163e-05
6.53138e-05
8.15534e-05
8.62403e-05
7.27814e-05
7.29095e-05
9.03619e-05
0.000140946
0.000238459
0.000389858
0.000490763
0.000482357
0.000446352
0.000442347
0.000458774
0.000493046
0.000530015
0.00056256
0.000593384
0.000625313
0.000647696
0.000652671
0.000622855
0.000529013
0.000418297
0.000358306
0.000355293
0.000382726
0.000433005
0.000480481
0.000496075
0.000478632
0.000399664
0.000252685
0.000155799
0.000130978
0.000126918
0.00012681
0.000126563
0.000126921
0.000128781
0.000134879
0.000146895
0.000147803
0.000129868
0.000121138
0.000140791
0.000208079
0.000346392
0.000552578
0.000755804
0.00084051
0.000841826
0.000827524
6.84306e-06
2.89172e-05
5.22541e-05
6.94377e-05
8.12932e-05
9.02261e-05
9.28465e-05
9.36004e-05
9.31608e-05
9.27519e-05
9.33614e-05
9.39373e-05
9.4573e-05
9.45605e-05
9.37806e-05
9.20733e-05
8.98589e-05
8.82981e-05
8.76829e-05
8.64538e-05
8.35123e-05
7.66542e-05
6.88382e-05
7.01416e-05
7.97535e-05
9.63244e-05
0.000128374
0.000181382
0.000297783
0.000476219
0.000463273
0.000369613
0.000329661
0.000359175
0.000417028
0.000429252
0.000394974
0.000347094
0.000344979
0.000372094
0.000413509
0.000454036
0.000504734
0.000576984
0.000559138
0.000307731
7.83004e-05
6.04931e-05
6.32799e-05
6.7383e-05
7.09236e-05
8.16457e-05
0.000116611
0.000193086
0.000329402
0.000472946
0.000482558
0.00043847
0.000421507
0.000432914
0.00046081
0.000492438
0.000519655
0.000543517
0.000571166
0.000607317
0.000642391
0.000659652
0.000659154
0.000629577
0.00056933
0.000515191
0.000508161
0.000522302
0.000549262
0.000569807
0.000567427
0.000519514
0.000373867
0.000211272
0.000143325
0.000134578
0.000134259
0.000132716
0.00012953
0.000128165
0.000129162
0.000133334
0.000140473
0.000139403
0.000127179
0.000130593
0.000162236
0.000253371
0.000424687
0.000648832
0.000808591
0.000839247
0.000823651
0.000789882
7.57132e-07
5.0001e-06
1.16057e-05
1.94022e-05
2.84718e-05
3.65442e-05
4.24698e-05
4.83747e-05
5.37749e-05
6.07157e-05
6.64654e-05
7.07048e-05
7.29483e-05
7.32433e-05
7.19899e-05
7.00863e-05
6.924e-05
6.88761e-05
6.81845e-05
6.43335e-05
5.76933e-05
5.40739e-05
5.48577e-05
6.04501e-05
6.98883e-05
8.04442e-05
9.56383e-05
0.000121328
0.000179478
0.000302
0.000458678
0.000489372
0.00045993
0.000439174
0.000407196
0.000348656
0.000299437
0.000295569
0.000317833
0.000348719
0.000376173
0.000403764
0.000452306
0.000552138
0.00059198
0.000448754
0.00011748
6.84704e-05
6.7114e-05
7.09962e-05
7.90992e-05
0.000105263
0.000167494
0.000288986
0.000451683
0.000487217
0.00043788
0.000403773
0.000411299
0.000434314
0.000460443
0.000481794
0.000498301
0.000517184
0.000546925
0.000588483
0.000630232
0.000659293
0.000670523
0.000671842
0.000665052
0.000646162
0.000638157
0.000637519
0.000645209
0.000650505
0.000634471
0.000544497
0.000354323
0.000198584
0.000162869
0.000156525
0.000152499
0.000144297
0.000134613
0.000129224
0.000128443
0.000129173
0.000130823
0.000130161
0.000129207
0.000143234
0.000195085
0.000318687
0.000524731
0.000741053
0.00082583
0.000826551
0.000786545
0.000734702
5.08609e-08
4.35495e-07
1.18129e-06
2.21175e-06
3.59685e-06
5.36035e-06
7.25832e-06
9.60248e-06
1.25337e-05
1.62769e-05
1.96836e-05
2.24364e-05
2.43035e-05
2.56816e-05
2.64461e-05
2.77609e-05
2.97685e-05
3.20857e-05
3.42454e-05
3.62851e-05
3.8665e-05
4.356e-05
5.16637e-05
6.08637e-05
6.89346e-05
7.66903e-05
8.54503e-05
9.6214e-05
0.000115369
0.000156002
0.000214936
0.000299685
0.000311411
0.000290743
0.000257687
0.000234159
0.000238625
0.000255646
0.000279713
0.000297124
0.000311601
0.00033526
0.000386062
0.000484739
0.000601037
0.000556895
0.000247027
0.000101868
8.57488e-05
8.97603e-05
0.00010957
0.000166242
0.000280578
0.000445978
0.000498337
0.000443598
0.000389928
0.000393033
0.000411774
0.000432691
0.000447426
0.000456078
0.000465993
0.000486765
0.000524527
0.000572223
0.000615183
0.000647737
0.000670482
0.000682936
0.000693064
0.000697092
0.000706845
0.000717228
0.000728127
0.000726869
0.000697176
0.000578362
0.00039427
0.000278423
0.000237907
0.000222678
0.000204734
0.000173169
0.000145655
0.00013356
0.000129408
0.00012852
0.000128966
0.000130493
0.000136471
0.000163782
0.000247941
0.000411864
0.000640484
0.000800746
0.000819664
0.000795436
0.000724505
0.000664051
3.2458e-09
2.99007e-08
9.11819e-08
1.95263e-07
3.53923e-07
5.96363e-07
8.89892e-07
1.29111e-06
1.84699e-06
2.54341e-06
3.28598e-06
4.05717e-06
4.85244e-06
5.75335e-06
6.88442e-06
8.73568e-06
1.09137e-05
1.38806e-05
1.962e-05
2.7886e-05
3.83248e-05
5.08949e-05
6.45668e-05
7.33957e-05
7.73382e-05
8.12989e-05
8.60529e-05
9.27922e-05
0.000101404
0.000112638
0.000125663
0.000142349
0.000156383
0.000165995
0.000176242
0.000187299
0.000199263
0.000210581
0.000223073
0.000228456
0.000239682
0.000265406
0.000315021
0.000396856
0.000537436
0.000596804
0.000421228
0.000219002
0.000153907
0.00015752
0.000210873
0.000324686
0.000468367
0.000504026
0.000448283
0.00038006
0.000378304
0.000392164
0.000407654
0.000413269
0.000412787
0.000413959
0.000425678
0.000457284
0.000507067
0.000559343
0.000600029
0.000630345
0.000656166
0.00067873
0.000702321
0.000727257
0.000760372
0.000785716
0.000797702
0.000795093
0.000768
0.00066976
0.000533927
0.000452861
0.000421552
0.000393587
0.000342281
0.000253632
0.000176192
0.000144906
0.000135529
0.000132341
0.000132549
0.000135827
0.000152705
0.000206502
0.000332542
0.000538198
0.000750125
0.000813335
0.000793753
0.000728532
0.000640192
0.000584425
1.94989e-10
1.91713e-09
6.6705e-09
1.64868e-08
3.29365e-08
6.10459e-08
1.01214e-07
1.67829e-07
2.72927e-07
4.1208e-07
5.846e-07
8.08402e-07
1.13011e-06
1.66636e-06
2.47513e-06
4.73485e-06
9.53976e-06
1.68726e-05
2.75483e-05
4.16579e-05
5.82587e-05
7.34081e-05
8.27125e-05
8.61409e-05
8.84217e-05
9.35586e-05
0.000100366
0.000107019
0.000114731
0.000119266
0.000126031
0.000135001
0.000144987
0.000155114
0.000163243
0.00016961
0.000171758
0.000172045
0.000173067
0.00017644
0.000188668
0.000212525
0.000252302
0.000313058
0.000413147
0.000552073
0.000537122
0.000449094
0.000365794
0.00037047
0.000432143
0.000494268
0.000492724
0.00043386
0.000370828
0.000365261
0.000373952
0.00038229
0.000380675
0.00036408
0.000356118
0.000361218
0.000385492
0.000432889
0.000493848
0.000546554
0.000581825
0.000610271
0.00063991
0.000671873
0.000706287
0.000744557
0.000787419
0.000821306
0.000843186
0.000850357
0.000842921
0.000778399
0.00070732
0.000691157
0.000683948
0.000651592
0.000575983
0.000434229
0.000269331
0.000180483
0.00015498
0.000146444
0.000145984
0.000154829
0.000193789
0.000285159
0.000461454
0.000682952
0.00080481
0.000796949
0.00071955
0.000624151
0.000546409
0.00050707
1.11836e-11
1.14536e-10
4.52926e-10
1.23526e-09
2.63966e-09
5.34904e-09
1.00994e-08
1.97024e-08
3.7908e-08
6.74752e-08
1.15609e-07
1.9768e-07
3.47742e-07
8.03285e-07
2.24108e-06
5.9362e-06
1.37855e-05
2.74757e-05
4.68576e-05
6.90148e-05
8.58321e-05
9.07494e-05
9.26159e-05
9.4792e-05
0.000100105
0.000109834
0.000120315
0.000130203
0.000141224
0.000147305
0.000152809
0.000156818
0.000163312
0.000168363
0.000172226
0.000172011
0.000164262
0.000154346
0.00015388
0.000157661
0.00016699
0.000187918
0.000218121
0.000256545
0.000310057
0.00038612
0.000489934
0.000529382
0.000505273
0.00047777
0.000475533
0.000454944
0.000399576
0.000357821
0.000352316
0.000354654
0.000354538
0.000339667
0.000308772
0.000288359
0.000289356
0.000308142
0.000350531
0.0004134
0.000482335
0.000527109
0.000548597
0.000569491
0.000599015
0.000634503
0.000676421
0.000728041
0.000780076
0.000826569
0.000860245
0.000879894
0.000884482
0.000859447
0.000847697
0.000852559
0.000857672
0.000844971
0.000794737
0.000683441
0.000479137
0.000289086
0.00021416
0.000189968
0.000188896
0.000209032
0.000282006
0.000420857
0.000639371
0.0008087
0.000805952
0.000723854
0.000584266
0.000512161
0.000461991
0.00044269
5.99515e-13
6.60094e-12
2.86409e-11
8.41402e-11
1.97225e-10
4.6199e-10
1.0929e-09
2.78516e-09
6.96996e-09
1.5793e-08
3.49525e-08
9.7984e-08
2.99656e-07
9.30962e-07
2.89229e-06
8.36632e-06
2.00836e-05
4.02771e-05
6.80185e-05
9.18921e-05
9.83472e-05
9.60406e-05
9.57789e-05
0.00010127
0.000112787
0.000125035
0.000135615
0.000147207
0.000162248
0.000176278
0.000188967
0.000197616
0.000205499
0.000207339
0.000205421
0.000197368
0.000178209
0.000156164
0.000149794
0.000153967
0.000165019
0.000187934
0.000216202
0.000243733
0.000271425
0.000300703
0.000333538
0.000364725
0.000392428
0.000393613
0.000380265
0.000355548
0.00034151
0.000338251
0.000334369
0.000320825
0.000282101
0.000240297
0.000218326
0.000215874
0.00022933
0.000263326
0.000319264
0.000393564
0.000464429
0.000483487
0.000476372
0.000478776
0.000497352
0.000527379
0.000569423
0.000637147
0.000707637
0.000790071
0.000850182
0.000876671
0.000891472
0.00088779
0.000891059
0.000894633
0.000902317
0.000902009
0.000882157
0.000845844
0.000739133
0.000536426
0.000385467
0.000307065
0.000298146
0.000334341
0.000457651
0.000637824
0.0008401
0.000835098
0.000709421
0.000546207
0.000457469
0.000424851
0.000399552
0.000397951
3.0643e-14
3.50215e-13
1.62504e-12
5.19321e-12
1.41972e-11
4.45994e-11
1.66464e-10
5.71114e-10
1.90125e-09
6.67573e-09
2.31233e-08
7.94007e-08
2.67781e-07
8.80001e-07
2.80875e-06
8.66147e-06
2.25431e-05
4.81654e-05
8.25316e-05
0.000100159
9.70589e-05
9.11772e-05
9.49146e-05
0.000109015
0.000123552
0.000132121
0.000140587
0.000152212
0.000170675
0.000193055
0.000215034
0.000232401
0.000246981
0.000250241
0.000246487
0.000231462
0.000199263
0.000168905
0.000164706
0.000172505
0.000198146
0.000236825
0.000263918
0.000276159
0.000282845
0.000290484
0.000301482
0.000311394
0.000320935
0.000327075
0.000327746
0.000325028
0.000319644
0.000309884
0.000273876
0.000207531
0.000167872
0.000153278
0.000153491
0.000164044
0.00018644
0.000224432
0.000286071
0.000364598
0.000414096
0.000394233
0.000356679
0.000345439
0.000355868
0.00038099
0.000423913
0.00050595
0.00058762
0.000701695
0.000765296
0.00077547
0.000811808
0.00085329
0.000827778
0.000796533
0.000814359
0.000855688
0.000872091
0.000883094
0.000861819
0.000813263
0.000714185
0.000618226
0.000584923
0.000625747
0.000769578
0.000892358
0.000844282
0.000671798
0.000481534
0.000407399
0.000377955
0.000366754
0.000361835
0.000373839
1.44819e-15
1.70779e-14
8.64321e-14
3.33188e-13
1.45431e-12
9.93629e-12
7.67824e-11
4.30833e-10
1.81034e-09
6.95833e-09
2.55074e-08
9.04391e-08
3.11536e-07
1.0443e-06
3.39266e-06
1.06013e-05
2.76075e-05
5.83539e-05
9.27482e-05
9.7881e-05
8.52096e-05
8.16754e-05
9.426e-05
0.00011615
0.000127521
0.000130924
0.000135459
0.000148226
0.000172239
0.0002041
0.000235126
0.000259206
0.00027736
0.000279884
0.000273394
0.00024921
0.000206038
0.000178375
0.000173529
0.000183963
0.000235156
0.000278304
0.000292458
0.000296442
0.000299307
0.00030119
0.000303737
0.000306156
0.000308933
0.000310412
0.000307123
0.000295278
0.000264441
0.000211266
0.000143806
0.000110667
0.000105092
0.00010969
0.000122921
0.000139046
0.000157837
0.000189743
0.0002467
0.00031129
0.000311768
0.000274293
0.000232933
0.000224068
0.000231469
0.000251719
0.000289438
0.00036722
0.00043882
0.000561969
0.000601432
0.000595233
0.000623844
0.000662773
0.000604513
0.000565285
0.000587137
0.000638563
0.000694279
0.000769055
0.000864287
0.000906599
0.000912055
0.000936839
0.000926319
0.000931194
0.000896815
0.000801222
0.00055977
0.00040548
0.00034999
0.000336101
0.000330173
0.000333127
0.000342465
0.000371552
6.41695e-17
8.01975e-16
4.99062e-15
3.17934e-14
3.13407e-13
3.83752e-12
3.99293e-11
2.94314e-10
1.31188e-09
5.17295e-09
1.92197e-08
6.89868e-08
2.41815e-07
8.29109e-07
2.77063e-06
8.95921e-06
2.51961e-05
5.69274e-05
9.08413e-05
8.98191e-05
6.93838e-05
7.08482e-05
9.36154e-05
0.000117597
0.000119575
0.000116834
0.00011956
0.000136154
0.00017091
0.000215339
0.00025532
0.000283189
0.000298224
0.000296487
0.000282893
0.000244481
0.00019822
0.000170925
0.000161793
0.00018965
0.000260062
0.000292323
0.000299878
0.000296497
0.000290994
0.000289001
0.00028897
0.000289722
0.000287875
0.000279063
0.000252436
0.000202801
0.000151191
0.00011461
8.97826e-05
7.98465e-05
8.29833e-05
9.55095e-05
0.000116351
0.000130851
0.000142067
0.000162847
0.000202567
0.000223785
0.000207545
0.000174862
0.00015563
0.000155911
0.000162123
0.000174855
0.000199653
0.00024966
0.000293439
0.000386631
0.00040585
0.000397734
0.000414465
0.000432176
0.000395559
0.000368207
0.000375302
0.000403495
0.000429475
0.000475284
0.000566957
0.000669197
0.00074585
0.00079152
0.000762591
0.000701161
0.000557458
0.00041959
0.000313974
0.000291554
0.000288396
0.000292714
0.000303112
0.000322122
0.000344192
0.000388634
2.9422e-18
4.44819e-17
4.89051e-16
7.09288e-15
1.19005e-13
1.72894e-12
1.98989e-11
1.72803e-10
9.23694e-10
3.84741e-09
1.47395e-08
5.40875e-08
1.92959e-07
6.70534e-07
2.26795e-06
7.42455e-06
2.22197e-05
5.34702e-05
8.5378e-05
7.85579e-05
5.54009e-05
6.02609e-05
8.94499e-05
0.000111519
0.000108221
0.00010201
0.000105162
0.000125947
0.000172511
0.000230245
0.000276248
0.000302193
0.000309192
0.000301407
0.000275203
0.000224848
0.00017181
0.000134265
0.000123509
0.000189581
0.000260344
0.000279652
0.000280558
0.000260002
0.000245978
0.000240884
0.000237111
0.000231664
0.000220913
0.000199539
0.000171782
0.000149791
0.000133885
0.000113733
8.94799e-05
7.30601e-05
7.71137e-05
9.25452e-05
0.00011779
0.000130152
0.000135413
0.000145184
0.000159488
0.000154865
0.000143036
0.000133208
0.000130972
0.000134819
0.000141119
0.000150156
0.000162908
0.000183206
0.000197759
0.000231397
0.000240146
0.000244728
0.000262557
0.000278383
0.000259724
0.00023461
0.000220801
0.000222013
0.000221272
0.000227216
0.000248774
0.000269191
0.000282644
0.0003039
0.000302148
0.000280941
0.000246979
0.000230951
0.000229451
0.000240439
0.000259425
0.000281212
0.000305814
0.000334868
0.000371261
0.000432415
2.1479e-19
5.05414e-18
1.08685e-16
2.32316e-15
4.15461e-14
6.17926e-13
7.45008e-12
7.01101e-11
4.854e-10
2.13958e-09
8.43181e-09
3.16992e-08
1.16072e-07
4.15018e-07
1.44885e-06
4.89168e-06
1.57925e-05
4.28874e-05
7.36533e-05
7.03521e-05
4.87023e-05
4.96183e-05
7.65049e-05
0.000101561
9.94126e-05
9.12518e-05
9.32014e-05
0.000116191
0.000175738
0.000246843
0.000293799
0.000312116
0.000310471
0.00029376
0.000246928
0.000176383
0.00010904
7.25488e-05
6.89393e-05
0.000138247
0.000208257
0.000236114
0.0002389
0.000210405
0.000189775
0.000179598
0.000174482
0.000172837
0.000175007
0.00017535
0.000171189
0.000167675
0.000166839
0.00015758
0.000121791
7.60179e-05
7.45007e-05
9.0866e-05
0.00012026
0.000131013
0.000132766
0.00013504
0.000134432
0.000128888
0.000123432
0.000121767
0.000124599
0.000133615
0.000145035
0.000151255
0.000158145
0.000164363
0.000167012
0.000170659
0.000176338
0.000190696
0.000212544
0.000210834
0.000182504
0.000144595
0.000121483
0.00011241
0.000106922
0.000106172
0.000113016
0.000122477
0.000129576
0.00013829
0.000148746
0.000161764
0.000177982
0.000197281
0.000217467
0.000239204
0.000263552
0.000292758
0.000332083
0.000375306
0.000418841
0.000478095
3.83394e-20
1.17597e-18
3.04381e-17
6.4899e-16
1.17082e-14
1.7776e-13
2.24663e-12
2.28656e-11
1.83637e-10
1.04243e-09
4.40402e-09
1.71436e-08
6.43425e-08
2.35435e-07
8.41952e-07
2.92074e-06
9.73569e-06
2.93625e-05
5.73054e-05
5.83183e-05
4.19602e-05
3.88672e-05
5.79491e-05
8.87582e-05
9.23331e-05
8.35145e-05
8.22029e-05
0.000105929
0.000179623
0.000263041
0.000303891
0.000312669
0.00030328
0.000267241
0.000187882
9.92957e-05
4.86968e-05
3.34703e-05
3.31818e-05
5.67583e-05
9.69645e-05
0.000146287
0.000181706
0.000189074
0.000173995
0.000164643
0.000161308
0.000164168
0.000173919
0.000183501
0.000192114
0.000202452
0.000204452
0.000195255
0.000159139
8.50058e-05
6.86485e-05
8.35963e-05
0.000118224
0.000132327
0.000132162
0.000130886
0.000127524
0.000121298
0.000120273
0.000125127
0.000143121
0.00017766
0.000216814
0.000229217
0.000227222
0.000210278
0.000186672
0.000173208
0.000184613
0.000204967
0.000203945
0.000150695
9.72141e-05
6.08267e-05
4.69264e-05
4.54008e-05
4.94427e-05
5.84587e-05
6.95286e-05
8.11653e-05
9.85762e-05
0.000117897
0.000137577
0.000157919
0.00017945
0.000202246
0.000229236
0.000258176
0.00029269
0.000332668
0.000378256
0.000419499
0.000453545
0.000501555
8.37802e-21
2.57671e-19
6.44365e-18
1.38491e-16
2.46569e-15
3.65667e-14
4.68291e-13
5.00245e-12
4.2693e-11
2.79958e-10
1.48436e-09
6.4272e-09
2.56795e-08
9.86742e-08
3.68687e-07
1.3314e-06
4.59921e-06
1.509e-05
3.52263e-05
3.97726e-05
3.07262e-05
2.59061e-05
3.62104e-05
6.53774e-05
8.06231e-05
7.35586e-05
6.88018e-05
9.42225e-05
0.000181841
0.000273847
0.000305254
0.000307231
0.000282595
0.000209346
0.00011012
5.30958e-05
3.7621e-05
3.58745e-05
3.71437e-05
3.64074e-05
3.45655e-05
4.27528e-05
7.63101e-05
0.000120814
0.000148796
0.00015656
0.00015885
0.000160909
0.000165568
0.000172026
0.000180137
0.000188972
0.000196304
0.000191436
0.000166847
9.28755e-05
6.03557e-05
7.14111e-05
0.000109113
0.000133813
0.000136008
0.000136043
0.000132056
0.000121317
0.000121582
0.000134363
0.000172328
0.000232232
0.00030235
0.00032984
0.000316284
0.000273869
0.000220228
0.000204776
0.000220567
0.000213236
0.000127734
5.89672e-05
2.9954e-05
2.01397e-05
1.85188e-05
2.25361e-05
3.09296e-05
4.46922e-05
6.20396e-05
8.13512e-05
0.000101735
0.000122852
0.000145015
0.000168354
0.000194121
0.000222854
0.000256651
0.000291074
0.000327947
0.000365553
0.000402388
0.000435153
0.000462268
0.000506782
1.33353e-21
4.08774e-20
1.00237e-18
2.05249e-17
3.44634e-16
4.8827e-15
6.21273e-14
6.87452e-13
6.17674e-12
4.50697e-11
2.91121e-10
1.62232e-09
7.20353e-09
3.01359e-08
1.19208e-07
4.54669e-07
1.66592e-06
5.8503e-06
1.52618e-05
1.77119e-05
1.41061e-05
1.21391e-05
1.76914e-05
3.80999e-05
5.79322e-05
5.42701e-05
5.12735e-05
8.1894e-05
0.000186934
0.000280088
0.000299249
0.000288422
0.000232689
0.000137026
7.00005e-05
5.13778e-05
4.83469e-05
6.36089e-05
7.07956e-05
6.48551e-05
4.43e-05
2.94633e-05
2.32585e-05
2.54684e-05
4.78634e-05
7.79695e-05
9.84556e-05
0.000111564
0.000113969
0.00011421
0.00011603
0.000121366
0.000136074
0.000148059
0.000138092
9.01539e-05
5.13256e-05
5.74235e-05
9.34039e-05
0.000132212
0.000145796
0.0001455
0.000135429
0.000116161
0.000120435
0.000146321
0.000208432
0.000298171
0.000393383
0.000424641
0.000392768
0.000321653
0.000267348
0.000246277
0.000222743
0.000144741
4.86171e-05
2.0424e-05
1.02389e-05
8.19837e-06
9.38217e-06
1.50721e-05
2.64344e-05
4.32549e-05
6.32644e-05
8.36929e-05
0.000104014
0.000125583
0.000148808
0.000175529
0.000207303
0.000242738
0.000277551
0.000308937
0.000339534
0.000374799
0.000403533
0.000418799
0.000425856
0.000455606
1.47742e-22
4.18935e-21
9.37048e-20
1.76289e-18
2.74171e-17
3.71245e-16
4.76085e-15
5.50931e-14
5.35865e-13
4.3846e-12
3.25182e-11
2.15789e-10
1.31381e-09
6.85316e-09
2.881e-08
1.14818e-07
4.29527e-07
1.43223e-06
3.28417e-06
3.72406e-06
3.27469e-06
3.41171e-06
5.52652e-06
1.37269e-05
2.67482e-05
2.8048e-05
3.09283e-05
6.50076e-05
0.000180273
0.000275975
0.000287773
0.000257252
0.000178965
9.74839e-05
6.7086e-05
6.10073e-05
7.77202e-05
8.82887e-05
9.1924e-05
8.86662e-05
7.76292e-05
6.0065e-05
3.78065e-05
1.78131e-05
8.47563e-06
1.26074e-05
2.01905e-05
2.82675e-05
3.20971e-05
3.50689e-05
4.03505e-05
4.94339e-05
6.51274e-05
8.49142e-05
8.37181e-05
6.17769e-05
3.94134e-05
4.35108e-05
7.37922e-05
0.000122772
0.00015121
0.000148729
0.000126503
0.000106931
0.000118642
0.00016431
0.000249579
0.000367329
0.00046588
0.000483535
0.000427905
0.000343148
0.000274322
0.000214018
0.000130099
5.39052e-05
2.21979e-05
1.20504e-05
6.68135e-06
4.79639e-06
6.02773e-06
1.14774e-05
2.27753e-05
3.82607e-05
5.38498e-05
6.70461e-05
8.13423e-05
0.000100973
0.000123479
0.000155619
0.000195878
0.000228504
0.000247705
0.000271616
0.000301583
0.000347732
0.000343213
0.000316793
0.000280335
0.000318957
8.99885e-24
2.26375e-22
4.57406e-21
8.04786e-20
1.25377e-18
1.84741e-17
2.64892e-16
3.50855e-15
3.87839e-14
3.53973e-13
2.94155e-12
2.2802e-11
1.65289e-10
9.95355e-10
5.12125e-09
2.25399e-08
8.02603e-08
2.1693e-07
3.90509e-07
4.69034e-07
5.07867e-07
7.2514e-07
1.42312e-06
3.50579e-06
6.70874e-06
8.67243e-06
1.69072e-05
5.25073e-05
0.000179727
0.000266574
0.000259786
0.000205367
0.000128252
8.18868e-05
6.94764e-05
6.96977e-05
8.35557e-05
8.90096e-05
9.09205e-05
9.1384e-05
8.60327e-05
7.21943e-05
5.11116e-05
2.8611e-05
1.14816e-05
3.32698e-06
2.81012e-06
3.97704e-06
5.60031e-06
7.71062e-06
1.05791e-05
1.47906e-05
2.26212e-05
3.61817e-05
3.99992e-05
3.44307e-05
2.77018e-05
3.13571e-05
5.28434e-05
9.80074e-05
0.000139954
0.000136827
0.000103786
9.80531e-05
0.000122567
0.00018316
0.000280378
0.000418798
0.000501698
0.000502821
0.000420683
0.000326511
0.000229992
0.000121006
4.84646e-05
2.89518e-05
2.45022e-05
1.7835e-05
8.17983e-06
3.86832e-06
3.9828e-06
7.76762e-06
1.57687e-05
2.50422e-05
3.30036e-05
3.95625e-05
4.85509e-05
6.33162e-05
8.09179e-05
0.000108178
0.000139888
0.000156769
0.000165456
0.000192877
0.000253711
0.000302024
0.000244465
0.000134704
0.000110701
0.000178774
2.80092e-25
6.80755e-24
1.44223e-22
2.77251e-21
4.81598e-20
7.84755e-19
1.26329e-17
1.87194e-16
2.30063e-15
2.27465e-14
2.03106e-13
1.72463e-12
1.32599e-11
8.5401e-11
5.01899e-10
2.30835e-09
8.48818e-09
2.23588e-08
3.86818e-08
4.90161e-08
6.76476e-08
1.35077e-07
3.08258e-07
7.08008e-07
1.32222e-06
2.2653e-06
7.50275e-06
3.13363e-05
0.000129839
0.000244581
0.00024474
0.0001804
0.000116302
8.25366e-05
7.25513e-05
7.10288e-05
7.56148e-05
7.85015e-05
8.48855e-05
8.49477e-05
7.86649e-05
6.50815e-05
4.67946e-05
2.82024e-05
1.32889e-05
4.24258e-06
1.06234e-06
8.10476e-07
1.0949e-06
1.67286e-06
2.64662e-06
4.2224e-06
7.18212e-06
1.24239e-05
1.66e-05
1.66589e-05
1.71071e-05
2.18272e-05
3.78285e-05
7.59993e-05
0.000119646
0.000111717
8.18737e-05
8.8752e-05
0.000127292
0.000192362
0.000292042
0.000439195
0.000517119
0.000495446
0.000383248
0.000264514
0.000142718
6.20821e-05
3.96212e-05
4.05109e-05
3.71653e-05
2.62894e-05
1.31202e-05
3.91273e-06
2.56635e-06
4.47009e-06
8.79909e-06
1.32731e-05
1.67705e-05
1.98526e-05
2.51158e-05
3.45024e-05
4.57889e-05
6.12992e-05
7.83455e-05
9.52831e-05
0.000117864
0.000154462
0.0002335
0.00024018
0.000126801
5.3289e-05
4.82927e-05
8.65305e-05
6.38317e-27
1.72301e-25
3.95164e-24
8.31715e-23
1.60836e-21
2.94979e-20
5.30224e-19
8.6498e-18
1.16966e-16
1.25845e-15
1.21944e-14
1.07949e-13
8.70892e-13
6.08092e-12
3.67589e-11
1.767e-10
6.91282e-10
1.80417e-09
3.14181e-09
4.39446e-09
7.70755e-09
1.92239e-08
4.97335e-08
1.13575e-07
2.26392e-07
5.25457e-07
2.65285e-06
1.28053e-05
5.36158e-05
0.000178228
0.000225909
0.000196754
0.000135579
9.45684e-05
8.37417e-05
8.69772e-05
9.40368e-05
9.68835e-05
9.40458e-05
8.34491e-05
6.22641e-05
4.07618e-05
2.39397e-05
1.23635e-05
5.71677e-06
2.35661e-06
7.56186e-07
2.69685e-07
2.81853e-07
4.03245e-07
6.83607e-07
1.22757e-06
2.38748e-06
4.53277e-06
7.00074e-06
8.66157e-06
1.07727e-05
1.64393e-05
3.19763e-05
6.92535e-05
0.000101882
8.36542e-05
6.29781e-05
7.88274e-05
0.00012619
0.000184434
0.000272586
0.000432844
0.000514533
0.000468625
0.000313805
0.000173476
8.4502e-05
5.74976e-05
5.25267e-05
4.8448e-05
4.03702e-05
2.87054e-05
1.57228e-05
5.41747e-06
1.86425e-06
2.3929e-06
4.15997e-06
5.83059e-06
7.21244e-06
9.07708e-06
1.34277e-05
2.0341e-05
2.78618e-05
3.80134e-05
5.42445e-05
8.85735e-05
0.000141154
0.000192203
0.000228931
0.000106233
4.31416e-05
4.83749e-05
5.33096e-05
8.33439e-05
1.30013e-28
3.82101e-27
9.53979e-26
2.21457e-24
4.84779e-23
9.95549e-22
1.95966e-20
3.41468e-19
4.92975e-18
5.58274e-17
5.66167e-16
5.04826e-15
4.3377e-14
3.12473e-13
1.99058e-12
1.05787e-11
4.24372e-11
1.11277e-10
2.06045e-10
3.25154e-10
6.92498e-10
1.97724e-09
5.55582e-09
1.34846e-08
3.10352e-08
9.64314e-08
5.90016e-07
3.01698e-06
1.28855e-05
5.39256e-05
0.000142833
0.000179295
0.000161914
0.000136075
0.000123746
0.000122181
0.000116443
0.000101475
7.59615e-05
4.91846e-05
2.90545e-05
1.64251e-05
9.07513e-06
4.66357e-06
2.18427e-06
9.57488e-07
3.68051e-07
1.06064e-07
7.99882e-08
1.05567e-07
1.83863e-07
3.71827e-07
8.87059e-07
1.99291e-06
3.32492e-06
4.95281e-06
7.93059e-06
1.47953e-05
3.28175e-05
7.19532e-05
8.51916e-05
5.73641e-05
4.55402e-05
6.80516e-05
0.000117211
0.000163409
0.000226648
0.000381823
0.000496792
0.000457814
0.00027489
0.000143486
8.67669e-05
6.80495e-05
5.89008e-05
4.38337e-05
3.02987e-05
2.29904e-05
1.55811e-05
6.39643e-06
1.61831e-06
1.23944e-06
1.69029e-06
2.22468e-06
3.13713e-06
5.42854e-06
1.12678e-05
1.89568e-05
2.57103e-05
3.44802e-05
5.39235e-05
0.000112499
0.000218275
0.000243962
0.000162491
4.04453e-05
4.39426e-05
6.59811e-05
7.21494e-05
0.000100642
2.36394e-30
7.50843e-29
2.04892e-27
5.25381e-26
1.27942e-24
2.89111e-23
6.11322e-22
1.12006e-20
1.68714e-19
1.99535e-18
2.09961e-17
1.97012e-16
1.74563e-15
1.2826e-14
9.22918e-14
5.15424e-13
2.03806e-12
5.61467e-12
1.12145e-11
2.00254e-11
5.01071e-11
1.58464e-10
4.86539e-10
1.28716e-09
3.39203e-09
1.16742e-08
6.80802e-08
3.71066e-07
1.76621e-06
7.33161e-06
2.93058e-05
7.28874e-05
0.000101358
0.000109325
0.000102367
8.85194e-05
6.56696e-05
3.95803e-05
2.12879e-05
1.21221e-05
7.30736e-06
4.29122e-06
2.41899e-06
1.26694e-06
5.98688e-07
2.63481e-07
1.07057e-07
3.40447e-08
2.20679e-08
2.78786e-08
4.97627e-08
1.14146e-07
3.19898e-07
7.36743e-07
1.54567e-06
3.58231e-06
9.17482e-06
2.11289e-05
4.59292e-05
7.82618e-05
7.53918e-05
4.02159e-05
2.50125e-05
4.00882e-05
8.43944e-05
0.0001278
0.000175618
0.000298557
0.000461738
0.000464426
0.000291302
0.000154039
9.81555e-05
6.19521e-05
3.45404e-05
1.95053e-05
1.30237e-05
1.10897e-05
9.49469e-06
6.16746e-06
1.74927e-06
6.10506e-07
6.31276e-07
8.72763e-07
1.78688e-06
4.56185e-06
1.25335e-05
2.33133e-05
2.9421e-05
3.7103e-05
5.26034e-05
0.00010303
0.000201872
0.000214885
9.34668e-05
4.24253e-05
4.6325e-05
6.89604e-05
8.56207e-05
0.000117068
3.82047e-32
1.3053e-30
3.89267e-29
1.08892e-27
2.9055e-26
7.10719e-25
1.59662e-23
3.03354e-22
4.751e-21
5.62111e-20
6.06507e-19
5.73386e-18
5.21798e-17
4.10874e-16
3.25993e-15
1.80689e-14
7.70608e-14
2.27789e-13
4.88003e-13
9.83966e-13
2.8273e-12
9.74523e-12
3.27918e-11
9.46182e-11
2.70237e-10
9.4582e-10
5.32421e-09
3.01747e-08
1.51356e-07
6.22879e-07
2.33577e-06
6.69845e-06
1.2892e-05
1.93234e-05
1.70103e-05
1.06762e-05
5.75417e-06
3.20466e-06
1.88171e-06
1.14431e-06
7.11457e-07
4.41855e-07
2.71906e-07
1.63651e-07
9.42449e-08
5.03059e-08
2.41061e-08
8.95024e-09
5.32397e-09
6.75479e-09
1.27202e-08
3.22227e-08
9.7469e-08
3.07088e-07
1.02869e-06
3.53906e-06
1.18933e-05
3.24999e-05
6.27274e-05
7.4672e-05
6.07777e-05
2.40067e-05
1.01269e-05
1.37201e-05
3.09673e-05
6.15047e-05
0.000112662
0.000224277
0.000405528
0.000452404
0.000297962
0.000137899
5.55368e-05
2.40317e-05
1.26916e-05
7.1737e-06
4.76002e-06
4.64677e-06
4.60731e-06
3.71441e-06
1.61994e-06
3.48427e-07
2.18654e-07
4.11213e-07
1.22253e-06
3.91986e-06
1.2684e-05
2.45928e-05
2.90805e-05
3.85255e-05
6.01491e-05
9.8598e-05
0.00012937
9.57484e-05
5.38855e-05
4.37208e-05
4.69207e-05
6.39261e-05
9.54571e-05
0.000129522
5.42674e-34
1.96972e-32
6.30984e-31
1.90907e-29
5.49587e-28
1.44023e-26
3.37482e-25
6.58582e-24
1.03873e-22
1.22259e-21
1.33985e-20
1.28998e-19
1.25113e-18
1.09043e-17
8.72827e-17
5.0514e-16
2.43313e-15
7.32408e-15
1.69172e-14
3.93696e-14
1.29749e-13
4.90381e-13
1.77841e-12
5.48028e-12
1.62999e-11
5.71013e-11
3.08789e-10
1.72331e-09
8.66912e-09
3.47029e-08
1.26776e-07
3.32413e-07
5.67994e-07
8.2835e-07
6.62891e-07
4.10441e-07
2.24456e-07
1.24333e-07
7.33898e-08
4.44973e-08
2.73232e-08
1.66978e-08
1.00925e-08
5.96729e-09
3.42979e-09
1.92348e-09
1.06086e-09
6.17443e-10
5.47721e-10
1.03639e-09
2.5872e-09
7.56439e-09
3.17711e-08
1.39559e-07
5.71511e-07
2.24155e-06
8.19403e-06
2.73364e-05
5.5279e-05
5.70132e-05
3.81442e-05
1.16706e-05
4.0055e-06
4.98269e-06
1.00501e-05
2.24423e-05
6.28485e-05
0.000163614
0.000329673
0.000401341
0.000245692
7.86012e-05
3.45132e-05
1.65934e-05
7.0388e-06
3.5227e-06
2.20453e-06
1.92075e-06
2.03949e-06
1.76294e-06
8.07843e-07
1.60581e-07
6.67078e-08
1.84478e-07
6.18281e-07
2.01075e-06
6.29663e-06
1.15052e-05
1.27548e-05
1.68393e-05
3.14871e-05
6.64029e-05
7.12545e-05
6.19851e-05
5.31775e-05
4.58807e-05
4.74626e-05
5.8607e-05
9.45383e-05
0.000140044
6.67043e-36
2.56768e-34
8.77837e-33
2.82679e-31
8.59577e-30
2.36508e-28
5.6664e-27
1.09571e-25
1.78011e-24
2.04647e-23
2.2714e-22
2.10901e-21
2.25898e-20
2.01669e-19
1.77351e-18
1.17205e-17
5.99159e-17
1.81711e-16
4.64788e-16
1.21822e-15
4.69143e-15
1.90304e-14
7.36986e-14
2.36066e-13
7.21965e-13
2.48221e-12
1.28374e-11
6.90699e-11
3.43993e-10
1.31197e-09
4.51822e-09
1.12014e-08
1.6329e-08
2.19469e-08
1.77403e-08
1.12744e-08
6.22966e-09
3.40829e-09
1.9392e-09
1.15088e-09
6.91852e-10
4.14046e-10
2.44995e-10
1.422e-10
8.127e-11
4.60615e-11
2.63493e-11
1.70302e-11
1.94033e-11
4.44612e-11
1.34262e-10
6.30385e-10
4.3781e-09
2.94489e-08
1.34338e-07
6.16016e-07
2.70091e-06
1.14962e-05
2.34656e-05
1.99154e-05
1.00453e-05
2.82904e-06
1.70419e-06
2.35523e-06
4.78605e-06
1.15608e-05
3.38804e-05
9.94927e-05
0.000240838
0.000313989
0.00023365
0.000130062
7.93079e-05
3.2669e-05
8.48198e-06
3.1197e-06
1.53011e-06
9.2953e-07
8.68015e-07
7.28617e-07
3.1475e-07
4.94355e-08
1.84284e-08
6.72325e-08
2.42065e-07
7.82699e-07
2.0499e-06
3.93561e-06
6.5884e-06
1.13324e-05
1.56364e-05
2.55044e-05
3.0559e-05
3.13126e-05
3.41803e-05
4.0014e-05
5.03039e-05
8.16587e-05
0.000125958
0.00016482
7.23427e-38
2.90408e-36
1.01713e-34
3.36354e-33
1.0244e-31
2.85996e-30
6.70812e-29
1.32506e-27
2.12526e-26
2.43999e-25
2.66025e-24
2.67203e-23
3.25683e-22
3.14806e-21
3.17631e-20
2.26129e-19
1.18801e-18
3.7373e-18
1.02092e-17
3.0868e-17
1.38965e-16
6.03683e-16
2.43702e-15
7.97574e-15
2.45825e-14
8.21822e-14
4.06642e-13
2.0765e-12
1.00578e-11
3.57292e-11
1.11702e-10
2.63321e-10
3.38391e-10
4.17255e-10
3.49687e-10
2.30881e-10
1.26586e-10
6.78634e-11
3.69663e-11
2.11263e-11
1.22964e-11
7.17262e-12
4.15829e-12
2.37623e-12
1.34259e-12
7.59658e-13
4.42783e-13
3.10963e-13
4.3558e-13
1.19365e-12
4.56539e-12
2.8047e-11
2.1749e-10
1.66393e-09
1.1602e-08
6.84001e-08
3.17745e-07
1.2042e-06
1.92345e-06
1.29344e-06
6.64909e-07
3.65951e-07
3.69457e-07
6.85768e-07
1.60074e-06
3.72738e-06
1.03905e-05
3.5338e-05
0.000118847
0.000209112
0.000194346
0.000158646
0.000111637
4.43649e-05
1.25694e-05
6.12826e-06
2.43644e-06
6.80163e-07
3.49155e-07
2.42845e-07
9.72162e-08
1.44649e-08
4.7162e-09
1.89945e-08
7.00036e-08
2.31987e-07
6.51618e-07
1.92939e-06
6.43097e-06
2.17231e-05
2.72508e-05
2.74082e-05
2.84162e-05
3.32046e-05
3.94462e-05
4.62743e-05
6.03747e-05
8.93828e-05
0.000146829
0.000208064
6.34986e-40
2.62497e-38
9.52084e-37
3.18551e-35
9.88579e-34
2.70937e-32
6.38724e-31
1.21349e-29
1.86712e-28
2.11397e-27
2.56879e-26
3.00453e-25
4.28151e-24
4.45148e-23
4.81849e-22
3.16149e-21
1.84951e-20
5.56745e-20
1.76531e-19
5.97225e-19
3.16394e-18
1.42881e-17
6.01075e-17
1.96915e-16
6.05756e-16
1.93542e-15
9.17695e-15
4.42602e-14
2.07589e-13
6.88903e-13
1.9159e-12
4.19728e-12
5.01526e-12
5.63406e-12
4.87832e-12
3.29483e-12
1.82321e-12
9.76581e-13
5.14046e-13
2.854e-13
1.618e-13
9.226e-14
5.25187e-14
2.97333e-14
1.67814e-14
9.54095e-15
5.66301e-15
4.30473e-15
7.26076e-15
2.33696e-14
1.07543e-13
7.31661e-13
5.69957e-12
4.50949e-11
3.53163e-10
2.28642e-09
1.09817e-08
3.85885e-08
5.577e-08
3.65269e-08
2.02039e-08
1.39801e-08
2.28199e-08
6.32728e-08
1.8854e-07
6.50648e-07
2.41686e-06
8.78189e-06
2.98893e-05
6.1077e-05
7.65894e-05
6.99794e-05
4.78325e-05
2.17856e-05
1.49797e-05
1.1825e-05
5.74537e-06
9.77293e-07
1.70511e-07
6.76101e-08
2.26367e-08
2.62533e-09
1.23093e-09
4.76968e-09
1.90251e-08
8.35961e-08
4.18027e-07
2.57438e-06
1.00378e-05
3.3956e-05
4.51334e-05
3.41109e-05
2.56847e-05
2.22422e-05
1.98674e-05
6.1993e-05
0.000119763
0.000166022
0.000183812
0.000276048
4.46906e-42
1.83084e-40
6.51267e-39
2.25032e-37
6.76801e-36
1.95534e-34
4.37434e-33
8.94058e-32
1.33024e-30
1.85998e-29
2.51221e-28
3.53732e-27
4.98037e-26
5.34275e-25
5.55046e-24
3.45267e-23
1.95541e-22
6.08047e-22
2.23188e-21
8.62287e-21
5.46467e-20
2.57905e-19
1.12576e-18
3.63319e-18
1.09345e-17
3.31243e-17
1.48897e-16
6.85319e-16
3.06629e-15
9.64936e-15
2.40165e-14
4.80347e-14
5.51857e-14
5.95652e-14
5.12511e-14
3.45209e-14
1.89392e-14
9.92966e-15
5.08554e-15
2.73533e-15
1.51111e-15
8.42848e-16
4.72184e-16
2.65239e-16
1.49799e-16
8.58664e-17
5.22042e-17
4.44239e-17
9.16127e-17
3.35229e-16
1.70267e-15
1.17796e-14
8.89813e-14
6.85149e-13
5.29953e-12
3.46172e-11
1.67391e-10
5.68802e-10
7.99238e-10
5.54792e-10
3.37422e-10
2.90313e-10
7.19158e-10
3.92813e-09
2.16497e-08
1.04909e-07
4.4423e-07
1.64764e-06
4.31674e-06
7.89942e-06
1.2688e-05
1.70113e-05
1.83578e-05
1.83607e-05
1.83348e-05
1.60282e-05
8.2913e-06
1.41735e-06
1.18827e-07
1.67702e-08
4.28426e-09
6.98338e-10
1.59405e-10
4.85051e-10
2.26935e-09
3.44658e-08
8.78507e-07
4.8546e-06
9.76315e-06
1.87046e-05
4.25271e-05
5.66086e-05
5.48047e-05
6.06534e-05
4.68883e-05
0.00015707
0.00029863
0.000316766
0.000252921
0.000364126
2.65204e-44
1.06672e-42
3.95452e-41
1.29323e-39
4.17336e-38
1.11452e-36
2.69263e-35
5.24011e-34
9.55349e-33
1.42552e-31
2.36706e-30
3.3505e-29
4.80076e-28
4.51639e-27
4.68026e-26
2.38335e-25
1.45596e-24
4.32915e-24
2.19614e-23
8.54298e-23
6.86425e-22
3.09162e-21
1.45741e-20
4.55569e-20
1.34702e-19
3.86664e-19
1.64792e-18
7.14945e-18
3.06685e-17
8.97026e-17
2.04057e-16
3.7019e-16
4.24184e-16
4.44742e-16
3.73075e-16
2.48781e-16
1.40254e-16
7.44266e-17
3.80241e-17
2.0007e-17
1.08255e-17
5.94149e-18
3.28935e-18
1.83875e-18
1.04289e-18
6.0637e-19
3.80216e-19
3.62014e-19
8.79974e-19
3.51545e-18
1.86286e-17
1.26961e-16
9.15008e-16
6.61053e-15
4.65204e-14
2.80828e-13
1.32859e-12
4.15057e-12
5.92472e-12
4.81032e-12
3.56735e-12
7.2088e-12
9.26106e-11
1.04134e-09
4.70683e-09
1.73861e-08
5.78554e-08
1.87626e-07
5.15316e-07
1.24281e-06
3.53828e-06
8.18566e-06
1.48416e-05
1.97272e-05
1.94679e-05
1.68297e-05
8.58134e-06
1.52814e-06
1.12846e-07
6.2042e-09
3.81655e-10
5.47305e-11
1.68477e-11
7.96903e-11
2.79697e-09
1.0476e-07
1.99514e-06
6.91462e-06
1.06283e-05
1.77525e-05
2.47133e-05
2.20123e-05
1.98337e-05
6.55504e-05
0.000161555
0.000257156
0.000326804
0.000354996
0.000324192
0.000353335
1.18299e-46
4.9051e-45
1.6715e-43
6.53916e-42
1.76975e-40
5.9192e-39
1.23644e-37
3.48789e-36
5.8963e-35
1.22962e-33
1.87275e-32
2.98909e-31
3.32558e-30
3.22144e-29
2.25145e-28
1.04367e-27
6.393e-27
1.8861e-26
1.36489e-25
5.45535e-25
5.32663e-24
2.44403e-23
1.21886e-22
3.89682e-22
1.12286e-21
3.07374e-21
1.221e-20
4.95102e-20
1.993e-19
5.60318e-19
1.20302e-18
2.06838e-18
2.40615e-18
2.48037e-18
2.00949e-18
1.32583e-18
7.52397e-19
3.90923e-19
1.9881e-19
1.03098e-19
5.51405e-20
2.99907e-20
1.66108e-20
9.37141e-21
5.42821e-21
3.24605e-21
2.14105e-21
2.35792e-21
6.70499e-21
2.83371e-20
1.50621e-19
9.89546e-19
6.69848e-18
4.3788e-17
2.63166e-16
1.36268e-15
5.85607e-15
1.66275e-14
2.47838e-14
4.27949e-14
7.12417e-13
1.88614e-11
3.82644e-10
4.43893e-09
2.05152e-08
8.59476e-08
3.12508e-07
1.01355e-06
2.59248e-06
4.92248e-06
7.87749e-06
1.30257e-05
1.68356e-05
1.5987e-05
1.34386e-05
8.42021e-06
2.56751e-06
2.81802e-07
2.00102e-08
1.06574e-09
4.56409e-11
2.18224e-12
4.40313e-13
1.37048e-12
3.37481e-11
8.60243e-10
1.21026e-08
6.25169e-08
1.55186e-07
3.80895e-07
3.63568e-06
4.86473e-06
4.16011e-06
4.9003e-06
1.57997e-06
4.05797e-06
2.44392e-05
0.000191569
0.000291584
0.00019979
5.37089e-49
1.91866e-47
1.08124e-45
2.48051e-44
1.22695e-42
2.11739e-41
8.41968e-40
1.27061e-38
3.47635e-37
5.28878e-36
1.38285e-34
1.21651e-33
2.20723e-32
1.00731e-31
9.35985e-31
2.21005e-30
1.96552e-29
3.92267e-29
3.8189e-28
1.43659e-27
2.23783e-26
9.26903e-26
5.98707e-25
1.67707e-24
5.40316e-24
1.26477e-23
5.03346e-23
1.76392e-22
7.04226e-22
1.94713e-21
4.28632e-21
7.65468e-21
9.34234e-21
1.00503e-20
8.06279e-21
5.58489e-21
3.18473e-21
1.66612e-21
8.37499e-22
4.34911e-22
2.30732e-22
1.24799e-22
6.90395e-23
3.92835e-23
2.31475e-23
1.42298e-23
9.79138e-24
1.18927e-23
3.70104e-23
1.62194e-22
8.56182e-22
5.46475e-21
3.5278e-20
2.11624e-19
1.08473e-18
4.642e-18
1.66444e-17
4.14592e-17
1.04217e-16
1.89314e-15
6.54375e-14
1.7207e-12
2.99651e-11
3.31168e-10
2.41681e-09
2.12989e-08
1.04321e-07
4.20439e-07
1.53379e-06
4.89339e-06
8.68978e-06
9.11898e-06
7.30223e-06
3.42377e-06
1.38606e-06
6.00278e-07
2.01697e-07
3.76776e-08
1.78529e-09
7.34892e-11
2.69403e-12
8.91407e-14
1.34171e-14
5.75314e-13
2.67025e-11
5.90823e-10
6.51827e-09
4.351e-08
1.68768e-07
3.3905e-07
4.56484e-07
5.76421e-07
4.32721e-07
2.08151e-07
2.62606e-07
1.53587e-06
8.3404e-06
3.32633e-05
8.35575e-05
2.51267e-05
)
;

boundaryField
{
    AXIS
    {
        type            empty;
    }
    OUTLET
    {
        type            zeroGradient;
    }
    COFLOW
    {
        type            fixedValue;
        value           uniform 0;
    }
    PILOT
    {
        type            fixedValue;
        value           uniform 0;
    }
    FUEL
    {
        type            fixedValue;
        value           uniform 0;
    }
    WALL
    {
        type            zeroGradient;
    }
    front
    {
        type            wedge;
    }
    back
    {
        type            wedge;
    }
}


// ************************************************************************* //
