/*--------------------------------*- C++ -*----------------------------------*\
| =========                 |                                                 |
| \\      /  F ield         | OpenFOAM: The Open Source CFD Toolbox           |
|  \\    /   O peration     | Version:  2.3.0                                 |
|   \\  /    A nd           | Web:      www.OpenFOAM.org                      |
|    \\/     M anipulation  |                                                 |
\*---------------------------------------------------------------------------*/
FoamFile
{
    version     2.0;
    format      ascii;
    class       volScalarField;
    location    "0.03";
    object      Z;
}
// * * * * * * * * * * * * * * * * * * * * * * * * * * * * * * * * * * * * * //

dimensions      [0 0 0 0 0 0 0];

internalField   nonuniform List<scalar> 
5000
(
1
1
1
1
1
1
1
1
1
1
1
1
1
1
1
1
1
1
1
1
1
1
1
1
1
1
1
1
1
1
1
1
1
1
1
1
1
1
1
1
1
1
1
1
1
1
1
1
1
1
0.999999
0.999996
0.999986
0.999963
0.999925
0.999885
0.999832
0.999758
0.999658
0.999523
0.999335
0.999061
0.998678
0.998145
0.997431
0.996497
0.995857
0.99629
0.997171
0.998094
0.998919
0.999446
0.999657
0.99959
0.999336
0.998743
0.997773
0.996429
0.995522
0.995577
0.995939
0.996363
0.996843
0.997774
0.998774
0.999297
0.999378
0.999388
0.999387
0.999375
0.999347
0.999288
0.999187
0.999038
0.998806
0.998453
0.997939
0.99723
0.996298
0.993929
1
1
1
1
1
1
1
1
1
1
1
1
1
1
1
1
1
1
1
1
1
1
1
1
1
1
1
1
1
1
1
1
1
1
1
1
1
0.999999
0.999998
0.999997
0.999994
0.999993
0.999993
0.999992
0.999989
0.999987
0.999991
0.999995
0.999997
0.999997
0.999992
0.999978
0.999933
0.999782
0.99948
0.99903
0.998433
0.997729
0.996946
0.996055
0.994927
0.993275
0.990667
0.986472
0.979852
0.967159
0.94387
0.931439
0.94213
0.964177
0.984254
0.996688
0.998907
0.998783
0.998117
0.996855
0.995105
0.992852
0.990195
0.988269
0.988112
0.988533
0.989931
0.992568
0.995702
0.997604
0.99799
0.99797
0.997964
0.998023
0.998132
0.998087
0.997808
0.997187
0.996154
0.994688
0.992757
0.990494
0.988004
0.983112
1
1
1
1
1
1
1
1
1
1
1
1
1
1
1
1
1
1
1
1
1
1
1
1
1
1
1
1
1
1
1
1
1
1
0.999999
0.999998
0.999993
0.999982
0.999958
0.999915
0.999859
0.999813
0.999797
0.999764
0.999658
0.999576
0.999684
0.999821
0.999904
0.999947
0.999957
0.999921
0.999802
0.999357
0.998316
0.996576
0.993908
0.990497
0.986881
0.983489
0.980138
0.975665
0.96837
0.956341
0.937941
0.908494
0.858145
0.791622
0.790214
0.833798
0.9341
0.991173
0.997795
0.997918
0.997234
0.995644
0.993423
0.990692
0.987362
0.98373
0.981878
0.981929
0.982672
0.984853
0.988904
0.993286
0.995172
0.995335
0.995397
0.995594
0.995669
0.995398
0.994387
0.99231
0.988916
0.984185
0.978269
0.971645
0.965688
0.952819
1
1
1
1
1
1
1
1
1
1
1
1
1
1
1
1
1
1
1
1
1
1
1
1
1
0.999999
0.999998
0.999996
0.999995
0.999998
0.999999
1
1
0.999999
0.999995
0.999983
0.999939
0.999811
0.999502
0.998865
0.997896
0.996931
0.996499
0.996071
0.994059
0.990638
0.991726
0.995075
0.997389
0.998721
0.999381
0.999609
0.999419
0.998211
0.995241
0.990291
0.983453
0.975165
0.966269
0.95769
0.949815
0.941238
0.929056
0.909848
0.881794
0.83948
0.77039
0.682505
0.668239
0.695288
0.813297
0.956187
0.993727
0.996604
0.996259
0.994791
0.992281
0.98898
0.98479
0.979677
0.97573
0.975336
0.975866
0.977715
0.981786
0.987576
0.991487
0.992369
0.992591
0.992876
0.992873
0.992274
0.990218
0.986129
0.979879
0.971775
0.962365
0.951976
0.942378
0.920732
1
1
1
1
1
1
1
1
1
1
1
1
1
0.999999
0.999999
0.999999
1
1
1
1
1
1
1
0.999999
0.999997
0.999987
0.999954
0.999894
0.999869
0.999933
0.999968
0.999986
0.999993
0.999993
0.999982
0.999939
0.999786
0.999302
0.998035
0.994796
0.987883
0.976961
0.968576
0.964411
0.95131
0.91031
0.872998
0.889392
0.942331
0.975649
0.990832
0.998216
0.998352
0.996184
0.99076
0.982453
0.971684
0.95889
0.944777
0.930187
0.915719
0.900226
0.879839
0.849888
0.808635
0.749396
0.663338
0.575964
0.563943
0.580924
0.668978
0.854425
0.974683
0.993279
0.994327
0.99336
0.990779
0.986791
0.981463
0.974637
0.967702
0.965565
0.966041
0.967942
0.972562
0.980208
0.986772
0.989094
0.989741
0.990154
0.990107
0.989214
0.986322
0.980675
0.972176
0.961243
0.948479
0.933904
0.919335
0.886829
1
1
1
1
1
1
1
1
1
1
1
0.999998
0.999991
0.999972
0.999955
0.999972
0.999987
0.999994
0.999997
0.999999
0.999999
0.999997
0.999993
0.999981
0.999939
0.999797
0.999366
0.998359
0.997362
0.998452
0.99924
0.999655
0.999852
0.999929
0.999924
0.999806
0.999347
0.99787
0.993985
0.985636
0.970198
0.945806
0.918062
0.894321
0.857284
0.788694
0.690937
0.630213
0.673445
0.818984
0.961681
0.99523
0.99665
0.993746
0.986286
0.975294
0.961577
0.945375
0.926901
0.906332
0.883927
0.858769
0.826676
0.780959
0.718529
0.639198
0.553404
0.511542
0.514109
0.525808
0.564009
0.690471
0.887762
0.980208
0.990835
0.990484
0.988226
0.98388
0.97773
0.969735
0.960173
0.953054
0.952297
0.953299
0.957155
0.966058
0.977334
0.983949
0.986397
0.987386
0.987346
0.986183
0.982346
0.97492
0.963981
0.950157
0.934067
0.915492
0.895771
0.85402
1
1
1
1
1
1
1
1
1
0.999999
0.999994
0.999965
0.999848
0.999511
0.999044
0.999286
0.99965
0.999833
0.999921
0.999956
0.999957
0.999928
0.999855
0.99969
0.999302
0.998531
0.996407
0.988242
0.964122
0.970018
0.984605
0.992901
0.996762
0.998869
0.999671
0.999449
0.998315
0.99496
0.987715
0.974482
0.952537
0.919235
0.877788
0.834173
0.772401
0.680178
0.581734
0.519144
0.530719
0.620216
0.869951
0.985477
0.993839
0.990869
0.982025
0.96864
0.952103
0.932484
0.909377
0.882351
0.851302
0.815464
0.769146
0.702464
0.614693
0.527023
0.491669
0.494269
0.505216
0.514176
0.530332
0.586085
0.745748
0.942376
0.9839
0.985511
0.983818
0.97941
0.97268
0.963838
0.952807
0.941277
0.934338
0.932981
0.933785
0.939059
0.952405
0.969224
0.980005
0.984265
0.984486
0.98313
0.978387
0.969318
0.956144
0.939489
0.919723
0.896508
0.869711
0.820941
0.999999
0.999999
0.999999
0.999996
0.99999
0.999985
0.999989
0.999994
0.999994
0.999983
0.99992
0.999701
0.998844
0.995784
0.986068
0.985995
0.992819
0.996516
0.998353
0.999115
0.999323
0.999088
0.998545
0.997604
0.996196
0.993766
0.987411
0.964596
0.895262
0.795684
0.821124
0.907762
0.974707
0.995101
0.998982
0.998694
0.996611
0.990946
0.98014
0.962283
0.934416
0.892501
0.83848
0.777276
0.688432
0.574639
0.503894
0.482066
0.490727
0.540222
0.735841
0.959404
0.989405
0.987365
0.977969
0.962409
0.942944
0.919716
0.8917
0.857689
0.81697
0.767994
0.703599
0.613087
0.510615
0.470364
0.47912
0.517035
0.575916
0.57745
0.575337
0.598205
0.681288
0.899275
0.974881
0.97913
0.977501
0.972596
0.964757
0.954419
0.941484
0.927264
0.914904
0.904732
0.900026
0.901305
0.908712
0.929816
0.960497
0.978969
0.981409
0.979937
0.974351
0.963581
0.948001
0.928304
0.904621
0.87652
0.841274
0.792239
0.999932
0.99991
0.999874
0.99971
0.999442
0.999245
0.999397
0.999693
0.999812
0.999777
0.999509
0.998778
0.995505
0.984087
0.946032
0.875236
0.887484
0.944084
0.97803
0.99102
0.995749
0.995239
0.992693
0.988103
0.982962
0.977023
0.963571
0.925318
0.823758
0.654361
0.601707
0.676929
0.868907
0.981147
0.997119
0.997221
0.994091
0.985733
0.971105
0.948354
0.913583
0.859134
0.783803
0.696531
0.578901
0.493363
0.477955
0.488586
0.49602
0.525171
0.637222
0.907374
0.9826
0.982834
0.973663
0.955912
0.933152
0.905804
0.872229
0.830178
0.77737
0.711561
0.626595
0.516585
0.449236
0.456034
0.495081
0.607164
0.697951
0.69357
0.668894
0.668739
0.729175
0.908375
0.968374
0.971116
0.968529
0.961701
0.951569
0.938676
0.922882
0.905709
0.889781
0.874591
0.862884
0.862261
0.865198
0.878794
0.91817
0.964473
0.977447
0.976334
0.970165
0.957704
0.939557
0.916469
0.888314
0.854818
0.811144
0.768274
0.996564
0.994107
0.993587
0.989851
0.981762
0.969076
0.964929
0.97991
0.99047
0.994982
0.996508
0.995665
0.989443
0.968705
0.905539
0.76184
0.661995
0.703652
0.838623
0.957632
0.985521
0.984017
0.975017
0.957988
0.941186
0.928184
0.905373
0.841805
0.696492
0.551124
0.524985
0.556919
0.685879
0.921419
0.991467
0.994454
0.990339
0.978819
0.959703
0.931092
0.88685
0.81186
0.703829
0.586126
0.480417
0.472046
0.499964
0.574369
0.581131
0.576533
0.632282
0.849485
0.973875
0.977749
0.968712
0.948776
0.922305
0.890128
0.849843
0.797347
0.72834
0.642755
0.53697
0.437849
0.42729
0.456855
0.559892
0.714831
0.808355
0.807528
0.790131
0.787819
0.828549
0.93227
0.961324
0.96092
0.955108
0.944496
0.931128
0.915517
0.897687
0.879557
0.863368
0.849318
0.839424
0.838163
0.839404
0.845659
0.874125
0.938861
0.971378
0.971831
0.965707
0.951613
0.930645
0.903797
0.870772
0.831978
0.781638
0.746478
0.413192
0.556666
0.606267
0.587106
0.534942
0.496253
0.494554
0.544707
0.720109
0.910519
0.983724
0.985728
0.976429
0.941853
0.839529
0.662874
0.588663
0.602678
0.663446
0.844198
0.952971
0.953575
0.932558
0.888636
0.845891
0.818611
0.776455
0.665321
0.506759
0.499664
0.521921
0.539129
0.600587
0.830394
0.980222
0.990014
0.985032
0.970116
0.945712
0.909603
0.851443
0.745437
0.596902
0.468411
0.450929
0.492975
0.606807
0.727538
0.722716
0.67514
0.680978
0.824407
0.964079
0.972292
0.962702
0.940205
0.909459
0.871344
0.82218
0.755389
0.667141
0.561144
0.447286
0.397656
0.413471
0.48149
0.638637
0.800507
0.881129
0.900563
0.905196
0.918481
0.93828
0.952653
0.953551
0.947225
0.934288
0.919181
0.903866
0.888628
0.873797
0.860282
0.848558
0.839235
0.832367
0.82946
0.829677
0.8336
0.849713
0.907715
0.961593
0.966533
0.960685
0.945117
0.921002
0.889924
0.851598
0.808101
0.75314
0.721978
0.28863
0.313813
0.329689
0.335619
0.336284
0.338047
0.355695
0.417618
0.549723
0.762521
0.943707
0.962646
0.947761
0.881592
0.708947
0.548396
0.574079
0.652002
0.723962
0.865764
0.92486
0.910932
0.852283
0.762366
0.689677
0.642849
0.569949
0.436272
0.433577
0.53524
0.663448
0.643796
0.650063
0.776746
0.962095
0.983468
0.977683
0.959074
0.92839
0.882086
0.803293
0.659531
0.481332
0.422416
0.454594
0.589672
0.770004
0.838248
0.82618
0.76959
0.744967
0.839934
0.958835
0.96651
0.955507
0.929748
0.89389
0.848113
0.786679
0.701734
0.593173
0.470576
0.380165
0.373318
0.405241
0.515852
0.690063
0.847945
0.921873
0.947822
0.955675
0.957058
0.956377
0.953056
0.941756
0.924103
0.904993
0.889901
0.879071
0.870632
0.862845
0.854654
0.845817
0.837733
0.831392
0.826868
0.826439
0.82899
0.839919
0.882248
0.948685
0.960445
0.954935
0.938052
0.910568
0.874881
0.831159
0.783759
0.724326
0.691238
0.272909
0.276871
0.280787
0.28441
0.28795
0.292937
0.316564
0.396072
0.597626
0.809257
0.91752
0.921576
0.885649
0.758392
0.527248
0.48255
0.597505
0.805255
0.886025
0.904006
0.897197
0.843291
0.733011
0.604005
0.505634
0.432823
0.361014
0.350188
0.413607
0.655824
0.79827
0.767671
0.719522
0.788824
0.950959
0.975797
0.968375
0.944923
0.905969
0.844294
0.736716
0.553646
0.404987
0.411085
0.487941
0.730468
0.870372
0.885124
0.873941
0.828441
0.799174
0.866097
0.95618
0.960432
0.946842
0.916768
0.87451
0.818479
0.740709
0.636088
0.508155
0.385969
0.342462
0.353974
0.40606
0.535187
0.70661
0.863074
0.936533
0.956112
0.958253
0.957047
0.953581
0.941726
0.918568
0.894149
0.878239
0.873186
0.870726
0.867836
0.863371
0.856311
0.845548
0.836328
0.83116
0.827173
0.825959
0.82721
0.835037
0.865361
0.934596
0.953527
0.948452
0.930295
0.899147
0.858501
0.809435
0.758318
0.692539
0.653259
0.271191
0.27179
0.272719
0.27398
0.275527
0.278935
0.295354
0.353309
0.518315
0.736503
0.839017
0.832061
0.754646
0.560078
0.39623
0.427606
0.610657
0.825619
0.878749
0.877108
0.831136
0.723931
0.573789
0.431447
0.335856
0.288585
0.282903
0.315461
0.441728
0.766483
0.886632
0.858708
0.791859
0.825803
0.949414
0.967796
0.956732
0.926053
0.875445
0.791329
0.651637
0.4468
0.371712
0.410472
0.565796
0.826889
0.905222
0.906312
0.895343
0.85805
0.837136
0.890839
0.954164
0.954051
0.936369
0.900763
0.85013
0.779805
0.682173
0.557719
0.4171
0.325522
0.31785
0.338723
0.409658
0.538309
0.698996
0.859368
0.93069
0.948135
0.951382
0.950191
0.942337
0.92096
0.892399
0.877062
0.874892
0.87425
0.873156
0.870155
0.862323
0.848118
0.83399
0.83192
0.837067
0.84015
0.837413
0.832963
0.837009
0.855838
0.920038
0.945905
0.941253
0.921806
0.886719
0.840811
0.786178
0.730338
0.655734
0.608808
0.271024
0.271114
0.271276
0.271506
0.271922
0.272921
0.278182
0.302657
0.379038
0.549005
0.683455
0.6571
0.544644
0.37051
0.330084
0.375486
0.534748
0.727827
0.798227
0.784722
0.700933
0.561267
0.405781
0.295038
0.242814
0.232451
0.241752
0.296194
0.487281
0.831858
0.939203
0.920863
0.86513
0.883916
0.955456
0.959711
0.941044
0.898982
0.829716
0.714922
0.541095
0.361011
0.350231
0.412906
0.639939
0.881429
0.921067
0.91864
0.905723
0.871998
0.862896
0.91103
0.951544
0.946889
0.923562
0.880764
0.818862
0.729821
0.610981
0.467762
0.335762
0.292162
0.298978
0.332698
0.40808
0.511201
0.645333
0.799104
0.900134
0.93072
0.935544
0.933627
0.921502
0.895431
0.877777
0.876373
0.876387
0.875109
0.871213
0.862013
0.843572
0.828771
0.829957
0.839917
0.86199
0.868446
0.865131
0.853242
0.846232
0.857901
0.906143
0.93742
0.933304
0.912364
0.87297
0.821364
0.760316
0.698063
0.613322
0.559923
0.270996
0.270962
0.270879
0.270718
0.270438
0.270024
0.270349
0.276592
0.296205
0.355787
0.45575
0.421377
0.345078
0.28865
0.288834
0.323037
0.425628
0.567247
0.636918
0.617539
0.517412
0.38729
0.27798
0.216474
0.193963
0.192899
0.210201
0.2795
0.506801
0.85827
0.960321
0.960172
0.945493
0.949513
0.958638
0.948933
0.91593
0.855842
0.758049
0.607852
0.411217
0.308828
0.328522
0.41979
0.679183
0.904584
0.930286
0.925259
0.907827
0.879229
0.881629
0.928218
0.94781
0.938235
0.907259
0.855041
0.777516
0.666504
0.525316
0.371675
0.279771
0.271776
0.286873
0.330504
0.394751
0.47425
0.586951
0.735077
0.855375
0.90188
0.910718
0.908511
0.894913
0.878199
0.876346
0.876247
0.872893
0.866109
0.852889
0.830394
0.819307
0.823759
0.840396
0.868541
0.8851
0.886277
0.883987
0.874206
0.858905
0.863413
0.897204
0.928448
0.924591
0.901668
0.857475
0.799499
0.730566
0.660404
0.566179
0.509204
0.270939
0.270695
0.27029
0.269662
0.268698
0.267103
0.265189
0.26518
0.267816
0.278884
0.301485
0.287628
0.269412
0.257418
0.25868
0.275175
0.323751
0.395182
0.441574
0.420338
0.342169
0.265515
0.202417
0.167022
0.154825
0.156184
0.179411
0.255495
0.493585
0.854846
0.957629
0.966683
0.964661
0.960707
0.952296
0.926081
0.873584
0.784108
0.652628
0.465391
0.301262
0.277963
0.310671
0.424443
0.687128
0.912215
0.937577
0.930082
0.90737
0.888061
0.899758
0.939232
0.942598
0.926824
0.886281
0.820954
0.722249
0.587248
0.424127
0.288489
0.251227
0.257366
0.282841
0.325526
0.373248
0.433304
0.527744
0.664586
0.793725
0.858055
0.876064
0.877509
0.873659
0.871759
0.870775
0.866234
0.853364
0.829717
0.803368
0.800457
0.809536
0.838211
0.872655
0.888299
0.89181
0.891573
0.88997
0.884132
0.869478
0.869452
0.893101
0.919864
0.915272
0.889401
0.839605
0.774056
0.695558
0.616917
0.516093
0.4589
0.270536
0.269206
0.267467
0.265291
0.262585
0.259061
0.255663
0.254345
0.253672
0.254792
0.255712
0.248037
0.24083
0.233729
0.233641
0.240096
0.257678
0.280716
0.295678
0.279433
0.236153
0.192593
0.149989
0.126296
0.118601
0.121883
0.148611
0.217411
0.403554
0.787795
0.933424
0.958871
0.958947
0.952338
0.929493
0.882219
0.798924
0.673334
0.502549
0.310543
0.245098
0.254775
0.300041
0.41204
0.665281
0.910413
0.944307
0.93611
0.911205
0.900444
0.918274
0.941651
0.936228
0.911169
0.858297
0.774552
0.650828
0.488458
0.318289
0.238327
0.235416
0.250267
0.280748
0.313059
0.34578
0.393059
0.474204
0.5971
0.727228
0.806597
0.839355
0.852929
0.860005
0.859711
0.852624
0.830615
0.794153
0.765896
0.766074
0.783385
0.828088
0.872251
0.889447
0.893044
0.893255
0.892938
0.891717
0.887552
0.875892
0.874819
0.892285
0.912128
0.905414
0.875216
0.818544
0.743848
0.65463
0.568018
0.464473
0.41017
0.267014
0.260163
0.253306
0.247204
0.241663
0.236114
0.231693
0.229953
0.228053
0.227338
0.223939
0.215203
0.209788
0.205227
0.206194
0.209923
0.216249
0.220987
0.22029
0.2042
0.172516
0.140387
0.108049
0.0910276
0.0872673
0.0918655
0.117659
0.172752
0.315916
0.670758
0.873363
0.930907
0.937296
0.923205
0.879302
0.799918
0.678608
0.508946
0.31493
0.219106
0.218466
0.240984
0.288057
0.391316
0.644347
0.903643
0.948425
0.944562
0.923998
0.918087
0.934135
0.939765
0.927215
0.888275
0.819991
0.712427
0.560359
0.371133
0.238447
0.217243
0.225594
0.248492
0.273687
0.293808
0.316658
0.357251
0.429292
0.536979
0.662621
0.75595
0.806763
0.832585
0.836817
0.829226
0.803357
0.760073
0.722324
0.720608
0.742345
0.801856
0.863968
0.887985
0.8928
0.893202
0.893053
0.89273
0.891658
0.887848
0.879041
0.879026
0.893206
0.905174
0.894923
0.858553
0.79326
0.707852
0.607931
0.515277
0.413609
0.363847
0.237246
0.202938
0.189489
0.186743
0.185933
0.184333
0.182082
0.180705
0.177364
0.175247
0.171789
0.166817
0.166736
0.166815
0.169768
0.171354
0.172312
0.169922
0.162663
0.145201
0.120636
0.0985397
0.0746145
0.0636479
0.0631814
0.0685391
0.0889735
0.128754
0.22963
0.497643
0.762478
0.864701
0.879249
0.851514
0.779859
0.661315
0.49264
0.294375
0.196414
0.188662
0.202627
0.22734
0.265877
0.359906
0.603809
0.88272
0.948463
0.950685
0.944
0.939064
0.9407
0.934572
0.91044
0.855865
0.76655
0.631842
0.445296
0.260028
0.203403
0.206511
0.223577
0.245
0.259514
0.270561
0.288543
0.326391
0.39115
0.481791
0.593841
0.695613
0.75988
0.787101
0.786507
0.765629
0.72371
0.680899
0.670431
0.689665
0.752851
0.839915
0.881584
0.890878
0.890768
0.890311
0.890573
0.890719
0.889949
0.886694
0.881308
0.882411
0.894657
0.898524
0.883432
0.838092
0.76248
0.665562
0.55622
0.46039
0.364773
0.320072
0.024622
0.0480219
0.0670182
0.0820525
0.0929176
0.0999043
0.102182
0.102001
0.0992242
0.101536
0.104673
0.108244
0.113391
0.116457
0.116807
0.114551
0.111203
0.106198
0.10004
0.0889059
0.0754212
0.0626637
0.0485427
0.0451244
0.0471243
0.0526761
0.0658655
0.0896462
0.146659
0.302273
0.548473
0.720636
0.751068
0.706433
0.60189
0.430855
0.249405
0.16642
0.160163
0.169945
0.185751
0.203825
0.236964
0.320268
0.54358
0.836902
0.940028
0.949849
0.948587
0.944598
0.939057
0.922609
0.880797
0.806336
0.690349
0.521129
0.306449
0.196511
0.191154
0.203573
0.222645
0.234082
0.23886
0.245043
0.26214
0.299616
0.356624
0.427893
0.51554
0.603922
0.667052
0.69703
0.693799
0.667599
0.631827
0.618113
0.631579
0.685166
0.785847
0.861222
0.88422
0.884626
0.88432
0.885123
0.887462
0.889075
0.888961
0.887146
0.884754
0.886653
0.894875
0.891588
0.868255
0.812104
0.72356
0.615342
0.498708
0.403156
0.317444
0.277802
0.00167074
0.00609136
0.0114964
0.0172282
0.0225152
0.026324
0.0284092
0.0305464
0.0334996
0.0385459
0.0435295
0.0482639
0.0512757
0.0522751
0.0513022
0.049783
0.0490295
0.0488903
0.0483686
0.0450025
0.0396095
0.0352684
0.0332107
0.0350821
0.0392518
0.043827
0.0503162
0.0605973
0.0825037
0.143849
0.27426
0.450761
0.498777
0.435893
0.304016
0.176642
0.13143
0.128826
0.138043
0.147805
0.157044
0.170884
0.202144
0.272639
0.456129
0.75321
0.910903
0.939781
0.942535
0.938609
0.926686
0.893427
0.830775
0.728322
0.578841
0.362801
0.199439
0.178454
0.187713
0.203912
0.213932
0.21391
0.213495
0.218484
0.238137
0.276026
0.323421
0.374381
0.433926
0.495168
0.543865
0.57358
0.573828
0.562745
0.555895
0.566218
0.613334
0.704601
0.807517
0.860517
0.870148
0.871981
0.873234
0.877286
0.883487
0.887476
0.888887
0.88918
0.889353
0.891383
0.892647
0.88248
0.846884
0.776624
0.673676
0.555634
0.434374
0.343497
0.270906
0.2364
0.00010496
0.000561726
0.00124463
0.0020413
0.00296521
0.00393881
0.0048823
0.00596871
0.00733842
0.00906644
0.0106604
0.012012
0.0129485
0.0136303
0.0140839
0.0148775
0.0161125
0.0176536
0.0191059
0.0203225
0.0218408
0.0240169
0.0279082
0.0328807
0.0373101
0.0401091
0.043002
0.0471063
0.0542723
0.0708913
0.100937
0.142352
0.159698
0.137688
0.10806
0.0966905
0.0985646
0.105416
0.113741
0.117154
0.12193
0.133956
0.162436
0.219078
0.355774
0.626499
0.840808
0.906203
0.920739
0.916296
0.891518
0.836507
0.744962
0.608309
0.406933
0.209234
0.168668
0.174947
0.188398
0.194997
0.192724
0.187055
0.18605
0.193578
0.217765
0.254752
0.290388
0.323129
0.361155
0.401116
0.434806
0.461347
0.471065
0.479042
0.495842
0.537786
0.61489
0.717408
0.797206
0.832873
0.844562
0.848428
0.852784
0.86304
0.876265
0.88449
0.887824
0.889567
0.89065
0.890937
0.886829
0.86736
0.815361
0.728654
0.611604
0.485864
0.363722
0.283237
0.225809
0.196941
6.57124e-06
4.13422e-05
0.000105663
0.000200915
0.000331278
0.000509575
0.000706598
0.00094995
0.00126315
0.00166521
0.00208937
0.0025022
0.00289381
0.00330145
0.00378736
0.00465931
0.00591803
0.00720404
0.00941601
0.0131094
0.0179521
0.0237463
0.0299696
0.0347534
0.0374115
0.0388846
0.0404321
0.0426294
0.0454543
0.0492608
0.0538324
0.0599356
0.0646981
0.0684902
0.071529
0.0747183
0.079145
0.0834825
0.0862566
0.0858987
0.0892684
0.100144
0.123719
0.165965
0.256188
0.459411
0.715758
0.825336
0.858781
0.8537
0.811966
0.729259
0.602756
0.411935
0.213873
0.160868
0.164654
0.174736
0.179241
0.172274
0.161466
0.15672
0.158708
0.171954
0.201056
0.23413
0.25658
0.275218
0.299288
0.326763
0.352733
0.377558
0.39485
0.41771
0.455711
0.521514
0.607461
0.692235
0.754005
0.784507
0.796193
0.802887
0.813726
0.835402
0.860638
0.876934
0.883982
0.887116
0.888109
0.886838
0.874916
0.839984
0.768995
0.66481
0.535538
0.404278
0.288547
0.225073
0.183279
0.161227
3.8257e-07
2.78051e-06
8.34668e-06
1.85949e-05
3.42087e-05
5.86721e-05
9.09455e-05
0.000139412
0.000207695
0.000296692
0.000403151
0.000528156
0.000689368
0.000941475
0.00134655
0.00216773
0.00420587
0.00744616
0.0119135
0.0179483
0.0251214
0.0315381
0.0355855
0.0368238
0.0376063
0.0385609
0.0400428
0.0422411
0.0450743
0.0478758
0.0508679
0.0541309
0.0575294
0.0607316
0.0635174
0.065491
0.0668496
0.0665983
0.0654527
0.0648879
0.0677581
0.0760891
0.0930388
0.121278
0.174196
0.291947
0.498768
0.662072
0.724906
0.718708
0.658072
0.539902
0.360693
0.196987
0.1537
0.155857
0.162096
0.163415
0.152492
0.134989
0.12697
0.127253
0.134642
0.154235
0.186116
0.210894
0.220111
0.228513
0.243641
0.263293
0.283979
0.308372
0.330407
0.365174
0.418894
0.490028
0.558829
0.634444
0.685429
0.702272
0.709091
0.72094
0.744262
0.783107
0.826668
0.857012
0.871049
0.877358
0.878354
0.872751
0.847947
0.794861
0.702377
0.582977
0.442082
0.309549
0.214407
0.173385
0.145805
0.131283
2.11455e-08
1.71631e-07
6.01216e-07
1.50055e-06
2.98595e-06
5.63223e-06
9.89376e-06
1.76432e-05
3.07869e-05
4.9893e-05
7.79651e-05
0.000122848
0.000200421
0.000376134
0.000958465
0.00249433
0.00569737
0.0112748
0.019381
0.0289588
0.0363464
0.0382014
0.037941
0.0371055
0.0375686
0.03925
0.0422644
0.0458327
0.0499525
0.0529138
0.0556139
0.0580502
0.060897
0.0633071
0.0652575
0.0651543
0.0628584
0.0594233
0.0568563
0.0566829
0.0586493
0.0643492
0.0757651
0.0919807
0.117366
0.166953
0.260193
0.387484
0.475725
0.466116
0.381966
0.254347
0.166742
0.146525
0.147552
0.149515
0.146331
0.128484
0.108406
0.0975345
0.096988
0.102144
0.115606
0.139354
0.170315
0.182016
0.179308
0.179924
0.188476
0.202143
0.218225
0.242662
0.269136
0.313782
0.372171
0.425265
0.472644
0.548187
0.576673
0.569261
0.570342
0.592435
0.632301
0.690911
0.75975
0.812411
0.838221
0.849579
0.850158
0.838445
0.797034
0.723412
0.610603
0.476773
0.323977
0.21026
0.153778
0.132668
0.115812
0.108005
1.09781e-09
1.01529e-08
3.9933e-08
1.08751e-07
2.38069e-07
5.1031e-07
1.06957e-06
2.36302e-06
5.24255e-06
1.06999e-05
2.1072e-05
4.60278e-05
0.000129536
0.000392369
0.00120324
0.00345787
0.00826833
0.0165838
0.0283057
0.0388949
0.0412993
0.0391187
0.0358925
0.0361518
0.0381681
0.0419282
0.0459458
0.0502676
0.0555513
0.0607038
0.0654586
0.0689517
0.0723268
0.0738108
0.0736239
0.0718652
0.0665495
0.0589879
0.054461
0.0543228
0.0561397
0.0625484
0.0727827
0.0841928
0.0966578
0.112488
0.133657
0.158844
0.184654
0.183021
0.159421
0.142362
0.138338
0.138761
0.137524
0.12523
0.0995349
0.0797153
0.0712154
0.0702565
0.0741846
0.0837417
0.0997251
0.124339
0.148387
0.145422
0.134214
0.12921
0.133522
0.142657
0.156001
0.182121
0.21187
0.260664
0.308517
0.334744
0.367021
0.435856
0.42788
0.402566
0.404415
0.433832
0.476322
0.544978
0.643074
0.725662
0.768558
0.79018
0.79145
0.771629
0.709497
0.617689
0.48265
0.328828
0.193014
0.135873
0.113967
0.103759
0.0939784
0.0913588
5.50035e-11
5.51807e-10
2.36045e-09
7.01576e-09
1.73663e-08
4.46366e-08
1.27611e-07
3.9164e-07
1.11849e-06
3.08353e-06
9.99621e-06
3.34291e-05
0.000111657
0.000366657
0.00116856
0.00359164
0.0093008
0.0199193
0.0346875
0.0420522
0.039816
0.0338744
0.0327784
0.0356354
0.0402716
0.0439208
0.0474301
0.0515364
0.057219
0.0649056
0.0729878
0.0796534
0.0857398
0.0886162
0.0877589
0.0834528
0.0730352
0.0609445
0.0554209
0.0556978
0.063356
0.0783922
0.090856
0.0981542
0.101679
0.105941
0.111926
0.117779
0.123953
0.128188
0.129866
0.129979
0.128223
0.123013
0.100318
0.068206
0.0531562
0.0489681
0.04974
0.0537756
0.0602167
0.069604
0.0847111
0.106302
0.115954
0.105967
0.0899624
0.0833726
0.0858373
0.0921024
0.103596
0.129394
0.157173
0.202636
0.232441
0.238539
0.260201
0.305401
0.280447
0.253023
0.258512
0.284232
0.312981
0.366501
0.465289
0.571114
0.635793
0.672935
0.676922
0.65005
0.568968
0.45801
0.292359
0.164694
0.111938
0.0975895
0.0891172
0.083877
0.0796033
0.0805828
2.57787e-12
2.75282e-11
1.28912e-10
4.3896e-10
1.40468e-09
6.17712e-09
3.70211e-08
1.88934e-07
7.75774e-07
2.93933e-06
1.0702e-05
3.78118e-05
0.000129999
0.000435222
0.00141173
0.00439436
0.0113791
0.0242074
0.0389848
0.0406073
0.0329906
0.0276621
0.0303751
0.0369021
0.0415006
0.0430303
0.0442393
0.0479071
0.0557267
0.0670357
0.0786709
0.0881684
0.0963753
0.0998896
0.098309
0.0904687
0.0745265
0.0606896
0.0551361
0.0566991
0.0773528
0.0975637
0.106155
0.108849
0.110952
0.113068
0.11512
0.117508
0.119631
0.121291
0.12062
0.115262
0.0985346
0.0715988
0.0445096
0.0338084
0.0327738
0.0353638
0.0412324
0.0470748
0.0518371
0.0582825
0.0698391
0.0829594
0.0812654
0.0693467
0.0568862
0.0524665
0.0537093
0.0575599
0.0659296
0.0858574
0.105916
0.141959
0.156015
0.153463
0.166346
0.188697
0.164451
0.14763
0.151908
0.165868
0.178748
0.204964
0.263729
0.344016
0.416227
0.469534
0.476367
0.443594
0.341547
0.224659
0.120183
0.0890343
0.0800132
0.0760166
0.0720884
0.0707916
0.0710791
0.0760201
1.14562e-13
1.30684e-12
7.02764e-12
3.0609e-11
1.75991e-10
1.63296e-09
1.61854e-08
1.21356e-07
5.42798e-07
2.15619e-06
8.02213e-06
2.87724e-05
0.000100737
0.000344877
0.00115028
0.00371191
0.0103816
0.023621
0.0379601
0.0368409
0.0250812
0.0232487
0.0291869
0.0372398
0.0380852
0.0366461
0.0369226
0.0419842
0.0539636
0.0699935
0.0855671
0.0970811
0.105417
0.106976
0.102928
0.0887265
0.0690931
0.0539857
0.048061
0.0590852
0.0897406
0.105895
0.11032
0.11004
0.108602
0.108432
0.109088
0.109978
0.110257
0.106685
0.0939335
0.0703887
0.0478015
0.0338749
0.0259584
0.0241118
0.0256724
0.031354
0.0401142
0.0452797
0.0473206
0.0502254
0.0564376
0.0587138
0.0543211
0.0459947
0.0405074
0.0389355
0.0395709
0.0414065
0.0453697
0.0556495
0.0657983
0.0874293
0.0925627
0.0901283
0.096976
0.105675
0.0930256
0.0846278
0.0845911
0.0886857
0.0918596
0.0994242
0.11835
0.142366
0.165413
0.191345
0.190251
0.163753
0.113322
0.0827515
0.0660856
0.0630642
0.0615889
0.0609796
0.0614648
0.0637839
0.0678654
0.0769193
5.07269e-15
6.35715e-14
4.49649e-13
3.71053e-12
4.74043e-11
6.72148e-10
7.93906e-09
7.06223e-08
3.83156e-07
1.60115e-06
6.13832e-06
2.25142e-05
8.02315e-05
0.00027838
0.000939953
0.00307276
0.00915344
0.0221889
0.0353674
0.0317784
0.0194225
0.0194445
0.0275132
0.0346758
0.0330471
0.0301038
0.0308582
0.037631
0.0537244
0.0755649
0.0945598
0.106445
0.111909
0.110261
0.100139
0.0787922
0.0542268
0.0380301
0.0348988
0.0624983
0.0911641
0.100127
0.101214
0.0937378
0.0879847
0.0861399
0.0847537
0.0825742
0.0781127
0.0681228
0.0541316
0.0437208
0.0379916
0.031741
0.0245931
0.0211521
0.0233233
0.0306139
0.0411372
0.0452279
0.0451429
0.0454181
0.0463179
0.0444795
0.0406533
0.0373751
0.0354665
0.0349636
0.0354567
0.036602
0.0387596
0.0425011
0.045196
0.0515131
0.0531566
0.0547062
0.0602868
0.0634967
0.058097
0.0517202
0.0474558
0.0459576
0.0446734
0.0448259
0.0478669
0.0515245
0.0528134
0.0551023
0.0548261
0.0524062
0.0486547
0.04693
0.0463214
0.0476703
0.0497883
0.0535568
0.0584866
0.0642203
0.0711204
0.0846045
2.59586e-16
4.08064e-15
5.22159e-14
8.82993e-13
1.59525e-11
2.43366e-10
2.98946e-09
2.84262e-08
1.99893e-07
8.84982e-07
3.49512e-06
1.31459e-05
4.81158e-05
0.000171884
0.000599365
0.00202076
0.00651174
0.0177603
0.0301865
0.0283292
0.017816
0.0162765
0.0234072
0.0305834
0.0291349
0.0257599
0.0264299
0.0340428
0.054929
0.0825837
0.103383
0.113045
0.114317
0.107346
0.0869458
0.0557783
0.0297169
0.0189339
0.0189356
0.0435021
0.0684155
0.0799888
0.0817299
0.0710002
0.0622707
0.0577971
0.0551606
0.0537059
0.0532129
0.0521637
0.0501319
0.0475847
0.046299
0.0428499
0.0320515
0.0209239
0.0220997
0.0298101
0.0420169
0.0451701
0.0442489
0.0432255
0.0422561
0.039762
0.0364409
0.0349819
0.0343549
0.0354694
0.0371994
0.0378023
0.038604
0.0390719
0.0387898
0.0388816
0.0398297
0.0431419
0.0483899
0.0470776
0.039714
0.0307177
0.0248711
0.022313
0.0207935
0.0205116
0.0214981
0.022976
0.0244852
0.0261593
0.0279873
0.0300898
0.0326027
0.0359672
0.0397941
0.0440765
0.0489294
0.0544202
0.0616592
0.0704393
0.0804895
0.0962646
2.09336e-17
4.93159e-16
1.11772e-14
2.48426e-13
4.57475e-12
7.02842e-11
8.90325e-10
9.08759e-09
7.3459e-08
4.25514e-07
1.80705e-06
7.05414e-06
2.65186e-05
9.7104e-05
0.000347299
0.00120443
0.00401333
0.0120879
0.0232691
0.0234668
0.0160371
0.0129131
0.0177804
0.0261397
0.0263833
0.0230781
0.0228556
0.0306983
0.056376
0.0899092
0.10957
0.115332
0.111282
0.0950756
0.0603035
0.0268819
0.0123408
0.00845957
0.00910343
0.0167064
0.0285474
0.044738
0.0575726
0.0607062
0.0547321
0.0502527
0.0485675
0.0487082
0.0511914
0.0534692
0.055377
0.0575626
0.0573867
0.0542255
0.0423769
0.022156
0.0199224
0.0267501
0.0411126
0.0452693
0.0440398
0.0430173
0.0421964
0.0393634
0.0357473
0.0357196
0.0381107
0.0446395
0.0534724
0.0565506
0.055754
0.0511773
0.0448264
0.0408202
0.0432541
0.0474174
0.0461845
0.032433
0.0197618
0.0117237
0.00872312
0.00848579
0.00908107
0.0104958
0.0124228
0.0144463
0.0171872
0.0205921
0.0241041
0.0277521
0.0317011
0.0359245
0.0407133
0.046045
0.0525235
0.0604367
0.0702896
0.0803661
0.0899402
0.104522
3.08905e-18
9.36906e-17
2.45799e-15
5.33524e-14
9.53774e-13
1.41033e-11
1.80262e-10
1.93202e-09
1.66082e-08
1.10011e-07
5.88161e-07
2.59839e-06
1.04442e-05
4.0243e-05
0.000150612
0.000544301
0.00187949
0.00615647
0.0141697
0.0158571
0.0119943
0.00881046
0.0112569
0.0191168
0.0226848
0.0201702
0.0189064
0.0271607
0.0571802
0.0952717
0.111943
0.113073
0.101752
0.0691477
0.0311245
0.014434
0.0103677
0.0102016
0.0109448
0.0108548
0.0100488
0.012097
0.022112
0.0357583
0.0451717
0.0473246
0.0475883
0.0477098
0.0486476
0.0502338
0.0520977
0.0537693
0.0546398
0.052497
0.0445091
0.0235698
0.0168952
0.0220187
0.0376352
0.0463493
0.0464281
0.0468212
0.0452928
0.0395983
0.0350643
0.0364666
0.0429196
0.0564763
0.0742163
0.081495
0.0779405
0.0671129
0.053092
0.0488291
0.0514109
0.0480851
0.0268713
0.0119367
0.00604267
0.0037624
0.00338216
0.00399366
0.00537363
0.00756661
0.0104716
0.0137629
0.0172908
0.0209382
0.0247333
0.0287888
0.0332198
0.0382763
0.0444259
0.0509478
0.0583698
0.0667435
0.076164
0.0856104
0.0940622
0.10792
5.00994e-19
1.53726e-17
3.80543e-16
7.71335e-15
1.28483e-13
1.81245e-12
2.3119e-11
2.57448e-10
2.33098e-09
1.71222e-08
1.11834e-07
6.37503e-07
2.86149e-06
1.20429e-05
4.77221e-05
0.00018216
0.000667624
0.0023481
0.00604894
0.00697079
0.00548491
0.00416762
0.0054823
0.011064
0.0160366
0.0146475
0.013894
0.0234691
0.0590015
0.0986581
0.109698
0.104502
0.0790205
0.0412445
0.0199412
0.0144982
0.0141273
0.0196407
0.0220211
0.0196838
0.0135012
0.00877113
0.00676306
0.00699481
0.0132124
0.0219352
0.0280176
0.031774
0.0323201
0.0323502
0.0326629
0.0335256
0.0364373
0.0384572
0.0352819
0.0218424
0.0136264
0.016936
0.0312452
0.0462161
0.0514733
0.0513191
0.0469605
0.0358113
0.0332808
0.0374741
0.050493
0.0721274
0.0974826
0.10586
0.0971613
0.0787975
0.0637841
0.0567841
0.0493967
0.0307358
0.01
0.00419778
0.00209452
0.00158931
0.00170139
0.00256232
0.00435819
0.00705374
0.0103362
0.0136655
0.0169627
0.020548
0.0244355
0.0289296
0.0345094
0.0410341
0.0479148
0.0547149
0.0620046
0.0712135
0.07934
0.0873982
0.0905704
0.0967281
5.48433e-20
1.55197e-18
3.40428e-17
6.33337e-16
9.82818e-15
1.33698e-13
1.73037e-12
2.02296e-11
1.98798e-10
1.63633e-09
1.22667e-08
8.23518e-08
5.09047e-07
2.72061e-06
1.14639e-05
4.56978e-05
0.00017057
0.00056416
0.00127437
0.00143255
0.00121971
0.0011698
0.00168591
0.00393196
0.00725767
0.00733746
0.00820326
0.0184957
0.0560275
0.0957297
0.103571
0.0890572
0.0559211
0.0276493
0.0188613
0.017714
0.0240056
0.0274356
0.0283927
0.0267084
0.0233824
0.0179533
0.0112202
0.00525556
0.00237169
0.00321856
0.00531898
0.00758499
0.00863733
0.00929634
0.0105185
0.0126608
0.0162206
0.0204502
0.019954
0.0144353
0.0101197
0.0123494
0.0237353
0.0426188
0.0538952
0.0527177
0.0430616
0.0308586
0.0321285
0.0403649
0.0594426
0.0889673
0.115949
0.120785
0.104973
0.0806428
0.0624454
0.0472782
0.0269295
0.010892
0.00475093
0.00280541
0.00155425
0.00102575
0.00111902
0.00191564
0.00366786
0.0061207
0.00860643
0.0106681
0.0128588
0.0159072
0.0195405
0.0248599
0.0316862
0.0381499
0.0426685
0.0483335
0.0557589
0.0684946
0.0694121
0.0641807
0.0545517
0.0616202
3.17051e-21
7.89856e-20
1.58154e-18
2.8011e-17
4.42539e-16
6.61398e-15
9.58145e-14
1.28126e-12
1.42867e-11
1.31282e-10
1.10004e-09
8.60277e-09
6.29913e-08
3.8365e-07
1.98687e-06
8.78083e-06
3.12367e-05
8.41257e-05
0.000150778
0.000176345
0.000178471
0.000232548
0.000417174
0.000960903
0.00173657
0.00221934
0.00455826
0.0147664
0.0548594
0.090236
0.0901101
0.0670227
0.037413
0.0231045
0.0195054
0.0215152
0.0257484
0.0269249
0.0270733
0.0272297
0.0255748
0.021359
0.0150196
0.0084169
0.00345315
0.000981641
0.000728783
0.000992426
0.00140771
0.00193911
0.00265015
0.00366012
0.00533171
0.00821501
0.00913957
0.00797118
0.00697611
0.00854777
0.0161356
0.0328298
0.0488874
0.0474561
0.0335105
0.0268042
0.0311887
0.0438704
0.0662338
0.101607
0.124433
0.125208
0.100901
0.0750555
0.0500417
0.0248621
0.0101053
0.00622597
0.00570245
0.0044106
0.00228652
0.000910653
0.000778472
0.00131015
0.00254791
0.00404841
0.00531971
0.00629213
0.00763016
0.0099282
0.0128449
0.0173071
0.0226186
0.0262302
0.0290882
0.0351565
0.0485168
0.0612776
0.0497036
0.0274425
0.0221225
0.0336986
9.35628e-23
2.29525e-21
4.94625e-20
9.63124e-19
1.69783e-17
2.79723e-16
4.54688e-15
6.79767e-14
8.42036e-13
8.38232e-12
7.53698e-11
6.44629e-10
4.9955e-09
3.24223e-08
1.9188e-07
8.86698e-07
3.26332e-06
8.56745e-06
1.46701e-05
1.79566e-05
2.22453e-05
3.93776e-05
8.53517e-05
0.000184962
0.000332745
0.000577259
0.00203234
0.00884997
0.0378221
0.0808932
0.0803683
0.0526702
0.0313354
0.0225792
0.0201273
0.0202593
0.0219628
0.0226482
0.0240708
0.0241843
0.0223397
0.0181868
0.012947
0.00798492
0.00392326
0.00131525
0.000321612
0.00021033
0.000269018
0.000407685
0.00064298
0.00101513
0.00167121
0.00281158
0.0038296
0.00402948
0.00430396
0.00586119
0.0109778
0.024246
0.0401644
0.0370109
0.0240315
0.023769
0.031598
0.0455891
0.0686783
0.106578
0.128276
0.120728
0.0888128
0.0579866
0.0294546
0.0128258
0.00829636
0.00853357
0.00792539
0.00610531
0.00351326
0.00118574
0.000557588
0.000790547
0.00143114
0.00213857
0.00268234
0.00316317
0.00408327
0.00574893
0.00781834
0.0105892
0.01378
0.0173923
0.0220897
0.0295904
0.0464651
0.0486972
0.0266996
0.0124265
0.0108585
0.0169071
2.11814e-24
5.80552e-23
1.35116e-21
2.88529e-20
5.65426e-19
1.04743e-17
1.89949e-16
3.12359e-15
4.25427e-14
4.60682e-13
4.49208e-12
4.0023e-11
3.25097e-10
2.2846e-09
1.39018e-08
6.7154e-08
2.63244e-07
6.84411e-07
1.17521e-06
1.54823e-06
2.36283e-06
5.24621e-06
1.29063e-05
2.83522e-05
5.51164e-05
0.000135858
0.00073375
0.00357767
0.0149543
0.0530179
0.0719429
0.057604
0.0359921
0.0254055
0.0225725
0.0232301
0.0251425
0.0261538
0.0253868
0.0226894
0.0174221
0.01151
0.00674671
0.00351705
0.00166715
0.000712787
0.0002426
7.63582e-05
7.28903e-05
9.89203e-05
0.000163802
0.000290572
0.000561304
0.00107903
0.0017052
0.00216231
0.00276035
0.00437413
0.00902383
0.0211341
0.0326036
0.0262218
0.017439
0.0205092
0.0309431
0.0435784
0.063126
0.103237
0.126432
0.111528
0.0696189
0.0362156
0.0171664
0.011505
0.0104626
0.00973925
0.00834103
0.00646836
0.00403476
0.00170355
0.000477918
0.000451412
0.000682356
0.000936493
0.00118822
0.00167085
0.00276666
0.00428573
0.00583001
0.00769105
0.0107532
0.0174437
0.0276119
0.0381082
0.0469197
0.0221988
0.0107691
0.0132155
0.013191
0.0173645
4.31677e-26
1.288e-24
3.2618e-23
7.67695e-22
1.70005e-20
3.52258e-19
6.98974e-18
1.22706e-16
1.7836e-15
2.03204e-14
2.07284e-13
1.85899e-12
1.60764e-11
1.16484e-10
7.46843e-10
3.98863e-09
1.60376e-08
4.18577e-08
7.58902e-08
1.10259e-07
2.01083e-07
5.17596e-07
1.39036e-06
3.26616e-06
7.41772e-06
2.59158e-05
0.000165455
0.000838385
0.0035622
0.0149111
0.0413119
0.0523365
0.0455964
0.0362858
0.0323243
0.0321585
0.0308507
0.0272868
0.0206948
0.013486
0.00796848
0.00451037
0.00251831
0.00132196
0.000637561
0.00028821
0.000117469
3.5155e-05
2.11791e-05
2.63192e-05
4.40098e-05
8.81864e-05
0.000217168
0.000501478
0.000842443
0.00125769
0.0020346
0.00390808
0.00916863
0.0215039
0.0260997
0.0171088
0.0122124
0.0172299
0.0286569
0.0388425
0.0521451
0.0887554
0.120737
0.107579
0.0590141
0.0287725
0.0170664
0.0131974
0.0111464
0.00808535
0.00587323
0.00494352
0.00388794
0.00194287
0.000512066
0.000243482
0.000286581
0.000374325
0.000602859
0.00124791
0.00287945
0.00496579
0.00637296
0.00782447
0.0113241
0.0223267
0.0433687
0.0495298
0.0334341
0.0100741
0.011294
0.0174097
0.0182462
0.020483
7.90403e-28
2.54018e-26
7.01731e-25
1.82048e-23
4.47665e-22
1.0197e-20
2.17199e-19
4.00699e-18
6.07452e-17
7.22527e-16
7.64532e-15
7.21335e-14
6.42966e-13
4.75137e-12
3.43964e-11
1.93022e-10
7.64779e-10
2.09467e-09
4.0616e-09
6.54031e-09
1.39284e-08
4.01867e-08
1.18485e-07
3.04447e-07
7.98183e-07
3.13568e-06
1.90794e-05
0.000104048
0.000488559
0.00200827
0.00793164
0.0202119
0.0283837
0.0294419
0.0272825
0.0236864
0.017717
0.0108395
0.00588334
0.00333703
0.00200313
0.00117794
0.000670606
0.00035801
0.000173746
7.87459e-05
3.36005e-05
1.15152e-05
6.05971e-06
7.10437e-06
1.19868e-05
2.75725e-05
7.80215e-05
0.000182436
0.000386562
0.00090293
0.00234053
0.0055536
0.0126647
0.0227892
0.0221488
0.0116907
0.00681704
0.0101971
0.0205545
0.0303999
0.0404673
0.0671586
0.109211
0.108781
0.0617842
0.0299225
0.0183864
0.0112536
0.00617563
0.00347927
0.0026136
0.00251571
0.00240344
0.00180997
0.000604244
0.00014843
0.000114752
0.000175151
0.000427057
0.00121165
0.00360003
0.00688712
0.00833413
0.00951244
0.0119143
0.0202928
0.039685
0.0432045
0.0198653
0.0107949
0.0119611
0.0183299
0.0219597
0.0231212
1.29148e-29
4.43957e-28
1.33562e-26
3.77066e-25
1.01442e-23
2.49925e-22
5.65315e-21
1.08108e-19
1.7035e-18
2.02644e-17
2.19835e-16
2.08855e-15
1.91177e-14
1.51346e-13
1.20815e-12
6.7238e-12
2.87327e-11
8.43139e-11
1.73886e-10
3.1115e-10
7.60655e-10
2.41232e-09
7.8175e-09
2.19772e-08
6.27382e-08
2.44448e-07
1.48156e-06
8.51609e-06
4.22647e-05
0.00017209
0.000624529
0.00178147
0.00349793
0.00526302
0.00468326
0.00294426
0.00159455
0.000894593
0.00052528
0.000317698
0.000196322
0.000121614
7.49164e-05
4.53474e-05
2.64702e-05
1.44897e-05
7.33963e-06
3.00242e-06
1.50063e-06
1.74037e-06
3.0653e-06
7.76445e-06
2.37913e-05
7.66083e-05
0.000259722
0.000899975
0.00303683
0.00852306
0.0171641
0.0210938
0.0169689
0.0066535
0.00284458
0.00367008
0.00770522
0.0146081
0.0257281
0.0495926
0.0909919
0.103696
0.0616663
0.0253194
0.010006
0.00458817
0.0024522
0.00137504
0.00105884
0.00116133
0.00126043
0.00110231
0.000541224
9.9493e-05
4.35492e-05
0.000103137
0.000334665
0.00113622
0.00367734
0.00717463
0.00812407
0.00987547
0.0136483
0.0196775
0.024984
0.0194664
0.0130223
0.0112709
0.0121632
0.0171119
0.0258634
0.0259506
1.85737e-31
6.73576e-30
2.16793e-28
6.60482e-27
1.91485e-25
5.05058e-24
1.19104e-22
2.33839e-21
3.71018e-20
4.38942e-19
4.83507e-18
4.6771e-17
4.5608e-16
3.99522e-15
3.21708e-14
1.86932e-13
9.01602e-13
2.68854e-12
5.92238e-12
1.20391e-11
3.38711e-11
1.1877e-10
4.16216e-10
1.25362e-09
3.73931e-09
1.44134e-08
8.51775e-08
4.87455e-07
2.44062e-06
9.64343e-06
3.40757e-05
8.92865e-05
0.000153786
0.000226142
0.000182674
0.000113901
6.25005e-05
3.45356e-05
2.02452e-05
1.21813e-05
7.44254e-06
4.54795e-06
2.76441e-06
1.65284e-06
9.66293e-07
5.54931e-07
3.15827e-07
1.87424e-07
1.50693e-07
2.49574e-07
6.0592e-07
1.799e-06
7.8546e-06
3.50175e-05
0.000145035
0.000572237
0.00210602
0.00712831
0.0149616
0.0153553
0.0100521
0.00300968
0.00119566
0.00148196
0.00265376
0.00564748
0.014984
0.0363961
0.0711968
0.0863757
0.0475764
0.0141899
0.00709997
0.00371267
0.001551
0.000777461
0.000527837
0.00053526
0.000616801
0.000554001
0.000272027
5.04893e-05
1.58992e-05
4.92232e-05
0.000173536
0.000571587
0.00179128
0.00330465
0.00367377
0.00460471
0.00781399
0.0143605
0.0152282
0.0137137
0.0124119
0.0116646
0.0122961
0.0156164
0.0261383
0.0286297
2.31071e-33
8.82071e-32
3.01795e-30
9.76733e-29
2.98827e-27
8.27154e-26
1.9939e-24
3.87785e-23
6.33706e-22
7.31972e-21
8.16499e-20
7.61286e-19
8.19751e-18
7.35287e-17
6.50441e-16
4.31496e-15
2.20755e-14
6.61537e-14
1.59832e-13
3.61382e-13
1.19377e-12
4.52633e-12
1.69881e-11
5.33313e-11
1.63902e-10
6.15266e-10
3.5039e-09
1.9495e-08
9.7212e-08
3.66373e-07
1.2279e-06
3.04063e-06
4.44865e-06
6.02541e-06
4.9027e-06
3.12178e-06
1.71775e-06
9.31276e-07
5.24516e-07
3.09009e-07
1.85346e-07
1.11351e-07
6.65573e-08
3.92648e-08
2.29612e-08
1.3411e-08
7.93418e-09
5.13635e-09
5.15622e-09
1.04024e-08
3.0598e-08
1.46629e-07
1.04013e-06
7.15297e-06
3.37089e-05
0.000155629
0.000687145
0.0029434
0.00601725
0.00506401
0.00250799
0.000736749
0.000544896
0.000840422
0.00174716
0.00372314
0.00893561
0.0228398
0.0512282
0.0636016
0.0448381
0.0239272
0.0155515
0.00712934
0.0020279
0.000746463
0.000386782
0.000266954
0.000276205
0.000244518
0.000112935
1.75317e-05
4.84071e-06
1.8799e-05
6.881e-05
0.000223203
0.000584764
0.00112224
0.0018601
0.00321883
0.00433723
0.00648499
0.00758864
0.00796719
0.00914262
0.0109442
0.0135564
0.0220515
0.0330374
0.0320325
2.5353e-35
1.00137e-33
3.49689e-32
1.16037e-30
3.5535e-29
9.97683e-28
2.3537e-26
4.67523e-25
7.54053e-24
8.695e-23
9.52243e-22
9.60156e-21
1.17612e-19
1.14234e-18
1.15883e-17
8.28107e-17
4.35132e-16
1.34827e-15
3.43897e-15
8.85067e-15
3.44718e-14
1.41172e-13
5.54085e-13
1.78191e-12
5.52802e-12
2.00661e-11
1.09723e-10
5.82715e-10
2.83913e-09
9.99412e-09
3.06429e-08
7.19978e-08
9.25962e-08
1.14622e-07
9.61368e-08
6.31847e-08
3.4299e-08
1.81637e-08
9.78696e-09
5.5609e-09
3.23944e-09
1.90467e-09
1.12083e-09
6.54696e-10
3.80992e-10
2.23674e-10
1.35269e-10
9.35283e-11
1.12108e-10
2.75645e-10
1.04877e-09
6.59148e-09
5.17651e-08
3.99136e-07
2.82917e-06
1.68459e-05
7.86412e-05
0.00029925
0.000472984
0.000318457
0.000166633
0.000100134
0.000120698
0.000281318
0.000702603
0.00144955
0.00310581
0.00859941
0.025699
0.0416563
0.0376963
0.030708
0.021935
0.00930657
0.00305733
0.00157024
0.000638941
0.00019045
0.000111707
8.46822e-05
3.61807e-05
5.59279e-06
1.39466e-06
5.44772e-06
1.99342e-05
6.61161e-05
0.000185506
0.000542375
0.00179343
0.00604999
0.00762269
0.00750647
0.00774313
0.00904872
0.0111593
0.0122851
0.014669
0.0221678
0.0367712
0.0354807
2.25427e-37
9.08731e-36
3.27293e-34
1.09717e-32
3.42205e-31
9.42845e-30
2.23546e-28
4.26923e-27
6.60388e-26
7.50518e-25
9.15641e-24
1.07521e-22
1.53943e-21
1.6082e-20
1.74997e-19
1.15177e-18
6.7358e-18
1.98983e-17
5.81533e-17
1.65892e-16
7.67897e-16
3.29409e-15
1.35103e-14
4.35819e-14
1.3507e-13
4.65965e-13
2.44562e-12
1.23101e-11
5.82765e-11
1.92154e-10
5.27365e-10
1.14945e-09
1.36936e-09
1.53586e-09
1.32333e-09
8.85558e-10
4.83771e-10
2.55765e-10
1.33233e-10
7.36769e-11
4.19243e-11
2.41835e-11
1.40354e-11
8.1659e-12
4.77585e-12
2.83363e-12
1.74818e-12
1.28537e-12
1.82835e-12
5.42206e-12
2.51535e-11
1.74148e-10
1.36623e-09
1.08461e-08
8.56828e-08
5.59436e-07
2.70226e-06
9.52879e-06
1.37432e-05
9.02874e-06
5.11199e-06
4.07878e-06
8.43541e-06
2.60026e-05
7.4213e-05
0.000218661
0.000670577
0.00210762
0.00651765
0.012449
0.0156183
0.0143277
0.0100686
0.0049428
0.00370755
0.00301496
0.0014797
0.000256503
5.11095e-05
2.32507e-05
8.49373e-06
1.03456e-06
3.68971e-07
1.36492e-06
5.3946e-06
2.35423e-05
0.000116693
0.000708694
0.00277663
0.00944462
0.0126759
0.00943664
0.00697793
0.00592556
0.00513543
0.0127658
0.0242894
0.038977
0.0432696
0.0407289
1.61325e-39
6.37186e-38
2.23873e-36
7.73698e-35
2.33711e-33
6.78717e-32
1.52661e-30
3.13576e-29
4.68767e-28
6.57703e-27
8.9176e-26
1.2611e-24
1.78369e-23
1.9227e-22
2.00737e-21
1.25193e-20
7.0803e-20
2.15028e-19
7.16643e-19
2.31465e-18
1.29895e-17
5.86799e-17
2.50406e-16
7.97337e-16
2.41894e-15
7.87611e-15
3.91763e-14
1.88502e-13
8.5271e-13
2.67085e-12
6.58365e-12
1.30836e-11
1.49205e-11
1.59957e-11
1.36394e-11
9.08117e-12
4.91424e-12
2.54447e-12
1.29199e-12
6.93988e-13
3.8614e-13
2.18773e-13
1.25593e-13
7.29492e-14
4.29747e-14
2.584e-14
1.63016e-14
1.308e-14
2.27552e-14
7.8945e-14
4.05878e-13
2.8406e-12
2.15304e-11
1.65825e-10
1.28705e-09
8.45486e-09
4.10951e-08
1.40134e-07
1.97091e-07
1.37459e-07
8.64985e-08
8.88475e-08
2.51409e-07
1.22358e-06
6.3627e-06
2.92043e-05
0.000114973
0.000397761
0.000995257
0.0017926
0.00288306
0.003965
0.00446406
0.00461972
0.00465967
0.00408626
0.00211791
0.000362355
3.19521e-05
5.36053e-06
1.58177e-06
2.83581e-07
5.08511e-08
1.38271e-07
6.37158e-07
9.48757e-06
0.000240878
0.00134133
0.00270636
0.00515526
0.0118811
0.0158815
0.0153487
0.0169483
0.012155
0.0319259
0.0653169
0.0764827
0.0608438
0.0447495
9.78381e-42
3.73855e-40
1.3602e-38
4.43929e-37
1.43776e-35
3.85915e-34
9.36974e-33
1.83232e-31
3.3544e-30
5.02241e-29
8.37351e-28
1.19052e-26
1.71371e-25
1.61959e-24
1.68648e-23
8.60421e-23
5.24168e-22
1.51327e-21
6.86766e-21
2.22813e-20
1.60366e-19
6.95858e-19
3.21363e-18
9.92547e-18
2.95865e-17
9.08152e-17
4.27796e-16
1.94141e-15
8.42762e-15
2.45534e-14
5.53753e-14
9.96728e-14
1.12953e-13
1.17189e-13
9.72063e-14
6.40123e-14
3.56168e-14
1.86942e-14
9.4875e-15
4.99553e-15
2.72909e-15
1.52677e-15
8.70312e-16
5.0609e-16
3.01257e-16
1.84506e-16
1.19695e-16
1.05218e-16
2.18526e-16
8.44478e-16
4.52546e-15
3.10564e-14
2.24061e-13
1.61521e-12
1.13595e-11
6.87238e-11
3.26236e-10
1.02227e-09
1.46297e-09
1.19871e-09
9.31187e-10
2.02229e-09
2.41243e-08
2.6641e-07
1.20205e-06
4.43859e-06
1.46936e-05
4.61924e-05
0.000125478
0.000317191
0.000892853
0.00206272
0.00375782
0.00503808
0.0049783
0.00430268
0.002189
0.000388528
2.87663e-05
1.62363e-06
1.14346e-07
2.10535e-08
5.67853e-09
2.23376e-08
7.69067e-07
2.8721e-05
0.000549315
0.00191984
0.00296992
0.00495884
0.00688556
0.00598573
0.00494899
0.013194
0.0320935
0.0535638
0.0702145
0.0789551
0.0601872
0.0318414
4.48854e-44
1.73602e-42
5.75473e-41
2.24161e-39
6.0845e-38
2.04445e-36
4.29097e-35
1.21563e-33
2.06303e-32
4.31748e-31
6.60499e-30
1.05883e-28
1.18362e-27
1.15166e-26
8.08488e-26
3.75209e-25
2.28816e-24
6.50271e-24
4.14678e-23
1.38347e-22
1.22531e-21
5.44531e-21
2.66606e-20
8.43266e-20
2.44974e-19
7.137e-19
3.12622e-18
1.32575e-17
5.40046e-17
1.51236e-16
3.21766e-16
5.47977e-16
6.291e-16
6.40541e-16
5.12703e-16
3.34128e-16
1.8742e-16
9.64723e-17
4.88386e-17
2.53974e-17
1.37513e-17
7.65269e-18
4.38816e-18
2.59217e-18
1.5853e-18
1.00136e-18
6.79132e-19
6.75852e-19
1.67654e-18
6.95431e-18
3.72995e-17
2.45953e-16
1.66488e-15
1.08463e-14
6.49593e-14
3.35849e-13
1.44394e-12
4.1082e-12
6.15378e-12
1.07911e-11
1.79875e-10
4.7553e-09
9.64548e-08
1.11844e-06
5.17086e-06
2.16731e-05
7.86205e-05
0.000255717
0.000656101
0.00124808
0.00199773
0.00332034
0.00431797
0.00409965
0.00344763
0.002155
0.000654259
7.16061e-05
5.08581e-06
2.71448e-07
1.18806e-08
6.53873e-10
1.536e-10
3.88907e-10
9.30114e-09
2.36308e-07
3.32653e-06
1.72688e-05
4.28299e-05
0.000105047
0.00100834
0.00133705
0.00113344
0.00100562
0.000360871
0.000801373
0.00438841
0.0346452
0.0536996
0.0219512
2.10699e-46
6.80654e-45
3.73018e-43
8.4939e-42
4.20882e-40
7.29926e-39
2.91395e-37
4.41584e-36
1.21268e-34
1.85249e-33
4.86289e-32
4.29799e-31
7.83515e-30
3.59004e-29
3.35103e-28
7.91036e-28
7.00302e-27
1.33755e-26
1.12486e-25
3.55229e-25
5.07709e-24
2.04749e-23
1.30025e-22
3.60883e-22
1.17181e-21
2.90029e-21
1.27115e-20
4.65131e-20
1.87936e-19
5.1725e-19
1.12714e-18
1.99201e-18
2.398e-18
2.54831e-18
2.02023e-18
1.38393e-18
7.81125e-19
4.05336e-19
2.02888e-19
1.0565e-19
5.67454e-20
3.14503e-20
1.80787e-20
1.08322e-20
6.77811e-21
4.41651e-21
3.11707e-21
3.40031e-21
9.38042e-21
4.05947e-20
2.15869e-19
1.38142e-18
8.92255e-18
5.33931e-17
2.72707e-16
1.16298e-15
4.15794e-15
1.03702e-14
2.62289e-14
4.76453e-13
1.64729e-11
4.331e-10
7.53972e-09
8.32598e-08
6.07747e-07
5.37015e-06
2.64454e-05
0.000106755
0.000390013
0.00124476
0.00221243
0.00232615
0.00186557
0.000880469
0.000357402
0.000154561
5.18735e-05
9.55841e-06
4.50316e-07
1.85165e-08
6.80877e-10
2.35961e-11
4.09241e-12
1.59607e-10
7.3926e-09
1.63397e-07
1.80561e-06
1.20615e-05
4.61773e-05
9.27345e-05
0.000125082
0.000157501
0.000114952
4.7025e-05
4.53626e-05
0.000257694
0.00137694
0.00479735
0.0128259
0.00389708
)
;

boundaryField
{
    AXIS
    {
        type            empty;
    }
    OUTLET
    {
        type            inletOutlet;
        inletValue      uniform 0;
        value           nonuniform List<scalar> 
50
(
0.993929
0.983112
0.952819
0.920732
0.886829
0.85402
0.820941
0.792239
0.768274
0.746478
0.721978
0.691238
0.653259
0.608808
0.559923
0.509204
0.4589
0.41017
0.363847
0.320072
0.277802
0.2364
0.196941
0.161227
0.131283
0.108005
0.0913588
0.0805828
0.0760201
0.0769193
0.0846045
0.0962646
0.104522
0.10792
0.0967281
0.0616202
0.0336986
0.0169071
0.0173645
0
0
0
0
0
0
0
0
0
0
0
)
;
    }
    COFLOW
    {
        type            fixedValue;
        value           uniform 0;
    }
    PILOT
    {
        type            fixedValue;
        value           uniform 0.271;
    }
    FUEL
    {
        type            fixedValue;
        value           uniform 1;
    }
    WALL
    {
        type            zeroGradient;
    }
    front
    {
        type            wedge;
    }
    back
    {
        type            wedge;
    }
}


// ************************************************************************* //
